1.0762334551955433
0.06757056190111112
0.00585733950864098
0.0008221086454603656
0.0002020532743148428
7.760745859012503e-05
3.993616764251125e-05
2.475071047400714e-05
1.7295942815061922e-05
1.308384303822045e-05
1.0449298722666421e-05
8.672802517723917e-06
7.404986655972285e-06
6.459765456866447e-06
5.73038853005858e-06
5.151815070877171e-06
4.6824055699191015e-06
4.2943808523251195e-06
3.968554324208154e-06
3.6912771095324394e-06
3.452590228806179e-06
3.245065387603946e-06
3.0630542646942266e-06
2.902188578093901e-06
2.7590388312451586e-06
2.6308761984555012e-06
2.5155030776345424e-06
2.4111303561036087e-06
2.316287078787732e-06
2.2297529922120254e-06
2.150507500077786e-06
2.077690566935607e-06
2.010572438309644e-06
1.9485299475471743e-06
1.8910278001823762e-06
1.8376036597939289e-06
1.7878561658721273e-06
1.741435233866177e-06
1.6980341468329473e-06
1.6573830648332447e-06
1.6192436646547165e-06
1.583404687058378e-06
1.5496782174907461e-06
1.5178965632868062e-06
1.4879096188263477e-06
1.4595826320778958e-06
1.432794303061878e-06
1.4074351581589346e-06
1.3834061547497614e-06
1.3606174790496773e-06
1.3389875066842434e-06
1.3184419009134466e-06
1.2989128277352695e-06
1.280338270603214e-06
1.2626614303455128e-06
1.245830198207697e-06
1.2297966918577596e-06
1.2145168457752253e-06
1.1999500487559394e-06
1.1860588223541215e-06
1.172808534992717e-06
1.1601671472348889e-06
1.1481049843496933e-06
1.1365945328448564e-06
1.1256102580962213e-06
1.1151284405908857e-06
1.105127028630808e-06
1.095585505625013e-06
1.0864847703394035e-06
1.0778070286797623e-06
1.0695356957613603e-06
1.0616553071718764e-06
1.0541514384669248e-06
1.0470106320523756e-06
1.0402203307074585e-06
1.033768817089558e-06
1.027645158637431e-06
1.0218391573559168e-06
1.0163413040233487e-06
1.0111427364139297e-06
1.0062352011723205e-06
1.0016110190173228e-06
9.972630529866451e-07
9.931846794657988e-07
9.893697617717968e-07
9.858126260868997e-07
9.825080395596209e-07
9.79451190409822e-07
9.766376698923804e-07
9.740634559897766e-07
9.71724898718288e-07
9.696187069454886e-07
9.677419366285678e-07
9.660919803938225e-07
9.646665583876009e-07
9.634637103381627e-07
9.624817887764534e-07
9.617194533717627e-07
9.611756663457638e-07
9.608496889355517e-07
9.60741078883152e-07
9.608496889355517e-07
9.611756663457638e-07
9.617194533717627e-07
9.624817887764534e-07
9.634637103381627e-07
9.646665583876009e-07
9.660919803938225e-07
9.677419366285678e-07
9.696187069454886e-07
9.71724898718288e-07
9.740634559897766e-07
9.766376698923804e-07
9.79451190409822e-07
9.825080395596209e-07
9.858126260868997e-07
9.893697617717968e-07
9.931846794657988e-07
9.972630529866451e-07
1.0016110190173228e-06
1.0062352011723205e-06
1.0111427364139297e-06
1.0163413040233487e-06
1.0218391573559168e-06
1.027645158637431e-06
1.033768817089558e-06
1.0402203307074585e-06
1.0470106320523756e-06
1.0541514384669248e-06
1.0616553071718764e-06
1.0695356957613603e-06
1.0778070286797623e-06
1.0864847703394035e-06
1.095585505625013e-06
1.105127028630808e-06
1.1151284405908857e-06
1.1256102580962213e-06
1.1365945328448564e-06
1.1481049843496933e-06
1.1601671472348889e-06
1.172808534992717e-06
1.1860588223541215e-06
1.1999500487559394e-06
1.2145168457752253e-06
1.2297966918577596e-06
1.245830198207697e-06
1.2626614303455128e-06
1.280338270603214e-06
1.2989128277352695e-06
1.3184419009134466e-06
1.3389875066842434e-06
1.3606174790496773e-06
1.3834061547497614e-06
1.4074351581589346e-06
1.432794303061878e-06
1.4595826320778958e-06
1.4879096188263477e-06
1.5178965632868062e-06
1.5496782174907461e-06
1.583404687058378e-06
1.6192436646547165e-06
1.6573830648332447e-06
1.6980341468329473e-06
1.741435233866177e-06
1.7878561658721273e-06
1.8376036597939289e-06
1.8910278001823762e-06
1.9485299475471743e-06
2.010572438309644e-06
2.077690566935607e-06
2.150507500077786e-06
2.2297529922120254e-06
2.316287078787732e-06
2.4111303561036087e-06
2.5155030776345424e-06
2.6308761984555012e-06
2.7590388312451586e-06
2.902188578093901e-06
3.0630542646942266e-06
3.245065387603946e-06
3.452590228806179e-06
3.6912771095324394e-06
3.968554324208154e-06
4.2943808523251195e-06
4.6824055699191015e-06
5.151815070877171e-06
5.73038853005858e-06
6.459765456866447e-06
7.404986655972285e-06
8.672802517723917e-06
1.0449298722666421e-05
1.308384303822045e-05
1.7295942815061922e-05
2.475071047400714e-05
3.993616764251125e-05
7.760745859012503e-05
0.0002020532743148428
0.0008221086454603656
0.00585733950864098
0.06757056190111112

4.516684448706134e-05
0.0001455323981227654
0.00043166652049142837
0.0011786525298687234
0.002962592807005742
0.006854990869774729
0.01460126700004424
0.028630105591182318
0.05167781015866781
0.08586852440930279
0.13134472722259535
0.18494403686141359
0.24078543212497408
0.5454293043838315
2.2031975209984966
0.72671319805337
0.2983714600642354
0.25341299107596
0.19989255387723492
0.1451489729297973
0.0970241982879343
0.05970282808140602
0.033818823107903614
0.01763481149353917
0.008465096210614528
0.0037406038848543537
0.0015215992584151005
0.00056978052437153
0.00019641002841790095
6.232588609828976e-05
1.8206313223830775e-05
4.895807168080267e-06
1.2119238796285295e-06
2.7616912702468987e-07
5.7932684935405256e-08
1.1187187873037695e-08
1.9886893666230914e-09
3.254330953299262e-10
4.902360310876656e-11
6.798255512777592e-12
8.678376444548661e-13
1.019831051714735e-13
1.1032316762805136e-14
1.098636339225045e-15
1.0071402256063945e-16
8.499133868096147e-18
6.602495936709868e-19
4.7216127044082914e-20
3.108288517593204e-21
1.883653568749578e-22
1.0508227986322442e-23
5.39643171342046e-25
2.551130237663543e-26
1.1102155862486092e-27
4.4476515485717816e-29
1.6402231430986544e-30
5.568315840757973e-32
1.740177430792115e-33
5.006243250321066e-35
1.325803341539517e-36
3.2321761099416845e-38
7.253701300846578e-40
1.4985563043226685e-41
2.8499366576654193e-43
4.9893744103678446e-45
8.040919759692321e-47
1.1929276547140214e-48
1.62918810357246e-50
2.048222341591819e-52
2.3704549886663294e-54
2.5254284724751718e-56
2.476778546343984e-58
2.2360835522975297e-60
1.8583932627447069e-62
1.4217916613977277e-64
1.001343420555685e-66
6.492005507852282e-69
3.87456950418811e-71
2.128711358471225e-73
1.0766110782020238e-75
5.012445417680816e-78
2.148271732175271e-80
8.47573786521263e-83
3.07832567404692e-85
1.0292013748604738e-87
3.1676332730746343e-90
8.974663624371392e-93
2.340724004846777e-95
5.619930997931838e-98
1.2421112717353635e-100
2.5271950819043797e-103
4.733319036145417e-106
8.160965337612755e-109
1.2952870809440772e-111
1.8925147799516357e-114
2.5454306610652405e-117
3.151606645827407e-120
3.592125400264318e-123
3.7689442758932825e-126
3.640295918452156e-129
