1.2615549318257828
0.027256781912065292
0.0011768185388550464
7.96253872760218e-05
7.009618159430242e-06
7.487781698990956e-07
9.493070906089922e-08
1.41964537780362e-08
2.5080052677023277e-09
5.269115235462012e-10
1.3397055011266924e-10
4.221613035574894e-11
1.6818893682076813e-11
8.424266775694399e-12
5.10392943460351e-12
3.54745324277863e-12
2.701896355797602e-12
2.1849208095914036e-12
1.839167122283734e-12
1.5920208532263025e-12
1.406423676968718e-12
1.2617684582016855e-12
1.145747480964536e-12
1.050565353193785e-12
9.710414475743816e-13
9.035940583538841e-13
8.456645011984523e-13
7.953741186645296e-13
7.513111600990685e-13
7.123934451972242e-13
6.777770344081439e-13
6.467938120878758e-13
6.189077987072394e-13
5.936839231558388e-13
5.707652822869824e-13
5.498563040477088e-13
5.307100947308129e-13
5.131188020700647e-13
4.969061854414465e-13
4.81921823782569e-13
4.680365541469042e-13
4.551388457356931e-13
4.4313189263166563e-13
4.31931264129011e-13
4.2146299161136953e-13
4.1166200010115123e-13
4.024708140854451e-13
3.938384832078395e-13
3.8571968542407743e-13
3.780739743231633e-13
3.708651442756183e-13
3.6406069243419986e-13
3.576313607767469e-13
3.515507446368754e-13
3.4579495673112313e-13
3.4034233772114503e-13
3.3517320596709505e-13
3.302696404245275e-13
3.256152916814419e-13
3.2119521697776877e-13
3.169957357377656e-13
3.1300430270841004e-13
3.092093962589124e-13
3.0560041977750273e-13
3.02167614417183e-13
2.9890198170443927e-13
2.9579521474378696e-13
2.928396369343311e-13
2.900281472685594e-13
2.873541714134733e-13
2.8481161788403096e-13
2.8239483871209903e-13
2.8009859409346174e-13
2.7791802056315204e-13
2.758486023073492e-13
2.738861452698415e-13
2.7202675375388127e-13
2.7026680925720996e-13
2.6860295131000486e-13
2.6703206011321957e-13
2.6555124079890874e-13
2.6415780915512935e-13
2.6284927867638714e-13
2.616233488166728e-13
2.6047789433626594e-13
2.594109556459259e-13
2.584207300630724e-13
2.5750556390428656e-13
2.566639453471043e-13
2.5589449800177e-13
2.5519597514050253e-13
2.5456725453800515e-13
2.5400733388251686e-13
2.535153267217466e-13
2.5309045891262047e-13
2.5273206554797255e-13
2.5243958833718024e-13
2.5221257342133627e-13
2.520506696069066e-13
2.519536270049897e-13
2.5192129606631235e-13
2.519536270049897e-13
2.520506696069066e-13
2.5221257342133627e-13
2.5243958833718024e-13
2.5273206554797255e-13
2.5309045891262047e-13
2.535153267217466e-13
2.5400733388251686e-13
2.5456725453800515e-13
2.5519597514050253e-13
2.5589449800177e-13
2.566639453471043e-13
2.5750556390428656e-13
2.584207300630724e-13
2.594109556459259e-13
2.6047789433626594e-13
2.616233488166728e-13
2.6284927867638714e-13
2.6415780915512935e-13
2.6555124079890874e-13
2.6703206011321957e-13
2.6860295131000486e-13
2.7026680925720996e-13
2.7202675375388127e-13
2.738861452698415e-13
2.758486023073492e-13
2.7791802056315204e-13
2.8009859409346174e-13
2.8239483871209903e-13
2.8481161788403096e-13
2.873541714134733e-13
2.900281472685594e-13
2.928396369343311e-13
2.9579521474378696e-13
2.9890198170443927e-13
3.02167614417183e-13
3.0560041977750273e-13
3.092093962589124e-13
3.1300430270841004e-13
3.169957357377656e-13
3.2119521697776877e-13
3.256152916814419e-13
3.302696404245275e-13
3.3517320596709505e-13
3.4034233772114503e-13
3.4579495673112313e-13
3.515507446368754e-13
3.576313607767469e-13
3.6406069243419986e-13
3.708651442756183e-13
3.780739743231633e-13
3.8571968542407743e-13
3.938384832078395e-13
4.024708140854451e-13
4.1166200010115123e-13
4.2146299161136953e-13
4.31931264129011e-13
4.4313189263166563e-13
4.551388457356931e-13
4.680365541469042e-13
4.81921823782569e-13
4.969061854414465e-13
5.131188020700647e-13
5.307100947308129e-13
5.498563040477088e-13
5.707652822869824e-13
5.936839231558388e-13
6.189077987072394e-13
6.467938120878758e-13
6.777770344081439e-13
7.123934451972242e-13
7.513111600990685e-13
7.953741186645296e-13
8.456645011984523e-13
9.035940583538841e-13
9.710414475743816e-13
1.050565353193785e-12
1.145747480964536e-12
1.2617684582016855e-12
1.406423676968718e-12
1.5920208532263025e-12
1.839167122283734e-12
2.1849208095914036e-12
2.701896355797602e-12
3.54745324277863e-12
5.10392943460351e-12
8.424266775694399e-12
1.6818893682076813e-11
4.221613035574894e-11
1.3397055011266924e-10
5.269115235462012e-10
2.5080052677023277e-09
1.41964537780362e-08
9.493070906089922e-08
7.487781698990956e-07
7.009618159430242e-06
7.96253872760218e-05
0.0011768185388550464
0.027256781912065292

1.1116685328439741e-11
1.1722429359612565e-10
1.2610442966434634e-09
1.4933061690728907e-08
1.8706676338352803e-07
2.1789118692460823e-06
2.129964692235455e-05
0.00016607934639607143
0.0010110982594360592
0.004765100118192198
0.01732931136370147
0.048617649150789775
0.10546912329764462
0.1781367339150409
0.23831008454125102
0.2632384474811032
0.26246242084442206
0.26949577488795623
0.30756215728607195
0.37384987133911
0.45654042819257445
0.5536524754301906
0.6585813698813279
0.7263381590679274
0.6885161310676207
0.5299500765856627
0.32192264510254104
0.15368372129073277
0.05875083255237332
0.018830333694164758
0.005434125247453592
0.001509608893403279
0.0004109109303192336
0.00010646524535330311
2.5373005579085333e-05
5.457227910107263e-06
1.0517652465124852e-06
1.8127618076553234e-07
2.7928249277978032e-08
3.845854834524796e-09
4.733508795564236e-10
5.207316925169871e-11
5.120180765609371e-12
4.4998396095049193e-13
3.534672908374029e-14
2.4816577379252672e-15
1.5573097225561485e-16
8.734711430219603e-18
4.378875373878394e-19
1.9620815992076807e-20
7.857999581441649e-22
2.812855317953601e-23
8.999600765231254e-25
2.573591124366413e-26
6.578037013753552e-28
1.502773514198192e-29
3.0685358960716114e-31
5.6002748335457415e-33
9.135407605664752e-35
1.3319470956025218e-36
1.7357472160045865e-38
2.0217452717930183e-40
2.1047806934447638e-42
1.9585187034898475e-44
1.628879853367482e-46
1.2108513682345723e-48
8.045130227539195e-51
4.777665902229991e-53
2.5359397515155493e-55
1.203102260438921e-57
5.101602428041146e-60
1.9335309809423484e-62
6.549921819120562e-65
1.9831773507510664e-67
5.366948748789814e-70
1.298176666480648e-72
2.806600551248624e-75
5.4233529625064805e-78
9.366893676613966e-81
1.4459849329250169e-83
1.9951355233651216e-86
2.460489361018633e-89
2.7121333451266458e-92
2.672028226991473e-95
2.3529435150712113e-98
1.8519208365672888e-101
1.3027881246859868e-104
8.191541217372362e-108
4.603603452165323e-111
2.31244094126388e-114
1.0382067525662054e-117
4.166174967974512e-121
1.494278740576023e-124
4.790338320299438e-128
1.3725912071090082e-131
3.515253867196152e-135
8.04660408732211e-139
1.6463001921700642e-142
3.0105502520369707e-146
4.920658090751403e-150
