1.204562362432684
0.13247853225242476
0.04390071987082122
0.023520465095212606
0.015505442487792492
0.011370396284247969
0.008895737721613261
0.007271461125901187
0.006134715087892247
0.005300260741720222
0.004664585948414334
0.004165806823412694
0.0037649037550554734
0.003436181699267631
0.0031620956572256742
0.0029302918509508985
0.0027318393317151005
0.002560132340291339
0.0024101863022031158
0.0022781731420455577
0.0021611066857408073
0.002056624815508958
0.00196283554592294
0.001878206271671644
0.0018014827590719928
0.0017316290030581292
0.0016677819639688628
0.0016092170761668233
0.001555321662849351
0.0015055742278419102
0.0014595281674509
0.001416798842876287
0.0013770532335034193
0.0013400015909465948
0.001305390657734922
0.001272998119631845
0.0012426280380821338
0.0012141070669915012
0.0011872813014136092
0.00116201363859329
0.001138181556936511
0.001115675237822884
0.0010943959701819948
0.0010742547894742201
0.0010551713119294121
0.0010370727321839172
0.0010198929582542818
0.0010035718624248984
0.0009880546303582688
0.000973291193753286
0.0009592357343277764
0.0009458462489018291
0.0009330841669983428
0.0009209140137273176
0.0009093031118365332
0.0008982213177374971
0.0008876407870871413
0.0008775357661508235
0.0008678824057133722
0.0008586585947604642
0.0008498438115372921
0.0008414189899173713
0.0008333663992911767
0.0008256695364202286
0.0008183130279038258
0.0008112825420783358
0.000804564709317325
0.0007981470498285878
0.0007920179081544494
0.0007861663936771927
0.0007805823265142636
0.0007752561882599228
0.0007701790770927336
0.0007653426668230637
0.0007607391695027227
0.0007563613012608853
0.0007522022510673951
0.000748255652157075
0.0007445155558773569
0.0007409764077469261
0.000737633025535543
0.0007344805791951647
0.0007315145724902315
0.0007287308261908124
0.000726125462706433
0.0007236948920510777
0.0007214357990412191
0.0007193451316389473
0.0007174200903615244
0.0007156581186870218
0.0007140568943933004
0.0007126143217745058
0.0007113285246855754
0.0007101978403710684
0.0007092208140399985
0.0007083961941533194
0.0007077229283953737
0.0007072001603049659
0.0007068272265458568
0.0007066036548004052
0.0007065291622738514
0.0007066036548004052
0.0007068272265458568
0.0007072001603049659
0.0007077229283953737
0.0007083961941533194
0.0007092208140399985
0.0007101978403710684
0.0007113285246855754
0.0007126143217745058
0.0007140568943933004
0.0007156581186870218
0.0007174200903615244
0.0007193451316389473
0.0007214357990412191
0.0007236948920510777
0.000726125462706433
0.0007287308261908124
0.0007315145724902315
0.0007344805791951647
0.000737633025535543
0.0007409764077469261
0.0007445155558773569
0.000748255652157075
0.0007522022510673951
0.0007563613012608853
0.0007607391695027227
0.0007653426668230637
0.0007701790770927336
0.0007752561882599228
0.0007805823265142636
0.0007861663936771927
0.0007920179081544494
0.0007981470498285878
0.000804564709317325
0.0008112825420783358
0.0008183130279038258
0.0008256695364202286
0.0008333663992911767
0.0008414189899173713
0.0008498438115372921
0.0008586585947604642
0.0008678824057133722
0.0008775357661508235
0.0008876407870871413
0.0008982213177374971
0.0009093031118365332
0.0009209140137273176
0.0009330841669983428
0.0009458462489018291
0.0009592357343277764
0.000973291193753286
0.0009880546303582688
0.0010035718624248984
0.0010198929582542818
0.0010370727321839172
0.0010551713119294121
0.0010742547894742201
0.0010943959701819948
0.001115675237822884
0.001138181556936511
0.00116201363859329
0.0011872813014136092
0.0012141070669915012
0.0012426280380821338
0.001272998119631845
0.001305390657734922
0.0013400015909465948
0.0013770532335034193
0.001416798842876287
0.0014595281674509
0.0015055742278419102
0.001555321662849351
0.0016092170761668233
0.0016677819639688628
0.0017316290030581292
0.0018014827590719928
0.001878206271671644
0.00196283554592294
0.002056624815508958
0.0021611066857408073
0.0022781731420455577
0.0024101863022031158
0.002560132340291339
0.0027318393317151005
0.0029302918509508985
0.0031620956572256742
0.003436181699267631
0.0037649037550554734
0.004165806823412694
0.004664585948414334
0.005300260741720222
0.006134715087892247
0.007271461125901187
0.008895737721613261
0.011370396284247969
0.015505442487792492
0.023520465095212606
0.04390071987082122
0.13247853225242476

0.03439031431409774
0.05575650755504172
0.08055773256493626
0.1040507606531379
0.12126971244889315
0.1307486825470863
0.13783224590408277
0.1544337348304959
0.19293029824396807
0.25571472094527103
0.32751195269089406
0.37935899725506417
0.38555898287088824
0.3421909432796834
0.27184434876598473
0.21067655891192555
0.18855068719022838
0.21543172811539707
0.2787616749308135
0.3497502740662059
0.3956654414469069
0.39433792366504217
0.3440204351641904
0.2622662966036345
0.17464546354416663
0.1015740391438956
0.05159500034215646
0.022889135060254508
0.008868443552304829
0.0030009693303042384
0.0008868941794279004
0.00022891705114119962
5.160366769967104e-05
1.015965793331556e-05
1.746922709429438e-06
2.623399213094172e-07
3.440734531058276e-08
3.941250481901021e-09
3.942874885882539e-10
3.444990627038787e-11
2.6288098998211415e-12
1.7519689594578032e-13
1.0197406258417809e-14
5.183810592517437e-16
2.301466282163459e-17
8.923930866321497e-19
3.0220654543023223e-20
8.938149704810003e-22
2.3088061524923596e-23
5.208628782092484e-25
1.0262553415088336e-26
1.7659709019890545e-28
2.654041717005511e-30
3.483598021408652e-32
3.993414717682973e-34
3.998129730232444e-36
3.495951816626513e-38
2.6697468539681596e-40
1.7806182376728226e-42
1.0372122558209226e-44
5.276677491425157e-47
2.3444962965806465e-49
9.09776343235937e-52
3.0833002431513815e-54
9.126265168902099e-57
2.3592091185955633e-59
5.326425803186948e-62
1.0502710968101734e-64
1.8086854085935528e-67
2.7203246989326385e-70
3.573341663745696e-73
4.099439016738044e-76
4.107432225242864e-79
3.5942846705848414e-82
2.746949174385357e-85
1.8335166830372117e-88
1.068846148518386e-91
5.4417879680092814e-95
2.4197144846017007e-98
9.39685923285776e-102
3.1871125953777757e-105
9.440786600087985e-109
2.442390173202366e-112
5.518461228734909e-116
1.0889728096903628e-119
1.8767748079100197e-123
2.8249019805194937e-127
3.7135620905266045e-131
4.2635767472723045e-135
4.2751717727494816e-139
3.7439422548380898e-143
2.863523840142079e-147
1.9127955525159148e-151
1.1159182808214346e-155
5.6858096962024526e-160
2.530162042053894e-164
9.833326084310828e-169
3.337710268429553e-173
9.894478685303876e-178
2.56172961181013e-182
