0.7144334681868
0.5250418848060199
0.39676015906762924
0.3050407514418893
0.2374884078093684
0.1868197489570138
0.1483313307295579
0.11880867445040333
0.0959774801130874
0.07819237328378692
0.06424457911075189
0.05323594158705051
0.04449309811487939
0.037507422399923815
0.03189219710484764
0.027351645251254414
0.023658295029665825
0.020636291523913452
0.018149002823851162
0.016089756693058926
0.014374877375997148
0.01293842385337461
0.011728194222705081
0.01070267737312037
0.009828716964011412
0.009079713530001135
0.008434234942529937
0.007874938079898582
0.007387728650178235
0.006961103992847914
0.00658563701803122
0.006253569426742886
0.005958489863878272
0.005695078324199342
0.005458902427654932
0.005246254448449647
0.005054020477384632
0.004879575008731662
0.004720695712767088
0.004575494289080979
0.0044423601735793595
0.004319914553837622
0.004206972678657178
0.004102512862899138
0.00400565091426589
0.003915618964817384
0.0038317478920927195
0.003753452674644387
0.0036802201537537043
0.0036115987741806364
0.0035471899575196682
0.0034866408263767566
0.003429638049500437
0.0033759026198165163
0.0033251854110904508
0.0032772633862966872
0.0032319363529908613
0.0031890241790730146
0.003148364397103036
0.0031098101374243277
0.003073228340279636
0.003038498205273467
0.003005509843276839
0.002974163101446243
0.00294436653665274
0.002916036516460906
0.002889096430000517
0.0028634759937495435
0.0028391106394874185
0.0028159409735579476
0.0027939122981631022
0.0027729741867428136
0.002753080106623166
0.002734187083070254
0.0027162553996976538
0.0026992483308651023
0.0026831319022942533
0.0026678746766299116
0.0026534475611057567
0.0026398236348430535
0.0026269779936288033
0.002614887610293885
0.0026035312090486222
0.0025928891523383725
0.0025829433389598926
0.0025736771123342408
0.0025650751779672837
0.0025571235292472494
0.0025498093808326034
0.00254312110897498
0.002537048198202638
0.002531581193861518
0.002526711660074688
0.0025224321427379922
0.002518736137220988
0.0025156180604886196
0.0025130732274012873
0.0025110978309897856
0.0025096889265374157
0.0025088444193351136
0.0025085630560071417
0.0025088444193351136
0.0025096889265374157
0.0025110978309897856
0.0025130732274012873
0.0025156180604886196
0.002518736137220988
0.0025224321427379922
0.002526711660074688
0.002531581193861518
0.002537048198202638
0.00254312110897498
0.0025498093808326034
0.0025571235292472494
0.0025650751779672837
0.0025736771123342408
0.0025829433389598926
0.0025928891523383725
0.0026035312090486222
0.002614887610293885
0.0026269779936288033
0.0026398236348430535
0.0026534475611057567
0.0026678746766299116
0.0026831319022942533
0.0026992483308651023
0.0027162553996976538
0.002734187083070254
0.002753080106623166
0.0027729741867428136
0.0027939122981631022
0.0028159409735579476
0.0028391106394874185
0.0028634759937495435
0.002889096430000517
0.002916036516460906
0.00294436653665274
0.002974163101446243
0.003005509843276839
0.003038498205273467
0.003073228340279636
0.0031098101374243277
0.003148364397103036
0.0031890241790730146
0.0032319363529908613
0.0032772633862966872
0.0033251854110904508
0.0033759026198165163
0.003429638049500437
0.0034866408263767566
0.0035471899575196682
0.0036115987741806364
0.0036802201537537043
0.003753452674644387
0.0038317478920927195
0.003915618964817384
0.00400565091426589
0.004102512862899138
0.004206972678657178
0.004319914553837622
0.0044423601735793595
0.004575494289080979
0.004720695712767088
0.004879575008731662
0.005054020477384632
0.005246254448449647
0.005458902427654932
0.005695078324199342
0.005958489863878272
0.006253569426742886
0.00658563701803122
0.006961103992847914
0.007387728650178235
0.007874938079898582
0.008434234942529937
0.009079713530001135
0.009828716964011412
0.01070267737312037
0.011728194222705081
0.01293842385337461
0.014374877375997148
0.016089756693058926
0.018149002823851162
0.020636291523913452
0.023658295029665825
0.027351645251254414
0.03189219710484764
0.037507422399923815
0.04449309811487939
0.05323594158705051
0.06424457911075189
0.07819237328378692
0.0959774801130874
0.11880867445040333
0.1483313307295579
0.1868197489570138
0.2374884078093684
0.3050407514418893
0.39676015906762924
0.5250418848060199

0.1214014386424787
2.2087363700840905
0.7003292006852615
0.11484863694607038
0.08939454602269013
0.06173082778745787
0.03779509172040855
0.02051686174145392
0.009874808573435439
0.00421394307323709
0.0015943764416544248
0.000534854061800909
0.0001590823336662715
4.195182260666449e-05
9.808936866504428e-06
2.033458297820334e-06
3.7375828359931424e-07
6.091000125304224e-08
8.800930988212117e-09
1.1274851952215328e-09
1.2806643073988503e-10
1.289739464316705e-11
1.151624504631887e-12
9.117211532893691e-14
6.399637732896114e-15
3.982822711031926e-16
2.1977019058600145e-17
1.0751989213929904e-18
4.663919873741243e-20
1.79372378328506e-21
6.116490110079832e-23
1.8492312097685374e-24
4.957039464524854e-26
1.1781369141744745e-27
2.4826264410064317e-29
4.638410856787501e-31
7.68368014669276e-33
1.1285259934035642e-34
1.4695896367332551e-36
1.6967693874583736e-38
1.7369678696906608e-40
1.5765326706655477e-42
1.2686925528744914e-44
9.052156035287561e-47
5.726508340947655e-49
3.2119589719287276e-51
1.5973213850175635e-53
7.0429863760605635e-56
2.7533639120802586e-58
9.543608357595267e-61
2.932944379748883e-63
7.991665003738247e-66
1.930691745252702e-68
4.135526747607012e-71
7.854001027931804e-74
1.3224927467577324e-76
1.9744123969246595e-79
2.6135130015845047e-82
3.067281858903554e-85
3.191721083856769e-88
2.944682017875086e-91
2.4087631656863334e-94
1.746996455765075e-97
1.1233941855942995e-100
6.404932319433596e-104
3.2377189226731864e-107
1.4511288197249333e-110
5.766536119236756e-114
2.0317313935686274e-117
6.346872750397457e-121
1.7579054656610802e-124
4.316914697833412e-128
9.399259566467449e-132
1.814496122320714e-135
3.105708360143724e-139
4.713109427215393e-143
6.34156722387075e-147
7.565330463142505e-151
8.002053145219945e-155
7.504420909314631e-159
6.239864566803569e-163
4.60018574421302e-167
3.0068917761002656e-171
1.7426190290062463e-175
8.954252406678856e-180
4.0794201606473476e-184
1.647819996452336e-188
5.901512413897812e-193
1.873954779090325e-197
5.275906781873747e-202
1.3169744389080864e-206
2.9147398826073356e-211
5.7195845780970305e-216
9.95110697219434e-221
1.5350429398556254e-225
2.0994807045741016e-230
2.5459242161151097e-235
2.73729296797288e-240
2.6093919414237192e-245
2.2054619896515347e-250
