1.127832933202163
0.37361035635129214
0.27023015174602155
0.20596294909285023
0.16155213129475424
0.12995031994631523
0.10688594119520904
0.08965688521383681
0.07651038246513517
0.06628281529463947
0.05818469542228758
0.05166933091802948
0.04635085753687666
0.04195202050537428
0.03827025662401046
0.035155254586629936
0.032493848954053314
0.030199682720993905
0.028206022658772867
0.0264606923071603
0.02492244879185998
0.023558358109283445
0.02234187023173829
0.0212513909937059
0.020269210903623065
0.019380693342869387
0.01857365331863721
0.017837877646319743
0.01716475112664257
0.016546962896730757
0.015978273957337075
0.015453331769524733
0.014967521353915455
0.014516844910963729
0.014097823885473627
0.013707418813621398
0.013342963350373237
0.013002109674714374
0.01268278307777468
0.012383144004007276
0.012101556173887397
0.011836559694421663
0.011586848280491464
0.01135124988012368
0.011128710130985998
0.010918278181877877
0.010719094497900195
0.010530380336040378
0.010351428632713794
0.01018159608913905
0.010020296276453055
0.00986699361187285
0.009721198081303162
0.009582460603608015
0.009450368948131851
0.009324544130621296
0.00920463722398247
0.009090326529727
0.008981315063846558
0.008877328317481661
0.008778112258333925
0.008683431543490588
0.008593067918330699
0.008506818779583262
0.008424495883506678
0.008345924182636391
0.008270940776670585
0.008199393964887567
0.008131142389058684
0.008066054257176034
0.008004006639486935
0.00794488482934366
0.007888581762260604
0.007834997487340314
0.007784038685901426
0.007735618232728549
0.007689654795878903
0.007646072471432177
0.007604800449967745
0.0075657727119038285
0.007528927749142828
0.0074942083107412015
0.007461561170565411
0.007430936915111596
0.0074022897498592895
0.007375577322701445
0.007350760563147017
0.007327803536130495
0.007306673309387183
0.007287339833465234
0.007269775833547071
0.007253956712345239
0.00723986046342199
0.007227467594359055
0.007216761059275267
0.007207726200255332
0.007200350697314425
0.0071946245265805875
0.007190539926431093
0.007188091371370341
0.007187275553486331
0.007188091371370341
0.007190539926431093
0.0071946245265805875
0.007200350697314425
0.007207726200255332
0.007216761059275267
0.007227467594359055
0.00723986046342199
0.007253956712345239
0.007269775833547071
0.007287339833465234
0.007306673309387183
0.007327803536130495
0.007350760563147017
0.007375577322701445
0.0074022897498592895
0.007430936915111596
0.007461561170565411
0.0074942083107412015
0.007528927749142828
0.0075657727119038285
0.007604800449967745
0.007646072471432177
0.007689654795878903
0.007735618232728549
0.007784038685901426
0.007834997487340314
0.007888581762260604
0.00794488482934366
0.008004006639486935
0.008066054257176034
0.008131142389058684
0.008199393964887567
0.008270940776670585
0.008345924182636391
0.008424495883506678
0.008506818779583262
0.008593067918330699
0.008683431543490588
0.008778112258333925
0.008877328317481661
0.008981315063846558
0.009090326529727
0.00920463722398247
0.009324544130621296
0.009450368948131851
0.009582460603608015
0.009721198081303162
0.00986699361187285
0.010020296276453055
0.01018159608913905
0.010351428632713794
0.010530380336040378
0.010719094497900195
0.010918278181877877
0.011128710130985998
0.01135124988012368
0.011586848280491464
0.011836559694421663
0.012101556173887397
0.012383144004007276
0.01268278307777468
0.013002109674714374
0.013342963350373237
0.013707418813621398
0.014097823885473627
0.014516844910963729
0.014967521353915455
0.015453331769524733
0.015978273957337075
0.016546962896730757
0.01716475112664257
0.017837877646319743
0.01857365331863721
0.019380693342869387
0.020269210903623065
0.0212513909937059
0.02234187023173829
0.023558358109283445
0.02492244879185998
0.0264606923071603
0.028206022658772867
0.030199682720993905
0.032493848954053314
0.035155254586629936
0.03827025662401046
0.04195202050537428
0.04635085753687666
0.05166933091802948
0.05818469542228758
0.06628281529463947
0.07651038246513517
0.08965688521383681
0.10688594119520904
0.12995031994631523
0.16155213129475424
0.20596294909285023
0.27023015174602155
0.37361035635129214

0.3361454649668713
0.8515097684957067
0.930945919697412
0.4392701689781739
0.08945639851797622
0.007862552318913871
0.0002982552907607046
4.883351762944311e-06
4.012291525497124e-08
7.092823782695732e-08
7.394642863335478e-07
6.396931109319301e-06
4.5849867460168415e-05
0.0002722803845061001
0.0013396966939394604
0.005461456461044431
0.01844685464554336
0.05162357008416886
0.11969764467765699
0.22995085776485932
0.36601284151823255
0.48269130033878155
0.5274174320951337
0.47747578134077745
0.3581459760361515
0.22257719432529616
0.11460751898919588
0.048894208284333766
0.017282779343506544
0.005061527628878423
0.0012281785218529926
0.0002469182807736459
4.112982392839598e-05
5.676391172915666e-06
6.490821132629813e-07
6.149486134619951e-08
4.82713974276782e-09
3.139444256842474e-10
1.6917163266364043e-11
7.552907480955096e-13
2.793911522614323e-14
8.562941804438596e-16
2.174428821606818e-17
4.574875282593216e-19
7.974898825499595e-21
1.1518156224864663e-22
1.3783280903302374e-24
1.3665770070690663e-26
1.1226062901102848e-28
7.640691992579847e-31
4.3087349000824274e-33
2.0131619604967845e-35
7.793266300325089e-38
2.499609561608574e-40
6.642578534481644e-43
1.4625579333683027e-45
2.6680951775664786e-48
4.0327510930737054e-51
5.050255811116328e-54
5.240071298924203e-57
4.5047726251794986e-60
3.2086357196333305e-63
1.8935632329360634e-66
9.258722560598284e-70
3.750888795001336e-73
1.2590099612514859e-76
3.501353854292791e-80
8.067792148880756e-84
1.5402288641714645e-87
2.436282662429024e-91
3.192875255010766e-95
3.4669540628548596e-99
3.11907690689068e-103
2.3249624280663765e-107
1.4358783736074379e-111
7.347358479126469e-116
3.114990056399353e-120
1.094193068748414e-124
3.1845136432712783e-129
7.678990460688437e-134
1.5341824205202834e-138
2.5395790502461433e-143
3.483038935357251e-148
3.957917911032362e-153
3.726379615684912e-158
2.906827553844112e-163
1.8787253728347186e-168
1.006049137209644e-173
4.4636172258890314e-179
1.6408412167850127e-184
4.997560129592805e-190
1.2611343630860187e-195
2.6367961165667583e-201
4.567763408497251e-207
6.556053842751086e-213
7.796385083194263e-219
7.681674699273566e-225
6.270907600065983e-231
4.241473433341587e-237
2.376922164320335e-243
