0.5851676570383035
0.04105171128263759
0.004687453094518377
0.0008627774879768867
0.00024380068185405715
9.730716948619427e-05
5.0029325644269144e-05
3.0640593712540846e-05
2.1123410453047182e-05
1.5784570503738774e-05
1.2476570338187013e-05
1.0267547953911722e-05
8.705454198964723e-06
7.550466266503766e-06
6.66577311987301e-06
5.968542919226025e-06
5.406089803653053e-06
4.9434889409357566e-06
4.556765287842419e-06
4.228961466797018e-06
3.94777074088882e-06
3.704059351688415e-06
3.4909142177794703e-06
3.3030117496017603e-06
3.136188965563538e-06
2.9871455357754674e-06
2.853232629265247e-06
2.7323005733241086e-06
2.622587149251015e-06
2.522634470336767e-06
2.4312262924943257e-06
2.3473401500432606e-06
2.27011039561227e-06
2.198799361424923e-06
2.132774639877235e-06
2.071491024614918e-06
2.01447603662763e-06
1.961318233760565e-06
1.9116577000637233e-06
1.8651782561566463e-06
1.8216010387048462e-06
1.7806791768418942e-06
1.7421933533806953e-06
1.7059480842075042e-06
1.6717685841064877e-06
1.6394981141362972e-06
1.6089957265500002e-06
1.5801343395679412e-06
1.5527990871549742e-06
1.5268858991218172e-06
1.5023002749686992e-06
1.4789562213752164e-06
1.4567753284621256e-06
1.4356859641762013e-06
1.4156225695849231e-06
1.3965250406742146e-06
1.3783381845449529e-06
1.3610112398011553e-06
1.3444974524921476e-06
1.3287537002744745e-06
1.3137401585458075e-06
1.2994200032120954e-06
1.285759145512267e-06
1.2727259949675217e-06
1.2602912470653223e-06
1.2484276927485377e-06
1.2371100471714982e-06
1.2263147955183865e-06
1.216020053964636e-06
1.2062054441065595e-06
1.1968519793946222e-06
1.1879419622869104e-06
1.1794588909958266e-06
1.171387374836528e-06
1.1637130573032566e-06
1.1564225461020288e-06
1.1495033494573647e-06
1.1429438180887468e-06
1.1367330923207636e-06
1.1308610538508627e-06
1.1253182817513834e-06
1.1200960123290143e-06
1.1151861025059376e-06
1.110580996423291e-06
1.1062736949998834e-06
1.1022577282078477e-06
1.0985271298525499e-06
1.0950764146670222e-06
1.0919005575517377e-06
1.0889949748090825e-06
1.0863555072385808e-06
1.083978404974069e-06
1.0818603139577947e-06
1.0799982639590022e-06
1.0783896580561226e-06
1.077032263512349e-06
1.0759242039842982e-06
1.0750639530127088e-06
1.074450328752854e-06
1.0740824899106279e-06
1.0739599328581794e-06
1.0740824899106279e-06
1.074450328752854e-06
1.0750639530127088e-06
1.0759242039842982e-06
1.077032263512349e-06
1.0783896580561226e-06
1.0799982639590022e-06
1.0818603139577947e-06
1.083978404974069e-06
1.0863555072385808e-06
1.0889949748090825e-06
1.0919005575517377e-06
1.0950764146670222e-06
1.0985271298525499e-06
1.1022577282078477e-06
1.1062736949998834e-06
1.110580996423291e-06
1.1151861025059376e-06
1.1200960123290143e-06
1.1253182817513834e-06
1.1308610538508627e-06
1.1367330923207636e-06
1.1429438180887468e-06
1.1495033494573647e-06
1.1564225461020288e-06
1.1637130573032566e-06
1.171387374836528e-06
1.1794588909958266e-06
1.1879419622869104e-06
1.1968519793946222e-06
1.2062054441065595e-06
1.216020053964636e-06
1.2263147955183865e-06
1.2371100471714982e-06
1.2484276927485377e-06
1.2602912470653223e-06
1.2727259949675217e-06
1.285759145512267e-06
1.2994200032120954e-06
1.3137401585458075e-06
1.3287537002744745e-06
1.3444974524921476e-06
1.3610112398011553e-06
1.3783381845449529e-06
1.3965250406742146e-06
1.4156225695849231e-06
1.4356859641762013e-06
1.4567753284621256e-06
1.4789562213752164e-06
1.5023002749686992e-06
1.5268858991218172e-06
1.5527990871549742e-06
1.5801343395679412e-06
1.6089957265500002e-06
1.6394981141362972e-06
1.6717685841064877e-06
1.7059480842075042e-06
1.7421933533806953e-06
1.7806791768418942e-06
1.8216010387048462e-06
1.8651782561566463e-06
1.9116577000637233e-06
1.961318233760565e-06
2.01447603662763e-06
2.071491024614918e-06
2.132774639877235e-06
2.198799361424923e-06
2.27011039561227e-06
2.3473401500432606e-06
2.4312262924943257e-06
2.522634470336767e-06
2.622587149251015e-06
2.7323005733241086e-06
2.853232629265247e-06
2.9871455357754674e-06
3.136188965563538e-06
3.3030117496017603e-06
3.4909142177794703e-06
3.704059351688415e-06
3.94777074088882e-06
4.228961466797018e-06
4.556765287842419e-06
4.9434889409357566e-06
5.406089803653053e-06
5.968542919226025e-06
6.66577311987301e-06
7.550466266503766e-06
8.705454198964723e-06
1.0267547953911722e-05
1.2476570338187013e-05
1.5784570503738774e-05
2.1123410453047182e-05
3.0640593712540846e-05
5.0029325644269144e-05
9.730716948619427e-05
0.00024380068185405715
0.0008627774879768867
0.004687453094518377
0.04105171128263759

5.0247072143914684e-05
0.00017538031569698002
0.0005497946413011822
0.0015498048339543011
0.003934846639742064
0.009019687134775597
0.018732164980306255
0.03542382858544399
0.06140660704193383
0.09832772159265374
0.14640862281496958
0.20328004565642396
0.26241820502186597
0.31259925348266415
0.3406939921629386
0.33779989104184327
0.3044832392820111
0.25047710275951357
0.18920899961062032
0.13193262342426815
0.0850875562855277
0.0506792771009022
0.02777737085143568
0.013956108351230716
0.006407866207752
0.0026832893236231315
0.0010236085847693693
0.00035551751467768607
0.0001123901048483993
3.233542462838215e-05
8.466141020134982e-06
2.017137288048716e-06
4.3734231263084223e-07
8.628591702861698e-08
1.5491331278844427e-08
2.53085292412313e-09
3.762477075125707e-10
5.0899008000505016e-11
6.265750953211269e-12
7.018838044203619e-13
7.154603327480896e-14
6.6364240409765805e-15
5.6015848199177e-16
4.302450893383106e-17
3.0071088109101976e-18
1.9125402276377936e-19
1.1068792052466854e-20
5.829322628970672e-22
2.79359966732105e-23
1.218255728545697e-24
4.8343820434238035e-26
1.7457083451453287e-27
5.73628369656597e-29
1.7152118550143914e-30
4.6669498230079067e-32
1.1555179795772827e-33
2.603445539013587e-35
5.337630435011781e-37
9.958105400925221e-39
1.6905699709316733e-40
2.6116669680202356e-42
3.671391143272742e-44
4.696471915065595e-46
5.466898582301423e-48
5.790799375914712e-50
5.581671003073562e-52
4.8957379559796617e-54
3.9075118863128824e-56
2.837988722639395e-58
1.8756389244992063e-60
1.128017980909542e-62
6.173209587383196e-65
3.0742149874522006e-67
1.393110812601117e-69
5.744672891430942e-72
2.155624743011171e-74
7.360532410711173e-77
2.2870386959747398e-79
6.466451285479099e-82
1.663744840130332e-84
3.8952527867769678e-87
8.298751999555035e-90
1.6088595753887676e-92
2.838256930141003e-95
4.5563123448603366e-98
6.655849350552468e-101
8.847522846534507e-104
1.0702078100767038e-106
1.1779931179511903e-109
1.1799010957119576e-112
1.0754164358567845e-115
8.919406326231058e-119
6.731679673774325e-122
4.6231623968149043e-125
2.889236350188971e-128
1.643066743068901e-131
8.502674512926367e-135
4.003908253755563e-138
1.7156981953859632e-141
6.689996421911461e-145
