0.6422805276904167
0.3794464365093013
0.25793146214399404
0.19139221769480505
0.15048941204187283
0.12322729003378233
0.10395666695998626
0.0897165094225068
0.07882239750835891
0.07025301517294913
0.06335680541129848
0.05770051501658978
0.05298595448429305
0.049001827036266835
0.04559462072051873
0.04265036130826419
0.04008280579712402
0.03782558962329023
0.03582687526541747
0.034045626024827254
0.03244896093338355
0.031010244241227482
0.029707683626812243
0.028523286857177928
0.02744207502462866
0.02645148210571667
0.02554089162919608
0.024701275478463507
0.023924909640305955
0.023205148534856362
0.02253624438232049
0.02191320151024228
0.02133165800010909
0.020787788896963255
0.020278226553906847
0.01979999468892638
0.01935045348812502
0.018927253663626287
0.018528297813576705
0.018151707770096153
0.017795796883667628
0.017459046397665486
0.017140085228078923
0.016837672591137717
0.016550683023116197
0.01627809341785347
0.016018971772885946
0.01577246738791811
0.01553780230226649
0.015314263792922946
0.015101197783575748
0.01489800303854066
0.01470412603506657
0.01451905642366609
0.01434232299959859
0.014173490119894473
0.014012154509752484
0.013857942410085748
0.01371050702469738
0.01356952623124252
0.013434700524953913
0.013305751168212568
0.013182418522550308
0.013064460542672397
0.012951651414665036
0.012843780322770332
0.012740650331024665
0.012642077367711212
0.012547889302011976
0.012457925103490827
0.01237203407612436
0.01229007515954436
0.012211916290983475
0.012137433822141571
0.012066511985826985
0.011999042407787507
0.011934923659639794
0.011874060849242465
0.011816365245243895
0.011761753932878443
0.011710149498388653
0.011661479739722019
0.011615677401392108
0.011572679931609904
0.011532429259984463
0.011494871594265611
0.011459957234757725
0.011427640405174336
0.011397879098831208
0.011370634939190806
0.011345873053876796
0.01132356196137306
0.011303673469710208
0.011286182586523561
0.011271067439941874
0.011258309209835808
0.011247892069020564
0.011239803134068466
0.011234032425445574
0.011230572836741821
0.01122942011281766
0.011230572836741821
0.011234032425445574
0.011239803134068466
0.011247892069020564
0.011258309209835808
0.011271067439941874
0.011286182586523561
0.011303673469710208
0.01132356196137306
0.011345873053876796
0.011370634939190806
0.011397879098831208
0.011427640405174336
0.011459957234757725
0.011494871594265611
0.011532429259984463
0.011572679931609904
0.011615677401392108
0.011661479739722019
0.011710149498388653
0.011761753932878443
0.011816365245243895
0.011874060849242465
0.011934923659639794
0.011999042407787507
0.012066511985826985
0.012137433822141571
0.012211916290983475
0.01229007515954436
0.01237203407612436
0.012457925103490827
0.012547889302011976
0.012642077367711212
0.012740650331024665
0.012843780322770332
0.012951651414665036
0.013064460542672397
0.013182418522550308
0.013305751168212568
0.013434700524953913
0.01356952623124252
0.01371050702469738
0.013857942410085748
0.014012154509752484
0.014173490119894473
0.01434232299959859
0.01451905642366609
0.01470412603506657
0.01489800303854066
0.015101197783575748
0.015314263792922946
0.01553780230226649
0.01577246738791811
0.016018971772885946
0.01627809341785347
0.016550683023116197
0.016837672591137717
0.017140085228078923
0.017459046397665486
0.017795796883667628
0.018151707770096153
0.018528297813576705
0.018927253663626287
0.01935045348812502
0.01979999468892638
0.020278226553906847
0.020787788896963255
0.02133165800010909
0.02191320151024228
0.02253624438232049
0.023205148534856362
0.023924909640305955
0.024701275478463507
0.02554089162919608
0.02645148210571667
0.02744207502462866
0.028523286857177928
0.029707683626812243
0.031010244241227482
0.03244896093338355
0.034045626024827254
0.03582687526541747
0.03782558962329023
0.04008280579712402
0.04265036130826419
0.04559462072051873
0.049001827036266835
0.05298595448429305
0.05770051501658978
0.06335680541129848
0.07025301517294913
0.07882239750835891
0.0897165094225068
0.10395666695998626
0.12322729003378233
0.15048941204187283
0.19139221769480505
0.25793146214399404
0.3794464365093013

0.5536956750579871
0.6559330143973356
0.6137022814713826
0.4837088673077131
0.3570343276124789
0.2636115497245784
0.19144616063232997
0.13120793658357371
0.08300957130241558
0.048169080144554934
0.02560675908651343
0.01246861410203584
0.005560997333773113
0.0022717351672563732
0.0008500279505842974
0.0002913259705752685
9.145252228416757e-05
2.6295574532003984e-05
6.925324543459318e-06
1.6705831147736853e-06
3.691191139227013e-07
7.470255777663749e-08
1.3847612427545235e-08
2.351174256349148e-09
3.656497040374607e-10
5.2085414527869095e-11
6.7957518787037976e-12
8.121371799769303e-13
8.889795337945997e-14
8.91301469554972e-15
8.18517506871181e-16
6.884966211217904e-17
5.304520645374998e-18
3.743354567949009e-19
2.4196150465544284e-20
1.4325245657775328e-21
7.768342593621874e-23
3.8585590646029276e-24
1.7554660111265835e-25
7.315267101771364e-27
2.7921480428075272e-28
9.761514076200363e-30
3.125837656217793e-31
9.168243576463913e-33
2.4630677468466885e-34
6.060899211465122e-36
1.366055226108216e-37
2.8201352854510254e-39
5.332638184653142e-41
9.236018286510516e-43
1.4652034762947452e-44
2.1290290483475936e-46
2.833581600713958e-48
3.454302373782059e-50
3.857051774060906e-52
3.9447644557452364e-54
3.6953635814777565e-56
3.1707628622228776e-58
2.491958706942386e-60
1.7938594408255248e-62
1.1827868021299514e-64
7.143236342727018e-67
3.9514278772128034e-69
2.0020899689422094e-71
9.291452483116533e-74
3.949609156783436e-76
1.5377832362099512e-78
5.484115763580089e-81
1.7913836061380137e-83
5.3597072322468614e-86
1.468804619948337e-88
3.686867096776545e-91
8.47659484131505e-94
1.78507249717901e-96
3.443188367300914e-99
6.083257444871197e-102
9.844237899806178e-105
1.4591451468111583e-107
1.9810041247234644e-110
2.4634443445642803e-113
2.8058898646788815e-116
2.9273117505342394e-119
2.7972921209580296e-122
2.448370614351602e-125
1.9628494247962713e-128
1.441342862991725e-131
9.694336919209816e-135
5.972269632516643e-138
3.3700100391348566e-141
1.741780695129986e-144
8.24567553127722e-148
3.57544004553403e-151
1.4200487342861419e-154
5.165917764907609e-158
1.7213223911363677e-161
5.253484292893755e-165
1.4685987303557841e-168
3.7603593478700055e-172
8.819135999838087e-176
1.894493943030658e-179
