1.0757463575801827
0.1944351489842374
0.12165839808439868
0.09446065271870027
0.07673365670402452
0.06407073573630145
0.054684359018481274
0.04752507091312561
0.04192952707717275
0.03746289565956711
0.03383149233943947
0.030831619282231354
0.028318577584263142
0.026187344241907634
0.024360199927800762
0.02277861325121828
0.021397797749215533
0.02018298636102995
0.01910683332320283
0.018147570858856835
0.01728768047497094
0.016512921075865532
0.015811608381081386
0.015174073923445452
0.014592254117501341
0.014059374730025883
0.013569706150064668
0.013118371779315218
0.012701196688990704
0.012314587094262423
0.011955433628251395
0.011621033152134681
0.01130902511756009
0.011017339439951972
0.010744153541749044
0.0104878567498143
0.010247020628315296
0.010020374130915983
0.00980678268836758
0.009605230527133538
0.009414805654425653
0.009234687054488048
0.00906413372722939
0.008902475268683213
0.008749103747281365
0.008603466673602242
0.008465060896433247
0.008333427286457194
0.008208146092021924
0.008088832870359254
0.007975134913127905
0.007866728097927893
0.007763314107995647
0.007664617971055568
0.007570385875606702
0.007480383229028565
0.007394392927011489
0.0073122138081268915
0.00723365927099164
0.007158556034561977
0.007086743024709568
0.007018070372461145
0.006952398511187102
0.006889597361654578
0.006829545595260385
0.006772129966963909
0.006717244710479625
0.006664790989187948
0.0066146763970024785
0.006566814504108781
0.006521124443079394
0.0064775305313842
0.006435961926765005
0.006396352312337324
0.006358639608628338
0.006322765710064292
0.0062886762436888954
0.0062563203481311655
0.006225650471050741
0.006196622183474553
0.006169194009603759
0.0061433272708167905
0.006118985942725386
0.006096136524257522
0.006074747917846129
0.006054791319896483
0.006036240120790005
0.0060190698137585
0.006003257912032036
0.005988783873726362
0.005975629033992778
0.005963776544005532
0.0059532113164095565
0.005943919976895322
0.005935890821608296
0.005929113780138271
0.0059235803838691755
0.0059192837395032494
0.0059162185076049425
0.005914380886039899
0.0059137685982133216
0.005914380886039899
0.0059162185076049425
0.0059192837395032494
0.0059235803838691755
0.005929113780138271
0.005935890821608296
0.005943919976895322
0.0059532113164095565
0.005963776544005532
0.005975629033992778
0.005988783873726362
0.006003257912032036
0.0060190698137585
0.006036240120790005
0.006054791319896483
0.006074747917846129
0.006096136524257522
0.006118985942725386
0.0061433272708167905
0.006169194009603759
0.006196622183474553
0.006225650471050741
0.0062563203481311655
0.0062886762436888954
0.006322765710064292
0.006358639608628338
0.006396352312337324
0.006435961926765005
0.0064775305313842
0.006521124443079394
0.006566814504108781
0.0066146763970024785
0.006664790989187948
0.006717244710479625
0.006772129966963909
0.006829545595260385
0.006889597361654578
0.006952398511187102
0.007018070372461145
0.007086743024709568
0.007158556034561977
0.00723365927099164
0.0073122138081268915
0.007394392927011489
0.007480383229028565
0.007570385875606702
0.007664617971055568
0.007763314107995647
0.007866728097927893
0.007975134913127905
0.008088832870359254
0.008208146092021924
0.008333427286457194
0.008465060896433247
0.008603466673602242
0.008749103747281365
0.008902475268683213
0.00906413372722939
0.009234687054488048
0.009414805654425653
0.009605230527133538
0.00980678268836758
0.010020374130915983
0.010247020628315296
0.0104878567498143
0.010744153541749044
0.011017339439951972
0.01130902511756009
0.011621033152134681
0.011955433628251395
0.012314587094262423
0.012701196688990704
0.013118371779315218
0.013569706150064668
0.014059374730025883
0.014592254117501341
0.015174073923445452
0.015811608381081386
0.016512921075865532
0.01728768047497094
0.018147570858856835
0.01910683332320283
0.02018298636102995
0.021397797749215533
0.02277861325121828
0.024360199927800762
0.026187344241907634
0.028318577584263142
0.030831619282231354
0.03383149233943947
0.03746289565956711
0.04192952707717275
0.04752507091312561
0.054684359018481274
0.06407073573630145
0.07673365670402452
0.09446065271870027
0.12165839808439868
0.1944351489842374

0.29019624645421865
0.35675734491177524
0.30134497888983586
0.17489004754207893
0.06973961246981036
0.019110574963067558
0.0036133552114547603
0.0005358397050256262
0.0003099625322402506
0.0009091601112398294
0.0027150424350895993
0.007213018542641585
0.017104251976842528
0.07561908512954288
1.0166760680396392
1.474254946455133
0.27736061493390657
0.20615212760679547
0.23628215677019163
0.24100239980952132
0.218092883920022
0.1751019348816573
0.12472965361681844
0.07882751011984075
0.04419928288254763
0.021987809153683372
0.009704608410846636
0.003800173232383994
0.001320255832227979
0.0004069509964791949
0.00011128982495678601
2.700213622204303e-05
5.8125956149888775e-06
1.1101238098452741e-06
1.881057392807884e-07
2.8278866454655603e-08
3.771822691836204e-09
4.4634416578053396e-10
4.686167172427846e-11
4.365108205845191e-12
3.6074603942533895e-13
2.645071713322755e-14
1.7206900684560386e-15
9.93109587067801e-17
5.085351985876748e-18
2.310330883509511e-19
9.312293822726062e-21
3.3301859082288954e-22
1.0565975724347084e-23
2.9742677346311704e-25
7.428135761516867e-27
1.6459207744687867e-28
3.235693247354117e-30
5.643585120914405e-32
8.733174509925015e-34
1.1989981656891316e-35
1.460475313132289e-37
1.5783352045849622e-39
1.5133298139699556e-41
1.287351828721261e-43
9.716061204277862e-46
6.505977409807791e-48
3.865130676163164e-50
2.0372537862819956e-52
9.526983370929245e-55
3.952710452711028e-57
1.4550031003196964e-59
4.751843804372679e-62
1.3768597877129071e-64
3.539538146334898e-67
8.0729599811139e-70
1.6336097754998995e-72
2.9328724025194497e-75
4.671618137289628e-78
6.601928617758586e-81
8.277584715524997e-84
9.208009644841479e-87
9.087767725492311e-90
7.957524651561413e-93
6.181987014931938e-96
4.260960476318153e-99
2.605650991410422e-102
1.41369038705835e-105
6.804899045806125e-109
2.906152431272177e-112
1.10114475517641e-115
3.701687571213468e-119
1.1040390340792247e-122
2.9214497294050528e-126
6.8586987536240746e-130
1.4286122192496829e-133
2.640075300579679e-137
4.3286013361087573e-141
6.29663016732424e-145
8.12639828512355e-149
9.305020695708941e-153
9.45291830163294e-157
8.520082243399047e-161
6.813197697851013e-165
4.833787079258645e-169
