0.5785292673346901
0.03808099769334982
0.007480614701735969
0.002674441732555487
0.0013208922873904501
0.0007974875214818555
0.0005479368512900773
0.00040988176166833535
0.0003248289936735221
0.00026811102216939503
0.00022797089183968874
0.00019823677848223705
0.00017540881063753155
0.00015737439516294306
0.00014279134047031668
0.00013076989283003365
0.00012069878833029747
0.00011214515930932096
0.00010479439150520124
9.84126101649461e-05
9.282250698404703e-05
8.788731256378663e-05
8.349989832372143e-05
7.957519833531495e-05
7.60448331079393e-05
7.285322623882873e-05
6.995475341546477e-05
6.731161823009385e-05
6.48922481098789e-05
6.267006803417337e-05
6.0622552430985664e-05
5.8730484496248597e-05
5.6977371979415843e-05
5.534898226954705e-05
5.3832969353739654e-05
5.2418572183656696e-05
5.1096369025414806e-05
4.9858076055507225e-05
4.8696381191510915e-05
4.76048061812856e-05
4.657759150728098e-05
4.560959982719388e-05
4.469623456418921e-05
4.383337094825354e-05
4.301729734529833e-05
4.224466512934823e-05
4.1512445682948925e-05
4.081789337228539e-05
4.0158513551824375e-05
3.953203482026881e-05
3.893638488414895e-05
3.8369669494324316e-05
3.78301540093221e-05
3.731624721190644e-05
3.682648706476307e-05
3.635952814026569e-05
3.5914130499857294e-05
3.54891498323718e-05
3.508352868874519e-05
3.4696288674138834e-05
3.432652347829094e-05
3.3973392641594065e-05
3.3636115968500185e-05
3.331396851181632e-05
3.300627606162697e-05
3.27124110812588e-05
3.243178904012556e-05
3.216386509965935e-05
3.1908131114008566e-05
3.166411291190332e-05
3.14313678301686e-05
3.120948247289836e-05
3.099807067337273e-05
3.079677163847007e-05
3.060524825765501e-05
3.0423185560659032e-05
3.025028930975335e-05
3.0086284714079606e-05
2.9930915254880518e-05
2.9783941611686703e-05
2.964514068058845e-05
2.9514304676670123e-05
2.9391240313527402e-05
2.9275768053536075e-05
2.916772142320863e-05
2.906694638857058e-05
2.8973300786022376e-05
2.8886653804631803e-05
2.8806885516233038e-05
2.873388645009812e-05
2.8667557209299543e-05
2.8607808126203223e-05
2.855455895482436e-05
2.850773859804678e-05
2.846728486795398e-05
2.8433144277748847e-05
2.8405271863952398e-05
2.838363103777207e-05
2.8368193464718312e-05
2.8358938971728382e-05
2.8355855481228017e-05
2.8358938971728382e-05
2.8368193464718312e-05
2.838363103777207e-05
2.8405271863952398e-05
2.8433144277748847e-05
2.846728486795398e-05
2.850773859804678e-05
2.855455895482436e-05
2.8607808126203223e-05
2.8667557209299543e-05
2.873388645009812e-05
2.8806885516233038e-05
2.8886653804631803e-05
2.8973300786022376e-05
2.906694638857058e-05
2.916772142320863e-05
2.9275768053536075e-05
2.9391240313527402e-05
2.9514304676670123e-05
2.964514068058845e-05
2.9783941611686703e-05
2.9930915254880518e-05
3.0086284714079606e-05
3.025028930975335e-05
3.0423185560659032e-05
3.060524825765501e-05
3.079677163847007e-05
3.099807067337273e-05
3.120948247289836e-05
3.14313678301686e-05
3.166411291190332e-05
3.1908131114008566e-05
3.216386509965935e-05
3.243178904012556e-05
3.27124110812588e-05
3.300627606162697e-05
3.331396851181632e-05
3.3636115968500185e-05
3.3973392641594065e-05
3.432652347829094e-05
3.4696288674138834e-05
3.508352868874519e-05
3.54891498323718e-05
3.5914130499857294e-05
3.635952814026569e-05
3.682648706476307e-05
3.731624721190644e-05
3.78301540093221e-05
3.8369669494324316e-05
3.893638488414895e-05
3.953203482026881e-05
4.0158513551824375e-05
4.081789337228539e-05
4.1512445682948925e-05
4.224466512934823e-05
4.301729734529833e-05
4.383337094825354e-05
4.469623456418921e-05
4.560959982719388e-05
4.657759150728098e-05
4.76048061812856e-05
4.8696381191510915e-05
4.9858076055507225e-05
5.1096369025414806e-05
5.2418572183656696e-05
5.3832969353739654e-05
5.534898226954705e-05
5.6977371979415843e-05
5.8730484496248597e-05
6.0622552430985664e-05
6.267006803417337e-05
6.48922481098789e-05
6.731161823009385e-05
6.995475341546477e-05
7.285322623882873e-05
7.60448331079393e-05
7.957519833531495e-05
8.349989832372143e-05
8.788731256378663e-05
9.282250698404703e-05
9.84126101649461e-05
0.00010479439150520124
0.00011214515930932096
0.00012069878833029747
0.00013076989283003365
0.00014279134047031668
0.00015737439516294306
0.00017540881063753155
0.00019823677848223705
0.00022797089183968874
0.00026811102216939503
0.0003248289936735221
0.00040988176166833535
0.0005479368512900773
0.0007974875214818555
0.0013208922873904501
0.002674441732555487
0.007480614701735969
0.03808099769334982

0.0013592346268479875
0.003018069639862374
0.006174786853667937
0.011640539528742269
0.020220163407241757
0.03236411023849121
0.04773469080284907
0.06488945732794828
0.08134442585470406
0.09419399512400449
0.10123324875767613
0.10225416811534517
0.09999082212515475
0.10011449444921047
0.10975509534883754
0.13443016741513103
0.17423539132923316
0.22140315218823228
0.26165698387364555
0.2799600301990044
0.2679192181665518
0.2281196294034308
0.17241374772080403
0.11555438754691799
0.06864405757860614
0.03613480848187667
0.01685421385440519
0.006965110453987402
0.0025501889267088413
0.000827247043382854
0.00023774597142848969
6.053468046590082e-05
1.3655492783819766e-05
2.729115284388118e-06
4.832227537316942e-07
7.580251605868256e-08
1.0534901327642372e-08
1.29714296428928e-09
1.414997569436922e-10
1.3675210166675875e-11
1.170908099338251e-12
8.88223273376177e-14
5.969419807771014e-15
3.5542902985314316e-16
1.8749286260622978e-17
8.762501356205376e-19
3.628137311529265e-20
1.3309227897505475e-21
4.325514403665298e-23
1.2454962243432113e-24
3.1774169217266546e-26
7.182029140477436e-28
1.4384300886992118e-29
2.5530209730261147e-31
4.016605320392651e-33
5.604664977563173e-35
6.944954037339206e-37
7.663849899442867e-39
7.58065410878765e-41
6.8220319495571616e-43
5.769254848606262e-45
4.868857330872955e-47
4.428654872610929e-49
4.5116651967701133e-51
4.957621671651993e-53
5.48714096966022e-55
5.823145972853515e-57
5.783170785793648e-59
5.3217752161370844e-61
4.5209468547425536e-63
3.541014830023628e-65
2.5560366775419666e-67
1.7001567752318192e-69
1.0420190961247608e-71
5.88466905609027e-74
3.062151181787481e-76
1.4682129368265326e-78
6.486481723805647e-81
2.6405054066677027e-83
9.904273568985547e-86
3.4230709202598643e-88
1.0901013291365086e-90
3.1987149772600065e-93
8.648522528571115e-96
2.154596752018877e-98
4.9459279236947006e-101
1.0461338816943535e-103
2.0388461502828934e-106
3.6613339739777336e-109
6.058316220387784e-112
9.236814739569004e-115
1.297628067969575e-117
1.679716278506899e-120
2.003453808720872e-123
2.201813038748146e-126
2.2296631030442733e-129
2.0804426937953125e-132
1.7886689605541472e-135
1.4169740152737637e-138
1.034311859283903e-141
