0.8052498590740198
0.015565146986802749
0.00041835936306493384
1.3767546404688922e-05
4.998874324557079e-07
1.90734155904158e-08
5.48325485607382e-10
2.7073665688806414e-11
1.3439801519514818e-12
6.684415857512938e-14
3.3267772781487337e-15
1.656096149164723e-16
8.244853944312721e-18
4.104808411737645e-19
2.043653525721241e-20
1.0174740668000746e-21
5.0657098440986747e-23
2.5220758794760696e-24
1.2556755089964319e-25
6.251719017849772e-27
3.112625817577301e-28
1.549762644528879e-29
7.716581783502933e-31
3.8426206920696735e-32
1.9138820315457504e-33
9.536126620805382e-35
4.755158340163904e-36
2.3747865740133544e-37
1.189602308990266e-38
5.9946788207838606e-40
3.055925928788485e-41
1.5921773664587684e-42
8.628145977544154e-44
4.9911875302072897e-45
3.1754044418579066e-46
2.2674419250388786e-47
1.8135515622315923e-48
1.5899322599353206e-49
1.489920283777289e-50
1.4717805970690645e-51
1.5434775095494252e-52
1.7859719085824443e-53
2.458397720802672e-54
4.3505115500406856e-55
9.978172868207451e-56
2.7858782213226985e-56
8.875289376394697e-57
3.113351316521579e-57
1.1851149746422863e-57
4.869986749348339e-58
2.1562367555578022e-58
1.027457001409284e-58
5.261722161250763e-59
2.88994664535396e-59
1.6972473018292098e-59
1.0615690741597763e-59
7.036425096175421e-60
4.9149235954823104e-60
3.59637612057954e-60
2.7404853813434783e-60
2.1625041754682151e-60
1.7581303073684106e-60
1.4661842589595789e-60
1.2493653019369023e-60
1.0842814768857917e-60
9.557945695256412e-61
8.538343717695075e-61
7.715306374639808e-61
7.040864979735506e-61
6.480810146853009e-61
6.010267467592407e-61
5.610826518069765e-61
5.268638128446341e-61
4.973128391185581e-61
4.716113512335783e-61
4.4911801475428724e-61
4.2932447009488386e-61
4.118235268692871e-61
3.962858938774776e-61
3.824429360717407e-61
3.700737451953813e-61
3.5899533734043016e-61
3.4905514441645015e-61
3.401252074820915e-61
3.3209764618222934e-61
3.248810947205685e-61
3.183978769319665e-61
3.125817517284722e-61
3.0737610260408485e-61
3.0273247583053e-61
2.9860939477805734e-61
2.9497139475341638e-61
2.9178823547552332e-61
2.890342579506723e-61
2.866878598806889e-61
2.847310694293598e-61
2.8314920161531623e-61
2.8193058511072415e-61
2.810663500415118e-61
2.8055026968579666e-61
2.803786508909634e-61
2.8055026968579666e-61
2.810663500415118e-61
2.8193058511072415e-61
2.8314920161531623e-61
2.847310694293598e-61
2.866878598806889e-61
2.890342579506723e-61
2.9178823547552332e-61
2.9497139475341638e-61
2.9860939477805734e-61
3.0273247583053e-61
3.0737610260408485e-61
3.125817517284722e-61
3.183978769319665e-61
3.248810947205685e-61
3.3209764618222934e-61
3.401252074820915e-61
3.4905514441645015e-61
3.5899533734043016e-61
3.700737451953813e-61
3.824429360717407e-61
3.962858938774776e-61
4.118235268692871e-61
4.2932447009488386e-61
4.4911801475428724e-61
4.716113512335783e-61
4.973128391185581e-61
5.268638128446341e-61
5.610826518069765e-61
6.010267467592407e-61
6.480810146853009e-61
7.040864979735506e-61
7.715306374639808e-61
8.538343717695075e-61
9.557945695256412e-61
1.0842814768857917e-60
1.2493653019369023e-60
1.4661842589595789e-60
1.7581303073684106e-60
2.1625041754682151e-60
2.7404853813434783e-60
3.59637612057954e-60
4.9149235954823104e-60
7.036425096175421e-60
1.0615690741597763e-59
1.6972473018292098e-59
2.88994664535396e-59
5.261722161250763e-59
1.027457001409284e-58
2.1562367555578022e-58
4.869986749348339e-58
1.1851149746422863e-57
3.113351316521579e-57
8.875289376394697e-57
2.7858782213226985e-56
9.978172868207451e-56
4.3505115500406856e-55
2.458397720802672e-54
1.7859719085824443e-53
1.5434775095494252e-52
1.4717805970690645e-51
1.489920283777289e-50
1.5899322599353206e-49
1.8135515622315923e-48
2.2674419250388786e-47
3.1754044418579066e-46
4.9911875302072897e-45
8.628145977544154e-44
1.5921773664587684e-42
3.055925928788485e-41
5.9946788207838606e-40
1.189602308990266e-38
2.3747865740133544e-37
4.755158340163904e-36
9.536126620805382e-35
1.9138820315457504e-33
3.8426206920696735e-32
7.716581783502933e-31
1.549762644528879e-29
3.112625817577301e-28
6.251719017849772e-27
1.2556755089964319e-25
2.5220758794760696e-24
5.0657098440986747e-23
1.0174740668000746e-21
2.043653525721241e-20
4.104808411737645e-19
8.244853944312721e-18
1.656096149164723e-16
3.3267772781487337e-15
6.684415857512938e-14
1.3439801519514818e-12
2.7073665688806414e-11
5.48325485607382e-10
1.90734155904158e-08
4.998874324557079e-07
1.3767546404688922e-05
0.00041835936306493384
0.015565146986802749

5.599652112559966e-60
8.468698591277161e-55
7.416241491724355e-50
3.7606473273191495e-45
1.1042131346235678e-40
1.8773911554761903e-36
1.8482817853651599e-32
1.0536422011915867e-28
3.478000976414823e-25
6.6488420653405905e-22
8.869327502134124e-19
2.9561171532707684e-14
7.445443865242843e-10
2.532936436739592e-06
0.0011461148598682662
0.06896301107919832
0.5518131914966394
0.587460026183677
0.08782307249577259
0.04004824213150296
0.18050071775898627
0.49018080492674215
0.7708229422235378
0.7018826744043428
0.37007178042445454
0.1129845275994141
0.019973930573795245
0.0020446531935614763
0.00012119573355210458
4.1597436304761115e-06
8.267179293875836e-08
9.513924590968622e-10
6.339771576619623e-12
2.4462400565906262e-14
5.4655779624880966e-17
7.071062421245808e-20
5.297180917471732e-23
2.2978226073490753e-26
5.7716468142822696e-30
8.394494599048482e-34
7.069698907997007e-38
3.4476156164482896e-42
9.735277104829379e-47
1.5918031274044515e-51
1.5070995728568737e-56
8.262397734484483e-62
2.6229004334542878e-67
4.821354553600403e-73
5.1317783731774456e-79
3.162847640539479e-85
1.1287563554802498e-91
2.332564720821959e-98
2.791121577946002e-105
1.933906009734169e-112
7.75896028761196e-120
1.8025331163405278e-127
2.4247922371699673e-135
1.8887625841539315e-143
8.5190617478988e-152
2.2249370017459406e-160
3.364768800393473e-169
2.946485413483869e-178
1.4940492706210628e-187
4.3866915845059756e-197
7.457973578602827e-207
7.342029695140747e-217
4.1852652760013217e-227
1.3814698181618276e-237
2.640410001739006e-248
2.9222199043659344e-259
1.8726903702913547e-270
6.949132896129046e-282
1.4931616068872837e-293
1.8577812232586846e-305
1.3384243e-317
0.0
0.0
0.0
0.0
0.0
0.0
0.0
0.0
0.0
0.0
0.0
0.0
0.0
0.0
0.0
0.0
0.0
0.0
0.0
0.0
0.0
0.0
0.0
0.0
0.0
