0.4275064912015113
0.005233174572435427
6.636550977441274e-05
8.716217647301618e-07
3.2690673926796362e-09
6.610884396422892e-11
1.6167167422709602e-12
5.231503815259226e-14
2.2182325132228085e-15
1.146891825704433e-16
6.972669165976323e-18
5.043351422534291e-19
4.439980307956209e-20
4.7909636872022445e-21
6.302230371109308e-22
1.0063847770737233e-22
1.9509022115873298e-23
4.593207327593668e-24
1.3114287233149986e-24
4.519232904028478e-25
1.8613067526997778e-25
9.01333003508567e-26
5.0190063790302456e-26
3.13467822528186e-26
2.1438752440144645e-26
1.572869301109913e-26
1.2177159394349234e-26
9.824932689828097e-27
8.184563980550469e-27
6.991105948035365e-27
6.0919037871012356e-27
5.394449337988848e-27
4.8401776169300694e-27
4.39057786890263e-27
4.019475166790758e-27
3.7085571231247704e-27
3.444682656003126e-27
3.218208038634868e-27
3.0219142231305868e-27
2.8503008553655747e-27
2.6991103262296122e-27
2.5649998676403434e-27
2.445311161347233e-27
2.3379055464567977e-27
2.241044214588141e-27
2.1532998061405443e-27
2.0734902817181303e-27
2.000628831882643e-27
1.9338854942633694e-27
1.8725574257543245e-27
1.8160456490304598e-27
1.7638366953216202e-27
1.7154879879031667e-27
1.67061611074529e-27
1.6288873222869342e-27
1.5900098308732354e-27
1.5537274633330113e-27
1.5198144433769015e-27
1.4880710602437422e-27
1.4583200561324838e-27
1.4304035975642433e-27
1.4041807238909097e-27
1.379525187851857e-27
1.3563236199488063e-27
1.3344739616176274e-27
1.3138841225839484e-27
1.2944708260399123e-27
1.2761586118568668e-27
1.2588789733209624e-27
1.2425696071266336e-27
1.2271737598026294e-27
1.2126396565437478e-27
1.1989200007086033e-27
1.1859715341211917e-27
1.1737546498616055e-27
1.1622330505121034e-27
1.1513734458889312e-27
1.1411452851778202e-27
1.1315205191339677e-27
1.122473388631297e-27
1.1139802363717473e-27
1.1060193390101147e-27
1.0985707573273942e-27
1.0916162024067865e-27
1.0851389160409378e-27
1.0791235638340053e-27
1.0735561396642293e-27
1.068423880346954e-27
1.0637151894888778e-27
1.0594195696553388e-27
1.0555275620866956e-27
1.0520306932999346e-27
1.0489214279996437e-27
1.0461931278003497e-27
1.0438400153314196e-27
1.0418571433577002e-27
1.0402403686049084e-27
1.0389863300295815e-27
1.0380924313199751e-27
1.0375568274575093e-27
1.0373784152088844e-27
1.0375568274575093e-27
1.0380924313199751e-27
1.0389863300295815e-27
1.0402403686049084e-27
1.0418571433577002e-27
1.0438400153314196e-27
1.0461931278003497e-27
1.0489214279996437e-27
1.0520306932999346e-27
1.0555275620866956e-27
1.0594195696553388e-27
1.0637151894888778e-27
1.068423880346954e-27
1.0735561396642293e-27
1.0791235638340053e-27
1.0851389160409378e-27
1.0916162024067865e-27
1.0985707573273942e-27
1.1060193390101147e-27
1.1139802363717473e-27
1.122473388631297e-27
1.1315205191339677e-27
1.1411452851778202e-27
1.1513734458889312e-27
1.1622330505121034e-27
1.1737546498616055e-27
1.1859715341211917e-27
1.1989200007086033e-27
1.2126396565437478e-27
1.2271737598026294e-27
1.2425696071266336e-27
1.2588789733209624e-27
1.2761586118568668e-27
1.2944708260399123e-27
1.3138841225839484e-27
1.3344739616176274e-27
1.3563236199488063e-27
1.379525187851857e-27
1.4041807238909097e-27
1.4304035975642433e-27
1.4583200561324838e-27
1.4880710602437422e-27
1.5198144433769015e-27
1.5537274633330113e-27
1.5900098308732354e-27
1.6288873222869342e-27
1.67061611074529e-27
1.7154879879031667e-27
1.7638366953216202e-27
1.8160456490304598e-27
1.8725574257543245e-27
1.9338854942633694e-27
2.000628831882643e-27
2.0734902817181303e-27
2.1532998061405443e-27
2.241044214588141e-27
2.3379055464567977e-27
2.445311161347233e-27
2.5649998676403434e-27
2.6991103262296122e-27
2.8503008553655747e-27
3.0219142231305868e-27
3.218208038634868e-27
3.444682656003126e-27
3.7085571231247704e-27
4.019475166790758e-27
4.39057786890263e-27
4.8401776169300694e-27
5.394449337988848e-27
6.0919037871012356e-27
6.991105948035365e-27
8.184563980550469e-27
9.824932689828097e-27
1.2177159394349234e-26
1.572869301109913e-26
2.1438752440144645e-26
3.13467822528186e-26
5.0190063790302456e-26
9.01333003508567e-26
1.8613067526997778e-25
4.519232904028478e-25
1.3114287233149986e-24
4.593207327593668e-24
1.9509022115873298e-23
1.0063847770737233e-22
6.302230371109308e-22
4.7909636872022445e-21
4.439980307956209e-20
5.043351422534291e-19
6.972669165976323e-18
1.146891825704433e-16
2.2182325132228085e-15
5.231503815259226e-14
1.6167167422709602e-12
6.610884396422892e-11
3.2690673926796362e-09
8.716217647301618e-07
6.636550977441274e-05
0.005233174572435427

3.9502773105382586e-26
4.454848946658179e-24
4.075513935742089e-22
3.02465457188343e-20
1.8210135862661953e-18
8.893948077840897e-17
3.5238709448300948e-15
1.1326334962291566e-13
2.9532676550442526e-12
6.246837632856829e-11
1.0719181592532818e-09
1.4921312982068884e-08
1.6849866060905149e-07
1.5435825751719436e-06
1.1471158565152085e-05
6.915581439164948e-05
0.00033821597616835795
0.0013418486635620869
0.00431873900382095
0.011275982267349256
0.024049421476364147
0.45870078719913593
1.2967255156034365
0.06902219679183966
0.05933372901212488
0.04415327709044148
0.026654367072705812
0.013053224494172695
0.005185746004971824
0.0016712779254836288
0.0004369483601995904
9.267349716246388e-05
1.594501718123686e-05
2.2255555172607953e-06
2.5199729242292874e-07
2.314713891536025e-08
1.7248159628548113e-09
1.0426347824895311e-10
5.112880665676861e-12
2.0339632662709816e-13
6.563939285964747e-15
1.7184227228496597e-16
3.649551189336506e-18
6.28771594366792e-20
8.788006490974475e-22
9.963956566702064e-24
9.164679543551577e-26
6.83827785500007e-28
4.139236146350497e-30
2.0325332829799117e-32
8.096533726801836e-35
2.6164027323015743e-37
6.858893507978923e-40
1.4586380129347565e-42
2.5164308224585113e-45
3.521814408994391e-48
3.9984524645040185e-51
3.682658179118213e-54
2.751534001462388e-57
1.6677554139668954e-60
8.200377318896161e-64
3.27099073275041e-67
1.0584462119240484e-70
2.778448002389123e-74
5.916702807197185e-78
1.0221184758435691e-81
1.4324079516917387e-85
1.6284566766604923e-89
1.5018608497385446e-93
1.1236399839029497e-97
6.819753458310047e-102
3.35779490578238e-106
1.341169469024554e-110
4.345674085535417e-115
1.1422854563985846e-119
2.43576925212454e-124
4.2134868384830395e-129
5.912772110696125e-134
6.73107827970395e-139
6.216159407919182e-144
4.6569722079165686e-149
2.8302783584056392e-154
1.3953997997626742e-159
5.581001810476682e-165
1.8107966059405052e-170
4.766188138814929e-176
1.0176927780154893e-181
1.7628128391785011e-187
2.477078208153887e-193
2.823691416772855e-199
2.6111916605296174e-205
1.9588639227966683e-211
1.1921030159913288e-217
5.885282402023609e-224
2.3570284722494613e-230
7.657841120876499e-237
2.0183286080311672e-243
4.3154034220173125e-250
7.485053840003524e-257
1.0532038956936025e-263
