1.106937262120275
0.012656459559575261
0.00017821907436623092
3.2289734452528766e-06
7.779220524086952e-08
2.473435194748578e-09
1.0596581247416152e-10
5.869654924812663e-12
4.0609953466864456e-13
3.5263748369023597e-14
3.873585471652627e-15
5.367827228490516e-16
9.34546456096753e-17
2.04154264391534e-17
5.583278959675912e-18
1.8974449120261067e-18
7.889390639710255e-19
3.91620249203678e-19
2.2509723896905107e-19
1.4520799496569388e-19
1.0227579388141957e-19
7.694769384704967e-20
6.082929338112673e-20
4.9924609090646724e-20
4.2173146902575524e-20
3.643719692749122e-20
3.205072999682304e-20
2.8603829215933696e-20
2.5833128647107722e-20
2.3563035555057327e-20
2.1672662310632463e-20
2.0076426796632072e-20
1.8712242353487666e-20
1.753408808793819e-20
1.650719620535882e-20
1.560485201722608e-20
1.480621575792048e-20
1.409480828676695e-20
1.3457438037477665e-20
1.2883427353343324e-20
1.2364045809579701e-20
1.189208912068367e-20
1.1461562070846993e-20
1.1067436854702576e-20
1.0705466820576065e-20
1.0372041422229554e-20
1.0064072174045311e-20
9.778902180887808e-21
9.514233772032559e-21
9.2680701668936e-21
9.0386681105007e-21
8.824499154462619e-21
8.624217803486876e-21
8.436635152992142e-21
8.260696948105404e-21
8.095465225348806e-21
7.940102874842696e-21
7.79386059676112e-21
7.65606583117046e-21
7.526113322669773e-21
7.403457045915183e-21
7.287603269237198e-21
7.178104574220092e-21
7.074554681629356e-21
6.976583960216032e-21
6.883855516051425e-21
6.796061777198843e-21
6.712921502521432e-21
6.634177154890445e-21
6.559592588492713e-21
6.488951007731242e-21
6.422053161678914e-21
6.358715743429143e-21
6.2987699681864934e-21
6.242060307713372e-21
6.188443361923863e-21
6.1377868510961385e-21
6.089968714445207e-21
6.0448763027263104e-21
6.0024056541830264e-21
5.962460844558853e-21
5.9249534030952455e-21
5.88980178747446e-21
5.8569309115579935e-21
5.826271720543428e-21
5.797760808831673e-21
5.771340076479033e-21
5.7469564206164065e-21
5.724561458662777e-21
5.7041112805508084e-21
5.685566227526757e-21
5.668890695391899e-21
5.654052960323708e-21
5.641025025657317e-21
5.629782488225385e-21
5.620304423051207e-21
5.612573285368999e-21
5.606574829109472e-21
5.6022980411408754e-21
5.599735090697579e-21
5.598881293562484e-21
5.599735090697579e-21
5.6022980411408754e-21
5.606574829109472e-21
5.612573285368999e-21
5.620304423051207e-21
5.629782488225385e-21
5.641025025657317e-21
5.654052960323708e-21
5.668890695391899e-21
5.685566227526757e-21
5.7041112805508084e-21
5.724561458662777e-21
5.7469564206164065e-21
5.771340076479033e-21
5.797760808831673e-21
5.826271720543428e-21
5.8569309115579935e-21
5.88980178747446e-21
5.9249534030952455e-21
5.962460844558853e-21
6.0024056541830264e-21
6.0448763027263104e-21
6.089968714445207e-21
6.1377868510961385e-21
6.188443361923863e-21
6.242060307713372e-21
6.2987699681864934e-21
6.358715743429143e-21
6.422053161678914e-21
6.488951007731242e-21
6.559592588492713e-21
6.634177154890445e-21
6.712921502521432e-21
6.796061777198843e-21
6.883855516051425e-21
6.976583960216032e-21
7.074554681629356e-21
7.178104574220092e-21
7.287603269237198e-21
7.403457045915183e-21
7.526113322669773e-21
7.65606583117046e-21
7.79386059676112e-21
7.940102874842696e-21
8.095465225348806e-21
8.260696948105404e-21
8.436635152992142e-21
8.624217803486876e-21
8.824499154462619e-21
9.0386681105007e-21
9.2680701668936e-21
9.514233772032559e-21
9.778902180887808e-21
1.0064072174045311e-20
1.0372041422229554e-20
1.0705466820576065e-20
1.1067436854702576e-20
1.1461562070846993e-20
1.189208912068367e-20
1.2364045809579701e-20
1.2883427353343324e-20
1.3457438037477665e-20
1.409480828676695e-20
1.480621575792048e-20
1.560485201722608e-20
1.650719620535882e-20
1.753408808793819e-20
1.8712242353487666e-20
2.0076426796632072e-20
2.1672662310632463e-20
2.3563035555057327e-20
2.5833128647107722e-20
2.8603829215933696e-20
3.205072999682304e-20
3.643719692749122e-20
4.2173146902575524e-20
4.9924609090646724e-20
6.082929338112673e-20
7.694769384704967e-20
1.0227579388141957e-19
1.4520799496569388e-19
2.2509723896905107e-19
3.91620249203678e-19
7.889390639710255e-19
1.8974449120261067e-18
5.583278959675912e-18
2.04154264391534e-17
9.34546456096753e-17
5.367827228490516e-16
3.873585471652627e-15
3.5263748369023597e-14
4.0609953466864456e-13
5.869654924812663e-12
1.0596581247416152e-10
2.473435194748578e-09
7.779220524086952e-08
3.2289734452528766e-06
0.00017821907436623092
0.012656459559575261

2.264876418299712e-19
9.916818851304013e-18
3.6320942767962342e-16
1.1127528312979282e-14
2.8516562034684484e-13
6.112973116333845e-12
1.0961365734033719e-10
1.6441207623427448e-09
2.062811868381229e-08
2.1649226874042977e-07
1.900561924413911e-06
1.3956564295353702e-05
8.572981748653748e-05
0.0004404964997233992
0.0018932761798263582
0.006807423165417346
0.020488897242365006
0.05180178720288518
0.11163741904067892
0.2137457225428312
0.3871799359752052
0.6695717027388182
1.00530656836593
1.1641646839650535
0.9670091703403867
0.5608004829811489
0.22864346316335116
0.06851978165444479
0.016594542126734967
0.0036676771663923867
0.0007809253827064479
0.0001532480703351132
2.6142811762888213e-05
3.7692789366899595e-06
4.5552357880018424e-07
4.606327424449406e-08
3.896469918733994e-09
2.75705951505083e-10
1.6318412912422753e-11
8.079166589547803e-13
3.345893175484458e-14
1.1590827473092369e-15
3.3587190259443485e-17
8.141225229713245e-19
1.6506793858365596e-20
2.799577846047398e-22
3.971725553381394e-24
4.713274964451467e-26
4.678678297391988e-28
3.8849054623548956e-30
2.698327054705508e-32
1.5677094754419032e-34
7.61892048795181e-37
3.097263550875836e-39
1.053221569502075e-41
2.9958370685925353e-44
7.128095311747867e-47
1.4186839930236481e-49
2.361862993973388e-52
3.2891266539558886e-55
3.831451700002002e-58
3.733386696997409e-61
3.042982527281868e-64
2.0746880439027185e-67
1.1832132168347171e-70
5.644559856048337e-74
2.252444069394682e-77
7.51856244928197e-81
2.0992901564925946e-84
4.9030575398752887e-88
9.578960292876368e-92
1.5654046464959337e-95
2.139891366943949e-99
2.446885780911484e-103
2.340413153864975e-107
1.8725275923968244e-111
1.253201147890048e-115
7.015686993040443e-120
3.2853109993786503e-124
1.2868846876523625e-128
4.216573174257353e-133
1.1556771116181876e-137
2.6495385650484547e-142
5.081136252825237e-147
8.15095131243839e-152
1.0937362836397334e-156
1.2276478365226687e-161
1.1526351209751702e-166
9.052462963080652e-172
5.947008062856044e-177
3.268038471971292e-182
1.502216943826793e-187
5.776104135191153e-193
1.8577797942611404e-198
4.9981618840645e-204
1.1248206065700023e-209
2.1174495523565472e-215
3.3342621537707337e-221
4.391807298691324e-227
4.838866849615955e-233
