0.9128666811067702
0.2976113972881515
0.16820450104123605
0.11548806381296887
0.08706113328259008
0.06948545557575553
0.05766594621171538
0.049233906351875883
0.04294588418409914
0.03809197276061216
0.034240247086845074
0.031114238561506722
0.02852946184802482
0.0263584497733955
0.024510490905439452
0.022919373728170152
0.02153569620111362
0.020321883639341093
0.01924886963762571
0.018293829645820298
0.01743859900031719
0.016668546812859567
0.015971760076776465
0.015338443022671974
0.014760468482240836
0.01423103833441081
0.013744423385286239
0.01329576187445855
0.012880901789197978
0.012496276289517721
0.012138804425087319
0.011805811361972335
0.011494963797141253
0.011204217297364644
0.010931773075245422
0.01067604228991376
0.01043561638970533
0.01020924233839727
0.009995801813288798
0.009794293652627144
0.009603818976088582
0.009423568515809382
0.00925281178460994
0.009090887778348886
0.008937196965106925
0.00879119435839177
0.00865238350724909
0.008520311264949652
0.008394563221253124
0.008274759702247647
0.008160552257306943
0.00805162056547673
0.007947669704138674
0.00784842773152811
0.0077536435419398135
0.007663084958513679
0.0075765370335663254
0.007493800530698906
0.007414690566507388
0.007339035392763192
0.0072666753025129975
0.007197461645742623
0.007131255942124279
0.007067929079970203
0.007007360591892045
0.006949437998849074
0.006894056215289247
0.006841117008969784
0.006790528509808606
0.00674220476278221
0.006696065320463688
0.006652034871298949
0.006610042900160017
0.0065700233781006015
0.006531914478578067
0.006495658317704104
0.006461200716349374
0.006428490982159196
0.006397481709742982
0.006368128597481912
0.0063403902795612045
0.006314228171977207
0.006289606331397872
0.006266491325870008
0.006244852116469326
0.006224659949081707
0.0062058882555870425
0.006188512563791927
0.0061725104155252826
0.0061578612923724185
0.006144546548579067
0.0061325493507079784
0.006121854623677592
0.006112449002855419
0.006104320791918736
0.006097459926232274
0.006091857941527306
0.006087507947699246
0.006084404607571733
0.006082544120504717
0.006081924210752444
0.006082544120504717
0.006084404607571733
0.006087507947699246
0.006091857941527306
0.006097459926232274
0.006104320791918736
0.006112449002855419
0.006121854623677592
0.0061325493507079784
0.006144546548579067
0.0061578612923724185
0.0061725104155252826
0.006188512563791927
0.0062058882555870425
0.006224659949081707
0.006244852116469326
0.006266491325870008
0.006289606331397872
0.006314228171977207
0.0063403902795612045
0.006368128597481912
0.006397481709742982
0.006428490982159196
0.006461200716349374
0.006495658317704104
0.006531914478578067
0.0065700233781006015
0.006610042900160017
0.006652034871298949
0.006696065320463688
0.00674220476278221
0.006790528509808606
0.006841117008969784
0.006894056215289247
0.006949437998849074
0.007007360591892045
0.007067929079970203
0.007131255942124279
0.007197461645742623
0.0072666753025129975
0.007339035392763192
0.007414690566507388
0.007493800530698906
0.0075765370335663254
0.007663084958513679
0.0077536435419398135
0.00784842773152811
0.007947669704138674
0.00805162056547673
0.008160552257306943
0.008274759702247647
0.008394563221253124
0.008520311264949652
0.00865238350724909
0.00879119435839177
0.008937196965106925
0.009090887778348886
0.00925281178460994
0.009423568515809382
0.009603818976088582
0.009794293652627144
0.009995801813288798
0.01020924233839727
0.01043561638970533
0.01067604228991376
0.010931773075245422
0.011204217297364644
0.011494963797141253
0.011805811361972335
0.012138804425087319
0.012496276289517721
0.012880901789197978
0.01329576187445855
0.013744423385286239
0.01423103833441081
0.014760468482240836
0.015338443022671974
0.015971760076776465
0.016668546812859567
0.01743859900031719
0.018293829645820298
0.01924886963762571
0.020321883639341093
0.02153569620111362
0.022919373728170152
0.024510490905439452
0.0263584497733955
0.02852946184802482
0.031114238561506722
0.034240247086845074
0.03809197276061216
0.04294588418409914
0.049233906351875883
0.05766594621171538
0.06948545557575553
0.08706113328259008
0.11548806381296887
0.16820450104123605
0.2976113972881515

0.3011277268016497
0.3529758442374353
0.38006255484494983
0.37631003411108377
0.3437660714338899
0.29257050703320586
0.23803210383334267
0.19588602146884657
0.17714835880754945
0.1839864365193964
0.20823468837780612
0.23408668305915364
0.24486827261644273
0.23086653725294287
0.19354357114849932
0.14347911047881085
0.09412831014738175
0.06525770902118115
0.12258259562652375
0.1904421159908351
0.0781906382837901
0.008319133983179974
0.0006463044153999192
0.0001390754578072778
3.285040811714258e-05
6.8624713760053646e-06
1.2626569009008262e-06
2.0461972645486831e-07
2.920564067820359e-08
3.6714949359906884e-09
4.065144661329755e-10
3.964294437650563e-11
3.4049646014374124e-12
2.5758234252307167e-13
1.7162334695502712e-14
1.0071483697444407e-15
5.2055591216897523e-17
2.369726442646919e-18
9.501366007678278e-20
3.3552976326381217e-21
1.0435986373316664e-22
2.8588666162343265e-24
6.897839443533469e-26
1.4658604728570852e-27
2.743692817677643e-29
4.523215750870431e-31
6.568094143893514e-33
8.401075458888528e-35
9.466362678286359e-37
9.399230964178783e-39
8.228256470550288e-41
6.3592218161672835e-43
4.3527403191078035e-45
2.659309985915023e-47
1.4779222437670116e-49
7.799851641119609e-52
4.231473064613996e-54
2.577613881153618e-56
1.7917729712051507e-58
1.3255254635257518e-60
9.665110635906536e-63
6.652298024472354e-65
4.244715763179556e-67
2.49463676287321e-69
1.3474239251454852e-71
6.68408820871972e-74
3.044611287796959e-76
1.2733497625522088e-78
4.889705820976253e-81
1.723991306992386e-83
5.580900372485463e-86
1.6587854405457414e-88
4.526816406453027e-91
1.1342590767265229e-93
2.609446276200595e-96
5.511897983085197e-99
1.0689827471439264e-101
1.9035177693726977e-104
3.112145470073603e-107
4.671749595686157e-110
6.43896313589974e-113
8.148337987260961e-116
9.467576988005754e-119
1.0100092938272085e-121
9.893013664934967e-125
8.897101847350266e-128
7.346580291625744e-131
5.5697873050718e-134
3.8771152128921074e-137
2.477966990510053e-140
1.454115959350444e-143
7.834644219458541e-147
3.8757542513424934e-150
1.7603940782165388e-153
7.341423540841784e-157
2.8110422648701325e-160
9.882599257704976e-164
3.19000753377442e-167
9.454290588498685e-171
2.5726629904156824e-174
