0.8418612591570404
0.02490423212649635
0.0010866010491010424
6.313430893362565e-05
4.536210445093883e-06
4.15001848164426e-07
5.636323159820686e-08
1.2235843718165853e-08
4.881931163503328e-09
2.5222827935609504e-09
1.5525444004037548e-09
1.075983913642248e-09
8.07987818672641e-10
6.413148267547954e-10
5.296009366299827e-10
4.5032997816123587e-10
3.9153505657890593e-10
3.463744495090078e-10
3.1069600259760736e-10
2.818523168165978e-10
2.5808430187450235e-10
2.381816405456929e-10
2.2128644438978581e-10
2.0677485065582079e-10
1.9418297384582118e-10
1.8315909892359637e-10
1.7343193972288314e-10
1.6478903447791746e-10
1.5706171235121686e-10
1.501144231662341e-10
1.4383702776787467e-10
1.3813913698564367e-10
1.329458935095903e-10
1.281947866341859e-10
1.238332173641562e-10
1.1981661609248897e-10
1.1610697231098928e-10
1.1267167512210213e-10
1.0948259070920052e-10
1.0651532226707868e-10
1.0374861173125661e-10
1.0116385265918848e-10
9.874469094457586e-11
9.64766954637266e-11
9.434708479707811e-11
9.234449921529063e-11
9.045880943356784e-11
8.868095541015147e-11
8.70028098325044e-11
8.541706199755406e-11
8.391711862402753e-11
8.249701878986243e-11
8.115136070662966e-11
7.987523845648878e-11
7.866418714863528e-11
7.751413521920951e-11
7.642136281482644e-11
7.538246537577057e-11
7.439432167865062e-11
7.345406571631409e-11
7.255906189010122e-11
7.17068830700344e-11
7.089529114544214e-11
7.012221974431126e-11
6.93857588463633e-11
6.868414105407283e-11
6.801572931889639e-11
6.737900594792214e-11
6.677256273984224e-11
6.619509211930042e-11
6.56453791558563e-11
6.512229436850838e-11
6.462478722932816e-11
6.415188029060032e-11
6.3702663869213e-11
6.327629123012241e-11
6.287197421771669e-11
6.248897928998504e-11
6.212662391569122e-11
6.178427329937063e-11
6.146133740301028e-11
6.115726823681394e-11
6.087155739456664e-11
6.060373381185683e-11
6.035336172783357e-11
6.012003883332154e-11
5.990339459001811e-11
5.97030887071903e-11
5.95188097638007e-11
5.935027396534502e-11
5.919722402589935e-11
5.905942816697204e-11
5.893667922574835e-11
5.882879386621803e-11
5.873561188750311e-11
5.865699562446074e-11
5.859282943633888e-11
5.854301927991607e-11
5.850749236417023e-11
5.848619688410178e-11
5.84791018318908e-11
5.848619688410178e-11
5.850749236417023e-11
5.854301927991607e-11
5.859282943633888e-11
5.865699562446074e-11
5.873561188750311e-11
5.882879386621803e-11
5.893667922574835e-11
5.905942816697204e-11
5.919722402589935e-11
5.935027396534502e-11
5.95188097638007e-11
5.97030887071903e-11
5.990339459001811e-11
6.012003883332154e-11
6.035336172783357e-11
6.060373381185683e-11
6.087155739456664e-11
6.115726823681394e-11
6.146133740301028e-11
6.178427329937063e-11
6.212662391569122e-11
6.248897928998504e-11
6.287197421771669e-11
6.327629123012241e-11
6.3702663869213e-11
6.415188029060032e-11
6.462478722932816e-11
6.512229436850838e-11
6.56453791558563e-11
6.619509211930042e-11
6.677256273984224e-11
6.737900594792214e-11
6.801572931889639e-11
6.868414105407283e-11
6.93857588463633e-11
7.012221974431126e-11
7.089529114544214e-11
7.17068830700344e-11
7.255906189010122e-11
7.345406571631409e-11
7.439432167865062e-11
7.538246537577057e-11
7.642136281482644e-11
7.751413521920951e-11
7.866418714863528e-11
7.987523845648878e-11
8.115136070662966e-11
8.249701878986243e-11
8.391711862402753e-11
8.541706199755406e-11
8.70028098325044e-11
8.868095541015147e-11
9.045880943356784e-11
9.234449921529063e-11
9.434708479707811e-11
9.64766954637266e-11
9.874469094457586e-11
1.0116385265918848e-10
1.0374861173125661e-10
1.0651532226707868e-10
1.0948259070920052e-10
1.1267167512210213e-10
1.1610697231098928e-10
1.1981661609248897e-10
1.238332173641562e-10
1.281947866341859e-10
1.329458935095903e-10
1.3813913698564367e-10
1.4383702776787467e-10
1.501144231662341e-10
1.5706171235121686e-10
1.6478903447791746e-10
1.7343193972288314e-10
1.8315909892359637e-10
1.9418297384582118e-10
2.0677485065582079e-10
2.2128644438978581e-10
2.381816405456929e-10
2.5808430187450235e-10
2.818523168165978e-10
3.1069600259760736e-10
3.463744495090078e-10
3.9153505657890593e-10
4.5032997816123587e-10
5.296009366299827e-10
6.413148267547954e-10
8.07987818672641e-10
1.075983913642248e-09
1.5525444004037548e-09
2.5222827935609504e-09
4.881931163503328e-09
1.2235843718165853e-08
5.636323159820686e-08
4.15001848164426e-07
4.536210445093883e-06
6.313430893362565e-05
0.0010866010491010424
0.02490423212649635

2.6536182876856436e-09
1.645400025666834e-08
9.260790410812373e-08
4.7314461473397953e-07
2.1947320387351584e-06
9.246911998381026e-06
3.542195098323002e-05
0.00012362802176556464
0.00039465759680170845
0.0011595753109107112
0.0031617146141241907
0.00807266203479474
0.03693421439114677
0.4134009786434372
0.17876452054076147
0.16515508816041963
0.2728497710662792
0.39605310867253757
0.4997972243334311
0.5458009542000389
0.5154980760028917
0.4225364960355815
0.3028998309572246
0.19225144621511456
0.10981985785322435
0.05748781761394545
0.028001201508205134
0.012789907912077054
0.005472645124125097
0.0021784029727549897
0.0007998696551163507
0.0002690487541831929
8.252839526313096e-05
2.3026942247605013e-05
5.8369751748799115e-06
1.3434412578554484e-06
2.806938238294642e-07
5.3234765692712095e-08
9.164197789166836e-09
1.4319458528883903e-09
2.0309104112491923e-10
2.614488303639225e-11
3.055022027378433e-12
3.2402138972518134e-13
3.11935428956549e-14
2.725758755083251e-15
2.161930935697907e-16
1.5564239488435537e-17
1.0170579099649592e-18
6.032469672967717e-20
3.2477029597970357e-21
1.5870446424856767e-22
7.03936807060992e-24
2.834065562936696e-25
1.0356614245831013e-26
3.4352424681570375e-28
1.0342575031762937e-29
2.8263871683876786e-31
7.010779590248146e-33
1.5784566639599148e-34
3.22574996066522e-36
5.983570697637443e-38
1.007446149136094e-39
1.5396249629674267e-41
2.13569747991773e-43
2.6890335129512224e-45
3.073154416587372e-47
3.1878966924844922e-49
3.0016205075395684e-51
2.565305055361927e-53
1.990003950296888e-55
1.4012013543196978e-57
8.955273348595573e-60
5.1950392526739115e-62
2.7354608806701735e-64
1.3073861257082647e-66
5.671643485017027e-69
2.2332927898845938e-71
7.982043539612581e-74
2.589489827945166e-76
7.625108270513148e-79
2.0380250062426674e-81
4.944298593252746e-84
1.0887585061130062e-86
2.176156475586657e-89
3.948029300644598e-92
6.501331376046612e-95
9.717530822756306e-98
1.3183819220201253e-100
1.6235222317682066e-103
1.8147087330050377e-106
1.8411420913752202e-109
1.6955061628886557e-112
1.417239104955577e-115
1.0752725763493895e-118
7.405010877854733e-122
4.6287584758196884e-125
2.626243727572435e-128
1.3524998462299534e-131
6.322241904955835e-135
