0.922767147733686
0.12466916822372627
0.023160519208221986
0.00447093615775213
0.0008770479056423148
0.00017456725692826942
3.5250957078995534e-05
7.221780768936054e-06
1.5010070086206885e-06
3.165090651384291e-07
6.771027793505847e-08
1.4695624645630374e-08
3.3918863936262157e-09
7.613833588942e-10
1.7253930974100149e-10
3.9503048442272834e-11
9.14661813859155e-12
2.14418866461094e-12
5.094911319779538e-13
1.2284292672707992e-13
3.008163419777119e-14
7.486598934788062e-15
1.8943941363663592e-15
4.874196188982846e-16
1.2750104599579123e-16
3.389590708594907e-17
9.153680240234753e-18
2.5097694949185908e-18
6.983114598120644e-19
1.9709009820033081e-19
5.64095220443026e-20
1.6369539421821007e-20
4.8160488879546325e-21
1.436582567878345e-21
4.345099897598596e-22
1.3327826143873704e-22
4.146437728083166e-23
1.3086049069729773e-23
4.189956799005252e-24
1.3611733400084369e-24
4.486835613121908e-25
1.5007073645061293e-25
5.0930365315538735e-26
1.7537655007021392e-26
6.127257129470978e-27
2.1719323618827835e-27
7.810876902557064e-28
2.8498196542002035e-28
1.0548560931905906e-28
3.961179826358413e-29
1.5090758339358597e-29
5.8324898351705796e-30
2.2869434057433527e-30
9.0974069064575e-31
3.6714924243542063e-31
1.5032528284812507e-31
6.244343956956986e-32
2.631525094756529e-32
1.1251081080126719e-32
4.8803044026356756e-33
2.1476585978568675e-33
9.58846296174581e-34
4.343081197347883e-34
1.9957768068270463e-34
9.304456371350431e-35
4.400834586888661e-35
2.111757877555251e-35
1.0280595377401069e-35
5.0775883487585426e-36
2.544261688562699e-36
1.2933947824842888e-36
6.670608139650404e-37
3.49031577296253e-37
1.8528018077590508e-37
9.978337421365585e-38
5.451957173729945e-38
3.0221207872553235e-38
1.6995599980121e-38
9.696762522626334e-39
5.61284521813233e-39
3.2961445224019185e-39
1.9490298321275178e-39
1.1870258990931655e-39
7.279441836675642e-40
4.529176872900262e-40
2.859152448245116e-40
1.831366191999288e-40
1.1903421105500122e-40
7.852216508407355e-41
5.258294296310515e-41
3.57608849031718e-41
2.471577707724078e-41
1.7378606236393891e-41
1.2453256754661716e-41
9.119165873611459e-42
6.852026861844074e-42
5.314635098388071e-42
4.289928303287806e-42
3.6397799246499144e-42
3.279828475366004e-42
3.164624664454922e-42
3.279828475366004e-42
3.6397799246499144e-42
4.289928303287806e-42
5.314635098388071e-42
6.852026861844074e-42
9.119165873611459e-42
1.2453256754661716e-41
1.7378606236393891e-41
2.471577707724078e-41
3.57608849031718e-41
5.258294296310515e-41
7.852216508407355e-41
1.1903421105500122e-40
1.831366191999288e-40
2.859152448245116e-40
4.529176872900262e-40
7.279441836675642e-40
1.1870258990931655e-39
1.9490298321275178e-39
3.2961445224019185e-39
5.61284521813233e-39
9.696762522626334e-39
1.6995599980121e-38
3.0221207872553235e-38
5.451957173729945e-38
9.978337421365585e-38
1.8528018077590508e-37
3.49031577296253e-37
6.670608139650404e-37
1.2933947824842888e-36
2.544261688562699e-36
5.0775883487585426e-36
1.0280595377401069e-35
2.111757877555251e-35
4.400834586888661e-35
9.304456371350431e-35
1.9957768068270463e-34
4.343081197347883e-34
9.58846296174581e-34
2.1476585978568675e-33
4.8803044026356756e-33
1.1251081080126719e-32
2.631525094756529e-32
6.244343956956986e-32
1.5032528284812507e-31
3.6714924243542063e-31
9.0974069064575e-31
2.2869434057433527e-30
5.8324898351705796e-30
1.5090758339358597e-29
3.961179826358413e-29
1.0548560931905906e-28
2.8498196542002035e-28
7.810876902557064e-28
2.1719323618827835e-27
6.127257129470978e-27
1.7537655007021392e-26
5.0930365315538735e-26
1.5007073645061293e-25
4.486835613121908e-25
1.3611733400084369e-24
4.189956799005252e-24
1.3086049069729773e-23
4.146437728083166e-23
1.3327826143873704e-22
4.345099897598596e-22
1.436582567878345e-21
4.8160488879546325e-21
1.6369539421821007e-20
5.64095220443026e-20
1.9709009820033081e-19
6.983114598120644e-19
2.5097694949185908e-18
9.153680240234753e-18
3.389590708594907e-17
1.2750104599579123e-16
4.874196188982846e-16
1.8943941363663592e-15
7.486598934788062e-15
3.008163419777119e-14
1.2284292672707992e-13
5.094911319779538e-13
2.14418866461094e-12
9.14661813859155e-12
3.9503048442272834e-11
1.7253930974100149e-10
7.613833588942e-10
3.3918863936262157e-09
1.4695624645630374e-08
6.771027793505847e-08
3.165090651384291e-07
1.5010070086206885e-06
7.221780768936054e-06
3.5250957078995534e-05
0.00017456725692826942
0.0008770479056423148
0.00447093615775213
0.023160519208221986
0.12466916822372627

7.741514326339172e-43
3.0691371895426646e-33
7.186765321721594e-25
9.939794537671455e-18
8.119852366769052e-12
3.9178304811900635e-07
0.0011165288015228196
0.18794077009022395
1.868524753640519
1.0972446984685864
0.03805703140553536
7.796381963133039e-05
9.43361373943093e-09
8.546847414178962e-14
1.2469335180576312e-11
3.965901943729291e-09
5.806740087766538e-07
3.913943422239195e-05
0.0012144746125696214
0.017348186369647918
0.11408051117581493
0.3453508895774072
0.48128401835842
0.30876925028632307
0.09119234570734834
0.01239865203715993
0.0007760367671575352
2.236051824038888e-05
2.9660138377255655e-07
1.811157514173226e-09
5.0913272455628125e-12
6.588666776811667e-15
3.925146004831479e-18
1.0764796628788779e-21
1.359088019040295e-25
7.899163072733909e-30
2.1135197784568335e-34
2.603294459823279e-39
1.476155173724158e-44
3.853296898928488e-50
4.63046572630619e-56
2.5615840836936275e-62
6.523554564964405e-69
7.64806769928085e-76
4.12772626601301e-83
1.0255617042184253e-90
1.1730173691935626e-98
6.176448598230578e-107
1.4971487813957519e-115
1.6706398324031738e-124
8.582077730231648e-134
2.0295221552688713e-143
2.2094638010157658e-153
1.107316383692779e-163
2.5547493767544657e-174
2.71341748427676e-185
1.3267120614323076e-196
2.9862659117366904e-208
3.0943683994668442e-220
1.476071173345437e-232
3.241412641092039e-245
3.27682376895601e-258
1.5249780406718973e-271
3.2671256393615538e-285
3.222254380890181e-299
1.46300412575e-313
0.0
0.0
0.0
0.0
0.0
0.0
0.0
0.0
0.0
0.0
0.0
0.0
0.0
0.0
0.0
0.0
0.0
0.0
0.0
0.0
0.0
0.0
0.0
0.0
0.0
0.0
0.0
0.0
0.0
0.0
0.0
0.0
0.0
0.0
