0.7358162068376548
0.013680028847993655
0.00038251174498030947
1.5851165216408023e-05
9.588308506957852e-07
8.389715725783147e-08
1.0573770300852407e-08
1.909469464209237e-09
4.881373403131697e-10
1.7112919076460943e-10
7.806986958169324e-11
4.352400118195082e-11
2.8008354599499345e-11
1.9924821037938608e-11
1.5200800701230302e-11
1.2188201304310555e-11
1.0133936066255179e-11
8.658423166712078e-12
7.554331020704113e-12
6.7006666602793755e-12
6.022839326222154e-12
5.472705197502298e-12
5.0179633729463526e-12
4.636215904099338e-12
4.311485643795032e-12
4.032092729773763e-12
3.78931416030416e-12
3.5765116312645875e-12
3.3885486291617163e-12
3.221391443826191e-12
3.0718301838018948e-12
2.937279927453081e-12
2.815636518650964e-12
2.7051703375686746e-12
2.6044469210499667e-12
2.5122668675744864e-12
2.4276197944606445e-12
2.3496486712139392e-12
2.277621908795498e-12
2.210911312128989e-12
2.1489745117135835e-12
2.0913408504442654e-12
2.037599960091614e-12
1.9873924493262916e-12
1.940402262630406e-12
1.896350371266994e-12
1.85498953363276e-12
1.8160999197811057e-12
1.7794854386255155e-12
1.7449706398665253e-12
1.7123980885966076e-12
1.6816261307007702e-12
1.652526982966953e-12
1.6249850942741677e-12
1.598895734104448e-12
1.5741637725049068e-12
1.5507026219470762e-12
1.5284333166273157e-12
1.5072837088820141e-12
1.4871877657538922e-12
1.468084951495987e-12
1.4499196840591712e-12
1.4326408554727478e-12
1.4162014075712067e-12
1.4005579558035095e-12
1.3856704549321906e-12
1.3715019013263226e-12
1.3580180673060613e-12
1.3451872636317982e-12
1.3329801267683475e-12
1.3213694280105052e-12
1.3103299019442192e-12
1.2998380920487051e-12
1.2898722115280932e-12
1.2804120177043237e-12
1.2714386985121345e-12
1.2629347698174007e-12
1.254883982436104e-12
1.2472712378664546e-12
1.240082511864235e-12
1.233304785093842e-12
1.2269259801769137e-12
1.2209349045387335e-12
1.2153211985212955e-12
1.2100752882923556e-12
1.2051883431331186e-12
1.2006522367343553e-12
1.1964595121725646e-12
1.192603350274999e-12
1.1890775411155697e-12
1.1858764584133679e-12
1.1829950366322759e-12
1.18042875060424e-12
1.1781735975206577e-12
1.1762260811562696e-12
1.174583198208189e-12
1.1732424266495839e-12
1.1722017160131546e-12
1.1714594795342106e-12
1.1710145880969842e-12
1.1708663659409972e-12
1.1710145880969842e-12
1.1714594795342106e-12
1.1722017160131546e-12
1.1732424266495839e-12
1.174583198208189e-12
1.1762260811562696e-12
1.1781735975206577e-12
1.18042875060424e-12
1.1829950366322759e-12
1.1858764584133679e-12
1.1890775411155697e-12
1.192603350274999e-12
1.1964595121725646e-12
1.2006522367343553e-12
1.2051883431331186e-12
1.2100752882923556e-12
1.2153211985212955e-12
1.2209349045387335e-12
1.2269259801769137e-12
1.233304785093842e-12
1.240082511864235e-12
1.2472712378664546e-12
1.254883982436104e-12
1.2629347698174007e-12
1.2714386985121345e-12
1.2804120177043237e-12
1.2898722115280932e-12
1.2998380920487051e-12
1.3103299019442192e-12
1.3213694280105052e-12
1.3329801267683475e-12
1.3451872636317982e-12
1.3580180673060613e-12
1.3715019013263226e-12
1.3856704549321906e-12
1.4005579558035095e-12
1.4162014075712067e-12
1.4326408554727478e-12
1.4499196840591712e-12
1.468084951495987e-12
1.4871877657538922e-12
1.5072837088820141e-12
1.5284333166273157e-12
1.5507026219470762e-12
1.5741637725049068e-12
1.598895734104448e-12
1.6249850942741677e-12
1.652526982966953e-12
1.6816261307007702e-12
1.7123980885966076e-12
1.7449706398665253e-12
1.7794854386255155e-12
1.8160999197811057e-12
1.85498953363276e-12
1.896350371266994e-12
1.940402262630406e-12
1.9873924493262916e-12
2.037599960091614e-12
2.0913408504442654e-12
2.1489745117135835e-12
2.210911312128989e-12
2.277621908795498e-12
2.3496486712139392e-12
2.4276197944606445e-12
2.5122668675744864e-12
2.6044469210499667e-12
2.7051703375686746e-12
2.815636518650964e-12
2.937279927453081e-12
3.0718301838018948e-12
3.221391443826191e-12
3.3885486291617163e-12
3.5765116312645875e-12
3.78931416030416e-12
4.032092729773763e-12
4.311485643795032e-12
4.636215904099338e-12
5.0179633729463526e-12
5.472705197502298e-12
6.022839326222154e-12
6.7006666602793755e-12
7.554331020704113e-12
8.658423166712078e-12
1.0133936066255179e-11
1.2188201304310555e-11
1.5200800701230302e-11
1.9924821037938608e-11
2.8008354599499345e-11
4.352400118195082e-11
7.806986958169324e-11
1.7112919076460943e-10
4.881373403131697e-10
1.909469464209237e-09
1.0573770300852407e-08
8.389715725783147e-08
9.588308506957852e-07
1.5851165216408023e-05
0.00038251174498030947
0.013680028847993655

5.2009173132781963e-11
4.717021518474316e-10
3.824007461582481e-09
2.7709747598858283e-08
1.7947723661762034e-07
1.0390803780842121e-06
5.377146620296441e-06
2.4872393472284677e-05
0.00010283625413685051
0.0003800475200268678
0.0012554303578628306
0.0037068995812337153
0.009783499319254695
0.02308072971075276
0.04867435719224331
0.09177403915743464
0.1547799547249283
0.23377557036033803
0.31702971856379364
0.3879213812253267
0.431569825003509
0.4405191094769798
0.4151839468430695
0.36062090083144727
0.2850705877142438
0.20108687264454628
0.1240092341145626
0.0657777551872388
0.029706977626053184
0.011381418853074157
0.0037090250209722486
0.001037560013226199
0.000253020572688105
5.487893907975359e-05
1.080337532304726e-05
1.957484625363404e-06
3.276109481627867e-07
5.037210044799953e-08
7.0515607694566246e-09
8.915815727970262e-10
1.0127626056397405e-10
1.030548975351258e-11
9.38119625318465e-13
7.63548960448136e-14
5.5554304418395135e-15
3.6130377609350033e-16
2.1003566352571822e-17
1.0913830194952425e-18
5.069025088661281e-20
2.104430946241569e-21
7.80922414014086e-23
2.5902641965959094e-24
7.679681388826245e-26
2.0351916300109842e-27
4.8209250372978923e-29
1.0207477103935615e-30
1.931832266973547e-32
3.268010041620624e-34
4.941517232903841e-36
6.678827266338854e-38
8.068690816525457e-40
8.713023833614392e-42
8.410032909438827e-44
7.255869344113861e-46
5.595567998073678e-48
3.857108599879258e-50
2.376525734612214e-52
1.3088387408236097e-54
6.443068173137466e-57
2.835060147281975e-59
1.1150511577825224e-61
3.920037974436846e-64
1.2318241683587791e-66
3.459952467452611e-69
8.686693730109124e-72
1.9494039970641156e-74
3.910318746796751e-77
7.01108824187862e-80
1.1236257198920454e-82
1.6096107930556058e-85
2.0610239791247713e-88
2.3588926604471876e-91
2.413216460142883e-94
2.2067205736238352e-97
1.8036878279306195e-100
1.317766219205351e-103
8.605544037378198e-107
5.02320911147028e-110
2.6208800774885724e-113
1.2222949196507116e-116
5.095277352928869e-120
1.8985525253376086e-123
6.323250250595422e-127
1.882439764683992e-130
5.009158478865421e-134
1.1914379276416536e-137
2.5330340949300952e-141
4.813640086828326e-145
8.176532366773154e-149
1.2414455343548284e-152
