0.5617309309965993
0.02301876317974021
0.0012998365350007889
0.00010818446931637411
1.3095419024841285e-05
2.2002839542392165e-06
4.969175475082396e-07
1.4787821924182708e-07
5.660117900188335e-08
2.6881592726746537e-08
1.5165728440674665e-08
9.741884840811626e-09
6.880013407135543e-09
5.204158909109119e-09
4.138839508001124e-09
3.41640778448212e-09
2.900776283328574e-09
2.517381231677612e-09
2.222724189186781e-09
1.990052774664269e-09
1.802160886798204e-09
1.64755205430752e-09
1.5182892165001074e-09
1.4087355171390833e-09
1.3147879661141599e-09
1.2333949944090231e-09
1.1622435018635372e-09
1.0995503774064844e-09
1.0439202765521626e-09
9.94246508773651e-10
9.496406283074838e-10
9.093815391719333e-10
8.728781208112526e-10
8.39641384830748e-10
8.092634574420766e-10
7.814015215106618e-10
7.557654106652061e-10
7.321079259559524e-10
7.10217205380892e-10
6.899106577740532e-10
6.710301005749597e-10
6.534378325961818e-10
6.370134392053887e-10
6.216511758496598e-10
6.072578117080157e-10
5.937508420175121e-10
5.810569977674632e-10
5.691109967570549e-10
5.578544917234589e-10
5.472351802801707e-10
5.372060484213803e-10
5.27724724834942e-10
5.187529275848302e-10
5.102559881434998e-10
5.022024404780811e-10
4.945636650755265e-10
4.87313579547894e-10
4.80428368879867e-10
4.738862495358917e-10
4.676672625879094e-10
4.617530917987888e-10
4.561269032343127e-10
4.5077320350411256e-10
4.4567771417000766e-10
4.408272602253286e-10
4.3620967085423166e-10
4.31813690936369e-10
4.2762890197819257e-10
4.236456513345802e-10
4.198549887390744e-10
4.162486092924364e-10
4.128188021712592e-10
4.095584044141591e-10
4.064607592251804e-10
4.035196783046169e-10
4.0072940777828276e-10
3.980845973488057e-10
3.955802723380279e-10
3.9321180832911256e-10
3.909749081513424e-10
3.888655809805995e-10
3.868801233547461e-10
3.8501510192612895e-10
3.832673377936348e-10
3.8163389227452646e-10
3.801120539920119e-10
3.7869932716841865e-10
3.7739342102620597e-10
3.761922402100605e-10
3.750938761531522e-10
3.740965993194461e-10
3.7319885226190285e-10
3.7239924344356566e-10
3.7169654177504296e-10
3.710896718278291e-10
3.7057770968835806e-10
3.701598794227069e-10
3.6983555012654774e-10
3.696042335393246e-10
3.6946558220576807e-10
3.694193881718116e-10
3.6946558220576807e-10
3.696042335393246e-10
3.6983555012654774e-10
3.701598794227069e-10
3.7057770968835806e-10
3.710896718278291e-10
3.7169654177504296e-10
3.7239924344356566e-10
3.7319885226190285e-10
3.740965993194461e-10
3.750938761531522e-10
3.761922402100605e-10
3.7739342102620597e-10
3.7869932716841865e-10
3.801120539920119e-10
3.8163389227452646e-10
3.832673377936348e-10
3.8501510192612895e-10
3.868801233547461e-10
3.888655809805995e-10
3.909749081513424e-10
3.9321180832911256e-10
3.955802723380279e-10
3.980845973488057e-10
4.0072940777828276e-10
4.035196783046169e-10
4.064607592251804e-10
4.095584044141591e-10
4.128188021712592e-10
4.162486092924364e-10
4.198549887390744e-10
4.236456513345802e-10
4.2762890197819257e-10
4.31813690936369e-10
4.3620967085423166e-10
4.408272602253286e-10
4.4567771417000766e-10
4.5077320350411256e-10
4.561269032343127e-10
4.617530917987888e-10
4.676672625879094e-10
4.738862495358917e-10
4.80428368879867e-10
4.87313579547894e-10
4.945636650755265e-10
5.022024404780811e-10
5.102559881434998e-10
5.187529275848302e-10
5.27724724834942e-10
5.372060484213803e-10
5.472351802801707e-10
5.578544917234589e-10
5.691109967570549e-10
5.810569977674632e-10
5.937508420175121e-10
6.072578117080157e-10
6.216511758496598e-10
6.370134392053887e-10
6.534378325961818e-10
6.710301005749597e-10
6.899106577740532e-10
7.10217205380892e-10
7.321079259559524e-10
7.557654106652061e-10
7.814015215106618e-10
8.092634574420766e-10
8.39641384830748e-10
8.728781208112526e-10
9.093815391719333e-10
9.496406283074838e-10
9.94246508773651e-10
1.0439202765521626e-09
1.0995503774064844e-09
1.1622435018635372e-09
1.2333949944090231e-09
1.3147879661141599e-09
1.4087355171390833e-09
1.5182892165001074e-09
1.64755205430752e-09
1.802160886798204e-09
1.990052774664269e-09
2.222724189186781e-09
2.517381231677612e-09
2.900776283328574e-09
3.41640778448212e-09
4.138839508001124e-09
5.204158909109119e-09
6.880013407135543e-09
9.741884840811626e-09
1.5165728440674665e-08
2.6881592726746537e-08
5.660117900188335e-08
1.4787821924182708e-07
4.969175475082396e-07
2.2002839542392165e-06
1.3095419024841285e-05
0.00010818446931637411
0.0012998365350007889
0.02301876317974021

1.6508386744108897e-08
1.3255931828712832e-07
9.230901942658011e-07
5.574504385866744e-06
2.919420367855488e-05
0.00013259136879392055
0.0005222303679855116
0.001783763362847055
0.005283729851846472
0.013572886524088746
0.030236539094530977
0.05841443630948275
0.09786709402450156
0.14220161700505735
0.17977917929648882
0.21261453424960672
0.3435949785910384
0.6601452868824416
0.666527834545528
0.2768948855987457
0.06297122639559813
0.01791592865208794
0.006760892150246025
0.0023572076871902904
0.0007145560639102751
0.00018785371848268842
4.2828378261188475e-05
8.467821834643618e-06
1.4519111554533267e-06
2.158920353065988e-07
2.7839501051682324e-08
3.11325376884503e-09
3.0192275509598076e-10
2.5392497445633373e-11
1.8520096159359516e-12
1.1714110201657523e-13
6.425451084278048e-15
3.056512571207139e-16
1.260889415942769e-17
4.5108258477726565e-19
1.399469280321307e-20
3.7652943045146114e-22
8.785424143952398e-24
1.7776849162505991e-25
3.1194288889942175e-27
4.74704818985363e-29
6.264702319750598e-31
7.169774333644356e-33
7.116046577168367e-35
6.124918662341643e-37
4.571830469173504e-39
2.9594305854705744e-41
1.6613244104084923e-43
8.08777355290857e-46
3.414536567163124e-48
1.2501519461117433e-50
3.9693745676252367e-53
1.0929734503126888e-55
2.6099091533709366e-58
5.404672924195135e-61
9.706031385174586e-64
1.5116185545484608e-66
2.0416015422360908e-69
2.3912666358440225e-72
2.4289203412607804e-75
2.139571418545846e-78
1.6344383796981283e-81
1.0827758582688733e-84
6.220665152809633e-88
3.099297982150342e-91
1.3391156654250238e-94
5.017658452326422e-98
1.6304682623715277e-101
4.594643832385994e-105
1.1228444623973089e-108
2.3796637769784077e-112
4.3736079115054777e-116
6.970955997565804e-120
9.635474014306826e-124
1.1550002438006688e-127
1.2006579906779514e-131
1.0823925725906055e-135
8.46210752823817e-140
5.737207058314659e-144
3.3732673029304765e-148
1.7200031317153805e-152
7.605643535317841e-157
2.9165601950932897e-161
9.699161035506723e-166
2.797213682786054e-170
6.99592856340624e-175
1.5173764402553025e-179
2.8541024304090016e-184
4.6555824499446464e-189
6.585772701946471e-194
8.079187757749016e-199
8.595218330981864e-204
7.930021647910398e-209
6.344831326913809e-214
4.4024460002911983e-219
