0.3748034585557444
0.08111228265527552
0.02996386878081821
0.014949348736056588
0.009039511465638311
0.006202687951269054
0.0046305426785363596
0.0036623627669996133
0.0030175365851715713
0.002561879881299181
0.0022248676881794285
0.0019665048689300815
0.0017626630561020861
0.0015980262802413573
0.0014624518604900135
0.001348979271660803
0.0012526847196171144
0.0011699932632620016
0.001098250049056475
0.0010354442389340875
0.000980026114764546
0.0009307828197689107
0.0008867520243210944
0.0008471607267654829
0.000811381082462231
0.0007788979996187148
0.0007492850133763842
0.0007221860797607461
0.0006973016666150161
0.0006743780064943276
0.0006531987057721039
0.0006335781300441351
0.0006153561431155294
0.000598393887790968
0.0005825703759786084
0.0005677797129654327
0.0005539288226603514
0.0005409355715900767
0.0005287272125534996
0.0005172390862483992
0.000506413532403832
0.0004961989720716111
0.00048654913053673764
0.0004774223763718988
0.0004687811569057616
0.00046059151411034885
0.0004528226678719779
0.0004454466559680952
0.00043843802196152085
0.0004317735437452722
0.00042543199670297594
0.0004193939464518955
0.0004136415669544383
0.0004081584804560993
0.00040292961626176775
0.00039794108582079374
0.0003931800719720992
0.00038863473051824817
0.0003842941025632117
0.00038014803627178936
0.0003761871168967351
0.0003724026040786138
0.000368786375558207
0.0003653308765559118
0.00036202907417033474
0.0003588744162318773
0.0003558607941188068
0.00035298250910492706
0.00035023424186109506
0.000347611024778718
0.00034510821682312294
0.0003427214806591942
0.0003404467618216988
0.0003382802697289002
0.00033621846036093687
0.00033425802044447926
0.0003323958530027596
0.0003306290641455308
0.00032895495098713464
0.0003273709905928963
0.0003258748298646969
0.00032446427628602634
0.00032313728945520013
0.0003218919733428934
0.0003207265692168133
0.0003196394491822913
0.0003186291102929262
0.0003176941691902171
0.00031683335723545664
0.0003160455161010787
0.00031532959379220886
0.00031468464107240303
0.0003141098082705185
0.0003136043424483828
0.0003131675849114217
0.0003127989690467402
0.00031249801847531175
0.0003122643455069613
0.0003120976498887536
0.0003119977178392251
0.00031196442136264846
0.0003119977178392251
0.0003120976498887536
0.0003122643455069613
0.00031249801847531175
0.0003127989690467402
0.0003131675849114217
0.0003136043424483828
0.0003141098082705185
0.00031468464107240303
0.00031532959379220886
0.0003160455161010787
0.00031683335723545664
0.0003176941691902171
0.0003186291102929262
0.0003196394491822913
0.0003207265692168133
0.0003218919733428934
0.00032313728945520013
0.00032446427628602634
0.0003258748298646969
0.0003273709905928963
0.00032895495098713464
0.0003306290641455308
0.0003323958530027596
0.00033425802044447926
0.00033621846036093687
0.0003382802697289002
0.0003404467618216988
0.0003427214806591942
0.00034510821682312294
0.000347611024778718
0.00035023424186109506
0.00035298250910492706
0.0003558607941188068
0.0003588744162318773
0.00036202907417033474
0.0003653308765559118
0.000368786375558207
0.0003724026040786138
0.0003761871168967351
0.00038014803627178936
0.0003842941025632117
0.00038863473051824817
0.0003931800719720992
0.00039794108582079374
0.00040292961626176775
0.0004081584804560993
0.0004136415669544383
0.0004193939464518955
0.00042543199670297594
0.0004317735437452722
0.00043843802196152085
0.0004454466559680952
0.0004528226678719779
0.00046059151411034885
0.0004687811569057616
0.0004774223763718988
0.00048654913053673764
0.0004961989720716111
0.000506413532403832
0.0005172390862483992
0.0005287272125534996
0.0005409355715900767
0.0005539288226603514
0.0005677797129654327
0.0005825703759786084
0.000598393887790968
0.0006153561431155294
0.0006335781300441351
0.0006531987057721039
0.0006743780064943276
0.0006973016666150161
0.0007221860797607461
0.0007492850133763842
0.0007788979996187148
0.000811381082462231
0.0008471607267654829
0.0008867520243210944
0.0009307828197689107
0.000980026114764546
0.0010354442389340875
0.001098250049056475
0.0011699932632620016
0.0012526847196171144
0.001348979271660803
0.0014624518604900135
0.0015980262802413573
0.0017626630561020861
0.0019665048689300815
0.0022248676881794285
0.002561879881299181
0.0030175365851715713
0.0036623627669996133
0.0046305426785363596
0.006202687951269054
0.009039511465638311
0.014949348736056588
0.02996386878081821
0.08111228265527552

0.015093898129937876
0.027878946469695787
0.047145883203703
0.07299677418306892
0.10347990842074246
0.1343076894133016
0.15960195261628798
0.1736473290073286
0.17297849913895397
0.15777146481886517
0.1318115034505959
0.10119093859935162
0.0727893923094779
0.05351543183910002
0.04932183564529233
0.06117421724560409
0.07957813326313543
0.08749706025433508
0.07496865782442313
0.04884936093350594
0.024027152957345713
0.008899479043664586
0.0024805053467494786
0.0005203517681545394
8.225360475402346e-05
9.83420811555949e-06
8.998596350088818e-07
6.555494207732914e-08
4.311630200080264e-09
3.3398193481040023e-10
3.537385910209199e-11
4.297207462285874e-12
5.085839650261239e-13
5.574416579274804e-14
5.6032058416187084e-15
5.157597683564326e-16
4.346687335577947e-17
3.353994857434871e-18
2.3695118956389626e-19
1.532667225850462e-20
9.076728029409621e-22
4.921565271335999e-23
2.443259805433612e-24
1.110525476476684e-25
4.621467214530653e-27
1.7608554315854566e-28
6.142709833266725e-30
1.961953792843482e-31
5.7373325508631216e-33
1.5361150588979182e-34
3.765563229445719e-36
8.451399216017067e-38
1.7366798435670898e-39
3.267408129677032e-41
5.62832907134951e-43
8.876628656835006e-45
1.2817670329280006e-46
1.6945821099878713e-48
2.0512028515465758e-50
2.273249376202952e-52
2.3066304674147153e-54
2.1428977178026313e-56
1.8227089876300876e-58
1.419468313710707e-60
1.0121072696278582e-62
6.607236628899794e-65
3.949168386513664e-67
2.1611450546073207e-69
1.0828159830956092e-71
4.967271204926633e-74
2.0862846455219392e-76
8.02272167223342e-79
2.824635182828637e-81
9.105325534786165e-84
2.6873303999930366e-86
7.261713781429438e-89
1.7965928383735607e-91
4.069608910988679e-94
8.440111064014855e-97
1.6026405318992341e-99
2.786227390477648e-102
4.4349575478857395e-105
6.463307988855827e-108
8.62407868415687e-111
1.0535691460228233e-113
1.178435594372467e-116
1.2068162084116787e-119
1.1315373443744132e-122
9.713799239750892e-126
7.634873219655205e-129
5.4942322115443886e-132
3.619967456845741e-135
2.183709162798569e-138
1.2060835694481143e-141
6.0989135910320514e-145
2.8237096250645953e-148
1.1969611719497556e-151
4.645501082615566e-155
1.6507356979202593e-158
5.370503393842644e-162
