1.5018500455893375
0.03918114204663056
0.0017205763062798868
9.873583996265439e-05
6.759662667098623e-06
5.442519438673225e-07
5.2710272941487035e-08
6.60984432403518e-09
1.2740479321215407e-09
4.1922391120540364e-10
2.1112387864817743e-10
1.3450434208020306e-10
9.692046643315341e-11
7.508367830443566e-11
6.100847898652474e-11
5.127598429780392e-11
4.4191890599097214e-11
3.882856118673426e-11
3.463966650030964e-11
3.1284665848258776e-11
2.854132624412742e-11
2.625899630033267e-11
2.4332217774750123e-11
2.268511465945416e-11
2.126178586947388e-11
2.002018737567433e-11
1.8928118493988115e-11
1.796051856047992e-11
1.7097603254372156e-11
1.63235527657445e-11
1.5625570995109015e-11
1.4993199377524223e-11
1.441780871473869e-11
1.3892217567426528e-11
1.3410402023517105e-11
1.2967272375763982e-11
1.2558499431408173e-11
1.2180378080210543e-11
1.1829719142511948e-11
1.1503762903429581e-11
1.1200109435807787e-11
1.0916662036335574e-11
1.0651580989175182e-11
1.0403245526551083e-11
1.0170222342793187e-11
9.95123938380865e-12
9.745163910623082e-12
9.550984046797744e-12
9.367793181958435e-12
9.194776729532515e-12
9.031200834995328e-12
8.876402708058775e-12
8.729782313194719e-12
8.590795201351206e-12
8.458946304469376e-12
8.333784545557876e-12
8.214898142249467e-12
8.101910502198993e-12
7.994476625351762e-12
7.892279941770292e-12
7.795029524947979e-12
7.70245762982624e-12
7.614317512436836e-12
7.530381494507195e-12
7.450439241728886e-12
7.374296228886607e-12
7.301772368829509e-12
7.232700785461678e-12
7.166926713634409e-12
7.104306511121479e-12
7.044706769816739e-12
6.988003514966519e-12
6.93408148268259e-12
6.882833467212789e-12
6.834159730506781e-12
6.787967467530172e-12
6.744170321572662e-12
6.702687944483741e-12
6.663445597367519e-12
6.626373787789853e-12
6.59140794000671e-12
6.558488095121825e-12
6.5275586384324165e-12
6.498568051530099e-12
6.4714686869964665e-12
6.446216563773512e-12
6.422771181502701e-12
6.4010953523163254e-12
6.381155048734246e-12
6.362919266470619e-12
6.346359901091355e-12
6.331451637585606e-12
6.318171852025603e-12
6.306500524589981e-12
6.296420163317899e-12
6.287915738045886e-12
6.2809746240576275e-12
6.2755865550497025e-12
6.271743585084648e-12
6.269440059267278e-12
6.268672592941877e-12
6.269440059267278e-12
6.271743585084648e-12
6.2755865550497025e-12
6.2809746240576275e-12
6.287915738045886e-12
6.296420163317899e-12
6.306500524589981e-12
6.318171852025603e-12
6.331451637585606e-12
6.346359901091355e-12
6.362919266470619e-12
6.381155048734246e-12
6.4010953523163254e-12
6.422771181502701e-12
6.446216563773512e-12
6.4714686869964665e-12
6.498568051530099e-12
6.5275586384324165e-12
6.558488095121825e-12
6.59140794000671e-12
6.626373787789853e-12
6.663445597367519e-12
6.702687944483741e-12
6.744170321572662e-12
6.787967467530172e-12
6.834159730506781e-12
6.882833467212789e-12
6.93408148268259e-12
6.988003514966519e-12
7.044706769816739e-12
7.104306511121479e-12
7.166926713634409e-12
7.232700785461678e-12
7.301772368829509e-12
7.374296228886607e-12
7.450439241728886e-12
7.530381494507195e-12
7.614317512436836e-12
7.70245762982624e-12
7.795029524947979e-12
7.892279941770292e-12
7.994476625351762e-12
8.101910502198993e-12
8.214898142249467e-12
8.333784545557876e-12
8.458946304469376e-12
8.590795201351206e-12
8.729782313194719e-12
8.876402708058775e-12
9.031200834995328e-12
9.194776729532515e-12
9.367793181958435e-12
9.550984046797744e-12
9.745163910623082e-12
9.95123938380865e-12
1.0170222342793187e-11
1.0403245526551083e-11
1.0651580989175182e-11
1.0916662036335574e-11
1.1200109435807787e-11
1.1503762903429581e-11
1.1829719142511948e-11
1.2180378080210543e-11
1.2558499431408173e-11
1.2967272375763982e-11
1.3410402023517105e-11
1.3892217567426528e-11
1.441780871473869e-11
1.4993199377524223e-11
1.5625570995109015e-11
1.63235527657445e-11
1.7097603254372156e-11
1.796051856047992e-11
1.8928118493988115e-11
2.002018737567433e-11
2.126178586947388e-11
2.268511465945416e-11
2.4332217774750123e-11
2.625899630033267e-11
2.854132624412742e-11
3.1284665848258776e-11
3.463966650030964e-11
3.882856118673426e-11
4.4191890599097214e-11
5.127598429780392e-11
6.100847898652474e-11
7.508367830443566e-11
9.692046643315341e-11
1.3450434208020306e-10
2.1112387864817743e-10
4.1922391120540364e-10
1.2740479321215407e-09
6.60984432403518e-09
5.2710272941487035e-08
5.442519438673225e-07
6.759662667098623e-06
9.873583996265439e-05
0.0017205763062798868
0.03918114204663056

2.831727536326979e-10
1.909054925350303e-09
1.1708728988378412e-08
6.534804023319681e-08
3.324745769102327e-07
1.5575110595123197e-06
7.004916075789882e-06
3.373757964045418e-05
0.00019325548174115479
0.0012051818573663535
0.0067513786178195565
0.030158274575709364
0.10239271220545706
0.2597852266693494
0.49007146518415584
0.6882598585269071
0.7260800926429873
0.5911230622759066
0.40057753118332856
0.2715755887231033
0.24469594063146058
0.32703423598120096
0.516095763478903
0.7303489402809766
0.801068851711398
0.6441975965541986
0.3741180563525382
0.1582539447549921
0.05080238723660771
0.0137699559793856
0.0037880825389365698
0.001189857770639077
0.00039817261291130615
0.00012813385959673255
3.797855902326585e-05
1.026080922480372e-05
2.522542560964354e-06
5.641779441291776e-07
1.147904614091998e-07
2.1247458585719358e-08
3.577829505266451e-09
5.480797415724091e-10
7.637994070064382e-11
9.683365900236118e-12
1.1168242284881981e-12
1.171803443813783e-13
1.1185004719087181e-14
9.712455275343598e-16
7.672437349974503e-17
5.513776122995846e-18
3.6047600768313707e-19
2.143952007066848e-20
1.160019294191733e-21
5.709877944838693e-23
2.556818473377211e-24
1.041560316250981e-25
3.859938745081607e-27
1.3013312508936641e-28
3.991230084452475e-30
1.1136202725750184e-31
2.826695000513882e-33
6.527279833022241e-35
1.3711878981152909e-36
2.6204336632027427e-38
4.555759892673352e-40
7.205430648630293e-42
1.0367415796464868e-43
1.3570396891589662e-45
1.6159430129358073e-47
1.750535777078957e-49
1.725152134937527e-51
1.5466614724892943e-53
1.2614632225218126e-55
9.359774335028168e-58
6.317825425038839e-60
3.879549729181994e-62
2.167237384884063e-64
1.1013950057030876e-66
5.092032661032439e-69
2.141660945046614e-71
8.194485895895425e-74
2.852358871972497e-76
9.032294263626377e-79
2.6019769739859133e-81
6.81899353263322e-84
1.6257305494746865e-86
3.526048759231829e-89
6.95728059029556e-92
1.248826722097339e-94
2.0392773978198682e-97
3.029436733300938e-100
4.0941045327666414e-103
5.033469318247328e-106
5.6297276172592205e-109
5.728208254427339e-112
5.302267977391285e-115
4.464943898214057e-118
3.4204385942278606e-121
2.3837409019849923e-124
1.5112898218250565e-127
