1.1612745822303583
0.06336997106210522
0.0068133125152153905
0.001201841095929304
0.0003071839386907622
0.00010678171979348775
4.78675551256216e-05
2.6154123810054427e-05
1.652461760721606e-05
1.1576564480792635e-05
8.724791640280267e-06
6.9287580042498664e-06
5.71725222316667e-06
4.855054642571963e-06
4.214909583080651e-06
3.7232233214533096e-06
3.3350034551517516e-06
3.021429930412663e-06
2.7632989392762555e-06
2.547376352179639e-06
2.364274262392819e-06
2.2071641153988604e-06
2.070969108099563e-06
1.951841536370801e-06
1.8468152179291256e-06
1.7535686764017049e-06
1.670260255875806e-06
1.5954110596711957e-06
1.5278203676786867e-06
1.4665035388335056e-06
1.410645754864049e-06
1.3595671042323619e-06
1.312695903757145e-06
1.2695480852312367e-06
1.2297111031024698e-06
1.1928312511739143e-06
1.1586035772726218e-06
1.1267637974485317e-06
1.097081763341051e-06
1.0693561464041087e-06
1.043410083197074e-06
1.0190875854610306e-06
9.962505631107303e-07
9.74776341714042e-07
9.545555814268204e-07
9.35490523792329e-07
9.174935078098862e-07
9.004857083268512e-07
8.843960589195753e-07
8.691603286013585e-07
8.547203273760119e-07
8.410232201808154e-07
8.280209323874499e-07
8.156696329483633e-07
8.039292836383203e-07
7.927632447619146e-07
7.821379292672106e-07
7.720224984934493e-07
7.623885938418717e-07
7.532100995366461e-07
7.444629323720403e-07
7.361248549498588e-07
7.281753094197375e-07
7.205952691618539e-07
7.133671062112559e-07
7.064744725269158e-07
6.999021934662269e-07
6.936361720446599e-07
6.876633027470268e-07
6.819713938164618e-07
6.765490970840995e-07
6.713858445200839e-07
6.664717907879499e-07
6.61797761171994e-07
6.573552043231285e-07
6.531361493345509e-07
6.491331667158724e-07
6.453393328843012e-07
6.417481978351661e-07
6.383537556923191e-07
6.351504178725514e-07
6.321329886277173e-07
6.292966427543291e-07
6.266369052834387e-07
6.241496329840348e-07
6.218309975313283e-07
6.19677470207453e-07
6.176858080165286e-07
6.158530411089517e-07
6.141764614213815e-07
6.126536124493487e-07
6.112822800788666e-07
6.100604844120225e-07
6.08986472529363e-07
6.080587121390683e-07
6.072758860695397e-07
6.066368875681656e-07
6.061408163747622e-07
6.057869755435853e-07
6.055748689929226e-07
6.05504199766156e-07
6.055748689929226e-07
6.057869755435853e-07
6.061408163747622e-07
6.066368875681656e-07
6.072758860695397e-07
6.080587121390683e-07
6.08986472529363e-07
6.100604844120225e-07
6.112822800788666e-07
6.126536124493487e-07
6.141764614213815e-07
6.158530411089517e-07
6.176858080165286e-07
6.19677470207453e-07
6.218309975313283e-07
6.241496329840348e-07
6.266369052834387e-07
6.292966427543291e-07
6.321329886277173e-07
6.351504178725514e-07
6.383537556923191e-07
6.417481978351661e-07
6.453393328843012e-07
6.491331667158724e-07
6.531361493345509e-07
6.573552043231285e-07
6.61797761171994e-07
6.664717907879499e-07
6.713858445200839e-07
6.765490970840995e-07
6.819713938164618e-07
6.876633027470268e-07
6.936361720446599e-07
6.999021934662269e-07
7.064744725269158e-07
7.133671062112559e-07
7.205952691618539e-07
7.281753094197375e-07
7.361248549498588e-07
7.444629323720403e-07
7.532100995366461e-07
7.623885938418717e-07
7.720224984934493e-07
7.821379292672106e-07
7.927632447619146e-07
8.039292836383203e-07
8.156696329483633e-07
8.280209323874499e-07
8.410232201808154e-07
8.547203273760119e-07
8.691603286013585e-07
8.843960589195753e-07
9.004857083268512e-07
9.174935078098862e-07
9.35490523792329e-07
9.545555814268204e-07
9.74776341714042e-07
9.962505631107303e-07
1.0190875854610306e-06
1.043410083197074e-06
1.0693561464041087e-06
1.097081763341051e-06
1.1267637974485317e-06
1.1586035772726218e-06
1.1928312511739143e-06
1.2297111031024698e-06
1.2695480852312367e-06
1.312695903757145e-06
1.3595671042323619e-06
1.410645754864049e-06
1.4665035388335056e-06
1.5278203676786867e-06
1.5954110596711957e-06
1.670260255875806e-06
1.7535686764017049e-06
1.8468152179291256e-06
1.951841536370801e-06
2.070969108099563e-06
2.2071641153988604e-06
2.364274262392819e-06
2.547376352179639e-06
2.7632989392762555e-06
3.021429930412663e-06
3.3350034551517516e-06
3.7232233214533096e-06
4.214909583080651e-06
4.855054642571963e-06
5.71725222316667e-06
6.9287580042498664e-06
8.724791640280267e-06
1.1576564480792635e-05
1.652461760721606e-05
2.6154123810054427e-05
4.78675551256216e-05
0.00010678171979348775
0.0003071839386907622
0.001201841095929304
0.0068133125152153905
0.06336997106210522

2.8010874628285146e-05
0.00012012865720236704
0.0004555100971030543
0.0015271490852636718
0.004526877496771099
0.011864660792353071
0.027495823310995857
0.05634775855750295
0.10214218132844162
0.1638981620819704
0.23325108854217647
0.29585148422113233
0.33838172878582484
0.3580459437049964
0.36720819954821676
0.38696661054226944
0.4312124889819638
0.49213456702027497
0.5402630758311506
0.5420986485991608
0.4829205862654523
0.3766041624176193
0.2554661732275322
0.1503091415888438
0.07661071438067941
0.03380621210388047
0.012911953791450206
0.004267980161447903
0.0012208501080915259
0.000302203494013885
6.47332927050454e-05
1.19989688558107e-05
1.9246270684575914e-06
2.671375051034766e-07
3.208546342788549e-08
3.3347762871647286e-09
2.999230883623805e-10
2.334198723720283e-11
1.571992414713308e-12
9.161102273967865e-14
4.619869088366921e-15
2.016026564951561e-16
7.612853455023073e-18
2.4876159007054137e-19
7.034023440672665e-21
1.7211111965191645e-22
3.644170424298947e-24
6.676872120044786e-26
1.0586004332189602e-27
1.4523647702701078e-29
1.7242648437103772e-31
1.771400937279422e-33
1.5747600762440133e-35
1.2114250523044628e-37
8.064237956940851e-40
4.645310485540411e-42
2.3155320061489324e-44
9.987837289415332e-47
3.728007332962909e-49
1.2041114497623353e-51
3.365435279877026e-54
8.139550633952701e-57
1.7035082617311627e-59
3.08512445470797e-62
4.8348806908676645e-65
6.556672087076785e-68
7.694241199491486e-71
7.813268674558689e-74
6.865692544879426e-77
5.22060187481336e-80
3.4351161887188995e-83
1.955901237382706e-86
9.636893261928399e-90
4.108769873451197e-93
1.5159023831035202e-96
4.839665157341602e-100
1.3370390038807883e-103
3.196373752949504e-107
6.6123497135730916e-111
1.1836926803940666e-114
1.8336109595547847e-118
2.457881149735307e-122
2.85102278104004e-126
2.8617250890153115e-130
2.4856790265421996e-134
1.868344821331914e-138
1.2152728456018017e-142
6.840938533690521e-147
3.332922678248882e-151
1.4057009388851632e-155
5.134697192320091e-160
1.6260086327018116e-164
4.473848663303693e-169
1.0748719300024447e-173
2.28017285143603e-178
4.372633976018656e-183
7.922209000852356e-188
1.4432542430819127e-192
2.770372199089649e-197
5.5429893102538905e-202
