1.4015300692785824
0.3988064758922225
0.24141709476467435
0.1714506198348747
0.1305364689997415
0.1039332824854469
0.08546536163377175
0.07204017666166583
0.06193550205266517
0.05411742995362352
0.04792981286964432
0.04293808314630481
0.03884446129301296
0.035439094460289214
0.0325705392033831
0.030127235936974923
0.02802550813823562
0.02620157699305227
0.02460612338478279
0.023200508483084
0.021954099035793682
0.020842343348304017
0.019845366622893407
0.018946931493470685
0.01813365917915843
0.017394439167954034
0.016719977000512063
0.01610244439465347
0.015535206034211529
0.015012604369724422
0.01452978873288225
0.014082578602196525
0.013667353408027685
0.013280963124131868
0.012920655260902074
0.012584014891332027
0.012268915101565725
0.011973475832369069
0.011696029514966814
0.011435092239711798
0.011189339454622846
0.010957585391713692
0.010738765576092015
0.010531921896338422
0.010336189812395664
0.010150787354927094
0.009975005632255606
0.009808200610942423
0.009649785976399301
0.009499226912649743
0.009356034667019168
0.009219761787355271
0.009089997937311035
0.008966366210015491
0.008848519872707664
0.008736139485090909
0.008628930342657482
0.008526620203340902
0.008428957261821994
0.008335708340842105
0.008246657273124744
0.008161603451106995
0.008080360524741528
0.008002755230237604
0.007928626334837636
0.007857823684635121
0.00779020734407954
0.00772564681722588
0.0076640203420052545
0.007605214249847496
0.007549122383900923
0.007495645569889084
0.007444691134336254
0.0073961724654974395
0.0073500086128569465
0.007306123921522378
0.007264447698247573
0.007224913906175671
0.0071874608857088775
0.0071520310991901445
0.007118570897328681
0.007087030305519915
0.007057362828405077
0.007029525271188754
0.007003477576387394
0.006979182674820138
0.006956606349777422
0.006935717113414372
0.006916486094516624
0.006898886936877253
0.006882895707605917
0.00686849081476663
0.006855652933809115
0.006844364942321892
0.00683461186269329
0.006826380812320533
0.006819660961057327
0.006814443495637505
0.006810721590856916
0.006808490387338056
0.006807746975742832
0.006808490387338056
0.006810721590856916
0.006814443495637505
0.006819660961057327
0.006826380812320533
0.00683461186269329
0.006844364942321892
0.006855652933809115
0.00686849081476663
0.006882895707605917
0.006898886936877253
0.006916486094516624
0.006935717113414372
0.006956606349777422
0.006979182674820138
0.007003477576387394
0.007029525271188754
0.007057362828405077
0.007087030305519915
0.007118570897328681
0.0071520310991901445
0.0071874608857088775
0.007224913906175671
0.007264447698247573
0.007306123921522378
0.0073500086128569465
0.0073961724654974395
0.007444691134336254
0.007495645569889084
0.007549122383900923
0.007605214249847496
0.0076640203420052545
0.00772564681722588
0.00779020734407954
0.007857823684635121
0.007928626334837636
0.008002755230237604
0.008080360524741528
0.008161603451106995
0.008246657273124744
0.008335708340842105
0.008428957261821994
0.008526620203340902
0.008628930342657482
0.008736139485090909
0.008848519872707664
0.008966366210015491
0.009089997937311035
0.009219761787355271
0.009356034667019168
0.009499226912649743
0.009649785976399301
0.009808200610942423
0.009975005632255606
0.010150787354927094
0.010336189812395664
0.010531921896338422
0.010738765576092015
0.010957585391713692
0.011189339454622846
0.011435092239711798
0.011696029514966814
0.011973475832369069
0.012268915101565725
0.012584014891332027
0.012920655260902074
0.013280963124131868
0.013667353408027685
0.014082578602196525
0.01452978873288225
0.015012604369724422
0.015535206034211529
0.01610244439465347
0.016719977000512063
0.017394439167954034
0.01813365917915843
0.018946931493470685
0.019845366622893407
0.020842343348304017
0.021954099035793682
0.023200508483084
0.02460612338478279
0.02620157699305227
0.02802550813823562
0.030127235936974923
0.0325705392033831
0.035439094460289214
0.03884446129301296
0.04293808314630481
0.04792981286964432
0.05411742995362352
0.06193550205266517
0.07204017666166583
0.08546536163377175
0.1039332824854469
0.1305364689997415
0.1714506198348747
0.24141709476467435
0.3988064758922225

0.32504221196839467
0.6235647409794052
0.6584713896082296
0.4577993092570818
0.33604295238783305
0.3098599430775294
0.28618325471936207
0.24080731339213238
0.18259255256259174
0.12469287042067449
0.07669009123280811
0.04247915587391947
0.02119100202085213
0.009520639274746194
0.0038555133456898744
0.004720585534098485
0.2804565771355221
1.9354602730633728
1.095305097373917
0.05076063586507574
0.00019442922910424258
4.2472590044478057e-07
6.390906970132087e-08
1.0079910481196942e-08
1.4318587712511326e-09
1.8318195286684242e-10
2.110591458436341e-11
2.1901035996682293e-12
2.046746860832536e-13
1.72267201312611e-14
1.3058101935179843e-15
8.91448999858819e-17
5.4809007882729595e-18
3.034913872429397e-19
1.5134908228529733e-20
6.797546768036626e-22
2.7495625746195954e-23
1.0016454038300106e-24
3.286271106889208e-26
9.710280278687996e-28
2.5840394159882655e-29
6.193062935773923e-31
1.336752005024346e-32
2.598574582111214e-34
4.549446049218193e-36
7.173330545791594e-38
1.0186433609745011e-39
1.30275415118624e-41
1.5005199143637396e-43
1.5565391649770842e-45
1.4541772063717983e-47
1.223527132222612e-49
9.271475758574652e-52
6.32736839665188e-54
3.888985877719977e-56
2.1527252376782697e-58
1.0731979385802246e-60
4.8184798641151184e-63
1.948405102828755e-65
7.09557278564548e-68
2.3272050550863197e-70
6.874178973000759e-73
1.8287149262313658e-75
4.381372474492221e-78
9.453950684854645e-81
1.837195955904237e-83
3.2154119404409215e-86
5.0682350827563e-89
7.194752729347131e-92
9.198435885905044e-95
1.0591344389084353e-97
1.0983156835785931e-100
1.0257517623905089e-103
8.627726105712727e-107
6.535659510637558e-110
4.458835793458625e-113
2.739633891606777e-116
1.5160117688085247e-119
7.555298136206243e-123
3.391092462044516e-126
1.3707764910929704e-129
4.990368947179817e-133
1.6362047667576996e-136
4.831496211224614e-140
1.2848860803177926e-143
3.077418756284604e-147
6.638157611159815e-151
1.2895776993425322e-154
2.2562460555744163e-158
3.555202944333213e-162
5.045234130831388e-166
6.448181368081623e-170
7.422191491438079e-174
7.694245808127552e-178
7.183547197328008e-182
6.040193249251329e-186
4.574058438778309e-190
3.1195473029995e-194
1.916109980894503e-198
1.0599570846449839e-202
