1.1791519309160545
0.015363106587231518
0.0002853218280694778
7.28482885757593e-06
2.594407459868116e-07
1.3561082531754196e-08
1.2208332217392083e-09
1.9420464776674852e-10
5.251685817642026e-11
2.1209289244848538e-11
1.1231292647985419e-11
7.086847871456349e-12
5.011823647297081e-12
3.822363822866115e-12
3.0703681110012805e-12
2.559202263665402e-12
2.1921665206852203e-12
1.917221484253892e-12
1.7042634603440253e-12
1.5348251157485647e-12
1.3970166093314722e-12
1.2828682946053908e-12
1.1868536831162332e-12
1.1050279582599508e-12
1.034504302997087e-12
9.731239706449141e-13
9.19241820466389e-13
8.715830251620625e-13
8.291449742597687e-13
7.911286478747581e-13
7.568896670854897e-13
7.259027643170286e-13
6.977355840665559e-13
6.720290846353992e-13
6.484826846427698e-13
6.2684286993433e-13
6.068943580124008e-13
5.884531760101291e-13
5.713611866896388e-13
5.554817217475395e-13
5.406960701690648e-13
5.26900632854559e-13
5.140046008319972e-13
5.019280481959601e-13
4.906003559925756e-13
4.799589020408995e-13
4.699479658565841e-13
4.605178086387656e-13
4.516238965672818e-13
4.432262420653624e-13
4.352888426736671e-13
4.277792010945199e-13
4.206679130526809e-13
4.13928312069878e-13
4.0753616220701585e-13
4.0146939139868545e-13
3.957078592720398e-13
3.9023315436988556e-13
3.8502841653528245e-13
3.8007818090035457e-13
3.753682404854669e-13
3.7088552488001205e-13
3.666179928615192e-13
3.625545371304577e-13
3.5868489960588256e-13
3.5499959595143505e-13
3.5148984818987135e-13
3.481475244234391e-13
3.449650848120997e-13
3.4193553307591704e-13
3.390523728852569e-13
3.363095685855471e-13
3.337015097744886e-13
3.3122297931068846e-13
3.288691243852579e-13
3.266354303332845e-13
3.245176969013353e-13
3.2251201672118174e-13
3.206147557695277e-13
3.1882253561930476e-13
3.1713221731061673e-13
3.1554088668913893e-13
3.1404584107707786e-13
3.1264457715702186e-13
3.113347799624404e-13
3.1011431288046163e-13
3.0898120858307595e-13
3.0793366081227284e-13
3.0697001695295634e-13
3.06088771334943e-13
3.0528855921204257e-13
3.045681513722484e-13
3.0392644933852316e-13
3.0336248112461777e-13
3.028753975148905e-13
3.0246446884124625e-13
3.0212908223416e-13
3.018687393283213e-13
3.0168305440678717e-13
3.015717529707017e-13
3.015346707246586e-13
3.015717529707017e-13
3.0168305440678717e-13
3.018687393283213e-13
3.0212908223416e-13
3.0246446884124625e-13
3.028753975148905e-13
3.0336248112461777e-13
3.0392644933852316e-13
3.045681513722484e-13
3.0528855921204257e-13
3.06088771334943e-13
3.0697001695295634e-13
3.0793366081227284e-13
3.0898120858307595e-13
3.1011431288046163e-13
3.113347799624404e-13
3.1264457715702186e-13
3.1404584107707786e-13
3.1554088668913893e-13
3.1713221731061673e-13
3.1882253561930476e-13
3.206147557695277e-13
3.2251201672118174e-13
3.245176969013353e-13
3.266354303332845e-13
3.288691243852579e-13
3.3122297931068846e-13
3.337015097744886e-13
3.363095685855471e-13
3.390523728852569e-13
3.4193553307591704e-13
3.449650848120997e-13
3.481475244234391e-13
3.5148984818987135e-13
3.5499959595143505e-13
3.5868489960588256e-13
3.625545371304577e-13
3.666179928615192e-13
3.7088552488001205e-13
3.753682404854669e-13
3.8007818090035457e-13
3.8502841653528245e-13
3.9023315436988556e-13
3.957078592720398e-13
4.0146939139868545e-13
4.0753616220701585e-13
4.13928312069878e-13
4.206679130526809e-13
4.277792010945199e-13
4.352888426736671e-13
4.432262420653624e-13
4.516238965672818e-13
4.605178086387656e-13
4.699479658565841e-13
4.799589020408995e-13
4.906003559925756e-13
5.019280481959601e-13
5.140046008319972e-13
5.26900632854559e-13
5.406960701690648e-13
5.554817217475395e-13
5.713611866896388e-13
5.884531760101291e-13
6.068943580124008e-13
6.2684286993433e-13
6.484826846427698e-13
6.720290846353992e-13
6.977355840665559e-13
7.259027643170286e-13
7.568896670854897e-13
7.911286478747581e-13
8.291449742597687e-13
8.715830251620625e-13
9.19241820466389e-13
9.731239706449141e-13
1.034504302997087e-12
1.1050279582599508e-12
1.1868536831162332e-12
1.2828682946053908e-12
1.3970166093314722e-12
1.5348251157485647e-12
1.7042634603440253e-12
1.917221484253892e-12
2.1921665206852203e-12
2.559202263665402e-12
3.0703681110012805e-12
3.822363822866115e-12
5.011823647297081e-12
7.086847871456349e-12
1.1231292647985419e-11
2.1209289244848538e-11
5.251685817642026e-11
1.9420464776674852e-10
1.2208332217392083e-09
1.3561082531754196e-08
2.594407459868116e-07
7.28482885757593e-06
0.0002853218280694778
0.015363106587231518

1.3591334090175632e-11
9.58464531305653e-11
6.219468650614871e-10
3.7136194430281716e-09
2.040436850220079e-08
1.0317744493529103e-07
4.803518263288742e-07
2.061393072905389e-06
8.178920738142137e-06
3.0201698530736513e-05
0.0001050451383442315
0.0003499074517562495
0.001132228738627187
0.003558586301570992
0.010648918846983088
0.029387415711701982
0.07250752911939697
0.15631788682434353
0.29036368582229943
0.4616161349560769
0.6276982380042595
0.7339160716635547
0.7469639025889407
0.675764709296859
0.5597296159793714
0.4385833131284507
0.3328835807643287
0.24582528524245775
0.17450284521131376
0.11707159441831624
0.07325259685493872
0.04242198458585551
0.022655927640047084
0.01114187228093642
0.005043057329997983
0.002100477762217706
0.0008050278428679297
0.00028390131057785
9.212690274379731e-05
2.7508562697788167e-05
7.558082770737569e-06
1.910810842910915e-06
4.445146292870004e-07
9.515173856747835e-08
1.874173122341957e-08
3.3967610019205857e-09
5.664773948225761e-10
8.692855999872296e-11
1.2274524999778989e-11
1.5948109617189885e-12
1.906672212733147e-13
2.0975154602389158e-14
2.1232278973501085e-15
1.9776542230749705e-16
1.694987181569091e-17
1.3367333499280572e-18
9.700306490807422e-20
6.4772168582695594e-21
3.9797310788869677e-22
2.2499938118302244e-23
1.1704994897031134e-24
5.603036372062888e-26
2.4679591258633873e-27
1.0002643524126231e-28
3.7303873398792276e-30
1.280133826025533e-31
4.042212365885337e-33
1.1744788142058757e-34
3.140028254941238e-36
7.724746438661214e-38
1.7486271517075108e-39
3.64227313337097e-41
6.980879010460078e-43
1.231147307905952e-44
1.99789305151922e-46
2.983298852768177e-48
4.0990535666639944e-50
5.182421523183247e-52
6.02898471644865e-54
6.453836211552535e-56
6.3570262390342584e-58
5.761723015519597e-60
4.805217576906878e-62
3.687534103155472e-64
2.6038822545326924e-66
1.69187762252171e-68
1.011530212094534e-70
5.5648194600388926e-73
2.8169919594333107e-75
1.312146854533362e-77
5.623951774854006e-80
2.2180076526351078e-82
8.049090315682807e-85
2.687774743733677e-87
8.2585013642399e-90
2.3349195905720437e-92
6.074421459913645e-95
1.4541199112538269e-97
3.2030065690657956e-100
6.491988553594504e-103
