1.0046112708474946
0.11475964502308839
0.07158929048361876
0.052844726376102394
0.04141942355092217
0.03384320457086936
0.0285215501038539
0.024611708969501146
0.021634151255446123
0.019299630359436645
0.017424980495721786
0.015889348370226382
0.01461015568099137
0.013529256681171997
0.01260463136905419
0.011805217656871808
0.011107592810875424
0.01049378181856492
0.009949773458696961
0.009464492910422026
0.009029076069094512
0.008636347633066775
0.008280439555020204
0.007956507928816784
0.007660520045181615
0.007389092220671984
0.007139364874015639
0.00690890527541949
0.006695631097532191
0.00649774977336833
0.006313709987352638
0.006142162567251246
0.005981928724040762
0.005831974082279223
0.005691387308779157
0.005559362419231214
0.005435184046626937
0.005318215110043517
0.00520788644053042
0.005103688011801584
0.0050051614939640564
0.0049118939035727
0.004823512166564999
0.00473967844483706
0.004660086104427883
0.004584456225037831
0.004512534568102956
0.004444088934786378
0.004378906856730791
0.004316793571784996
0.0042575702445953895
0.004201072398272551
0.0041471485285653475
0.0040956588763073785
0.004046474337508702
0.003999475493481216
0.003954551745915135
0.0039116005439523045
0.0038705266920986982
0.003831241729340103
0.003793663371117307
0.003757715006918091
0.003723325247183774
0.003690427514033675
0.0036589596710026435
0.0036288636875825364
0.0036000853348725826
0.003572573909088453
0.003546281980065558
0.00352116516222736
0.0034971819057815438
0.0034742933061618097
0.003452462929956072
0.0034316566557573247
0.0034118425285451495
0.003392990626356956
0.003375072938141328
0.0033580632518035573
0.003341937051557745
0.003326671423792266
0.003312244970737587
0.003298637731298638
0.003285831108479193
0.0032738078028841508
0.0032625517518379225
0.0032520480737041418
0.0032422830170342164
0.00323324391421046
0.0032249191392840965
0.0032172980697398107
0.0032103710519471003
0.003204129370084799
0.003198565218349081
0.003193671676277323
0.0031894426870406455
0.003185873038576894
0.003182958347453651
0.0031806950453675265
0.0031790803682018674
0.0031781123475800965
0.0031777898048664702
0.0031781123475800965
0.0031790803682018674
0.0031806950453675265
0.003182958347453651
0.003185873038576894
0.0031894426870406455
0.003193671676277323
0.003198565218349081
0.003204129370084799
0.0032103710519471003
0.0032172980697398107
0.0032249191392840965
0.00323324391421046
0.0032422830170342164
0.0032520480737041418
0.0032625517518379225
0.0032738078028841508
0.003285831108479193
0.003298637731298638
0.003312244970737587
0.003326671423792266
0.003341937051557745
0.0033580632518035573
0.003375072938141328
0.003392990626356956
0.0034118425285451495
0.0034316566557573247
0.003452462929956072
0.0034742933061618097
0.0034971819057815438
0.00352116516222736
0.003546281980065558
0.003572573909088453
0.0036000853348725826
0.0036288636875825364
0.0036589596710026435
0.003690427514033675
0.003723325247183774
0.003757715006918091
0.003793663371117307
0.003831241729340103
0.0038705266920986982
0.0039116005439523045
0.003954551745915135
0.003999475493481216
0.004046474337508702
0.0040956588763073785
0.0041471485285653475
0.004201072398272551
0.0042575702445953895
0.004316793571784996
0.004378906856730791
0.004444088934786378
0.004512534568102956
0.004584456225037831
0.004660086104427883
0.00473967844483706
0.004823512166564999
0.0049118939035727
0.0050051614939640564
0.005103688011801584
0.00520788644053042
0.005318215110043517
0.005435184046626937
0.005559362419231214
0.005691387308779157
0.005831974082279223
0.005981928724040762
0.006142162567251246
0.006313709987352638
0.00649774977336833
0.006695631097532191
0.00690890527541949
0.007139364874015639
0.007389092220671984
0.007660520045181615
0.007956507928816784
0.008280439555020204
0.008636347633066775
0.009029076069094512
0.009464492910422026
0.009949773458696961
0.01049378181856492
0.011107592810875424
0.011805217656871808
0.01260463136905419
0.013529256681171997
0.01461015568099137
0.015889348370226382
0.017424980495721786
0.019299630359436645
0.021634151255446123
0.024611708969501146
0.0285215501038539
0.03384320457086936
0.04141942355092217
0.052844726376102394
0.07158929048361876
0.11475964502308839

0.15764561127331886
0.1744640465148251
0.1701935398131595
0.14635018543734496
0.11093193686792513
0.07411968081644797
0.04365469569492055
0.02266923213136726
0.010404775835343416
0.004344507228950067
0.0021447531519192486
0.0027424743292201728
0.0068138982400777065
0.016694761494212312
0.03533032994412567
0.06394403034374614
0.09967124491962466
0.1360499999862569
0.16787047399116448
0.19700149313500578
0.2326887406840769
0.28381123260767704
0.3487302179924655
0.4117354835248232
0.44988410441610016
0.44561009975981297
0.39638610401874425
0.3154685890349794
0.22431703732521238
0.1424383540663053
0.08075730640613708
0.04087953189898096
0.01847536971601835
0.0074549002194555835
0.002685663372392793
0.0008638180147087515
0.00024805835132931807
6.359842476566738e-05
1.455793493440377e-05
2.9751858357675134e-06
5.428618598425152e-07
8.843526294211929e-08
1.2862415104509671e-08
1.670246152096444e-09
1.9364190532082368e-10
2.0043756733835316e-11
1.852336173078655e-12
1.5283450026702282e-13
1.1258587393992082e-14
7.404697379222489e-16
4.3480210067301833e-17
2.2794856463029218e-18
1.0669473737003455e-19
4.458718399246711e-21
1.6635581971851527e-22
5.5414939272304706e-24
1.6480737166545578e-25
4.376100766564128e-27
1.0374302394941886e-28
2.1957930223095566e-30
4.1493952664706355e-32
7.000662200957381e-34
1.0545188474435031e-35
1.4181771345714932e-37
1.702815207945479e-39
1.8254312046056564e-41
1.7471264112093582e-43
1.4929459891854714e-45
1.1390027496705998e-47
7.758296218749979e-50
4.718118570162966e-52
2.5617235046446487e-54
1.2418140352149797e-56
5.3745459918365635e-59
2.076767658835619e-61
7.164649496127357e-64
2.2067995907298754e-66
6.068645224208574e-69
1.4899836826217458e-71
3.266120354319149e-74
6.392103003946989e-77
1.1169050483593467e-79
1.7424071793900467e-82
2.426855724701312e-85
3.017860591297371e-88
3.350543786787992e-91
3.3211793630185155e-94
2.9392076688966794e-97
2.322357751952342e-100
1.638282835487371e-103
1.0318333215532438e-106
5.802179027534954e-110
2.9129538885036953e-113
1.305680756923487e-116
5.2251806020209204e-120
1.8669234764515246e-123
5.955423313700806e-127
1.6961320678265394e-130
4.312882261210799e-134
9.791211868886419e-138
