1.302832405331218
0.36454890625697167
0.11269402442499747
0.03644956549564165
0.012178678424631294
0.004176370712299166
0.0014632993414548294
0.0005221504777139327
0.0001893281572063611
6.966317809652828e-05
2.599970255972024e-05
9.850264573818368e-06
3.798988738233301e-06
1.5015421478339705e-06
6.168125508388151e-07
2.7036380732228316e-07
1.3170691902666952e-07
7.443903317259539e-08
4.962670355749945e-08
3.804652715484646e-08
3.2038637218693306e-08
2.848898706021702e-08
2.6099364967087355e-08
2.4309650882003207e-08
2.2866324580607656e-08
2.1646863023193256e-08
2.0586859457145084e-08
1.9649019933808213e-08
1.880955029380917e-08
1.8051928245812067e-08
1.7363900411174082e-08
1.6735938158999458e-08
1.616038312208393e-08
1.563093683205991e-08
1.5142333126811315e-08
1.4690114418549321e-08
1.427047109009628e-08
1.3880121707617533e-08
1.351622105655697e-08
1.3176287975670938e-08
1.285814776313698e-08
1.2559885594375391e-08
1.2279808434372163e-08
1.2016413610896595e-08
1.1768362680672337e-08
1.1534459548148018e-08
1.1313632033142273e-08
1.1104916258310682e-08
1.0907443358649476e-08
1.072042811538195e-08
1.0543159193925368e-08
1.0374990726042034e-08
1.0215335023898166e-08
1.006365625160872e-08
9.919464910162935e-09
9.782313016068524e-09
9.651789873881276e-09
9.527518358963098e-09
9.409151640076924e-09
9.296370282357998e-09
9.18887968024977e-09
9.08640777751475e-09
8.988703037709553e-09
8.895532633773757e-09
8.806680829806244e-09
8.721947531835181e-09
8.641146987548462e-09
8.56410661763511e-09
8.490665963674796e-09
8.420737681906751e-09
8.354053716088728e-09
8.290552130539514e-09
8.230112318155259e-09
8.17262187580579e-09
8.11797602728634e-09
8.066077099101803e-09
8.016834043822724e-09
7.970162006361786e-09
7.925981929052344e-09
7.884220191877022e-09
7.844808284604204e-09
7.807682507950557e-09
7.772783701205695e-09
7.740056994036011e-09
7.709451580433784e-09
7.680920512998707e-09
7.654420515936043e-09
7.629911815331387e-09
7.60735798541954e-09
7.586725809706565e-09
7.567985155931394e-09
7.551108863968998e-09
7.536072645881621e-09
7.522854997420426e-09
7.511437120367333e-09
7.50180285518782e-09
7.493938623540231e-09
7.487833380257214e-09
7.48347857448071e-09
7.480868119694246e-09
7.479998372456083e-09
7.480868119694246e-09
7.48347857448071e-09
7.487833380257214e-09
7.493938623540231e-09
7.50180285518782e-09
7.511437120367333e-09
7.522854997420426e-09
7.536072645881621e-09
7.551108863968998e-09
7.567985155931394e-09
7.586725809706565e-09
7.60735798541954e-09
7.629911815331387e-09
7.654420515936043e-09
7.680920512998707e-09
7.709451580433784e-09
7.740056994036011e-09
7.772783701205695e-09
7.807682507950557e-09
7.844808284604204e-09
7.884220191877022e-09
7.925981929052344e-09
7.970162006361786e-09
8.016834043822724e-09
8.066077099101803e-09
8.11797602728634e-09
8.17262187580579e-09
8.230112318155259e-09
8.290552130539514e-09
8.354053716088728e-09
8.420737681906751e-09
8.490665963674796e-09
8.56410661763511e-09
8.641146987548462e-09
8.721947531835181e-09
8.806680829806244e-09
8.895532633773757e-09
8.988703037709553e-09
9.08640777751475e-09
9.18887968024977e-09
9.296370282357998e-09
9.409151640076924e-09
9.527518358963098e-09
9.651789873881276e-09
9.782313016068524e-09
9.919464910162935e-09
1.006365625160872e-08
1.0215335023898166e-08
1.0374990726042034e-08
1.0543159193925368e-08
1.072042811538195e-08
1.0907443358649476e-08
1.1104916258310682e-08
1.1313632033142273e-08
1.1534459548148018e-08
1.1768362680672337e-08
1.2016413610896595e-08
1.2279808434372163e-08
1.2559885594375391e-08
1.285814776313698e-08
1.3176287975670938e-08
1.351622105655697e-08
1.3880121707617533e-08
1.427047109009628e-08
1.4690114418549321e-08
1.5142333126811315e-08
1.563093683205991e-08
1.616038312208393e-08
1.6735938158999458e-08
1.7363900411174082e-08
1.8051928245812067e-08
1.880955029380917e-08
1.9649019933808213e-08
2.0586859457145084e-08
2.1646863023193256e-08
2.2866324580607656e-08
2.4309650882003207e-08
2.6099364967087355e-08
2.848898706021702e-08
3.2038637218693306e-08
3.804652715484646e-08
4.962670355749945e-08
7.443903317259539e-08
1.3170691902666952e-07
2.7036380732228316e-07
6.168125508388151e-07
1.5015421478339705e-06
3.798988738233301e-06
9.850264573818368e-06
2.599970255972024e-05
6.966317809652828e-05
0.0001893281572063611
0.0005221504777139327
0.0014632993414548294
0.004176370712299166
0.012178678424631294
0.03644956549564165
0.11269402442499747
0.36454890625697167

3.4673501783240016e-07
1.4664725212034254e-06
1.0206539250357245e-05
0.0005149786801377483
0.06229837359784931
2.5075344169980727
1.3217312658155516
1.3544372288443776
0.6727869974680416
0.11876112120919645
0.016207804138326995
0.016383745748561135
0.0250595505120315
0.035280803740888954
0.04536102418165466
0.05325877423813797
0.057103587128665305
0.0559112913345629
0.04999189089034821
0.04081910830132392
0.030436266022490378
0.020724455925787613
0.012886613795288963
0.007317426973105053
0.0037943893203897933
0.001796756771308792
0.0007769634689429287
0.00030681445576775257
0.00011064070756756324
3.643493337836558e-05
1.0956830003567712e-05
3.008955576559229e-06
7.545891163434393e-07
1.7281013382271344e-07
3.614030260764157e-08
6.902052705941381e-09
1.203728842174114e-09
1.917092068976043e-10
2.788182409683127e-11
3.703081786232189e-12
4.4912717519786344e-13
4.9743835871130144e-14
5.0312178033630814e-15
4.64698075440017e-16
3.919516867418164e-17
3.018965223295702e-18
2.1234771462774848e-19
1.363957948270468e-20
8.000521177934749e-22
4.285480131528331e-23
2.096257364316473e-24
9.363832259226547e-26
3.8196762806108015e-27
1.4228640246454477e-28
4.8402093759273904e-30
1.5035878472003573e-31
4.265376517794662e-33
1.1049683768706787e-34
2.6140039114718144e-36
5.647113617889727e-38
1.1140655037605926e-39
2.0070529794201789e-41
3.3019527538608064e-43
4.960743611087816e-45
6.8059165100194095e-47
8.52688412476414e-49
9.755690499975041e-51
1.0192707818651653e-52
9.72489777353214e-55
8.473140798157542e-57
6.741673411445736e-59
4.898407434339124e-61
3.2501694934189455e-63
1.969341451890059e-65
1.0896824177512042e-67
5.506083248091247e-70
2.5406773255935243e-72
1.0705825460023344e-74
4.1195968199382595e-77
1.4476153459347327e-79
4.645319086970823e-82
1.3612623481669692e-84
3.642772272070779e-87
8.901969881907702e-90
1.986571165867463e-92
4.048424488425259e-95
7.534108449475727e-98
1.2803880143713795e-100
1.9870794931018298e-103
2.816130597767052e-106
3.644636748206755e-109
4.307443770055681e-112
4.648885956139043e-115
4.581862759710876e-118
4.123814956586692e-121
3.3893792846473675e-124
2.543929553879789e-127
1.7436282598847876e-130
1.0913564671550981e-133
6.237969715670683e-137
