0.6506413751161576
0.08358614518308444
0.01102263638552719
0.0014909228513987126
0.00020686353339680738
2.9470832783715425e-05
4.318904262163339e-06
6.527846555233183e-07
1.0209904593232908e-07
1.6586306472777986e-08
2.734595585771935e-09
4.955808993772492e-10
9.340216484831778e-11
1.8383819245580033e-11
3.790180697659214e-12
8.197761290196333e-13
1.8604456321230107e-13
4.426882342507328e-14
1.103142723021474e-14
2.8754385757982703e-15
7.832177708503687e-16
2.227594829298146e-16
6.611816659160078e-17
2.0471776660417992e-17
6.610068100825081e-18
2.225226481916878e-18
7.808964988459627e-19
2.8564203043513036e-19
1.0890238445746268e-19
4.327416179183875e-20
1.7922207717546718e-20
7.736121498623901e-21
3.480326145819091e-21
1.6318231920627737e-21
7.973814908575044e-22
4.0603945455312437e-22
2.154392895786046e-22
1.190816045823313e-22
6.854586217315322e-23
4.1068817489820564e-23
2.5592714524208483e-23
1.6571168972065652e-23
1.1133928156595619e-23
7.749799227814373e-24
5.5774887272319765e-24
4.141378498141315e-24
3.1650754482334365e-24
2.4836494247942798e-24
1.9961099747511628e-24
1.6392672542424399e-24
1.3723660729420912e-24
1.1687834469865746e-24
1.0106544152608127e-24
8.857695237789012e-25
7.8562689821052605e-25
7.042010474023583e-25
6.3715007778292385e-25
5.81296081896123e-25
5.342787795911413e-25
4.943209122050284e-25
4.600668927332269e-25
4.304702209176423e-25
4.047138394747108e-25
3.8215305526296397e-25
3.6227412448086605e-25
3.4466384991098734e-25
3.2898701356592764e-25
3.1496944868328063e-25
3.0238521498045946e-25
2.910467906035472e-25
2.807975039178181e-25
2.71505644026204e-25
2.6305984076410837e-25
2.5536541289509864e-25
2.483414607450613e-25
2.4191853567041665e-25
2.360367598017071e-25
2.306442997577763e-25
2.256961205058784e-25
2.2115296237653976e-25
2.1698049694101794e-25
2.1314862710765958e-25
2.096309041744757e-25
2.0640404025897535e-25
2.0344749893088852e-25
2.0074315030773566e-25
1.982749795669781e-25
1.9602883995368575e-25
1.9399224304886873e-25
1.9215418040907167e-25
1.9050497176748162e-25
1.890361358581521e-25
1.8774028063241195e-25
1.8661101021458956e-25
1.8564284641981585e-25
1.848311630510801e-25
1.84172131522741e-25
1.8366267663679692e-25
1.8330044157727404e-25
1.8308376139601542e-25
1.8301164444736206e-25
1.8308376139601542e-25
1.8330044157727404e-25
1.8366267663679692e-25
1.84172131522741e-25
1.848311630510801e-25
1.8564284641981585e-25
1.8661101021458956e-25
1.8774028063241195e-25
1.890361358581521e-25
1.9050497176748162e-25
1.9215418040907167e-25
1.9399224304886873e-25
1.9602883995368575e-25
1.982749795669781e-25
2.0074315030773566e-25
2.0344749893088852e-25
2.0640404025897535e-25
2.096309041744757e-25
2.1314862710765958e-25
2.1698049694101794e-25
2.2115296237653976e-25
2.256961205058784e-25
2.306442997577763e-25
2.360367598017071e-25
2.4191853567041665e-25
2.483414607450613e-25
2.5536541289509864e-25
2.6305984076410837e-25
2.71505644026204e-25
2.807975039178181e-25
2.910467906035472e-25
3.0238521498045946e-25
3.1496944868328063e-25
3.2898701356592764e-25
3.4466384991098734e-25
3.6227412448086605e-25
3.8215305526296397e-25
4.047138394747108e-25
4.304702209176423e-25
4.600668927332269e-25
4.943209122050284e-25
5.342787795911413e-25
5.81296081896123e-25
6.3715007778292385e-25
7.042010474023583e-25
7.8562689821052605e-25
8.857695237789012e-25
1.0106544152608127e-24
1.1687834469865746e-24
1.3723660729420912e-24
1.6392672542424399e-24
1.9961099747511628e-24
2.4836494247942798e-24
3.1650754482334365e-24
4.141378498141315e-24
5.5774887272319765e-24
7.749799227814373e-24
1.1133928156595619e-23
1.6571168972065652e-23
2.5592714524208483e-23
4.1068817489820564e-23
6.854586217315322e-23
1.190816045823313e-22
2.154392895786046e-22
4.0603945455312437e-22
7.973814908575044e-22
1.6318231920627737e-21
3.480326145819091e-21
7.736121498623901e-21
1.7922207717546718e-20
4.327416179183875e-20
1.0890238445746268e-19
2.8564203043513036e-19
7.808964988459627e-19
2.225226481916878e-18
6.610068100825081e-18
2.0471776660417992e-17
6.611816659160078e-17
2.227594829298146e-16
7.832177708503687e-16
2.8754385757982703e-15
1.103142723021474e-14
4.426882342507328e-14
1.8604456321230107e-13
8.197761290196333e-13
3.790180697659214e-12
1.8383819245580033e-11
9.340216484831778e-11
4.955808993772492e-10
2.734595585771935e-09
1.6586306472777986e-08
1.0209904593232908e-07
6.527846555233183e-07
4.318904262163339e-06
2.9470832783715425e-05
0.00020686353339680738
0.0014909228513987126
0.01102263638552719
0.08358614518308444

4.546054891581447e-24
7.95424200302172e-20
5.191064299464042e-16
1.2635938407713467e-12
1.147234175669462e-09
3.88499205788761e-07
4.907063503126225e-05
0.002311781087062909
0.04063612787495556
0.3436449132250195
2.0277139131862674
0.6709072914936709
0.2018383791493435
0.025601182288615364
0.0012112657413816438
2.137530548054308e-05
1.4069501486637174e-07
3.4541291593300106e-10
3.1629470381626535e-13
1.080286006710335e-16
1.3761921139380028e-20
6.539022968072451e-25
1.1588844737911876e-29
7.660566901141219e-35
1.888752962968635e-40
1.7369322994705186e-46
5.957775134465639e-53
7.622173100985646e-60
3.637198397382611e-67
6.473641695686492e-75
4.297578410449741e-83
1.0641245036803392e-91
9.827760450325023e-101
3.38540135751628e-110
4.349699449380238e-120
2.084499613084472e-130
3.725957284997111e-141
2.48409046796111e-152
6.177182445462693e-164
5.7293708284833506e-176
1.9820605611171626e-188
2.5575279658064913e-201
1.2308846228686289e-214
2.209570101876862e-228
1.4794207542884212e-242
3.694614351301677e-257
3.441438416754778e-272
1.1956508464538026e-287
1.5493952939322026e-303
7.4886e-320
0.0
0.0
0.0
0.0
0.0
0.0
0.0
0.0
0.0
0.0
0.0
0.0
0.0
0.0
0.0
0.0
0.0
0.0
0.0
0.0
0.0
0.0
0.0
0.0
0.0
0.0
0.0
0.0
0.0
0.0
0.0
0.0
0.0
0.0
0.0
0.0
0.0
0.0
0.0
0.0
0.0
0.0
0.0
0.0
0.0
0.0
0.0
0.0
0.0
0.0
