0.8447643060603103
0.1164088578047623
0.05579152384757234
0.03269840698752495
0.021507025003368513
0.015398736586357441
0.011739540805805157
0.009377920001754662
0.007760112861969484
0.006597491693582312
0.0057289839762964395
0.005059331533818918
0.004529345803426759
0.004100663532551724
0.0037475005230782343
0.0034519749907728783
0.003201342922161305
0.0029863028141536804
0.0027999219304449194
0.00263693634910398
0.0024932827985110935
0.0023657782274259594
0.0022518958948173524
0.002149605946300744
0.002057259959119172
0.0019735060254857774
0.0018972254077479103
0.0018274846693328043
0.00176349906728806
0.0017046042480240655
0.001650234139728289
0.0015999035216193538
0.0015531941600175959
0.001509743691239727
0.0014692366391126977
0.0014313971054785886
0.0013959827823542587
0.0013627800160091077
0.001331599714167932
0.0013022739334681902
0.0012746530191951775
0.0012486031960433955
0.001224004529273885
0.001200749191662263
0.0011787399841690716
0.0011578890681346703
0.0011381168746195226
0.0011193511627397268
0.0011015262038374814
0.001084582072344379
0.0010684640274473845
0.0010531219723118074
0.001038509979775816
0.0010245858752035463
0.001011310868644242
0.000998649229653005
0.0009865679991320358
0.0009750367333875395
0.0009640272762970609
0.0009535135560692392
0.0009434714035725336
0.000933878389627299
0.000924713679009708
0.000915957899216989
0.0009075930223000322
0.0008996022582887302
0.0008919699589233968
0.0008846815305671495
0.000877723355313307
0.0008710827194220291
0.0008647477483244925
0.0008587073475231514
0.0008529511487951618
0.000847469461174471
0.0008422532262478526
0.000837293977352484
0.000832583802308572
0.0008281153093608632
0.0008238815960384233
0.0008198762206734312
0.0008160931763474756
0.0008125268670584312
0.000809172085922832
0.0008060239952480967
0.0008030781083262991
0.0008003302728166978
0.0007977766555981165
0.0007954137289847832
0.0007932382582104752
0.0007912472900960043
0.0007894381428243022
0.0007878083967557597
0.0007863558862241564
0.0007850786922605476
0.0007839751361989753
0.0007830437741238798
0.0007822833921247014
0.000781693002328416
0.0007812718396857269
0.0007810193594913605
0.0007809352356234442
0.0007810193594913605
0.0007812718396857269
0.000781693002328416
0.0007822833921247014
0.0007830437741238798
0.0007839751361989753
0.0007850786922605476
0.0007863558862241564
0.0007878083967557597
0.0007894381428243022
0.0007912472900960043
0.0007932382582104752
0.0007954137289847832
0.0007977766555981165
0.0008003302728166978
0.0008030781083262991
0.0008060239952480967
0.000809172085922832
0.0008125268670584312
0.0008160931763474756
0.0008198762206734312
0.0008238815960384233
0.0008281153093608632
0.000832583802308572
0.000837293977352484
0.0008422532262478526
0.000847469461174471
0.0008529511487951618
0.0008587073475231514
0.0008647477483244925
0.0008710827194220291
0.000877723355313307
0.0008846815305671495
0.0008919699589233968
0.0008996022582887302
0.0009075930223000322
0.000915957899216989
0.000924713679009708
0.000933878389627299
0.0009434714035725336
0.0009535135560692392
0.0009640272762970609
0.0009750367333875395
0.0009865679991320358
0.000998649229653005
0.001011310868644242
0.0010245858752035463
0.001038509979775816
0.0010531219723118074
0.0010684640274473845
0.001084582072344379
0.0011015262038374814
0.0011193511627397268
0.0011381168746195226
0.0011578890681346703
0.0011787399841690716
0.001200749191662263
0.001224004529273885
0.0012486031960433955
0.0012746530191951775
0.0013022739334681902
0.001331599714167932
0.0013627800160091077
0.0013959827823542587
0.0014313971054785886
0.0014692366391126977
0.001509743691239727
0.0015531941600175959
0.0015999035216193538
0.001650234139728289
0.0017046042480240655
0.00176349906728806
0.0018274846693328043
0.0018972254077479103
0.0019735060254857774
0.002057259959119172
0.002149605946300744
0.0022518958948173524
0.0023657782274259594
0.0024932827985110935
0.00263693634910398
0.0027999219304449194
0.0029863028141536804
0.003201342922161305
0.0034519749907728783
0.0037475005230782343
0.004100663532551724
0.004529345803426759
0.005059331533818918
0.0057289839762964395
0.006597491693582312
0.007760112861969484
0.009377920001754662
0.011739540805805157
0.015398736586357441
0.021507025003368513
0.03269840698752495
0.05579152384757234
0.1164088578047623

0.03759876784867391
0.07387192927557107
0.12312311089958841
0.17408206610136476
0.20879630906715996
0.2124447675762768
0.1833683285045837
0.1342646650143244
0.08340389892000388
0.043975149594645616
0.01975571827879159
0.0078088615013078
0.0034403579998844346
0.0034177446786262692
0.006839774997102684
0.014832094323700034
0.02996625316347871
0.05546496069685568
0.09390517627094395
0.14540805425657022
0.20592596685713455
0.26672097393636734
0.31595599905474603
0.34230987244215116
0.3391842089412016
0.3073797173301576
0.25476406518598477
0.19311878254651774
0.13388571464584
0.08489211402117826
0.04922932009603029
0.026109809809492235
0.01266505150575468
0.005618670882355572
0.002279731019748166
0.0008459739789922524
0.000287113611942849
8.911974638798675e-05
2.529982298807185e-05
6.5687752796642546e-06
1.559820803633689e-06
3.387570898550728e-07
6.728611597589414e-08
1.222322785912051e-08
2.030812075424977e-09
3.0858651793022394e-10
4.288520991326771e-11
5.450815897814262e-12
6.336345780210606e-13
6.736582080057657e-14
6.5503382024899426e-15
5.825205129611457e-16
4.7378586987475937e-17
3.524328376381248e-18
2.397695402416294e-19
1.491883929677578e-20
8.489838768612064e-22
4.4186258688178655e-23
2.103286336079336e-24
9.15657277736761e-26
3.64578357593924e-27
1.3276151452584534e-28
4.421573957025299e-30
1.346805776740002e-31
3.7519447015595074e-33
9.55941395999985e-35
2.2275604062187814e-36
4.747348264272138e-38
9.253287944239882e-40
1.6495460432579211e-41
2.6894048852412365e-43
4.010248803602658e-45
5.469023983135558e-47
6.821371765545638e-49
7.781386588644278e-51
8.118310289058804e-53
7.746360105052162e-55
6.760099673036715e-57
5.395502498811784e-59
3.938529276671522e-61
2.6294180485771173e-63
1.6054936146652575e-65
8.9656319602747e-68
4.57906293949733e-70
2.1389257078562919e-72
9.137726794473011e-75
3.570294322873289e-77
1.2758312956768438e-79
4.1697101246061616e-82
1.2463552825886754e-84
3.407228304049583e-87
8.518909258777107e-90
1.948005286847559e-92
4.073987119623004e-95
7.792423608120071e-98
1.363166286565598e-100
2.1809640224428433e-103
3.1913287714718404e-106
4.270885960787579e-109
5.227424684608461e-112
