1.3578889993532017
0.25992233468311354
0.09873284335903805
0.03886897551882985
0.015448274611178885
0.00619407538581732
0.0025054375758032914
0.0010223534988037784
0.00042085160243926354
0.00017477015806207348
7.32176809544393e-05
3.0943900489231824e-05
1.3193029311806368e-05
5.6744584185477095e-06
2.4621510537124544e-06
1.0777433838284793e-06
4.759117582225783e-07
2.1200695385913706e-07
9.527559986058428e-08
4.319401714599896e-08
1.9754947813293352e-08
9.114742821465087e-09
4.242369053430377e-09
1.9919722088903263e-09
9.435611459280491e-10
4.5088908296659907e-10
2.173616446845242e-10
1.0570847942724912e-10
5.186211361843056e-11
2.5668672115138213e-11
1.2816469436112183e-11
6.4557106565874484e-12
3.280417978848775e-12
1.6816003033898861e-12
8.696092212599222e-13
4.5366258098958627e-13
2.3875329490183416e-13
1.2675756913797562e-13
6.789024346054787e-14
3.668180952717518e-14
1.9994246936641044e-14
1.0994389501073912e-14
6.098872372305656e-15
3.413033807828143e-15
1.9268333931104734e-15
1.0973871447706858e-15
6.305028860252962e-16
3.6544755530736284e-16
2.1368453484398074e-16
1.260464359575828e-16
7.500618891047538e-17
4.502694982842659e-17
2.7268230220868418e-17
1.6659066838336257e-17
1.0267249649414992e-17
6.383631342440007e-18
4.003982433201354e-18
2.533538946725407e-18
1.6172393141939809e-18
1.0414354401800296e-18
6.765528149900283e-19
4.433862088791622e-19
2.931389752663393e-19
1.9551301088383514e-19
1.3154924525923551e-19
8.929182039339862e-20
6.11428697736939e-20
4.223682063638213e-20
2.943395239043372e-20
2.0692784616144078e-20
1.4675865009892558e-20
1.0500375553580626e-20
7.579227035450773e-21
5.525914828868225e-21
4.0544991246448336e-21
3.004972369209392e-21
2.2469105328130497e-21
1.695057434443096e-21
1.2901831540995298e-21
9.908462509083011e-22
7.678469834627238e-22
6.004675518951664e-22
4.739067814105919e-22
3.775183213725856e-22
3.035928372510867e-22
2.4651082945709785e-22
2.021495502295092e-22
1.674652131428144e-22
1.4019687826263918e-22
1.1865531527749943e-22
1.015715792571851e-22
8.798780410433048e-23
7.724881976045956e-23
6.859054608532273e-23
6.180571887561212e-23
5.650511526828152e-23
5.244886605871119e-23
4.945916635422035e-23
4.7408393522081614e-23
4.621078591226749e-23
4.581695833893646e-23
4.621078591226749e-23
4.7408393522081614e-23
4.945916635422035e-23
5.244886605871119e-23
5.650511526828152e-23
6.180571887561212e-23
6.859054608532273e-23
7.724881976045956e-23
8.798780410433048e-23
1.015715792571851e-22
1.1865531527749943e-22
1.4019687826263918e-22
1.674652131428144e-22
2.021495502295092e-22
2.4651082945709785e-22
3.035928372510867e-22
3.775183213725856e-22
4.739067814105919e-22
6.004675518951664e-22
7.678469834627238e-22
9.908462509083011e-22
1.2901831540995298e-21
1.695057434443096e-21
2.2469105328130497e-21
3.004972369209392e-21
4.0544991246448336e-21
5.525914828868225e-21
7.579227035450773e-21
1.0500375553580626e-20
1.4675865009892558e-20
2.0692784616144078e-20
2.943395239043372e-20
4.223682063638213e-20
6.11428697736939e-20
8.929182039339862e-20
1.3154924525923551e-19
1.9551301088383514e-19
2.931389752663393e-19
4.433862088791622e-19
6.765528149900283e-19
1.0414354401800296e-18
1.6172393141939809e-18
2.533538946725407e-18
4.003982433201354e-18
6.383631342440007e-18
1.0267249649414992e-17
1.6659066838336257e-17
2.7268230220868418e-17
4.502694982842659e-17
7.500618891047538e-17
1.260464359575828e-16
2.1368453484398074e-16
3.6544755530736284e-16
6.305028860252962e-16
1.0973871447706858e-15
1.9268333931104734e-15
3.413033807828143e-15
6.098872372305656e-15
1.0994389501073912e-14
1.9994246936641044e-14
3.668180952717518e-14
6.789024346054787e-14
1.2675756913797562e-13
2.3875329490183416e-13
4.5366258098958627e-13
8.696092212599222e-13
1.6816003033898861e-12
3.280417978848775e-12
6.4557106565874484e-12
1.2816469436112183e-11
2.5668672115138213e-11
5.186211361843056e-11
1.0570847942724912e-10
2.173616446845242e-10
4.5088908296659907e-10
9.435611459280491e-10
1.9919722088903263e-09
4.242369053430377e-09
9.114742821465087e-09
1.9754947813293352e-08
4.319401714599896e-08
9.527559986058428e-08
2.1200695385913706e-07
4.759117582225783e-07
1.0777433838284793e-06
2.4621510537124544e-06
5.6744584185477095e-06
1.3193029311806368e-05
3.0943900489231824e-05
7.32176809544393e-05
0.00017477015806207348
0.00042085160243926354
0.0010223534988037784
0.0025054375758032914
0.00619407538581732
0.015448274611178885
0.03886897551882985
0.09873284335903805
0.25992233468311354

8.869503306665386e-23
2.961566905662189e-14
9.440023442871122e-08
0.0028724592299568725
0.834380123408348
2.3136800526084227
0.06124518219035415
1.5476396067135685e-05
3.733335467117272e-11
8.597129583506803e-19
1.8899016560486437e-28
2.8646154224349457e-38
3.80148842047831e-32
1.4637540202128493e-26
1.6127047487023155e-21
5.084098588295468e-17
4.586119821625593e-13
1.1837204923009828e-09
8.742291226099189e-07
0.00018474543179613584
0.01117138062983266
0.20535553870275264
1.338349241495282
1.3655032045937887
0.549415742523848
0.06372111609386506
0.0021146483471229808
2.0080072450383133e-05
5.455878982152649e-08
4.241666475201941e-11
9.435841556100976e-15
6.00616277138535e-19
1.0939208264368567e-23
5.700947197251606e-29
8.501204851170743e-35
3.627323413453798e-41
4.428579158711199e-48
1.5470875085185427e-55
1.5464564069513546e-63
4.423161734148891e-72
3.6199309984435163e-81
8.47695933396107e-91
5.6800510914458137e-101
1.0890221660755241e-111
5.9743894839927834e-123
9.378268859556704e-135
4.212347208383397e-147
5.413747278886668e-160
1.9908756302300482e-173
2.094896723930277e-187
6.307444526118088e-202
5.433961993609041e-217
1.3395289018115499e-232
9.448435773537743e-249
1.9069533854248435e-265
1.10126686867898e-282
1.819773789260441e-300
8.6043e-319
0.0
0.0
0.0
0.0
0.0
0.0
0.0
0.0
0.0
0.0
0.0
0.0
0.0
0.0
0.0
0.0
0.0
0.0
0.0
0.0
0.0
0.0
0.0
0.0
0.0
0.0
0.0
0.0
0.0
0.0
0.0
0.0
0.0
0.0
0.0
0.0
0.0
0.0
0.0
0.0
0.0
0.0
