0.9615567697052578
0.09497015343631082
0.018435571501014266
0.0052730319802801375
0.001957143386629645
0.000892744022242766
0.0004813532280057107
0.000296067952082943
0.0002013366464703309
0.0001476024539751238
0.00011444880642702607
9.256055935421889e-05
7.730064656685361e-05
6.61827903478976e-05
5.7786867086336615e-05
5.125676751757022e-05
4.60520259555996e-05
4.181765455531473e-05
3.831238059694186e-05
3.536728160460631e-05
3.2860988217864955e-05
3.070429410470006e-05
2.8830305347241795e-05
2.7187959810925812e-05
2.573765743717861e-05
2.4448248021031085e-05
2.329491293359e-05
2.2257648342598362e-05
2.132016115644359e-05
2.0469053265612658e-05
1.9693210486093035e-05
1.8983339046441524e-05
1.8331609899824723e-05
1.7731382846031065e-05
1.7176990428724765e-05
1.6663567095626107e-05
1.618691298339825e-05
1.5743384442082835e-05
1.5329805393494083e-05
1.4943395057554682e-05
1.4581708638356441e-05
1.4242588346689622e-05
1.3924122723680394e-05
1.3624612674325778e-05
1.3342542958030272e-05
1.307655814295331e-05
1.2825442231804307e-05
1.2588101323103757e-05
1.236354879450608e-05
1.2150892591464122e-05
1.1949324281231322e-05
1.1758109593415524e-05
1.1576580217414403e-05
1.1404126666672214e-05
1.1240192051798788e-05
1.1084266630731053e-05
1.0935883025497172e-05
1.0794612012707435e-05
1.0660058809383698e-05
1.053185978773812e-05
1.0409679562486671e-05
1.029320840260628e-05
1.018215992641354e-05
1.0076269044698761e-05
9.975290121584966e-06
9.8789953269556e-06
9.787173157834975e-06
9.699627109117483e-06
9.616174476610894e-06
9.536645277557597e-06
9.460881275682888e-06
9.388735099441303e-06
9.320069443530186e-06
9.254756344947989e-06
9.192676525922042e-06
9.133718796939772e-06
9.07777951390881e-06
9.02476208416194e-06
8.974576516626862e-06
8.927139012009453e-06
8.882371589304434e-06
8.840201745356039e-06
8.800562144552401e-06
8.76339033605646e-06
8.728628496259038e-06
8.6962231943911e-06
8.666125179456068e-06
8.638289186843012e-06
8.61267376316072e-06
8.58924110799345e-06
8.567956931424432e-06
8.548790326304247e-06
8.531713654360669e-06
8.516702445355202e-06
8.503735308591421e-06
8.492793856172235e-06
8.483862637488397e-06
8.476929084500492e-06
8.471983467451383e-06
8.469018860717284e-06
8.468031118573599e-06
8.469018860717284e-06
8.471983467451383e-06
8.476929084500492e-06
8.483862637488397e-06
8.492793856172235e-06
8.503735308591421e-06
8.516702445355202e-06
8.531713654360669e-06
8.548790326304247e-06
8.567956931424432e-06
8.58924110799345e-06
8.61267376316072e-06
8.638289186843012e-06
8.666125179456068e-06
8.6962231943911e-06
8.728628496259038e-06
8.76339033605646e-06
8.800562144552401e-06
8.840201745356039e-06
8.882371589304434e-06
8.927139012009453e-06
8.974576516626862e-06
9.02476208416194e-06
9.07777951390881e-06
9.133718796939772e-06
9.192676525922042e-06
9.254756344947989e-06
9.320069443530186e-06
9.388735099441303e-06
9.460881275682888e-06
9.536645277557597e-06
9.616174476610894e-06
9.699627109117483e-06
9.787173157834975e-06
9.8789953269556e-06
9.975290121584966e-06
1.0076269044698761e-05
1.018215992641354e-05
1.029320840260628e-05
1.0409679562486671e-05
1.053185978773812e-05
1.0660058809383698e-05
1.0794612012707435e-05
1.0935883025497172e-05
1.1084266630731053e-05
1.1240192051798788e-05
1.1404126666672214e-05
1.1576580217414403e-05
1.1758109593415524e-05
1.1949324281231322e-05
1.2150892591464122e-05
1.236354879450608e-05
1.2588101323103757e-05
1.2825442231804307e-05
1.307655814295331e-05
1.3342542958030272e-05
1.3624612674325778e-05
1.3924122723680394e-05
1.4242588346689622e-05
1.4581708638356441e-05
1.4943395057554682e-05
1.5329805393494083e-05
1.5743384442082835e-05
1.618691298339825e-05
1.6663567095626107e-05
1.7176990428724765e-05
1.7731382846031065e-05
1.8331609899824723e-05
1.8983339046441524e-05
1.9693210486093035e-05
2.0469053265612658e-05
2.132016115644359e-05
2.2257648342598362e-05
2.329491293359e-05
2.4448248021031085e-05
2.573765743717861e-05
2.7187959810925812e-05
2.8830305347241795e-05
3.070429410470006e-05
3.2860988217864955e-05
3.536728160460631e-05
3.831238059694186e-05
4.181765455531473e-05
4.60520259555996e-05
5.125676751757022e-05
5.7786867086336615e-05
6.61827903478976e-05
7.730064656685361e-05
9.256055935421889e-05
0.00011444880642702607
0.0001476024539751238
0.0002013366464703309
0.000296067952082943
0.0004813532280057107
0.000892744022242766
0.001957143386629645
0.0052730319802801375
0.018435571501014266
0.09497015343631082

0.0003917624700806612
0.001639955708612266
0.005766946282010046
0.017038038734121783
0.04230276933909436
0.08831395889952011
0.1552011945517647
0.2301661198796487
0.28967072833370117
0.3134356273745412
0.3004554300637853
0.2714784073311887
0.2543102372277771
0.2649995182846789
0.29984873526796146
0.34093543099429463
0.3675708925346264
0.3658435202492352
0.3329246462599723
0.27617573254884265
0.20866402259885417
0.14356171707399926
0.08993669516616944
0.05130240964712438
0.02664650481350119
0.012602137754229152
0.005426872910675165
0.0021279260583474276
0.0007597397810843106
0.000246987317992668
7.311153356754332e-05
1.9706004862293633e-05
4.836294403209253e-06
1.0807576719718045e-06
2.1991020161001892e-07
4.074402022895277e-08
6.873593321973537e-09
1.0558573332063088e-09
1.4768218193863877e-10
1.8808424254603115e-11
2.1811130548190972e-12
2.3030607528791763e-13
2.2142877847915386e-14
1.9384927745564306e-15
1.5452393584620096e-16
1.121576210048568e-17
7.412475462665826e-19
4.460660815899478e-20
2.444199135549714e-21
1.2194820823272375e-22
5.540075887609012e-24
2.2916983722368816e-25
8.63178573424003e-27
2.960365259257122e-28
9.244669703300753e-30
2.6286874507274236e-31
6.805937507355049e-33
1.604495172651601e-34
3.444215565116038e-36
6.731993498476198e-38
1.1981149939019555e-39
1.9415776812924244e-41
2.864919948765503e-43
3.849210522945199e-45
4.709039028065952e-47
5.2455903031238846e-49
5.3205667778723624e-51
4.913861159560937e-53
4.132275962531997e-55
3.1641510312634084e-57
2.206106863104394e-59
1.4005458753719434e-61
8.09598294390824e-64
4.2613115066583155e-66
2.0422948092192927e-68
8.912407528257053e-71
3.5413845855673415e-73
1.2813052362541427e-75
4.2211769874376896e-78
1.2662398444480128e-80
3.4585960501951145e-83
8.601717190911189e-86
1.947923650742132e-88
4.016614522240687e-91
7.541362727952188e-94
1.2892613362387393e-96
2.0069360765380533e-99
2.8446417090656682e-102
3.671326927745249e-105
4.314395937930319e-108
4.616558993234231e-111
4.497987387992631e-114
3.990428464001394e-117
3.2234599485751485e-120
2.370972298202055e-123
1.5879328519546722e-126
9.683653477040068e-130
5.377096109305497e-133
2.71867823593644e-136
1.2516107208963528e-139
