0.9325741981716206
0.01662928169145759
0.00038558331148925984
1.1591855960192294e-05
4.462086932247966e-07
2.1789119854382155e-08
1.3510184653394464e-09
1.0384456192835282e-10
1.0009570707029252e-11
1.2150904450497835e-12
1.8494219839747004e-13
3.519800329902912e-14
8.368230117570671e-15
2.4766294588770978e-15
9.038550063830228e-16
3.9960062441576045e-16
2.0852777876951338e-16
1.2459780688724583e-16
8.273955545963799e-17
5.95342978534057e-17
4.549954131440526e-17
3.639006352603476e-17
3.012973962768031e-17
2.5623475094488946e-17
2.2254970171865085e-17
1.9657592774865986e-17
1.7602606400126453e-17
1.594134253679844e-17
1.457369512490063e-17
1.3430156478268158e-17
1.2461154491077426e-17
1.1630494394276188e-17
1.0911195495770813e-17
1.028277270864177e-17
9.729416098820615e-18
9.23874382791294e-18
8.800930224202968e-18
8.40808473849698e-18
8.053802086922069e-18
7.732831354749812e-18
7.440829162662921e-18
7.174173153534054e-18
6.9298193790121915e-18
6.705192054509838e-18
6.498097469765043e-18
6.3066561287488e-18
6.129248790394903e-18
5.964473212617762e-18
5.8111092124773006e-18
5.668090242660848e-18
5.534480114644656e-18
5.409453817168205e-18
5.292281616343602e-18
5.182315802809048e-18
5.0789795873983824e-18
4.9817577509918564e-18
4.890188734598463e-18
4.803857918176609e-18
4.722391885552781e-18
4.645453511253582e-18
4.57273773552178e-18
4.5039679180452624e-18
4.438892680356478e-18
4.377283162502148e-18
4.318930632239818e-18
4.263644395308117e-18
4.211249963722215e-18
4.161587445940522e-18
4.1145101284284756e-18
4.069883222843135e-18
4.0275827569631415e-18
3.987494590739797e-18
3.9495135415644355e-18
3.913542605129894e-18
3.879492260186247e-18
3.847279847115241e-18
3.816829011624539e-18
3.78806920603335e-18
3.760935241619121e-18
3.735366886348497e-18
3.711308503047899e-18
3.688708723698723e-18
3.667520156085286e-18
3.647699119493435e-18
3.6292054065651815e-18
3.6120020687691685e-18
3.596055223256068e-18
3.58133387913857e-18
3.567809781473211e-18
3.5554572714306034e-18
3.5442531613256014e-18
3.5341766233431796e-18
3.525209090942306e-18
3.517334172051086e-18
3.51053757328478e-18
3.504807034525193e-18
3.500132273297736e-18
3.496504938472171e-18
3.493918572896331e-18
3.492368584650105e-18
3.491852226680616e-18
3.492368584650105e-18
3.493918572896331e-18
3.496504938472171e-18
3.500132273297736e-18
3.504807034525193e-18
3.51053757328478e-18
3.517334172051086e-18
3.525209090942306e-18
3.5341766233431796e-18
3.5442531613256014e-18
3.5554572714306034e-18
3.567809781473211e-18
3.58133387913857e-18
3.596055223256068e-18
3.6120020687691685e-18
3.6292054065651815e-18
3.647699119493435e-18
3.667520156085286e-18
3.688708723698723e-18
3.711308503047899e-18
3.735366886348497e-18
3.760935241619121e-18
3.78806920603335e-18
3.816829011624539e-18
3.847279847115241e-18
3.879492260186247e-18
3.913542605129894e-18
3.9495135415644355e-18
3.987494590739797e-18
4.0275827569631415e-18
4.069883222843135e-18
4.1145101284284756e-18
4.161587445940522e-18
4.211249963722215e-18
4.263644395308117e-18
4.318930632239818e-18
4.377283162502148e-18
4.438892680356478e-18
4.5039679180452624e-18
4.57273773552178e-18
4.645453511253582e-18
4.722391885552781e-18
4.803857918176609e-18
4.890188734598463e-18
4.9817577509918564e-18
5.0789795873983824e-18
5.182315802809048e-18
5.292281616343602e-18
5.409453817168205e-18
5.534480114644656e-18
5.668090242660848e-18
5.8111092124773006e-18
5.964473212617762e-18
6.129248790394903e-18
6.3066561287488e-18
6.498097469765043e-18
6.705192054509838e-18
6.9298193790121915e-18
7.174173153534054e-18
7.440829162662921e-18
7.732831354749812e-18
8.053802086922069e-18
8.40808473849698e-18
8.800930224202968e-18
9.23874382791294e-18
9.729416098820615e-18
1.028277270864177e-17
1.0911195495770813e-17
1.1630494394276188e-17
1.2461154491077426e-17
1.3430156478268158e-17
1.457369512490063e-17
1.594134253679844e-17
1.7602606400126453e-17
1.9657592774865986e-17
2.2254970171865085e-17
2.5623475094488946e-17
3.012973962768031e-17
3.639006352603476e-17
4.549954131440526e-17
5.95342978534057e-17
8.273955545963799e-17
1.2459780688724583e-16
2.0852777876951338e-16
3.9960062441576045e-16
9.038550063830228e-16
2.4766294588770978e-15
8.368230117570671e-15
3.519800329902912e-14
1.8494219839747004e-13
1.2150904450497835e-12
1.0009570707029252e-11
1.0384456192835282e-10
1.3510184653394464e-09
2.1789119854382155e-08
4.462086932247966e-07
1.1591855960192294e-05
0.00038558331148925984
0.01662928169145759

1.4344411417247095e-16
4.866346288069292e-15
1.3762609426937502e-13
3.2447112926306974e-12
6.377182491677829e-11
1.0448625881900312e-09
1.4271420962761865e-08
1.62500051900286e-07
1.5424810396244043e-06
1.2205950756080805e-05
8.052371517225823e-05
0.0004429088199529802
0.0020315658510489326
0.007774236798308196
0.024839542799176325
0.06635530263208228
0.14849603214804105
0.2790711213268993
0.44141674821461524
0.5882347068355603
0.6595379301330841
0.619602531860016
0.5044384008976424
0.8730659516433095
0.300178221673411
0.0724339999448791
0.025579042327406702
0.007418933216616743
0.0017691210949540295
0.0003491855034199055
5.746174856896461e-05
7.931481959788604e-06
9.215914212991535e-07
9.02131560841591e-08
7.429503422233375e-09
5.135530947355609e-10
2.9724711934148495e-11
1.4379747570449873e-12
5.807026541010765e-14
1.956217856367935e-15
5.4951851715528684e-17
1.2869892516187303e-18
2.5128323172410322e-20
4.0901186675624873e-22
5.5499336772451635e-24
6.277948569389749e-26
5.920049889744169e-28
4.6538300107157376e-30
3.049812720269042e-32
1.666147041925369e-34
7.58806389513205e-37
2.8808863743986238e-39
9.117982982813957e-42
2.4057412927617013e-44
5.291472767077387e-47
9.702456527921577e-50
1.4830791972894298e-52
1.8898375693325296e-55
2.0075303096822348e-58
1.777776827417374e-61
1.312411020604776e-64
8.07681236205036e-68
4.143693423459051e-71
1.772200015540795e-74
6.318519839109277e-78
1.8779994827788184e-81
4.653214584941786e-85
9.611434053428415e-89
1.6550106688796666e-92
2.3756961972178796e-96
2.842879846355554e-100
2.835982877368336e-104
2.3584474372169392e-108
1.635032147982261e-112
9.449392490774689e-117
4.552594588321517e-121
1.8284856857542515e-125
6.122117340477303e-130
1.7087921146309385e-134
3.976072645825711e-139
7.712530376804077e-144
1.247145034525387e-148
1.6811812345761952e-153
1.8892507488514843e-158
1.7698732681021774e-163
1.382204281852045e-168
8.998700460360694e-174
4.8838785419273914e-179
2.209669959506564e-184
8.334268074519854e-190
2.620505147503671e-195
6.868787268478637e-201
1.5009029550019271e-206
2.734026102683234e-212
4.1517404756206363e-218
5.255756510199628e-224
5.54648411212341e-230
4.879527917774744e-236
3.578617970072914e-242
2.1879146041864027e-248
