0.43741907435847815
0.20971547686705994
0.11171498029801212
0.062284987650072746
0.035689172709642204
0.020893960385838933
0.012473118545902325
0.007588360454184238
0.004704941533274804
0.0029741038882708988
0.0019178683488951162
0.0012626679677173061
0.0008495295743092343
0.0005847073646714708
0.00041212267469507515
0.00029775384679611304
0.00022067214867584815
0.00016782516493315795
0.00013096129865423355
0.00010479332571968865
8.588798751823239e-05
7.198624995869582e-05
6.158210964355923e-05
5.3658461710591445e-05
4.7519495093285586e-05
4.268309484631592e-05
3.881097109382091e-05
3.566277137969711e-05
3.306560699908833e-05
3.089359278790814e-05
2.9053961108180443e-05
2.7477537119029722e-05
2.611213701361588e-05
2.4917945021037263e-05
2.3864243258504134e-05
2.292707551293137e-05
2.2087561917367773e-05
2.1330671519966817e-05
2.0644319937010682e-05
2.0018699884901913e-05
1.944578001462623e-05
1.89189264332251e-05
1.8432614419237025e-05
1.7982206995387202e-05
1.7563783462542324e-05
1.7174005565300433e-05
1.6810012222165855e-05
1.646933610201948e-05
1.6149837032059652e-05
1.584964846683735e-05
1.5567134163600048e-05
1.530085288748698e-05
1.504952947608998e-05
1.481203097281498e-05
1.458734682560803e-05
1.4374572365988545e-05
1.4172894950454047e-05
1.3981582274990237e-05
1.379997247307089e-05
1.3627465685153432e-05
1.3463516848478071e-05
1.3307629503866402e-05
1.3159350454133994e-05
1.3018265138912051e-05
1.28839936148166e-05
1.275618704931269e-05
1.26345246522991e-05
1.2518710982162002e-05
1.240847357341821e-05
1.2303560841561327e-05
1.2203740227707868e-05
1.2108796551407258e-05
1.2018530544760962e-05
1.1932757544975729e-05
1.1851306325801282e-05
1.1774018051091867e-05
1.1700745336078387e-05
1.1631351403921179e-05
1.1565709326794237e-05
1.1503701342181554e-05
1.1445218236286477e-05
1.1390158787499406e-05
1.1338429263767014e-05
1.1289942968479181e-05
1.1244619830158776e-05
1.1202386031819453e-05
1.1163173676361512e-05
1.1126920484816878e-05
1.1093569524640766e-05
1.1063068965587746e-05
1.1035371861010287e-05
1.1010435952684445e-05
1.0988223497504973e-05
1.0968701114604969e-05
1.0951839651647042e-05
1.093761406920685e-05
1.0926003342328794e-05
1.0916990378479691e-05
1.0910561951262012e-05
1.0906708649375446e-05
1.0905424840435761e-05
1.0906708649375446e-05
1.0910561951262012e-05
1.0916990378479691e-05
1.0926003342328794e-05
1.093761406920685e-05
1.0951839651647042e-05
1.0968701114604969e-05
1.0988223497504973e-05
1.1010435952684445e-05
1.1035371861010287e-05
1.1063068965587746e-05
1.1093569524640766e-05
1.1126920484816878e-05
1.1163173676361512e-05
1.1202386031819453e-05
1.1244619830158776e-05
1.1289942968479181e-05
1.1338429263767014e-05
1.1390158787499406e-05
1.1445218236286477e-05
1.1503701342181554e-05
1.1565709326794237e-05
1.1631351403921179e-05
1.1700745336078387e-05
1.1774018051091867e-05
1.1851306325801282e-05
1.1932757544975729e-05
1.2018530544760962e-05
1.2108796551407258e-05
1.2203740227707868e-05
1.2303560841561327e-05
1.240847357341821e-05
1.2518710982162002e-05
1.26345246522991e-05
1.275618704931269e-05
1.28839936148166e-05
1.3018265138912051e-05
1.3159350454133994e-05
1.3307629503866402e-05
1.3463516848478071e-05
1.3627465685153432e-05
1.379997247307089e-05
1.3981582274990237e-05
1.4172894950454047e-05
1.4374572365988545e-05
1.458734682560803e-05
1.481203097281498e-05
1.504952947608998e-05
1.530085288748698e-05
1.5567134163600048e-05
1.584964846683735e-05
1.6149837032059652e-05
1.646933610201948e-05
1.6810012222165855e-05
1.7174005565300433e-05
1.7563783462542324e-05
1.7982206995387202e-05
1.8432614419237025e-05
1.89189264332251e-05
1.944578001462623e-05
2.0018699884901913e-05
2.0644319937010682e-05
2.1330671519966817e-05
2.2087561917367773e-05
2.292707551293137e-05
2.3864243258504134e-05
2.4917945021037263e-05
2.611213701361588e-05
2.7477537119029722e-05
2.9053961108180443e-05
3.089359278790814e-05
3.306560699908833e-05
3.566277137969711e-05
3.881097109382091e-05
4.268309484631592e-05
4.7519495093285586e-05
5.3658461710591445e-05
6.158210964355923e-05
7.198624995869582e-05
8.588798751823239e-05
0.00010479332571968865
0.00013096129865423355
0.00016782516493315795
0.00022067214867584815
0.00029775384679611304
0.00041212267469507515
0.0005847073646714708
0.0008495295743092343
0.0012626679677173061
0.0019178683488951162
0.0029741038882708988
0.004704941533274804
0.007588360454184238
0.012473118545902325
0.020893960385838933
0.035689172709642204
0.062284987650072746
0.11171498029801212
0.20971547686705994

0.0005067186917004084
0.008871602020235528
0.3094362048598779
1.0849646929159587
0.3403484256799757
0.03823547248393851
0.04485831698589576
0.058313965258582984
0.0659380798469306
0.06482761905657758
0.05541711016852204
0.041189612528189805
0.026618989586759834
0.014957377486258019
0.00730767745646645
0.003104297353295419
0.001146587722273014
0.0003682233184386753
0.00010281945943196515
2.4963149238591294e-05
5.269670469019503e-06
9.672251291444244e-07
1.54358913341976e-07
2.1418836812449157e-08
2.5841640451433885e-09
2.710842622201713e-10
2.472569793277678e-11
1.9608882372854306e-12
1.3521259615240126e-13
8.106651248930336e-15
4.2259646164166653e-16
1.9154474915024932e-17
7.5487435912421e-19
2.5866586757054323e-20
7.706613945075911e-22
1.996402528609038e-23
4.496686874880098e-25
8.80637571522071e-27
1.4995529377470307e-28
2.2201709810023458e-30
2.8580582105010474e-32
3.199011093024704e-34
3.113296263296155e-36
2.6344210195723507e-38
1.938250673314516e-40
1.2399230464036616e-42
6.896671641621264e-45
3.335372888727344e-47
1.4025206604812837e-49
5.1278364952619564e-52
1.6301182082903983e-54
4.5057185102812805e-57
1.0828518479467844e-59
2.2627368831394685e-62
4.111110008590783e-65
6.494476781038113e-68
8.920501424459296e-71
1.0653551104496983e-73
1.1062659573966614e-76
9.988142532033438e-80
7.84097270799837e-83
5.3519886212914276e-86
3.1762922049258005e-89
1.639025627930318e-92
7.3537873627959745e-96
2.8687745520757294e-99
9.73064883359323e-103
2.869770770354435e-106
7.358895641104158e-110
1.640733738148399e-113
3.180706534363583e-117
5.361287806563162e-121
7.857324160054831e-125
1.0012447403365007e-128
1.1093430142254131e-132
1.0686893616481391e-136
8.951527447836183e-141
6.519328082745202e-145
4.128274386851118e-149
2.272973126193839e-153
1.088128223648902e-157
4.529245664896112e-162
1.639199102873773e-166
5.158192744460533e-171
1.411313360611963e-175
3.3574485620860063e-180
6.944729120990325e-185
1.248996674062453e-189
1.953112597410819e-194
2.6555428195564503e-199
3.1393473050804224e-204
3.226899561104874e-209
2.883975455097736e-214
2.2410817548567688e-219
1.5142021835629624e-224
8.895493864680525e-230
4.543769468189708e-235
2.0180064111099207e-240
7.792715523933732e-246
2.616466215574879e-251
