0.7738990237397806
0.19283915277623045
0.13577222382614884
0.1040635618836497
0.08174153358998873
0.06544269530535245
0.053311357834408664
0.04413186561525639
0.037078083506417975
0.031578344193059826
0.02723109341717051
0.023750262584217086
0.020929294335887708
0.018617106457310025
0.0167018208489324
0.015099607899639482
0.013746943741059631
0.01259517244989653
0.01160664338091676
0.010751937205572463
0.010007852748245866
0.009355931129225739
0.008781363264460518
0.008272173581345374
0.007818604644155673
0.0074126492497542645
0.007047691720150983
0.006718230735392659
0.006419663549866912
0.006148116779022172
0.005900312783530632
0.005673463459786895
0.0054651852768029105
0.005273430893887256
0.005096433800943456
0.004932663249768772
0.004780787365852351
0.004639642800000418
0.0045082096367731
0.004385590550660065
0.004270993411992335
0.004163716708149176
0.004063137273067834
0.003968699917905574
0.003879908634322664
0.003796319104072299
0.003717532298058713
0.0036431889875512464
0.0035729650219630572
0.003506567253171094
0.003443730007049522
0.0033842120197089104
0.003327793769658014
0.0032742751483464615
0.00322347342078857
0.0031752214355936655
0.0031293660500415943
0.0030857667410866983
0.003044294377544791
0.003004830132372333
0.0029672645170121734
0.0029314965223585033
0.002897432853068764
0.0028649872437903957
0.0028340798474312226
0.0028046366869300637
0.00277658916311633
0.002749873612215336
0.0027244309073856496
0.0027002060993873826
0.0026771480920940267
0.002655209349089993
0.002634345628054105
0.002614515740026402
0.0025956813310005484
0.0025778066835844783
0.002560858536733873
0.0025448059217921047
0.002529620013270869
0.0025152739929818675
0.002501742926284732
0.002489003649352947
0.0024770346664800607
0.0024658160565552444
0.0024553293879318915
0.002445557640997186
0.0024364851378255578
0.002428097478366031
0.0024203814826735557
0.0024133251387483913
0.0024069175555963486
0.0024011489211667437
0.0023960104648649335
0.0023914944243728733
0.0023875940165446062
0.002384303412174466
0.0023816177144644493
0.0023795329410439114
0.0023780460094199015
0.002377154725760319
0.002376857776934799
0.002377154725760319
0.0023780460094199015
0.0023795329410439114
0.0023816177144644493
0.002384303412174466
0.0023875940165446062
0.0023914944243728733
0.0023960104648649335
0.0024011489211667437
0.0024069175555963486
0.0024133251387483913
0.0024203814826735557
0.002428097478366031
0.0024364851378255578
0.002445557640997186
0.0024553293879318915
0.0024658160565552444
0.0024770346664800607
0.002489003649352947
0.002501742926284732
0.0025152739929818675
0.002529620013270869
0.0025448059217921047
0.002560858536733873
0.0025778066835844783
0.0025956813310005484
0.002614515740026402
0.002634345628054105
0.002655209349089993
0.0026771480920940267
0.0027002060993873826
0.0027244309073856496
0.002749873612215336
0.00277658916311633
0.0028046366869300637
0.0028340798474312226
0.0028649872437903957
0.002897432853068764
0.0029314965223585033
0.0029672645170121734
0.003004830132372333
0.003044294377544791
0.0030857667410866983
0.0031293660500415943
0.0031752214355936655
0.00322347342078857
0.0032742751483464615
0.003327793769658014
0.0033842120197089104
0.003443730007049522
0.003506567253171094
0.0035729650219630572
0.0036431889875512464
0.003717532298058713
0.003796319104072299
0.003879908634322664
0.003968699917905574
0.004063137273067834
0.004163716708149176
0.004270993411992335
0.004385590550660065
0.0045082096367731
0.004639642800000418
0.004780787365852351
0.004932663249768772
0.005096433800943456
0.005273430893887256
0.0054651852768029105
0.005673463459786895
0.005900312783530632
0.006148116779022172
0.006419663549866912
0.006718230735392659
0.007047691720150983
0.0074126492497542645
0.007818604644155673
0.008272173581345374
0.008781363264460518
0.009355931129225739
0.010007852748245866
0.010751937205572463
0.01160664338091676
0.01259517244989653
0.013746943741059631
0.015099607899639482
0.0167018208489324
0.018617106457310025
0.020929294335887708
0.023750262584217086
0.02723109341717051
0.031578344193059826
0.037078083506417975
0.04413186561525639
0.053311357834408664
0.06544269530535245
0.08174153358998873
0.1040635618836497
0.13577222382614884
0.19283915277623045

0.10557919419184024
0.5037885540196859
0.5068559303519078
0.1075194542075927
0.004809011914794691
4.535145431905738e-05
9.062897065240404e-08
5.925684461077695e-09
6.452834309078319e-08
5.967506246751948e-07
0.00012791860981569943
0.08682619146780257
0.29454597503569885
0.005591788310070388
0.003068446839867896
0.01014171839284305
0.028248441039557835
0.0663000466862656
0.131120197374135
0.2185051942881475
0.30682472076070655
0.36304072087128525
0.3619568043169588
0.30408469396928317
0.21526270186702523
0.1284042576863008
0.06453963025967965
0.027334424373090763
0.009755056819039992
0.0029334999492465572
0.0007433250655329199
0.00015871131195023376
2.855442351018975e-05
4.328877762374174e-06
5.529853928207474e-07
5.952349282424288e-08
5.3988289336254686e-09
4.12617018779156e-10
2.657242060657982e-11
1.4419543463953652e-12
6.593383148583047e-14
2.5403966315535016e-15
8.247667678398284e-17
2.2563018018638112e-18
5.201153100633208e-20
1.010272418516955e-21
1.6535364247680725e-23
2.2804756896678204e-25
2.6501688119791355e-27
2.595123566992194e-29
2.1413070929658823e-31
1.4887997273072277e-33
8.72227984897008e-36
4.3058625639681817e-38
1.7911284075630366e-40
6.278121136192125e-43
1.8542533462769526e-45
4.6147147679848144e-48
9.677363743060079e-51
1.7100376746490772e-53
2.5461893845222387e-56
3.194568012692436e-59
3.3773026857405395e-62
3.0085985583907997e-65
2.2583690420320284e-68
1.4284399624327173e-71
7.613169209805532e-75
3.4190494684842763e-78
1.2938433482155317e-81
4.12566937628294e-85
1.1085200598787334e-88
2.5097421395786922e-92
4.787966023890169e-96
7.696786292728462e-100
1.0425675600442871e-103
1.1899683156376814e-107
1.1444662747714687e-111
9.274852504632023e-116
6.333553383696142e-120
3.644385164623988e-124
1.7670039313116018e-128
7.219168397647069e-133
2.485268070641399e-137
7.209343508401483e-142
1.762197614698798e-146
3.6295259850636635e-151
6.299145240176918e-156
9.211911248515833e-161
1.1351526812059177e-165
1.1786781274812714e-170
1.0312704668082896e-175
7.603023766482147e-181
4.7232020732188926e-186
2.4724249405014837e-191
1.0905513416132258e-196
4.053269940302159e-202
1.2694083494338966e-207
3.349913431910531e-213
7.449072975808001e-219
1.3957488693026364e-224
