1.2406474126777427
0.3207248025924999
0.12308492933888215
0.05756010008401123
0.030868955355917212
0.018468795036339122
0.012081867588050459
0.008496277274625735
0.006331163258119434
0.004940525633475306
0.003999448723107646
0.003333881204228252
0.002845295093442007
0.0024751409153776958
0.002187105323352938
0.001957799101491325
0.0017716454371634652
0.0016179585294497636
0.001489212336052632
0.0013799804910037071
0.0012862677073363234
0.0012050766369476654
0.0011341203564303993
0.001071627245834668
0.0010162058695973887
0.0009667496661360858
0.0009223685721605995
0.000882339203249467
0.0008460680331234503
0.0008130638196663805
0.0007829167030205924
0.0007552821819588318
0.0007298687010203218
0.0007064279409242301
0.0006847471545152885
0.0006646430660076362
0.0006459569761521907
0.0006285508058014365
0.0006123038757003755
0.0005971102683549087
0.0005828766534543423
0.0005695204849926297
0.0005569684983663462
0.0005451554510504057
0.0005340230622038485
0.000523519115635644
0.0005135966976211037
0.0005042135465872856
0.0004953314960405058
0.00048691599556004053
0.0004789356974323636
0.00047136209870393675
0.00046416923020539176
0.00045733338553643945
0.0004508328841689763
0.0004446478637800815
0.0004387600977094472
0.0004331528340807207
0.00042781065365966495
0.0004227193439649522
0.00041786578751649436
0.00041323786241489894
0.0004088243537046683
0.00040461487419185803
0.0004005997935711115
0.00039677017487305463
0.00039311771737564235
0.0003896347052360563
0.0003863139611963246
0.00038314880479857634
0.0003801330146169343
0.00037726079407426395
0.0003745267404648677
0.00037192581684995557
0.0003694533265324145
0.00036710488985191095
0.00036487642307143637
0.0003627641191526725
0.00036076443024055387
0.0003588740516975728
0.0003570899075461159
0.000355409137192745
0.0003538290833221412
0.0003523472808606456
0.00035096144692016977
0.000349669471642889
0.0003484694098757223
0.0003473594736112881
0.00034633802513891294
0.0003454035708554604
0.00034455475569133975
0.00034379035811211143
0.0003431092856607083
0.0003425105710094929
0.00034199336849522475
0.00034155695111357274
0.00034120070795310293
0.0003409241420517654
0.00034072686866180044
0.0003406086139117432
0.0003405692138568412
0.0003406086139117432
0.00034072686866180044
0.0003409241420517654
0.00034120070795310293
0.00034155695111357274
0.00034199336849522475
0.0003425105710094929
0.0003431092856607083
0.00034379035811211143
0.00034455475569133975
0.0003454035708554604
0.00034633802513891294
0.0003473594736112881
0.0003484694098757223
0.000349669471642889
0.00035096144692016977
0.0003523472808606456
0.0003538290833221412
0.000355409137192745
0.0003570899075461159
0.0003588740516975728
0.00036076443024055387
0.0003627641191526725
0.00036487642307143637
0.00036710488985191095
0.0003694533265324145
0.00037192581684995557
0.0003745267404648677
0.00037726079407426395
0.0003801330146169343
0.00038314880479857634
0.0003863139611963246
0.0003896347052360563
0.00039311771737564235
0.00039677017487305463
0.0004005997935711115
0.00040461487419185803
0.0004088243537046683
0.00041323786241489894
0.00041786578751649436
0.0004227193439649522
0.00042781065365966495
0.0004331528340807207
0.0004387600977094472
0.0004446478637800815
0.0004508328841689763
0.00045733338553643945
0.00046416923020539176
0.00047136209870393675
0.0004789356974323636
0.00048691599556004053
0.0004953314960405058
0.0005042135465872856
0.0005135966976211037
0.000523519115635644
0.0005340230622038485
0.0005451554510504057
0.0005569684983663462
0.0005695204849926297
0.0005828766534543423
0.0005971102683549087
0.0006123038757003755
0.0006285508058014365
0.0006459569761521907
0.0006646430660076362
0.0006847471545152885
0.0007064279409242301
0.0007298687010203218
0.0007552821819588318
0.0007829167030205924
0.0008130638196663805
0.0008460680331234503
0.000882339203249467
0.0009223685721605995
0.0009667496661360858
0.0010162058695973887
0.001071627245834668
0.0011341203564303993
0.0012050766369476654
0.0012862677073363234
0.0013799804910037071
0.001489212336052632
0.0016179585294497636
0.0017716454371634652
0.001957799101491325
0.002187105323352938
0.0024751409153776958
0.002845295093442007
0.003333881204228252
0.003999448723107646
0.004940525633475306
0.006331163258119434
0.008496277274625735
0.012081867588050459
0.018468795036339122
0.030868955355917212
0.05756010008401123
0.12308492933888215
0.3207248025924999

0.015818822754840277
0.060139721761170516
0.1766377993392403
0.38749518041624814
0.6300664917090718
0.7720388140244293
0.7451881894637858
0.6080208649305133
0.4490009573330982
0.30685468060247967
0.1928879835595378
0.12666882302326563
0.13844485792953637
0.23867805963892105
0.3650803803351006
0.4007545656203308
0.3035341700613927
0.15751080891050584
0.055918890075541114
0.013576942889383038
0.0022542354685983258
0.0002559397490834712
1.9870737289730778e-05
1.0549441052951176e-06
3.829942575806136e-08
9.508868335712e-10
1.6148439006911263e-11
1.877409568102609e-13
1.499962716999155e-15
8.405956412019308e-18
3.712108090210434e-20
2.0462648953818069e-22
2.0763471097009067e-24
2.4948862762819142e-26
2.6675958461158685e-28
2.418807139667579e-30
1.8507379023739036e-32
1.1944841672492308e-34
6.502746659131136e-37
2.986026628450591e-39
1.1565672750096515e-41
3.7785789807917896e-44
1.0412775138395443e-46
2.420387250858205e-49
4.7455177742699396e-52
7.848067562460988e-55
1.0947683741663364e-57
1.2881372339648875e-60
1.2784460501685063e-63
1.070244633103536e-66
7.557255279748227e-70
4.5011709542742293e-73
2.2613474925821638e-76
9.582735057582736e-80
3.425248140157061e-83
1.0327019056590596e-86
2.62626350523575e-90
5.633548013525589e-94
1.0193095248508644e-97
1.5556451735266182e-101
2.00260543451189e-105
2.1745060279966193e-109
1.9916188244598833e-113
1.5386229644470134e-117
1.0026251142040986e-121
5.5109355060053276e-126
2.5550091473684374e-130
9.991713464529501e-135
3.2958532333617052e-139
9.170143629087102e-144
2.152111622488797e-148
4.2602376773048975e-153
7.113498528297203e-158
1.001873856728116e-162
1.1902089817173042e-167
1.192652117225858e-172
1.0080561528080249e-177
7.186808074206483e-183
4.3218307023653326e-188
2.192198290829399e-193
9.379340453397864e-199
3.384894574608977e-204
1.0303822634235616e-209
2.645647521957702e-215
5.729885882424222e-221
1.0467436699969412e-226
1.612928422560386e-232
2.096381062017357e-238
2.298294837951569e-244
2.125306823206395e-250
1.6577457090314044e-256
1.0906730182620084e-262
6.052734266198665e-269
2.8332769375260152e-275
1.1186824545964936e-281
3.7256753451041154e-288
1.0466068432817593e-294
2.4799476504269218e-301
4.956576775901661e-308
8.356059873e-315
