0.8839772902702402
0.06520845607825694
0.006304187550523181
0.0007651884435985588
0.00011616042398823748
2.260736180011463e-05
5.912672262446334e-06
2.153810008445281e-06
1.0637855252819626e-06
6.55996741235516e-07
4.651557150847929e-07
3.5904827840016645e-07
2.923854825456409e-07
2.468017098929271e-07
2.1371176807061172e-07
1.8861922238077645e-07
1.6895095539454764e-07
1.5312960978261708e-07
1.4013455491341423e-07
1.292762241093252e-07
1.2007201024711845e-07
1.1217411014156217e-07
1.0532559024802687e-07
9.933257806524695e-08
9.40460701492968e-08
8.934968836209033e-08
8.515123321755487e-08
8.137672874053378e-08
7.796614224006662e-08
7.487025451024143e-08
7.204833555118141e-08
6.94663941563127e-08
6.70958427897303e-08
6.491246731448498e-08
6.289562343994231e-08
6.10276038126168e-08
5.929313496979477e-08
5.767897413497547e-08
5.617358350446712e-08
5.476686520998355e-08
5.344994418278557e-08
5.2214989125968875e-08
5.1055064022741435e-08
4.996400427907213e-08
4.893631286646852e-08
4.796707280006833e-08
4.705187303450389e-08
4.6186745440243856e-08
4.53681109767826e-08
4.4592733536069906e-08
4.385768021228515e-08
4.316028697924629e-08
4.249812893711631e-08
4.186899443531656e-08
4.1270862496112956e-08
4.0701883058948724e-08
4.0160359643712603e-08
3.964473409524048e-08
3.9153573124183197e-08
3.868555640309551e-08
3.823946607968417e-08
3.7814177124055443e-08
3.740864940331986e-08
3.702191993634667e-08
3.665309630609021e-08
3.630135069011036e-08
3.596591450309088e-08
3.564607358031704e-08
3.534116384039541e-08
3.505056737347033e-08
3.4773708908027555e-08
3.451005261525405e-08
3.4259099214989473e-08
3.402038335168395e-08
3.379347121256962e-08
3.357795836354729e-08
3.337346778115607e-08
3.3179648061494556e-08
3.299617178914869e-08
3.2822734051096915e-08
3.2659051082246345e-08
3.250485903073418e-08
3.235991283243563e-08
3.222398518527461e-08
3.209686561495773e-08
3.197835962466166e-08
3.1868287922014686e-08
3.176648571743684e-08
3.167280208855185e-08
3.158709940596619e-08
3.150925281623625e-08
3.143914977831969e-08
3.137668965023878e-08
3.132178332307751e-08
3.127435289979594e-08
3.123433141667756e-08
3.120166260553553e-08
3.1176300695091374e-08
3.115821025021167e-08
3.114736604794566e-08
3.1143752989552545e-08
3.114736604794566e-08
3.115821025021167e-08
3.1176300695091374e-08
3.120166260553553e-08
3.123433141667756e-08
3.127435289979594e-08
3.132178332307751e-08
3.137668965023878e-08
3.143914977831969e-08
3.150925281623625e-08
3.158709940596619e-08
3.167280208855185e-08
3.176648571743684e-08
3.1868287922014686e-08
3.197835962466166e-08
3.209686561495773e-08
3.222398518527461e-08
3.235991283243563e-08
3.250485903073418e-08
3.2659051082246345e-08
3.2822734051096915e-08
3.299617178914869e-08
3.3179648061494556e-08
3.337346778115607e-08
3.357795836354729e-08
3.379347121256962e-08
3.402038335168395e-08
3.4259099214989473e-08
3.451005261525405e-08
3.4773708908027555e-08
3.505056737347033e-08
3.534116384039541e-08
3.564607358031704e-08
3.596591450309088e-08
3.630135069011036e-08
3.665309630609021e-08
3.702191993634667e-08
3.740864940331986e-08
3.7814177124055443e-08
3.823946607968417e-08
3.868555640309551e-08
3.9153573124183197e-08
3.964473409524048e-08
4.0160359643712603e-08
4.0701883058948724e-08
4.1270862496112956e-08
4.186899443531656e-08
4.249812893711631e-08
4.316028697924629e-08
4.385768021228515e-08
4.4592733536069906e-08
4.53681109767826e-08
4.6186745440243856e-08
4.705187303450389e-08
4.796707280006833e-08
4.893631286646852e-08
4.996400427907213e-08
5.1055064022741435e-08
5.2214989125968875e-08
5.344994418278557e-08
5.476686520998355e-08
5.617358350446712e-08
5.767897413497547e-08
5.929313496979477e-08
6.10276038126168e-08
6.289562343994231e-08
6.491246731448498e-08
6.70958427897303e-08
6.94663941563127e-08
7.204833555118141e-08
7.487025451024143e-08
7.796614224006662e-08
8.137672874053378e-08
8.515123321755487e-08
8.934968836209033e-08
9.40460701492968e-08
9.933257806524695e-08
1.0532559024802687e-07
1.1217411014156217e-07
1.2007201024711845e-07
1.292762241093252e-07
1.4013455491341423e-07
1.5312960978261708e-07
1.6895095539454764e-07
1.8861922238077645e-07
2.1371176807061172e-07
2.468017098929271e-07
2.923854825456409e-07
3.5904827840016645e-07
4.651557150847929e-07
6.55996741235516e-07
1.0637855252819626e-06
2.153810008445281e-06
5.912672262446334e-06
2.260736180011463e-05
0.00011616042398823748
0.0007651884435985588
0.006304187550523181
0.06520845607825694

1.445319711323856e-06
5.959147695388022e-06
2.3055289099702957e-05
8.69649319050344e-05
0.0003360061631777882
0.0013476120624441752
0.00531284230003547
0.01897227765729568
0.05769545485922861
0.14440041362057252
0.2926921956503901
0.47760491931036764
0.627845354974841
0.6701421472349791
0.5921185174564251
0.45064203702520716
0.3162691207487382
0.2219481993213178
0.16215844015136516
0.12011894037493943
0.08583537435274255
0.057232687426252184
0.035098394444488666
0.01970256236770116
0.010110864552522478
0.00474193770386481
0.0020323596274970162
0.0007960096600050549
0.0002849105960896828
9.319042197629606e-05
2.7855205164763176e-05
7.608759387170418e-06
1.8993007740311827e-06
4.3325745626030867e-07
9.031725954990317e-08
1.7205522393336347e-08
2.9952796816576355e-09
4.765179924536002e-10
6.92777273224916e-11
9.204079608887297e-12
1.1174793494513161e-12
1.2398554400529502e-13
1.2571149846555576e-14
1.1647999949215617e-15
9.862797641747971e-17
7.631700014985158e-18
5.396533343619276e-19
3.487232024742552e-20
2.059298151011382e-21
1.1112966890395731e-22
5.480412105566222e-24
2.4698399956710413e-25
1.0171776920562097e-26
3.828223108729594e-28
1.316649139627333e-29
4.138236286210973e-31
1.1885923069369307e-32
3.1197726837972107e-34
7.483166234532757e-36
1.640288501250962e-37
3.285696866152076e-39
6.014605572483645e-41
1.006141857212992e-42
1.5380968646439217e-44
2.1487236435399564e-46
2.743151818161197e-48
3.200306187049686e-50
3.411973299044525e-52
3.3242380962238246e-54
2.9597227199772015e-56
2.4081433519566957e-58
1.790548344620548e-60
1.2166402285889099e-62
7.554586515772535e-65
4.2867843001820746e-67
2.2229258157017506e-69
1.0533936915580352e-71
4.5617224988287885e-74
1.8052585788293553e-76
6.528634837703834e-79
2.157633837749582e-81
6.516366711158288e-84
1.798480337248994e-86
4.536054640322908e-89
1.0454981442308708e-91
2.2021183754732013e-94
4.238678345577654e-97
7.455772830708889e-100
1.19847030732184e-102
1.7604929728535075e-105
2.363272050616585e-108
2.899115696726849e-111
3.250048048187855e-114
3.329556749246848e-117
3.11713396239799e-120
2.6668397401270183e-123
2.085022639780907e-126
1.489693893567332e-129
9.726480170310196e-133
5.803457115102329e-136
