0.7565502791132194
0.03043110834364924
0.001672093410101276
0.0001333982570644432
1.50271949584091e-05
2.263991674657128e-06
4.420294801769766e-07
1.1039544212118815e-07
3.4922716528316475e-08
1.377476124648259e-08
6.581954015352793e-09
3.691271147507241e-09
2.344404933128126e-09
1.6353065040165522e-09
1.2228593291339797e-09
9.629244666603678e-10
7.88237668470932e-10
6.64632388268197e-10
5.734569021433e-10
5.038861802687679e-10
4.493015800670705e-10
4.0547219313957764e-10
3.695881988609067e-10
3.397210673080446e-10
3.145087768204816e-10
2.9296510952830853e-10
2.7436015324876185e-10
2.581431460184455e-10
2.4389131178847653e-10
2.3127511099259457e-10
2.200341270830184e-10
2.099600059738958e-10
2.0088417156465222e-10
1.9266883784652375e-10
1.8520033638657813e-10
1.7838409617776431e-10
1.7214082009692708e-10
1.6640353968977417e-10
1.6111532274241175e-10
1.5622747164337005e-10
1.516980947134718e-10
1.474909638040056e-10
1.4357459366836463e-10
1.3992149464056175e-10
1.3650756185119916e-10
1.3331157283589752e-10
1.3031477181161929e-10
1.275005237195075e-10
1.2485402478722687e-10
1.2236205915499486e-10
1.2001279325769857e-10
1.177956013207992e-10
1.1570091662752894e-10
1.1372010423600637e-10
1.1184535163204505e-10
1.1006957444518964e-10
1.0838633486863369e-10
1.0678977083612595e-10
1.0527453434219429e-10
1.0383573756254247e-10
1.0246890565211667e-10
1.0116993527910221e-10
9.993505810183173e-11
9.876080851844634e-11
9.764399512104755e-11
9.658167537090459e-11
9.557113308215526e-11
9.460985836086433e-11
9.369552969629102e-11
9.282599794341236e-11
9.199927197146845e-11
9.121350578363215e-11
9.046698693874367e-11
8.975812612811705e-11
8.908544777933012e-11
8.844758157514045e-11
8.784325478965082e-11
8.727128535591294e-11
8.673057558960361e-11
8.62201065024704e-11
8.57389326471237e-11
8.528617744162735e-11
8.486102892834505e-11
8.446273592676544e-11
8.409060454465199e-11
8.374399501593753e-11
8.34223188373797e-11
8.312503617917973e-11
8.285165354759713e-11
8.260172168011365e-11
8.237483365595679e-11
8.217062320681582e-11
8.198876321440937e-11
8.18289643832152e-11
8.169097407817734e-11
8.157457531858271e-11
8.147958592056743e-11
8.140585778189047e-11
8.135327630371306e-11
8.132175994516011e-11
8.131125990742881e-11
8.132175994516011e-11
8.135327630371306e-11
8.140585778189047e-11
8.147958592056743e-11
8.157457531858271e-11
8.169097407817734e-11
8.18289643832152e-11
8.198876321440937e-11
8.217062320681582e-11
8.237483365595679e-11
8.260172168011365e-11
8.285165354759713e-11
8.312503617917973e-11
8.34223188373797e-11
8.374399501593753e-11
8.409060454465199e-11
8.446273592676544e-11
8.486102892834505e-11
8.528617744162735e-11
8.57389326471237e-11
8.62201065024704e-11
8.673057558960361e-11
8.727128535591294e-11
8.784325478965082e-11
8.844758157514045e-11
8.908544777933012e-11
8.975812612811705e-11
9.046698693874367e-11
9.121350578363215e-11
9.199927197146845e-11
9.282599794341236e-11
9.369552969629102e-11
9.460985836086433e-11
9.557113308215526e-11
9.658167537090459e-11
9.764399512104755e-11
9.876080851844634e-11
9.993505810183173e-11
1.0116993527910221e-10
1.0246890565211667e-10
1.0383573756254247e-10
1.0527453434219429e-10
1.0678977083612595e-10
1.0838633486863369e-10
1.1006957444518964e-10
1.1184535163204505e-10
1.1372010423600637e-10
1.1570091662752894e-10
1.177956013207992e-10
1.2001279325769857e-10
1.2236205915499486e-10
1.2485402478722687e-10
1.275005237195075e-10
1.3031477181161929e-10
1.3331157283589752e-10
1.3650756185119916e-10
1.3992149464056175e-10
1.4357459366836463e-10
1.474909638040056e-10
1.516980947134718e-10
1.5622747164337005e-10
1.6111532274241175e-10
1.6640353968977417e-10
1.7214082009692708e-10
1.7838409617776431e-10
1.8520033638657813e-10
1.9266883784652375e-10
2.0088417156465222e-10
2.099600059738958e-10
2.200341270830184e-10
2.3127511099259457e-10
2.4389131178847653e-10
2.581431460184455e-10
2.7436015324876185e-10
2.9296510952830853e-10
3.145087768204816e-10
3.397210673080446e-10
3.695881988609067e-10
4.0547219313957764e-10
4.493015800670705e-10
5.038861802687679e-10
5.734569021433e-10
6.64632388268197e-10
7.88237668470932e-10
9.629244666603678e-10
1.2228593291339797e-09
1.6353065040165522e-09
2.344404933128126e-09
3.691271147507241e-09
6.581954015352793e-09
1.377476124648259e-08
3.4922716528316475e-08
1.1039544212118815e-07
4.420294801769766e-07
2.263991674657128e-06
1.50271949584091e-05
0.0001333982570644432
0.001672093410101276
0.03043110834364924

3.575127642660488e-09
3.799739874037623e-08
3.422138878734632e-07
2.611697323201881e-06
1.688999446505964e-05
9.255877970363696e-05
0.0004298205572641069
0.001691368333230885
0.00563989030648795
0.015936192564236007
0.0381575015230707
0.07742063717150095
0.13311132360972533
0.19393433925184844
0.23943154848551718
0.25171842087955265
0.2994720445076941
0.9134292712518624
1.2142651535923303
0.3103539985822831
0.035077304512475774
0.010189663831318148
0.0033287606182131166
0.0009258306413027618
0.00021820625937627922
4.3579707482290766e-05
7.375353942547994e-06
1.0577008969571099e-06
1.285358660416811e-07
1.3236319240205204e-08
1.1550255411204315e-09
8.540777191960816e-11
5.351612339335584e-12
2.8415372275569157e-13
1.2785081582605532e-14
4.874556479503024e-16
1.574882508560435e-17
4.3116416844690027e-19
1.0002731563732575e-20
1.9664187920941984e-22
3.2757810584853546e-24
4.624184658211429e-26
5.531423612891895e-28
5.606865262604045e-30
4.815981056086303e-32
3.5053458200024477e-34
2.1620135886300198e-36
1.1299713139731531e-38
5.00446743124264e-41
1.8781477993590093e-43
5.972870708478912e-46
1.609599808675691e-48
3.67565007321361e-51
7.112656846400171e-54
1.166301954202708e-56
1.620584197876247e-59
1.9081549840276508e-62
1.90386934824952e-65
1.6096894120959608e-68
1.1532633288080515e-71
7.001584386969368e-75
3.602015871310367e-78
1.5702773497493536e-81
5.800808923533885e-85
1.815859338240096e-88
4.816785390917802e-92
1.0827142180563436e-95
2.0622999559065445e-99
3.328674083945727e-103
4.552732845651322e-107
5.2766040716367895e-111
5.182249275623343e-115
4.312841923358591e-119
3.0415168797248135e-123
1.8176002397397511e-127
9.204240570345408e-132
3.9496535353658834e-136
1.436188649743485e-140
4.4253276280941526e-145
1.1554757031219667e-149
2.5565698095180696e-154
4.793314710333888e-159
7.615451939085795e-164
1.0252667400377014e-168
1.1696596438693859e-173
1.1307421791209538e-178
9.262945928622596e-184
6.430076130729563e-189
3.782374705741739e-194
1.8853606386077728e-199
7.963532758802161e-205
2.8503523919375997e-210
8.645155114332018e-216
2.221920285483548e-221
4.839111262252178e-227
8.930673065996857e-233
1.3966391892480919e-238
1.8508264900816298e-244
2.0783976329300266e-250
1.977757413703708e-256
