0.8670111695606384
0.3948512078903083
0.24690167695319512
0.1703887118829827
0.12389499652842148
0.09369107646106793
0.07321254525596657
0.05884282725610311
0.04845448970551961
0.040742753496564685
0.03488065797680388
0.030328948040209996
0.026726852225644925
0.023827288977768202
0.021457356762973445
0.019493638644960003
0.017846412271653324
0.016449339301337833
0.01525259962805944
0.014218235126452866
0.013316937426019198
0.012525796170094278
0.011826696767340723
0.011205164204793738
0.010649517710483634
0.010150245033088411
0.009699533899931147
0.00929091734374465
0.008919002473979162
0.008579261062470447
0.008267866390083096
0.007981565049846963
0.0077175754063371176
0.00747350655788737
0.00724729319791726
0.007037142901065169
0.006841493190474213
0.0066589763588265505
0.006488390476701117
0.006328675369387655
0.006178892607308732
0.00603820875720301
0.005905881296836589
0.005781246716673777
0.005663710426090085
0.005552738155615193
0.005447848605038838
0.005348607133527592
0.005254620324859669
0.00516553129052717
0.005081015597344718
0.005000777725546277
0.0049245479790836506
0.004852079782690034
0.004783147310811304
0.004717543402186627
0.004655077721034174
0.004595575131750067
0.004538874258985049
0.004484826209104447
0.0044332934325085165
0.004384148709209847
0.004337274242527464
0.004292560847841292
0.0042499072251192755
0.0042092193054344175
0.0041704096629733445
0.004133396985136835
0.004098105594275351
0.00406446501541311
0.00403240958501306
0.004001878096438795
0.003972813478292414
0.003945162502261217
0.003918875517501002
0.0038939062089280094
0.0038702113770924308
0.003847750737569695
0.0038264867380369215
0.0038063843914051074
0.0037874111235566424
0.0037695366343958787
0.0037527327710603154
0.0037369734122640716
0.003722234362855545
0.0037084932577693937
0.003695729474640743
0.0036839240544280214
0.0036730596294614437
0.00366312035839763
0.0036540918676182923
0.0036459611986629924
0.003638716761333339
0.0036323482921493708
0.0036268468178786723
0.0036222046238955797
0.0036184152271620065
0.0036154733536534075
0.003613374920083522
0.0036121170198101606
0.003611697912831665
0.0036121170198101606
0.003613374920083522
0.0036154733536534075
0.0036184152271620065
0.0036222046238955797
0.0036268468178786723
0.0036323482921493708
0.003638716761333339
0.0036459611986629924
0.0036540918676182923
0.00366312035839763
0.0036730596294614437
0.0036839240544280214
0.003695729474640743
0.0037084932577693937
0.003722234362855545
0.0037369734122640716
0.0037527327710603154
0.0037695366343958787
0.0037874111235566424
0.0038063843914051074
0.0038264867380369215
0.003847750737569695
0.0038702113770924308
0.0038939062089280094
0.003918875517501002
0.003945162502261217
0.003972813478292414
0.004001878096438795
0.00403240958501306
0.00406446501541311
0.004098105594275351
0.004133396985136835
0.0041704096629733445
0.0042092193054344175
0.0042499072251192755
0.004292560847841292
0.004337274242527464
0.004384148709209847
0.0044332934325085165
0.004484826209104447
0.004538874258985049
0.004595575131750067
0.004655077721034174
0.004717543402186627
0.004783147310811304
0.004852079782690034
0.0049245479790836506
0.005000777725546277
0.005081015597344718
0.00516553129052717
0.005254620324859669
0.005348607133527592
0.005447848605038838
0.005552738155615193
0.005663710426090085
0.005781246716673777
0.005905881296836589
0.00603820875720301
0.006178892607308732
0.006328675369387655
0.006488390476701117
0.0066589763588265505
0.006841493190474213
0.007037142901065169
0.00724729319791726
0.00747350655788737
0.0077175754063371176
0.007981565049846963
0.008267866390083096
0.008579261062470447
0.008919002473979162
0.00929091734374465
0.009699533899931147
0.010150245033088411
0.010649517710483634
0.011205164204793738
0.011826696767340723
0.012525796170094278
0.013316937426019198
0.014218235126452866
0.01525259962805944
0.016449339301337833
0.017846412271653324
0.019493638644960003
0.021457356762973445
0.023827288977768202
0.026726852225644925
0.030328948040209996
0.03488065797680388
0.040742753496564685
0.04845448970551961
0.05884282725610311
0.07321254525596657
0.09369107646106793
0.12389499652842148
0.1703887118829827
0.24690167695319512
0.3948512078903083

0.16716177701532825
0.5528495323039139
0.9225288036330749
0.77900443071286
0.34090422461077563
0.09672692409737003
0.054556398122306206
0.07494399786291153
0.10755655305028072
0.14140151235240564
0.16942229421926697
0.18498787720084517
0.18406521766080508
0.16689984590534243
0.13791004166334522
0.10384643467196883
0.07125954394368404
0.044560518285721704
0.025392951046065853
0.013186570600502927
0.006240311947447789
0.0026911411873913734
0.0010576023641258286
0.0003787599842326633
0.0001236122505920228
3.676331661178806e-05
9.963767898341071e-06
2.4608677061455677e-06
5.538710666352261e-07
1.1360170188167305e-07
2.1233263212792553e-08
3.616632629029564e-09
5.613681851545754e-10
7.94048340820697e-11
1.0235329691325509e-11
1.202298975476916e-12
1.2870009418116343e-13
1.2554545627092582e-14
1.1160377401834408e-15
9.040917571851808e-17
6.674241012329394e-18
4.490006895356294e-19
2.7526302457141276e-20
1.537816421413103e-21
7.829190451163674e-23
3.632327245686042e-24
1.5357086337345072e-25
5.916820993724112e-27
2.0774174817799227e-28
6.646834731007493e-30
1.9380354910589864e-31
5.149491178209671e-33
1.2468742552265322e-34
2.7512923742013604e-36
5.532310895616546e-38
1.0137530137657372e-39
1.6928305412314299e-41
2.576027886831639e-43
3.5722626398212897e-45
4.514315935110097e-47
5.198718062389055e-49
5.45577344618224e-51
5.217616286303541e-53
4.547196201034513e-55
3.61136177388683e-57
2.61368982430157e-59
1.7238236882750617e-61
1.0360659205971559e-63
5.674631701544326e-66
2.8323291246446056e-68
1.288265876696654e-70
5.339775958648286e-73
2.0169554926389798e-75
6.942651109722245e-78
2.177760489847625e-80
6.2251616670843646e-83
1.6216118215079894e-85
3.849452063883312e-88
8.327347286596411e-91
1.641610741482282e-93
2.949099600206346e-96
4.827968661086153e-99
7.202697763426458e-102
9.792231847270472e-105
1.213176336517063e-107
1.3696888509799577e-110
1.409209809836655e-113
1.321250430374807e-116
1.1288867425793009e-119
8.789645320937817e-123
6.236602662841699e-126
4.032557306005778e-129
2.37612217176372e-132
1.2758885285215301e-135
6.243274723614444e-139
2.783991504067976e-142
1.131303452546138e-145
4.189344418056876e-149
1.4137374652389672e-152
4.347576325935032e-156
