0.6820190992774936
0.1010350408857906
0.04354139162408867
0.027567600544612023
0.019797500169135507
0.015244682208829866
0.01231217433610141
0.010293822485634228
0.00883257173104078
0.007731823801570072
0.006875919984473467
0.006193028945085811
0.005636478856277198
0.0051747698672281565
0.00478594327356802
0.004454260718770791
0.004168167820550694
0.003919002181208586
0.00370014879043649
0.0035064731058255874
0.0033339314691302603
0.003179297702043978
0.0030399675785511256
0.0029138165880788513
0.002799094853963115
0.0026943484017428253
0.002598359406735449
0.002510100307948902
0.002428698186183558
0.0023534068321312144
0.002283584640497258
0.002218676963874532
0.0021582019134935124
0.0021017388479951985
0.002048918976060936
0.001999417634452142
0.0019529479037479795
0.0019092552995424936
0.0018681133339100793
0.0018293197854274525
0.0017926935494390118
0.0017580719660983098
0.0017253085438598186
0.001694271011895725
0.0016648396473859877
0.001636905833535875
0.0016103708120871361
0.001585144600442479
0.0015611450486515913
0.0015382970156670997
0.0015165316476694955
0.001495785744035899
0.001476001198809964
0.0014571245074146354
0.0014391063299115524
0.0014219011034105958
0.0014054666973185447
0.0013897641060254705
0.0013747571743924513
0.0013604123520495263
0.001346698473058983
0.001333586557962673
0.0013210496356267688
0.0013090625826343448
0.0012976019782646687
0.0012866459733457123
0.0012761741714795026
0.0012661675213237694
0.001256608218772359
0.001247479618014665
0.001238766150574099
0.0012304532515298584
0.0012225272922172367
0.0012149755187812871
0.0012077859960283627
0.001200947556081289
0.0011944497513977964
0.0011882828117593214
0.0011824376048792768
0.0011769056003170014
0.0011716788364165664
0.001166749890018896
0.0011621118487217244
0.0011577582854852102
0.0011536832354018286
0.0011498811744678342
0.0011463470002103754
0.001143076014039429
0.0011400639052074075
0.0011373067362716476
0.0011348009299662403
0.0011325432573999355
0.0011305308275062322
0.0011287610776804385
0.0011272317655464342
0.001125940961803328
0.001124887044109091
0.0011240686919647945
0.001123484882569218
0.00112313488761948
0.0011230182710389904
0.00112313488761948
0.001123484882569218
0.0011240686919647945
0.001124887044109091
0.001125940961803328
0.0011272317655464342
0.0011287610776804385
0.0011305308275062322
0.0011325432573999355
0.0011348009299662403
0.0011373067362716476
0.0011400639052074075
0.001143076014039429
0.0011463470002103754
0.0011498811744678342
0.0011536832354018286
0.0011577582854852102
0.0011621118487217244
0.001166749890018896
0.0011716788364165664
0.0011769056003170014
0.0011824376048792768
0.0011882828117593214
0.0011944497513977964
0.001200947556081289
0.0012077859960283627
0.0012149755187812871
0.0012225272922172367
0.0012304532515298584
0.001238766150574099
0.001247479618014665
0.001256608218772359
0.0012661675213237694
0.0012761741714795026
0.0012866459733457123
0.0012976019782646687
0.0013090625826343448
0.0013210496356267688
0.001333586557962673
0.001346698473058983
0.0013604123520495263
0.0013747571743924513
0.0013897641060254705
0.0014054666973185447
0.0014219011034105958
0.0014391063299115524
0.0014571245074146354
0.001476001198809964
0.001495785744035899
0.0015165316476694955
0.0015382970156670997
0.0015611450486515913
0.001585144600442479
0.0016103708120871361
0.001636905833535875
0.0016648396473859877
0.001694271011895725
0.0017253085438598186
0.0017580719660983098
0.0017926935494390118
0.0018293197854274525
0.0018681133339100793
0.0019092552995424936
0.0019529479037479795
0.001999417634452142
0.002048918976060936
0.0021017388479951985
0.0021582019134935124
0.002218676963874532
0.002283584640497258
0.0023534068321312144
0.002428698186183558
0.002510100307948902
0.002598359406735449
0.0026943484017428253
0.002799094853963115
0.0029138165880788513
0.0030399675785511256
0.003179297702043978
0.0033339314691302603
0.0035064731058255874
0.00370014879043649
0.003919002181208586
0.004168167820550694
0.004454260718770791
0.00478594327356802
0.0051747698672281565
0.005636478856277198
0.006193028945085811
0.006875919984473467
0.007731823801570072
0.00883257173104078
0.010293822485634228
0.01231217433610141
0.015244682208829866
0.019797500169135507
0.027567600544612023
0.04354139162408867
0.1010350408857906

0.055083357351930665
0.07718493627804068
0.09747681684023433
0.11094986261602088
0.11381744716836958
0.10523193452565263
0.08768856403203364
0.06585640012869315
0.04459000618926331
0.02744960069125279
0.017960629665897856
0.02977802294754471
0.10843599782151304
0.3136678430861166
0.5871173437847443
0.696704964292588
0.5228893340719581
0.2481138926516771
0.07442908100031878
0.01411492589967476
0.0016922402158791956
0.00012826632138484266
6.147920510755809e-06
1.8659913447367888e-07
3.6263867470619915e-09
5.039504007520277e-11
1.0864895352883132e-12
7.264126600197087e-14
6.018988919644918e-15
4.588577426789462e-16
3.1551792545832634e-17
1.955398481955331e-18
1.0922028514683544e-19
5.4982942975335405e-21
2.49464814225756e-22
1.0201105946281745e-23
3.7596018831369865e-25
1.2488006047750203e-26
3.738530979627705e-28
1.0087081011875172e-29
2.4529385876821364e-31
5.376064656844578e-33
1.0619374401892268e-34
1.89055807961658e-36
3.033456394322632e-38
4.386742381022628e-40
5.717460146872931e-42
6.71615643318305e-44
7.110417500810578e-46
6.784628026045887e-48
5.834634070972951e-50
4.522284149086885e-52
3.15906608930795e-54
1.9889149761390489e-56
1.1285748442886217e-58
5.771665521592199e-61
2.660287573553311e-63
1.1051281924921683e-65
4.137646386487703e-68
1.3962099460333826e-70
4.246241830526947e-73
1.1638991814460183e-75
2.8752965464159227e-78
6.401865773943328e-81
1.2846568210305013e-83
2.3234018545938216e-86
3.7871994518066944e-89
5.563763553912058e-92
7.366747669114689e-95
8.791026009089858e-98
9.454966122268869e-101
9.16509626112853e-104
8.007016544838336e-107
6.304651171104116e-110
4.474124251531943e-113
2.861618010436931e-116
1.6495744518529707e-119
8.570157918168012e-123
4.012937250633605e-126
1.6935286753058942e-129
6.441386844628531e-133
2.208120912425932e-136
6.82217665931531e-140
1.8996767747210392e-143
4.767526399122117e-147
1.0783584392536269e-150
2.1983144667837653e-154
4.038993329554717e-158
6.688259197259919e-162
9.981819135850947e-166
1.342650379739243e-169
1.627694226731458e-173
1.778440536002611e-177
1.7513079364978254e-181
1.5543267612413354e-185
1.2433081330770815e-189
8.96338119003509e-194
5.824003126763465e-198
3.4105779048421683e-202
1.800076616906344e-206
