1.4132259163457521
0.300316073704093
0.16148409176105455
0.11561899090914143
0.08953383964419624
0.07148324996607691
0.058097230414380585
0.047862774494496066
0.03989697095898858
0.033615375349799526
0.028607402508834458
0.024575458140035183
0.021299664685481237
0.018615319698882398
0.016397682627545308
0.014551372260738722
0.013002822480113954
0.011694833723740116
0.010582591799245828
0.00963073013594075
0.008811143058885107
0.008101345090660433
0.007483230757807628
0.006942130519838049
0.006466087272493039
0.006045298302568464
0.005671682174710223
0.005338540556793351
0.005040292635055934
0.004772265360830778
0.004530526886356964
0.004311753596014404
0.004113123411561799
0.003932229753255019
0.0037670118227185086
0.0036156978466328864
0.0034767586618235638
0.003348869590241443
0.0032308789894412012
0.0031217822022441945
0.003020699891996965
0.002926859954941471
0.0028395823620555607
0.0027582664094060777
0.0026823799562623518
0.0026114503098085447
0.0025450564787663807
0.0024828225690590785
0.0024244121354920194
0.0023695233363767703
0.0023178847647052905
0.002269251851160879
0.002223403751930201
0.002180140648744015
0.0021392814004467767
0.002100661495172493
0.0020641312602811767
0.00202955429390314
0.0019968060875008783
0.0019657728134948823
0.0019363502558754312
0.0019084428649712084
0.001881962920276121
0.0018568297875368419
0.0018329692582477926
0.001810312961347088
0.0017887978383052852
0.0017683656739889912
0.0017489626766968138
0.0017305391016334908
0.0017130489128322445
0.0016964494791746724
0.00168070130070777
0.0016657677619324022
0.0016516149091479033
0.001638211249292993
0.0016255275680317658
0.001613536765101908
0.0016022137051762365
0.001591535082692912
0.0015814792992884697
0.0015720263526245231
0.00156315773553677
0.0015548563445561452
0.0015471063969590317
0.0015398933555980608
0.0015332038608489582
0.0015270256690834787
0.0015213475971449367
0.0015161594723622743
0.0015114520876918763
0.001507217161624312
0.0015034473025364989
0.0015001359772091123
0.00149727748326492
0.001494866925316611
0.0014929001946430254
0.0014913739522409
0.001490285615125626
0.0014896333457794576
0.0014894160446693465
0.0014896333457794576
0.001490285615125626
0.0014913739522409
0.0014929001946430254
0.001494866925316611
0.00149727748326492
0.0015001359772091123
0.0015034473025364989
0.001507217161624312
0.0015114520876918763
0.0015161594723622743
0.0015213475971449367
0.0015270256690834787
0.0015332038608489582
0.0015398933555980608
0.0015471063969590317
0.0015548563445561452
0.00156315773553677
0.0015720263526245231
0.0015814792992884697
0.001591535082692912
0.0016022137051762365
0.001613536765101908
0.0016255275680317658
0.001638211249292993
0.0016516149091479033
0.0016657677619324022
0.00168070130070777
0.0016964494791746724
0.0017130489128322445
0.0017305391016334908
0.0017489626766968138
0.0017683656739889912
0.0017887978383052852
0.001810312961347088
0.0018329692582477926
0.0018568297875368419
0.001881962920276121
0.0019084428649712084
0.0019363502558754312
0.0019657728134948823
0.0019968060875008783
0.00202955429390314
0.0020641312602811767
0.002100661495172493
0.0021392814004467767
0.002180140648744015
0.002223403751930201
0.002269251851160879
0.0023178847647052905
0.0023695233363767703
0.0024244121354920194
0.0024828225690590785
0.0025450564787663807
0.0026114503098085447
0.0026823799562623518
0.0027582664094060777
0.0028395823620555607
0.002926859954941471
0.003020699891996965
0.0031217822022441945
0.0032308789894412012
0.003348869590241443
0.0034767586618235638
0.0036156978466328864
0.0037670118227185086
0.003932229753255019
0.004113123411561799
0.004311753596014404
0.004530526886356964
0.004772265360830778
0.005040292635055934
0.005338540556793351
0.005671682174710223
0.006045298302568464
0.006466087272493039
0.006942130519838049
0.007483230757807628
0.008101345090660433
0.008811143058885107
0.00963073013594075
0.010582591799245828
0.011694833723740116
0.013002822480113954
0.014551372260738722
0.016397682627545308
0.018615319698882398
0.021299664685481237
0.024575458140035183
0.028607402508834458
0.033615375349799526
0.03989697095898858
0.047862774494496066
0.058097230414380585
0.07148324996607691
0.08953383964419624
0.11561899090914143
0.16148409176105455
0.300316073704093

0.06073365667160688
0.6917966540881504
0.3957444952896243
0.03722351122078241
0.05566296866287791
0.10331585046986716
0.17214670713063043
0.25749172315233576
0.34600236007700136
0.41855509889681847
0.45835711902738435
0.46064522687970205
0.4374724927608322
0.41231501450497166
0.40539812942133724
0.4186951698993807
0.4327771772759931
0.4203046385250869
0.36657014189474396
0.2800865848150952
0.18523280592328017
0.10542801599764458
0.05150321041442205
0.021566852370927894
0.007736287624490927
0.002376447254562136
0.0006250254200022886
0.00014073427657803226
2.712762256776897e-05
4.476308675138874e-06
6.322911451396241e-07
7.645370660311745e-08
7.913379594776498e-09
7.011428784404672e-10
5.31780491117734e-11
3.4525593871990703e-12
1.9188277512994998e-13
9.128987120005117e-15
3.7180119703423096e-16
1.2963358957214573e-17
3.8696603657496967e-19
9.89078891690268e-21
2.165174482577831e-22
4.0611878403981516e-24
6.532760612121798e-26
9.028396574622322e-28
1.0760728639812401e-29
1.1150281610344423e-31
1.021607054324043e-33
8.556456164815934e-36
6.922857201346026e-38
5.7588502394565375e-40
5.0550599707419235e-42
4.536220285960029e-44
3.942297932400621e-46
3.1868417370136765e-48
2.3461279106239487e-50
1.5585919578888727e-52
9.309861448542251e-55
4.9936444795934904e-57
2.4041514613247547e-59
1.0387547664645723e-61
4.0276518341077616e-64
1.4014346742740607e-66
4.3759693863749873e-69
1.2261843179249573e-71
3.083310075544273e-74
6.95758601495935e-77
1.4088991202117392e-79
2.5602427342632506e-82
4.1750561153218157e-85
6.109749746553462e-88
8.023511091426649e-91
9.455520114609479e-94
9.99968497988179e-97
9.49002037159178e-100
8.082168509292041e-103
6.176871798720363e-106
4.236324354430741e-109
2.607292477462811e-112
1.4400256537215808e-115
7.13724552023687e-119
3.1744681539005277e-122
1.2670426758674012e-125
4.538281609926398e-129
1.4587187657845666e-132
4.207572703713279e-136
1.0891096804835797e-139
2.5298311617400103e-143
5.273408168564846e-147
9.864411200577331e-151
1.655887691508774e-154
2.4944253908530352e-158
3.3720195931241024e-162
4.090624268382446e-166
4.453167408740344e-170
4.350391919835694e-174
3.8138857192608067e-178
3.00045348013084e-182
2.1182930932650025e-186
