0.20513696184563449
0.11545444155348726
0.10050751121932949
0.08957823726980994
0.08038868384224232
0.07256900656920065
0.06587287676881895
0.060105520681372954
0.05511056053640304
0.05076162948957559
0.04695601999484553
0.0436097877252366
0.04065395243632987
0.0380315332148232
0.03569522217019282
0.03360554933759963
0.03172942753951534
0.03003899268805033
0.02851067498296836
0.027124451460528484
0.02586324167173161
0.024712416859539076
0.023659399554666682
0.02269333552759077
0.02180482389689212
0.020985694180818852
0.020228821398943626
0.019527972140814896
0.018877675936744755
0.018273117381817916
0.01771004534589865
0.017184696301829602
0.016693729361018993
0.01623417105090375
0.015803368226093906
0.015398947792778915
0.01501878215857302
0.014660959508631458
0.01432375816240526
0.014005624390773588
0.013705153175998913
0.013421071481355937
0.013152223666866754
0.012897558745109266
0.012656119218779934
0.012427031281376294
0.012209496195463384
0.012002782690670758
0.01180622024678129
0.011619193146791974
0.011441135201281115
0.01127152505932117
0.011109882032956386
0.01095576237226745
0.01080875593656004
0.010668483214477833
0.010534592652051566
0.010406758253017706
0.010284677420310542
0.010168069011564355
0.010056671584853577
0.009950241813828812
0.009848553053943348
0.009751394043664836
0.009658567726478866
0.009569890181155682
0.009485189649203087
0.009404305649697166
0.009327088172792604
0.009253396944187845
0.009183100753675339
0.00911607684165903
0.00905221033818404
0.008991393749608468
0.008933526488564068
0.00887851444331067
0.008826269582995035
0.008776709595685715
0.00872975755637629
0.00868534162243552
0.008643394754238143
0.00860385445893862
0.008566662555554503
0.008531764959709844
0.008499111486554129
0.008468655670521045
0.008440354600725765
0.008414168770920974
0.008390061943042433
0.008368001023475126
0.008347955951262871
0.008329899597568144
0.008313807675766161
0.00829965866162831
0.008287433723116279
0.008277116659369572
0.008268693848526798
0.008262154204075426
0.008257489139476165
0.008254692540857391
0.008253760747622284
0.008254692540857391
0.008257489139476165
0.008262154204075426
0.008268693848526798
0.008277116659369572
0.008287433723116279
0.00829965866162831
0.008313807675766161
0.008329899597568144
0.008347955951262871
0.008368001023475126
0.008390061943042433
0.008414168770920974
0.008440354600725765
0.008468655670521045
0.008499111486554129
0.008531764959709844
0.008566662555554503
0.00860385445893862
0.008643394754238143
0.00868534162243552
0.00872975755637629
0.008776709595685715
0.008826269582995035
0.00887851444331067
0.008933526488564068
0.008991393749608468
0.00905221033818404
0.00911607684165903
0.009183100753675339
0.009253396944187845
0.009327088172792604
0.009404305649697166
0.009485189649203087
0.009569890181155682
0.009658567726478866
0.009751394043664836
0.009848553053943348
0.009950241813828812
0.010056671584853577
0.010168069011564355
0.010284677420310542
0.010406758253017706
0.010534592652051566
0.010668483214477833
0.01080875593656004
0.01095576237226745
0.011109882032956386
0.01127152505932117
0.011441135201281115
0.011619193146791974
0.01180622024678129
0.012002782690670758
0.012209496195463384
0.012427031281376294
0.012656119218779934
0.012897558745109266
0.013152223666866754
0.013421071481355937
0.013705153175998913
0.014005624390773588
0.01432375816240526
0.014660959508631458
0.01501878215857302
0.015398947792778915
0.015803368226093906
0.01623417105090375
0.016693729361018993
0.017184696301829602
0.01771004534589865
0.018273117381817916
0.018877675936744755
0.019527972140814896
0.020228821398943626
0.020985694180818852
0.02180482389689212
0.02269333552759077
0.023659399554666682
0.024712416859539076
0.02586324167173161
0.027124451460528484
0.02851067498296836
0.03003899268805033
0.03172942753951534
0.03360554933759963
0.03569522217019282
0.0380315332148232
0.04065395243632987
0.0436097877252366
0.04695601999484553
0.05076162948957559
0.05511056053640304
0.060105520681372954
0.06587287676881895
0.07256900656920065
0.08038868384224232
0.08957823726980994
0.10050751121932949
0.11545444155348726

0.3830960058099349
0.36025223554133623
0.011569301021222403
1.2688473674604178e-05
6.950633470850904e-10
3.0448415784707317e-09
3.487589002684189e-08
3.303373952500048e-07
2.5873902429937356e-06
1.675860589033057e-05
8.976056864497188e-05
0.00039756217534413647
0.001456117015794424
0.0044102098132558325
0.011045718759620309
0.02287707346676039
0.03918128797669531
0.05549178628757929
0.06499058670367977
0.06294249669740282
0.05040913319391963
0.033384605538269996
0.01828331847491667
0.008280099488550663
0.003100900574240891
0.0009603109556727138
0.00024592783200031766
5.208051074088659e-05
9.12041381189305e-06
1.3207651720267296e-06
1.5816428723919786e-07
1.5662569261373183e-08
1.2825943902400178e-09
8.685351981784723e-11
4.863593464436238e-12
2.2521580496312245e-13
8.624068926559656e-15
2.730846747937381e-16
7.150792799561598e-18
1.5483987614822356e-19
2.772574291896965e-21
4.1053985483423304e-23
5.026888037974187e-25
5.0899657046389645e-27
4.261890187960259e-29
2.9509470064857564e-31
1.6896327587369022e-33
8.000092110338418e-36
3.132343698504602e-38
1.0141812726119024e-40
2.715398163963331e-43
6.012058652967915e-46
1.1007397584220218e-48
1.666548102647025e-51
2.086521236436806e-54
2.1602276507487839e-57
1.8494729669924672e-60
1.3093875599194392e-63
7.665847737919306e-67
3.711281723343099e-70
1.4857967790726745e-73
4.9188848715927045e-77
1.3466218556938456e-80
3.0485717115611036e-84
5.707145275004551e-88
8.835135114736383e-92
1.131043267698642e-95
1.197338640327705e-99
1.0481574681352612e-103
7.587659325751935e-108
4.5421436970193175e-112
2.2484626169655396e-116
9.204119079328666e-121
3.1156634659002354e-125
8.721488460444156e-130
2.0188424816923936e-134
3.864435071056502e-139
6.117040423199264e-144
8.006974432233442e-149
8.66696990725217e-154
7.757787712608867e-159
5.742225578880167e-164
3.514749382255283e-169
1.7790175514498154e-174
7.446254197429689e-180
2.5773134412895236e-185
7.376806218973735e-191
1.745988051088884e-196
3.41732209810042e-202
5.53098293247407e-208
7.402705585996016e-214
8.193140303521425e-220
7.498632370514164e-226
5.6752564150354614e-232
3.551899506738189e-238
1.8382628356374402e-244
7.867310665610549e-251
2.7843046232970836e-257
8.148524069245213e-264
1.9720272531476837e-270
