0.8032639725180885
0.2161076739835877
0.0996820864344109
0.063561445842496
0.04659535526391264
0.03654670397445715
0.02989038923428
0.025191429570578516
0.021724359065917114
0.019077177264954684
0.01699911852259716
0.015329862085847567
0.01396281704486091
0.012824742213149202
0.011863863734937061
0.0110426667461222
0.010333371536314086
0.009715008642374793
0.009171477021596822
0.008690223990035087
0.00826132851869215
0.007876852270207848
0.0075303720916535056
0.007216637836844855
0.0069313182625566055
0.006670809806406455
0.006432090918694587
0.006212609841238865
0.006010197250394686
0.0058229975974576085
0.005649414659936844
0.005488068001527238
0.005337757883850649
0.005197436783339324
0.005066186112126812
0.004943197070343084
0.004827754801824655
0.004719225209035964
0.004617043922261979
0.004520707024511224
0.004429763215447739
0.004343807161147524
0.004262473826022322
0.004185433622178985
0.004112388242252018
0.004043067066211817
0.0039772240522120686
0.003914635037263034
0.0038550953862203775
0.0037984179378915783
0.003744431205472836
0.0036929777954196915
0.003643913014523371
0.003597103639647686
0.0035524268284648675
0.003509769152761553
0.0034690257385869452
0.003430099499779563
0.0033929004533135554
0.0033573451065130183
0.003323355907543308
0.003290860751743684
0.0032597925373493734
0.0032300887649911996
0.003201691176080239
0.0031745454258024675
0.0031486007869798664
0.0031238098815130066
0.0031001284365167726
0.0030775150626046873
0.003055931052076047
0.00303534019502023
0.003015708611579551
0.0029970045988105703
0.002979198490757789
0.002962262530506404
0.002946170753115287
0.002930898878449853
0.0029164242130392355
0.0029027255601748662
0.0028897831375497792
0.002877578501811053
0.002866094479462879
0.002855315103615815
0.0028452255561297797
0.002835812114744885
0.002827062104836083
0.002818963855465309
0.002811506659438898
0.002804680737108886
0.0027984772036849176
0.0027928880398490484
0.0027879060654892006
0.00278352491638858
0.0027797390237282887
0.0027765435962788616
0.00277393460517376
0.0027719087711740673
0.0027704635543490254
0.0027695971461116926
0.0027693084635630675
0.0027695971461116926
0.0027704635543490254
0.0027719087711740673
0.00277393460517376
0.0027765435962788616
0.0027797390237282887
0.00278352491638858
0.0027879060654892006
0.0027928880398490484
0.0027984772036849176
0.002804680737108886
0.002811506659438898
0.002818963855465309
0.002827062104836083
0.002835812114744885
0.0028452255561297797
0.002855315103615815
0.002866094479462879
0.002877578501811053
0.0028897831375497792
0.0029027255601748662
0.0029164242130392355
0.002930898878449853
0.002946170753115287
0.002962262530506404
0.002979198490757789
0.0029970045988105703
0.003015708611579551
0.00303534019502023
0.003055931052076047
0.0030775150626046873
0.0031001284365167726
0.0031238098815130066
0.0031486007869798664
0.0031745454258024675
0.003201691176080239
0.0032300887649911996
0.0032597925373493734
0.003290860751743684
0.003323355907543308
0.0033573451065130183
0.0033929004533135554
0.003430099499779563
0.0034690257385869452
0.003509769152761553
0.0035524268284648675
0.003597103639647686
0.003643913014523371
0.0036929777954196915
0.003744431205472836
0.0037984179378915783
0.0038550953862203775
0.003914635037263034
0.0039772240522120686
0.004043067066211817
0.004112388242252018
0.004185433622178985
0.004262473826022322
0.004343807161147524
0.004429763215447739
0.004520707024511224
0.004617043922261979
0.004719225209035964
0.004827754801824655
0.004943197070343084
0.005066186112126812
0.005197436783339324
0.005337757883850649
0.005488068001527238
0.005649414659936844
0.0058229975974576085
0.006010197250394686
0.006212609841238865
0.006432090918694587
0.006670809806406455
0.0069313182625566055
0.007216637836844855
0.0075303720916535056
0.007876852270207848
0.00826132851869215
0.008690223990035087
0.009171477021596822
0.009715008642374793
0.010333371536314086
0.0110426667461222
0.011863863734937061
0.012824742213149202
0.01396281704486091
0.015329862085847567
0.01699911852259716
0.019077177264954684
0.021724359065917114
0.025191429570578516
0.02989038923428
0.03654670397445715
0.04659535526391264
0.063561445842496
0.0996820864344109
0.2161076739835877

0.13553444003970871
0.19220273561102078
0.22898473385471121
0.22918730721416
0.19271356660848526
0.13616640921660406
0.08224958301173317
0.06838819456028632
0.24176235730806947
0.7528403044691309
1.0314349376905205
0.5896652692069833
0.14005320233861318
0.013816029044495526
0.0005671508307802862
9.885718888556003e-06
9.785394249011036e-08
2.8341474080698808e-09
1.9361503499670592e-10
1.1917370308479533e-11
6.170071258614245e-13
2.6837458048514374e-14
9.806852900604613e-16
3.010613533182125e-17
7.764570254678737e-19
1.6823521366874825e-20
3.0623403037555715e-22
4.683031318359351e-24
6.016414372770156e-26
6.493599266031046e-28
5.8880337886455425e-30
4.485306949659506e-32
2.870457430518671e-34
1.5432884926170006e-36
6.970760974692063e-39
2.6451501549836424e-41
8.432523017513245e-44
2.2584048938368584e-46
5.081397189411545e-49
9.60509237004808e-52
1.5253061253750898e-54
2.034930348458736e-57
2.280757696937986e-60
2.147562517641891e-63
1.6988285365915024e-66
1.1289906510063053e-69
6.303303368210019e-73
2.956535781172382e-76
1.1650247054535259e-79
3.856774052866016e-83
1.0726309503033501e-86
2.5061872578164105e-90
4.91941857751986e-94
8.112432607849695e-98
1.12389436328041e-101
1.3080879651819246e-105
1.279043964982932e-109
1.0506814423660614e-113
7.250930062396084e-118
4.2039102608595504e-122
2.047624056224147e-126
8.378843436471866e-131
2.880414534155381e-135
8.318843952112454e-140
2.0184036724016532e-144
4.114244938747842e-149
7.045459541357276e-154
1.0135975985880643e-158
1.2250643066310347e-163
1.243910878474797e-168
1.0611009692191256e-173
7.604334675804976e-179
4.5782847401426513e-184
2.31569545102133e-189
9.840046515063927e-195
3.512771707052976e-200
1.0535126793188023e-205
2.654401862343067e-211
5.6186327440742044e-217
9.991522809611078e-223
1.492690567238308e-228
1.8734623015952878e-234
1.9754097569841112e-240
1.7498728639785854e-246
1.3022454964931937e-252
8.141722536550537e-259
4.2763849992669677e-265
1.8870107006421744e-271
6.995342683107551e-278
2.1786160135550787e-284
5.700191610979935e-291
1.2529544522316519e-297
2.313759306480911e-304
3.5895345627724e-311
4.678377e-318
0.0
0.0
0.0
0.0
0.0
