0.6428351929580172
0.03158581500579853
0.002046568618752088
0.00014267483339367942
1.0272236452149211e-05
7.575973795681494e-07
5.7375957312669375e-08
1.241451351852636e-09
1.6482917957222937e-10
3.267712762197913e-11
1.0948108630412573e-11
5.471663565473605e-12
3.4416218938577933e-12
2.4283686463685787e-12
1.8636733862831743e-12
1.5069895269858247e-12
1.2639835053281258e-12
1.0888333544354653e-12
9.570410555892048e-13
8.544836167269328e-13
7.725081254309218e-13
7.055418303085383e-13
6.498440562567337e-13
6.028152330459181e-13
5.625948737077956e-13
5.278174907880152e-13
4.974588482745204e-13
4.707359649907452e-13
4.470402273579703e-13
4.2589152816028795e-13
4.0690612372156123e-13
3.897736599906961e-13
3.742404606023614e-13
3.600971756061407e-13
3.471695207675307e-13
3.353112425931148e-13
3.2439870981191774e-13
3.1432670938983725e-13
3.050051456334429e-13
2.9635642409203727e-13
2.883133602006956e-13
2.808174939437347e-13
2.7381772153030306e-13
2.672691766806374e-13
2.6113231000567563e-13
2.5537212675891694e-13
2.499575520833842e-13
2.448608995665261e-13
2.4005742401909533e-13
2.355249433176897e-13
2.3124351718994407e-13
2.2719517319225912e-13
2.233636719918205e-13
2.1973430553604892e-13
2.1629372286240663e-13
2.1302977923681695e-13
2.099314050608797e-13
2.0698849159568276e-13
2.0419179104344336e-13
2.0153282893080457e-13
1.9900382706757464e-13
1.9659763562629335e-13
1.9430767311249408e-13
1.921278731818049e-13
1.9005263741519396e-13
1.8807679329338096e-13
1.8619555672025747e-13
1.8440449853676846e-13
1.8269951454407011e-13
1.8107679862032233e-13
1.7953281857116966e-13
1.7806429440143157e-13
1.7666817873609626e-13
1.7534163915347853e-13
1.740820422232896e-13
1.7288693906810635e-13
1.7175405228897412e-13
1.7068126411513144e-13
1.696666056545676e-13
1.687082471366735e-13
1.6780448905093835e-13
1.6695375409674396e-13
1.6615457986903663e-13
1.6540561221320495e-13
1.6470559919002418e-13
1.6405338559817372e-13
1.634479080077281e-13
1.6288819026324734e-13
1.6237333941975176e-13
1.619025420790258e-13
1.614750610974272e-13
1.6109023263973427e-13
1.607474635565965e-13
1.604462290659095e-13
1.601860707209459e-13
1.5996659465037956e-13
1.5978747005746924e-13
1.5964842796764657e-13
1.595492602156078e-13
1.5948981866475984e-13
1.594700146535429e-13
1.5948981866475984e-13
1.595492602156078e-13
1.5964842796764657e-13
1.5978747005746924e-13
1.5996659465037956e-13
1.601860707209459e-13
1.604462290659095e-13
1.607474635565965e-13
1.6109023263973427e-13
1.614750610974272e-13
1.619025420790258e-13
1.6237333941975176e-13
1.6288819026324734e-13
1.634479080077281e-13
1.6405338559817372e-13
1.6470559919002418e-13
1.6540561221320495e-13
1.6615457986903663e-13
1.6695375409674396e-13
1.6780448905093835e-13
1.687082471366735e-13
1.696666056545676e-13
1.7068126411513144e-13
1.7175405228897412e-13
1.7288693906810635e-13
1.740820422232896e-13
1.7534163915347853e-13
1.7666817873609626e-13
1.7806429440143157e-13
1.7953281857116966e-13
1.8107679862032233e-13
1.8269951454407011e-13
1.8440449853676846e-13
1.8619555672025747e-13
1.8807679329338096e-13
1.9005263741519396e-13
1.921278731818049e-13
1.9430767311249408e-13
1.9659763562629335e-13
1.9900382706757464e-13
2.0153282893080457e-13
2.0419179104344336e-13
2.0698849159568276e-13
2.099314050608797e-13
2.1302977923681695e-13
2.1629372286240663e-13
2.1973430553604892e-13
2.233636719918205e-13
2.2719517319225912e-13
2.3124351718994407e-13
2.355249433176897e-13
2.4005742401909533e-13
2.448608995665261e-13
2.499575520833842e-13
2.5537212675891694e-13
2.6113231000567563e-13
2.672691766806374e-13
2.7381772153030306e-13
2.808174939437347e-13
2.883133602006956e-13
2.9635642409203727e-13
3.050051456334429e-13
3.1432670938983725e-13
3.2439870981191774e-13
3.353112425931148e-13
3.471695207675307e-13
3.600971756061407e-13
3.742404606023614e-13
3.897736599906961e-13
4.0690612372156123e-13
4.2589152816028795e-13
4.470402273579703e-13
4.707359649907452e-13
4.974588482745204e-13
5.278174907880152e-13
5.625948737077956e-13
6.028152330459181e-13
6.498440562567337e-13
7.055418303085383e-13
7.725081254309218e-13
8.544836167269328e-13
9.570410555892048e-13
1.0888333544354653e-12
1.2639835053281258e-12
1.5069895269858247e-12
1.8636733862831743e-12
2.4283686463685787e-12
3.4416218938577933e-12
5.471663565473605e-12
1.0948108630412573e-11
3.267712762197913e-11
1.6482917957222937e-10
1.241451351852636e-09
5.7375957312669375e-08
7.575973795681494e-07
1.0272236452149211e-05
0.00014267483339367942
0.002046568618752088
0.03158581500579853

7.1545498227458e-12
5.622283199263417e-11
4.2883976675955454e-10
3.148071059947149e-09
2.1850444748153672e-08
1.404797738187386e-07
8.21587856885878e-07
4.312242169283171e-06
2.0125987324376378e-05
8.303029210410587e-05
0.0003026581752143911
0.0024358523398248237
0.15900513669250152
1.178498792088013
0.6349084444104364
0.050455308115597085
0.04566613365817761
0.0675767792814155
0.08924036938585228
0.10612047356305182
0.11533716585517881
0.11678330502406006
0.11243512631076452
0.10455486717833108
0.09439112265703527
0.08222711412996261
0.06827345615051159
0.05335886318849714
0.038883378564236154
0.02626172658266761
0.01638451577447312
0.009426685825184728
0.004997519384159387
0.00244044576515025
0.0010975929757852155
0.00045461863476122915
0.00017341167186330926
6.0916041593638775e-05
1.9706356922847967e-05
5.870864430844881e-06
1.6107150465487673e-06
4.0696430079113223e-07
9.469233852649517e-08
2.0290572351602095e-08
4.004005643026263e-09
7.276390389311096e-10
1.2177502565584293e-10
1.8768146958105538e-11
2.6638237613802745e-12
3.4818536204613513e-13
4.191181391441914e-14
4.646044153302774e-15
4.742978279513109e-16
4.459024579481556e-17
3.860553046416664e-18
3.078081465167751e-19
2.2601206469058656e-20
1.5282839885832354e-21
9.51694218613091e-23
5.457725973549175e-24
2.8823515516604425e-25
1.401855014998603e-26
6.278851003722714e-28
2.5898712985360354e-29
9.837780207987269e-31
3.44141443270306e-32
1.1086584295464583e-33
3.2891181832070506e-35
8.9863250012831e-37
2.2610267031650557e-38
5.239021601217934e-40
1.1179325830886089e-41
2.1968579028799355e-43
3.975660096901114e-45
6.625786755181999e-47
1.0169195331765517e-48
1.4373305349460522e-50
1.870887364526852e-52
2.242639975857696e-54
2.4756680066724895e-56
2.5167853463906702e-58
2.3562473361170953e-60
2.031498490274765e-62
1.6129951396302675e-64
1.1794255754210253e-66
7.941982958752339e-69
4.925023284854207e-71
2.8126037591101355e-73
1.4792096966782363e-75
7.164268681048065e-78
3.1954712313687447e-80
1.3125591584326209e-82
4.9650518565878334e-85
1.7296156983607072e-87
5.548765554496677e-90
1.6393212178890098e-92
4.4601829385964295e-95
1.1175377737778809e-97
2.5786516578685017e-100
5.479539640288584e-103
