1.3890226392548002
0.3171890260430873
0.10697714576005549
0.047684135069888514
0.025911195722990554
0.016213513933282186
0.011222560848287903
0.008354358860634544
0.006559103132276206
0.0053577010132319965
0.004509987309928474
0.0038859214669870754
0.0034104329622018942
0.003037790944409217
0.0027388404650808516
0.002494258535680878
0.002290804046021972
0.002119137726165606
0.001972504572194382
0.0018459097984217549
0.0017355876011085286
0.0016386493321049697
0.0015528448101200841
0.0014763968465814222
0.0014078842687870513
0.0013461577533259272
0.0012902782871207594
0.0012394715092586498
0.0011930933784861436
0.0011506040374821248
0.0011115476903070837
0.0010755369466350488
0.0010422405226852424
0.001011373491889947
0.0009826894917823264
0.0009559744457918183
0.0009310414684484571
0.0009077267026016153
0.0008858858962951723
0.0008653915708732735
0.0008461306648814028
0.0008280025633145399
0.000810917440842872
0.0007947948623245422
0.0007795625952907666
0.0007651555979651837
0.0007515151533507788
0.0007385881254268985
0.0007263263178781248
0.0007146859192773495
0.0007036270214585612
0.0006931132000871406
0.0006831111482797859
0.0006735903556301431
0.0006645228262280803
0.000655882830273857
0.0006476466847253782
0.0006397925591107232
0.0006323003032157716
0.0006251512938392698
0.0006183282982121794
0.0006118153520183456
0.0006055976502406092
0.0005996614492994698
0.0005939939791577176
0.0005885833642401118
0.0005834185521671747
0.0005784892494306045
0.0005737858632480552
0.000569299448929925
0.0005650216621726695
0.0005609447157639639
0.0005570613402464364
0.0005533647481400378
0.0005498486013695711
0.0005465069815844605
0.0005433343630933095
0.0005403255881668921
0.000537475844490542
0.0005347806445709474
0.000532235806923581
0.0005298374388857456
0.0005275819209168402
0.0005254658922622026
0.0005234862378700241
0.0005216400764625431
0.0005199247496732093
0.0005183378121709007
0.0005168770227007266
0.0005155403359785707
0.0005143258953834259
0.0005132320263978283
0.000512257230752414
0.0005114001812358488
0.0005106597171361875
0.0005100348402841756
0.0005095247116731465
0.0005091286486340356
0.0005088461225477072
0.0005086767570802539
0.0005086203269302595
0.0005086767570802539
0.0005088461225477072
0.0005091286486340356
0.0005095247116731465
0.0005100348402841756
0.0005106597171361875
0.0005114001812358488
0.000512257230752414
0.0005132320263978283
0.0005143258953834259
0.0005155403359785707
0.0005168770227007266
0.0005183378121709007
0.0005199247496732093
0.0005216400764625431
0.0005234862378700241
0.0005254658922622026
0.0005275819209168402
0.0005298374388857456
0.000532235806923581
0.0005347806445709474
0.000537475844490542
0.0005403255881668921
0.0005433343630933095
0.0005465069815844605
0.0005498486013695711
0.0005533647481400378
0.0005570613402464364
0.0005609447157639639
0.0005650216621726695
0.000569299448929925
0.0005737858632480552
0.0005784892494306045
0.0005834185521671747
0.0005885833642401118
0.0005939939791577176
0.0005996614492994698
0.0006055976502406092
0.0006118153520183456
0.0006183282982121794
0.0006251512938392698
0.0006323003032157716
0.0006397925591107232
0.0006476466847253782
0.000655882830273857
0.0006645228262280803
0.0006735903556301431
0.0006831111482797859
0.0006931132000871406
0.0007036270214585612
0.0007146859192773495
0.0007263263178781248
0.0007385881254268985
0.0007515151533507788
0.0007651555979651837
0.0007795625952907666
0.0007947948623245422
0.000810917440842872
0.0008280025633145399
0.0008461306648814028
0.0008653915708732735
0.0008858858962951723
0.0009077267026016153
0.0009310414684484571
0.0009559744457918183
0.0009826894917823264
0.001011373491889947
0.0010422405226852424
0.0010755369466350488
0.0011115476903070837
0.0011506040374821248
0.0011930933784861436
0.0012394715092586498
0.0012902782871207594
0.0013461577533259272
0.0014078842687870513
0.0014763968465814222
0.0015528448101200841
0.0016386493321049697
0.0017355876011085286
0.0018459097984217549
0.001972504572194382
0.002119137726165606
0.002290804046021972
0.002494258535680878
0.0027388404650808516
0.003037790944409217
0.0034104329622018942
0.0038859214669870754
0.004509987309928474
0.0053577010132319965
0.006559103132276206
0.008354358860634544
0.011222560848287903
0.016213513933282186
0.025911195722990554
0.047684135069888514
0.10697714576005549
0.3171890260430873

0.024128564685203375
0.06297981519643604
0.13907265576440855
0.260420265868793
0.41558011545145024
0.5705924514974751
0.6854301045259761
0.7389946202406604
0.7372869904366446
0.69732580118205
0.6294371132447089
0.5382125829199274
0.43280066161707553
0.3277913197581542
0.2352775551633023
0.16031593707362815
0.1030045071867823
0.06169955870671956
0.03410038370362575
0.017272482548399807
0.007990142843562737
0.003370622709919344
0.001295941308343619
0.00045405238250612083
0.00014496121093499284
4.217140560953199e-05
1.1179020809134954e-05
2.700279314395477e-06
5.94337074487029e-07
1.191999734137227e-07
2.1784053653925177e-08
3.6276087478959404e-09
5.504544488447492e-10
7.610996719244862e-11
9.589167094740992e-12
1.1008786295118664e-12
1.1516412149027579e-13
1.0977770819612022e-14
9.535211351888278e-16
7.546849525337768e-17
5.442773490360063e-18
3.5767948697521714e-19
2.141839926627647e-20
1.1686896269042027e-21
5.810728334603657e-23
2.632577450191841e-24
1.0868032922304042e-25
4.088273452808369e-27
1.4013548835217916e-28
4.3769897429539945e-30
1.245724854529291e-31
3.230635293030938e-33
7.634365354520915e-35
1.643906640415112e-36
3.2255261163107704e-38
5.766910063751303e-40
9.395177673665748e-42
1.3947167593875719e-43
1.8866278654094042e-45
2.325442860936011e-47
2.611826379997286e-49
2.6730195695635125e-51
2.4927525869348674e-53
2.118241225195867e-55
1.6401775359888987e-57
1.157245514088211e-59
7.440109983153709e-62
4.358654131157597e-64
2.326722897718623e-66
1.1317646439977646e-68
5.016337917720121e-71
2.0259869762106474e-73
7.455996871913173e-76
2.5003107499579396e-78
7.64014255728494e-81
2.1272970568099057e-83
5.397268447330918e-86
1.2477831096087621e-88
2.628593253123658e-91
5.045763352800038e-94
8.825708323247006e-97
1.406667540370689e-99
2.0429256651916804e-102
2.7035404140630294e-105
3.2601108762265545e-108
3.582210300321188e-111
3.586649921943362e-114
3.272247185570072e-117
2.7203351909048477e-120
2.0607150343976062e-123
1.4224357621150611e-126
8.946776505010574e-130
5.1276658678272734e-133
2.677885784416678e-136
1.274334922823368e-139
5.525789327190551e-143
2.1833545451488195e-146
7.860920586900577e-150
2.5789430768224224e-153
7.709554925702889e-157
