1.0748350686201706
0.02212689139225349
0.0006689618614973206
2.382352856668625e-05
9.149640589907678e-07
3.698630883842554e-08
2.0021342248240286e-09
9.968575832608149e-11
4.965423635752656e-12
2.474798256313138e-13
1.2348200899442338e-14
6.174563044387237e-16
3.100661472205463e-17
1.5700167215700768e-18
8.07715437929877e-20
4.279537743630457e-21
2.3865287467815374e-22
1.441843003635077e-23
9.694053076559238e-25
7.322403634465237e-26
6.1244206520797396e-27
5.514302819960633e-28
5.202327313964233e-29
5.047309568928418e-30
4.983812858834739e-31
4.986972182812614e-32
5.0566900159781686e-33
5.21252871286781e-34
5.495663754757667e-35
5.977255933288487e-36
6.774965626156332e-37
8.08213407060059e-38
1.0218664440567963e-38
1.372103987331054e-39
1.950567822915257e-40
2.9174638497777393e-41
4.560734156197929e-42
7.414665207632123e-43
1.2506092811725434e-43
2.188322994883113e-44
3.9789739932532797e-45
7.535651648413923e-46
1.489717361138632e-46
3.078417875226862e-47
6.652514392016451e-48
1.5029548138404993e-48
3.5474774204829284e-49
8.742299617947658e-50
2.248456997252987e-50
6.034431425945427e-51
1.6900765702419866e-51
4.940318998354326e-52
1.5074317287790889e-52
4.80160587859523e-53
1.596652655807796e-53
5.54248297573713e-54
2.0084410166022284e-54
7.597440275129927e-55
3.000027279227846e-55
1.2366059494004697e-55
5.320890455741592e-56
2.38990420798054e-56
1.1204978409476894e-56
5.483498280731967e-57
2.8008268856723257e-57
1.492917664747147e-57
8.302408444507016e-58
4.815344350740232e-58
2.9111022769389326e-58
1.8328947255953588e-58
1.2005512920399717e-58
8.168778306984993e-59
5.7635797558905885e-59
4.2080432673482505e-59
3.1718215292661484e-59
2.462040745088276e-59
1.9630242391543535e-59
1.6035263406494155e-59
1.3388190982952866e-59
1.139800391822246e-59
9.873477315113898e-60
8.685920968633293e-60
7.746807721409114e-60
6.994038744877051e-60
6.383509250049839e-60
5.883247217626427e-60
5.469758360006324e-60
5.125540217496161e-60
4.8373903310474857e-60
4.595237578260175e-60
4.3913236498092157e-60
4.219622394407079e-60
4.0754230930773465e-60
3.955028296148763e-60
3.855532847538952e-60
3.774661279596248e-60
3.710647834091435e-60
3.662148172713014e-60
3.628175162854043e-60
3.608053466788626e-60
3.6013893583225435e-60
3.608053466788626e-60
3.628175162854043e-60
3.662148172713014e-60
3.710647834091435e-60
3.774661279596248e-60
3.855532847538952e-60
3.955028296148763e-60
4.0754230930773465e-60
4.219622394407079e-60
4.3913236498092157e-60
4.595237578260175e-60
4.8373903310474857e-60
5.125540217496161e-60
5.469758360006324e-60
5.883247217626427e-60
6.383509250049839e-60
6.994038744877051e-60
7.746807721409114e-60
8.685920968633293e-60
9.873477315113898e-60
1.139800391822246e-59
1.3388190982952866e-59
1.6035263406494155e-59
1.9630242391543535e-59
2.462040745088276e-59
3.1718215292661484e-59
4.2080432673482505e-59
5.7635797558905885e-59
8.168778306984993e-59
1.2005512920399717e-58
1.8328947255953588e-58
2.9111022769389326e-58
4.815344350740232e-58
8.302408444507016e-58
1.492917664747147e-57
2.8008268856723257e-57
5.483498280731967e-57
1.1204978409476894e-56
2.38990420798054e-56
5.320890455741592e-56
1.2366059494004697e-55
3.000027279227846e-55
7.597440275129927e-55
2.0084410166022284e-54
5.54248297573713e-54
1.596652655807796e-53
4.80160587859523e-53
1.5074317287790889e-52
4.940318998354326e-52
1.6900765702419866e-51
6.034431425945427e-51
2.248456997252987e-50
8.742299617947658e-50
3.5474774204829284e-49
1.5029548138404993e-48
6.652514392016451e-48
3.078417875226862e-47
1.489717361138632e-46
7.535651648413923e-46
3.9789739932532797e-45
2.188322994883113e-44
1.2506092811725434e-43
7.414665207632123e-43
4.560734156197929e-42
2.9174638497777393e-41
1.950567822915257e-40
1.372103987331054e-39
1.0218664440567963e-38
8.08213407060059e-38
6.774965626156332e-37
5.977255933288487e-36
5.495663754757667e-35
5.21252871286781e-34
5.0566900159781686e-33
4.986972182812614e-32
4.983812858834739e-31
5.047309568928418e-30
5.202327313964233e-29
5.514302819960633e-28
6.1244206520797396e-27
7.322403634465237e-26
9.694053076559238e-25
1.441843003635077e-23
2.3865287467815374e-22
4.279537743630457e-21
8.07715437929877e-20
1.5700167215700768e-18
3.100661472205463e-17
6.174563044387237e-16
1.2348200899442338e-14
2.474798256313138e-13
4.965423635752656e-12
9.968575832608149e-11
2.0021342248240286e-09
3.698630883842554e-08
9.149640589907678e-07
2.382352856668625e-05
0.0006689618614973206
0.02212689139225349

3.9407443710919484e-59
2.1491798435119337e-52
4.531811448547415e-46
3.694656612837313e-40
1.1646071902608956e-34
1.4193450591027325e-29
6.688052137222489e-25
1.2184688930704814e-20
8.582866929906178e-17
2.3375098448076795e-13
2.461374260229123e-10
1.002086005828336e-07
1.5773768996067368e-05
0.0009599952674754984
0.022589459749363914
0.20551604536008103
0.7229175800159037
0.9831864129092095
0.5170531276142741
0.10614377154296536
0.018938108126580682
0.06671290119885646
0.24984653323157807
0.5671472787100392
0.7774187693357212
0.643495829768379
0.3216384700973542
0.09707821324570737
0.017693228934748964
0.001947260055843537
0.00012941134453380376
5.193406047279998e-06
1.258530500174819e-07
1.841648512430271e-09
1.6273511826966883e-11
8.683351010028495e-14
2.797853471182132e-16
5.443699088225315e-19
6.395798770628993e-22
4.5376083413948e-25
1.943975376716481e-28
5.029051089448114e-32
7.856206155840158e-36
7.410904739587929e-40
4.221444910844694e-44
1.4520532971880455e-48
3.01602907746121e-53
3.782857893863756e-58
2.865075464349058e-63
1.3103389173159058e-68
3.618784737481806e-74
6.034946103911003e-80
6.077368599977195e-86
3.695636903442076e-92
1.3570459352055236e-98
3.009063395680799e-105
4.029022220682691e-112
3.2576132542266533e-119
1.5904899157410433e-126
4.689147049344882e-134
8.34811302524892e-142
8.974583947995099e-150
5.826018562765098e-158
2.2838150973955166e-166
5.406068582163033e-175
7.727405417611786e-184
6.669870179412564e-193
3.476422881518517e-202
1.0941562722588683e-211
2.0794938707848747e-221
2.3865331472436102e-231
1.6538984216046122e-241
6.921205280897044e-252
1.748985319010881e-262
2.668837512739708e-273
2.4591761516576372e-284
1.3683231652090328e-295
4.597473728549498e-307
9.32786e-319
0.0
0.0
0.0
0.0
0.0
0.0
0.0
0.0
0.0
0.0
0.0
0.0
0.0
0.0
0.0
0.0
0.0
0.0
0.0
0.0
0.0
