0.8316027987706347
0.3844700858710978
0.24904386825070676
0.17353668230913144
0.12782913135112164
0.09856972931866913
0.07890399709868079
0.06511307760708948
0.05508014775627273
0.04754649605271309
0.04173341651096233
0.03714160186431731
0.033440400100888924
0.0304043997662711
0.027875873016068614
0.025741833839336183
0.023919620505870043
0.022347596051134046
0.020979005084790243
0.019777825827332972
0.01871591250532521
0.01777099001526237
0.01692522256659472
0.016164175906073094
0.015476053959912046
0.014851129788774009
0.014281316121922412
0.013759837500121665
0.013280977310119728
0.012839880661205873
0.01243239935222922
0.012054968886183874
0.011704510117790841
0.011378350003800074
0.011074157291380744
0.010789889979909546
0.010523752130744387
0.010274158151144727
0.010039703093594851
0.009819137826734372
0.009611348174920755
0.009415337308945768
0.009230210814311253
0.009055163975817996
0.008889470905501335
0.008732475210733563
0.008583581954797363
0.008442250706589806
0.008307989511760861
0.008180349646378348
0.008058921037573032
0.007943328254663165
0.007833226989852877
0.007728300960422518
0.007628259174916612
0.007532833514610532
0.007441776588837591
0.007354859828853934
0.007271871790025742
0.0071926166364165425
0.007116912785473227
0.007044591693572356
0.006975496765787493
0.006909482375449984
0.0068464129809630994
0.006786162328944504
0.00672861273415761
0.006673654427884318
0.006621184967419219
0.006571108700253657
0.006523336277287599
0.006477784210075581
0.006434374467694475
0.006393034109328197
0.006353694949107714
0.006316293250133163
0.0062807694449456735
0.006247067880016288
0.006215136582083589
0.00618492704440495
0.006156394031192786
0.006129495398690274
0.006104191931503669
0.006080447192953258
0.006058227388334254
0.006037501240094578
0.006018239874040294
0.0060004167157725755
0.005984007396644256
0.005968989668600019
0.005955343327333164
0.00594305014325481
0.0059320937998286515
0.005922459838877083
0.0059141356125131505
0.0059071102413976815
0.005901374579063072
0.0058969211820845005
0.005893744285916624
0.005891839786249183
0.005891205225769073
0.005891839786249183
0.005893744285916624
0.0058969211820845005
0.005901374579063072
0.0059071102413976815
0.0059141356125131505
0.005922459838877083
0.0059320937998286515
0.00594305014325481
0.005955343327333164
0.005968989668600019
0.005984007396644256
0.0060004167157725755
0.006018239874040294
0.006037501240094578
0.006058227388334254
0.006080447192953258
0.006104191931503669
0.006129495398690274
0.006156394031192786
0.00618492704440495
0.006215136582083589
0.006247067880016288
0.0062807694449456735
0.006316293250133163
0.006353694949107714
0.006393034109328197
0.006434374467694475
0.006477784210075581
0.006523336277287599
0.006571108700253657
0.006621184967419219
0.006673654427884318
0.00672861273415761
0.006786162328944504
0.0068464129809630994
0.006909482375449984
0.006975496765787493
0.007044591693572356
0.007116912785473227
0.0071926166364165425
0.007271871790025742
0.007354859828853934
0.007441776588837591
0.007532833514610532
0.007628259174916612
0.007728300960422518
0.007833226989852877
0.007943328254663165
0.008058921037573032
0.008180349646378348
0.008307989511760861
0.008442250706589806
0.008583581954797363
0.008732475210733563
0.008889470905501335
0.009055163975817996
0.009230210814311253
0.009415337308945768
0.009611348174920755
0.009819137826734372
0.010039703093594851
0.010274158151144727
0.010523752130744387
0.010789889979909546
0.011074157291380744
0.011378350003800074
0.011704510117790841
0.012054968886183874
0.01243239935222922
0.012839880661205873
0.013280977310119728
0.013759837500121665
0.014281316121922412
0.014851129788774009
0.015476053959912046
0.016164175906073094
0.01692522256659472
0.01777099001526237
0.01871591250532521
0.019777825827332972
0.020979005084790243
0.022347596051134046
0.023919620505870043
0.025741833839336183
0.027875873016068614
0.0304043997662711
0.033440400100888924
0.03714160186431731
0.04173341651096233
0.04754649605271309
0.05508014775627273
0.06511307760708948
0.07890399709868079
0.09856972931866913
0.12782913135112164
0.17353668230913144
0.24904386825070676
0.3844700858710978

0.28354285453729605
0.5360217076716546
0.7598047179688088
0.7719420865068272
0.5396701418530013
0.2525296767945797
0.07783731169212688
0.01567701172497663
0.002057639608618945
0.0001762935435660888
9.925690817996688e-06
3.7237773053368944e-07
9.852675075120415e-09
2.2109319969385482e-08
9.474071974003316e-07
2.5017905330556966e-05
0.0004039242539128399
0.0039873335504488645
0.024065719529810535
0.088807323912238
0.20036984592375875
0.2764073539760578
0.2331312386972244
0.12022229033270944
0.03790558224475393
0.007307267314243569
0.00086127227354325
6.20668330770353e-05
2.7347167751120314e-06
7.367137429441755e-08
1.2134414798477161e-09
1.2220037827037515e-11
7.524192747118193e-14
2.832571771792414e-16
6.519819638846312e-19
9.175376397460513e-22
7.894885666974133e-25
4.153377914542988e-28
1.3359515307206137e-31
2.6273238185724504e-35
3.159149311864892e-39
2.3225247490688992e-43
1.0439608131918551e-47
2.869073617012136e-52
4.8209523078460713e-57
4.9528779588325395e-62
3.111115016472607e-67
1.1948356049313006e-72
2.805652584956617e-78
4.0280353957238403e-84
3.535788769868561e-90
1.897636365729226e-96
6.226920559921145e-103
1.2493016237909297e-109
1.532480411956838e-116
1.1493603425734577e-123
5.270491687676815e-131
1.4776776535869027e-138
2.53303929520519e-146
2.654836603972372e-154
1.7012467759719215e-162
6.665465453948071e-171
1.596714602294836e-179
2.3386097748455074e-188
2.0942179254328714e-197
1.1466203177171815e-206
3.838407170589166e-216
7.856264548173045e-226
9.831387297015763e-236
7.522239541919583e-246
3.5189505326416087e-256
1.0064977604451289e-266
1.7601355409599201e-277
1.88197157793989e-288
1.2303074580165288e-299
4.9175400028407e-311
1.2e-322
0.0
0.0
0.0
0.0
0.0
0.0
0.0
0.0
0.0
0.0
0.0
0.0
0.0
0.0
0.0
0.0
0.0
0.0
0.0
0.0
0.0
0.0
0.0
