0.6396497207922274
0.08411520708301881
0.04051262816738368
0.02440368808646818
0.016612691172490195
0.012296571182884119
0.009651069237330934
0.00790007976658673
0.006670714480285155
0.005766964603838623
0.005077938720731148
0.0045369846254881075
0.00410197394524471
0.003745131888027356
0.0034474813441940913
0.003195654757118679
0.0029799852882468215
0.002793320915887325
0.0026302634455454364
0.002486666065491626
0.002359293119433065
0.0022455844770660734
0.002143489019678284
0.002051344810938942
0.0019677914354972715
0.0018917049059630287
0.0018221486659142088
0.001758336246634603
0.0016996024784713128
0.0016453810620827784
0.0015951869236572672
0.001548602207939544
0.0015052650655098697
0.0014648606065812836
0.0014271135493544597
0.0013917822046605063
0.0013586535224681532
0.0013275389882740653
0.0012982712043255469
0.0012707010262026116
0.0012446951524776805
0.001220134086112882
0.0011969104025009276
0.001174927271745453
0.0011540971927537513
0.001134340904607535
0.0011155864469579641
0.0010977683462169863
0.001080826908360205
0.001064707602425711
0.0010493605214496038
0.0010347399097472264
0.0010208037472269442
0.0010075133828871994
0.0009948332108578309
0.0009827303833512169
0.0009711745557256958
0.0009601376595635077
0.0009495937002526213
0.0009395185760561071
0.0009298899160701623
0.0009206869348255443
0.0009118903015876933
0.0009034820226668984
0.000895445335268721
0.0008877646116024087
0.0008804252721261356
0.0008734137069466785
0.0008667172045109378
0.0008603238868304287
0.0008542226505698029
0.0008484031134087037
0.0008428555651544053
0.0008375709231422113
0.000832540691512692
0.000827756924000516
0.0008232121899097839
0.0008188995429861283
0.0008148124929270391
0.0008109449792994516
0.0008072913476580788
0.0008038463276796579
0.0008006050131475845
0.0007975628436386123
0.0007947155877786754
0.0007920593279486544
0.0007895904463332758
0.000787305612217453
0.0007852017704444284
0.000783276130959161
0.0007815261593686645
0.0007799495684585189
0.000778544310611676
0.0007773085710819914
0.0007762407620807634
0.0007753395176399799
0.0007746036892210278
0.0007740323420423725
0.0007736247521042096
0.0007733804038923656
0.0007732989887478422
0.0007733804038923656
0.0007736247521042096
0.0007740323420423725
0.0007746036892210278
0.0007753395176399799
0.0007762407620807634
0.0007773085710819914
0.000778544310611676
0.0007799495684585189
0.0007815261593686645
0.000783276130959161
0.0007852017704444284
0.000787305612217453
0.0007895904463332758
0.0007920593279486544
0.0007947155877786754
0.0007975628436386123
0.0008006050131475845
0.0008038463276796579
0.0008072913476580788
0.0008109449792994516
0.0008148124929270391
0.0008188995429861283
0.0008232121899097839
0.000827756924000516
0.000832540691512692
0.0008375709231422113
0.0008428555651544053
0.0008484031134087037
0.0008542226505698029
0.0008603238868304287
0.0008667172045109378
0.0008734137069466785
0.0008804252721261356
0.0008877646116024087
0.000895445335268721
0.0009034820226668984
0.0009118903015876933
0.0009206869348255443
0.0009298899160701623
0.0009395185760561071
0.0009495937002526213
0.0009601376595635077
0.0009711745557256958
0.0009827303833512169
0.0009948332108578309
0.0010075133828871994
0.0010208037472269442
0.0010347399097472264
0.0010493605214496038
0.001064707602425711
0.001080826908360205
0.0010977683462169863
0.0011155864469579641
0.001134340904607535
0.0011540971927537513
0.001174927271745453
0.0011969104025009276
0.001220134086112882
0.0012446951524776805
0.0012707010262026116
0.0012982712043255469
0.0013275389882740653
0.0013586535224681532
0.0013917822046605063
0.0014271135493544597
0.0014648606065812836
0.0015052650655098697
0.001548602207939544
0.0015951869236572672
0.0016453810620827784
0.0016996024784713128
0.001758336246634603
0.0018221486659142088
0.0018917049059630287
0.0019677914354972715
0.002051344810938942
0.002143489019678284
0.0022455844770660734
0.002359293119433065
0.002486666065491626
0.0026302634455454364
0.002793320915887325
0.0029799852882468215
0.003195654757118679
0.0034474813441940913
0.003745131888027356
0.00410197394524471
0.0045369846254881075
0.005077938720731148
0.005766964603838623
0.006670714480285155
0.00790007976658673
0.009651069237330934
0.012296571182884119
0.016612691172490195
0.02440368808646818
0.04051262816738368
0.08411520708301881

0.03766875600426748
0.060410228543632
0.08702935633838134
0.11262820337150783
0.130934662548819
0.1367376784830941
0.1282767249130957
0.10810197197075216
0.08183620120915437
0.05565233601981377
0.033997534872953164
0.018656816896105117
0.009197160440585633
0.00407282798708041
0.0016201848271733487
0.0005790024012049629
0.00018724092230727016
9.403685171457087e-05
0.0007265606932805578
0.007575436633656828
0.04850909584422054
0.18736018548442618
0.43631694266553767
0.6126215408101354
0.5186180507709327
0.26470866504536095
0.08146177141926422
0.015114880018292977
0.001690910888840618
0.0001140517359580253
4.638186863081067e-06
1.1372599505991142e-07
1.6812659285131325e-09
1.4985741675537848e-11
8.053510803653182e-14
2.609501609003444e-16
5.097981373105289e-19
6.00618563761374e-22
4.307069959286944e-25
2.986778529393797e-28
2.8883361252817823e-30
6.247769602266586e-32
1.2338808237898691e-33
2.189263519946218e-35
3.4893874838612746e-37
4.996046252516241e-39
6.425838315342237e-41
7.424363539718634e-43
7.70574719497064e-45
7.184497144344111e-47
6.017333583520193e-49
4.527285594526032e-51
3.059833448130133e-53
1.857735052498014e-55
1.0132015734410112e-57
4.964025771577264e-60
2.1847326122987186e-62
8.637511681212791e-65
3.0676449715956045e-67
9.78695600665764e-70
2.80489280506335e-72
7.221226924853771e-75
1.6700589807133088e-77
3.469594475875083e-80
6.4751781002271946e-83
1.0855524474238282e-85
1.6348427868632515e-88
2.211705368965216e-91
2.6878476015205126e-94
2.9343242436893865e-97
2.8776479052612615e-100
2.5350895187774784e-103
2.0062037447322013e-106
1.4262079921447798e-109
9.107869241061006e-113
5.224885771369977e-116
2.6925445977249116e-119
1.2464506911760676e-122
5.183384099419113e-126
1.9363228639185216e-129
6.4978285369379334e-133
1.9587761737085632e-136
5.304292567306643e-140
1.2903164082749593e-143
2.8196231120260255e-147
5.5349282517343486e-151
9.760206840845729e-155
1.5460806307802679e-158
2.2000439126302912e-162
2.8122676520236246e-166
3.2292974195694642e-170
3.331083595714852e-174
3.086662245977603e-178
2.569323447571465e-182
1.9212086911538164e-186
1.2904952104838565e-190
7.786895446614137e-195
4.220835067439316e-199
2.0552209234775332e-203
8.989690404470934e-208
