0.5112905576393418
0.19055663903622536
0.1357209645998051
0.10350258739226152
0.08195623856138218
0.06691130676827356
0.05602747603235926
0.04790797569605745
0.041686586256461024
0.03680746882226929
0.03290277669940533
0.029722191132598417
0.027091024895560947
0.024884563000658607
0.02301191397741221
0.021405588971718847
0.02001462040309635
0.01879992061367377
0.01773108965425791
0.016784179888362755
0.015940104404194914
0.015183486281793994
0.01450181469473364
0.013884817824292957
0.013323991148726642
0.012812238551008848
0.012343596354452544
0.01191301901703537
0.011516211164338784
0.011149494799103826
0.010809703467014934
0.010494097263147427
0.010200294085833348
0.009926213656927807
0.00967003164788101
0.009430141861701859
0.009205124879372922
0.008993721926289357
0.008794812978977995
0.00860739833572527
0.008430583032098583
0.008263563604908118
0.008105616804222953
0.007956089928810355
0.007814392520449034
0.0076799892004816624
0.00755239347038414
0.007431162329078909
0.007315891584777013
0.007206211759514359
0.00710178450119809
0.007002299431639928
0.006907471370307134
0.0068170378828293484
0.006730757111026326
0.006648405847659591
0.006569777824493873
0.006494682186770136
0.006422942130992982
0.006354393686144418
0.006288884621153862
0.0062262734637627765
0.006166428617888651
0.0061092275682725836
0.006054556162633076
0.006002307962783638
0.005952383657234799
0.005904690528718456
0.005859141970865682
0.005815657048956974
0.005774160100261305
0.005734580370000737
0.00569685167943122
0.005660912122927261
0.005626703791305944
0.005594172518931195
0.005563267652407849
0.005533941838911962
0.005506150832412891
0.005479853316227951
0.00545501074051446
0.005431587173449972
0.00540954916498127
0.00538886562213865
0.005369507695015606
0.005351448672606829
0.005334663887781008
0.005319130630739856
0.0053048280703828455
0.0052917371830584455
0.005279840688238595
0.005269122990704048
0.005259570128874859
0.005251169728963137
0.005243910964664775
0.00523778452214365
0.005232782570096059
0.005228898734715422
0.005226128079407813
0.0052244670891378655
0.00522391365931263
0.0052244670891378655
0.005226128079407813
0.005228898734715422
0.005232782570096059
0.00523778452214365
0.005243910964664775
0.005251169728963137
0.005259570128874859
0.005269122990704048
0.005279840688238595
0.0052917371830584455
0.0053048280703828455
0.005319130630739856
0.005334663887781008
0.005351448672606829
0.005369507695015606
0.00538886562213865
0.00540954916498127
0.005431587173449972
0.00545501074051446
0.005479853316227951
0.005506150832412891
0.005533941838911962
0.005563267652407849
0.005594172518931195
0.005626703791305944
0.005660912122927261
0.00569685167943122
0.005734580370000737
0.005774160100261305
0.005815657048956974
0.005859141970865682
0.005904690528718456
0.005952383657234799
0.006002307962783638
0.006054556162633076
0.0061092275682725836
0.006166428617888651
0.0062262734637627765
0.006288884621153862
0.006354393686144418
0.006422942130992982
0.006494682186770136
0.006569777824493873
0.006648405847659591
0.006730757111026326
0.0068170378828293484
0.006907471370307134
0.007002299431639928
0.00710178450119809
0.007206211759514359
0.007315891584777013
0.007431162329078909
0.00755239347038414
0.0076799892004816624
0.007814392520449034
0.007956089928810355
0.008105616804222953
0.008263563604908118
0.008430583032098583
0.00860739833572527
0.008794812978977995
0.008993721926289357
0.009205124879372922
0.009430141861701859
0.00967003164788101
0.009926213656927807
0.010200294085833348
0.010494097263147427
0.010809703467014934
0.011149494799103826
0.011516211164338784
0.01191301901703537
0.012343596354452544
0.012812238551008848
0.013323991148726642
0.013884817824292957
0.01450181469473364
0.015183486281793994
0.015940104404194914
0.016784179888362755
0.01773108965425791
0.01879992061367377
0.02001462040309635
0.021405588971718847
0.02301191397741221
0.024884563000658607
0.027091024895560947
0.029722191132598417
0.03290277669940533
0.03680746882226929
0.041686586256461024
0.04790797569605745
0.05602747603235926
0.06691130676827356
0.08195623856138218
0.10350258739226152
0.1357209645998051
0.19055663903622536

0.25337033388046637
0.3852710575426867
0.38701905696402344
0.2568346766044205
0.1125979057930269
0.03261086440063408
0.006239498032014413
0.0007886645819480098
6.585524459574036e-05
3.632818836029077e-06
1.3238916966387288e-07
3.1872528633413556e-09
5.069159140608044e-11
5.326118577578519e-13
3.912012595314233e-14
8.704189331152072e-10
2.83381783238883e-06
0.0012224148412616244
0.06986640162834212
0.5290798419457236
0.5308564898931675
0.07057260101669191
0.0012430774662871614
2.901104286405113e-06
8.970808058055909e-10
3.675385225427406e-14
1.9951577653684898e-19
1.435009239797722e-25
1.3675248566231155e-32
1.7267077467822736e-40
2.888720496281992e-49
6.403173730706388e-59
1.880564028120981e-69
7.317859061993869e-81
3.7768314845971945e-93
4.442039431264797e-102
3.372910923781001e-108
1.6920292969586058e-114
5.607460577150592e-121
1.2276651385974893e-127
1.7756156418728692e-134
1.696576100460516e-141
1.0709102405536061e-148
4.465685582344415e-156
1.230208028562776e-163
2.238846486099536e-171
2.6916923398875645e-179
2.137872817791137e-187
1.1217437444556685e-195
3.888309184975589e-204
8.903961432436438e-213
1.346979831934253e-221
1.3461524941042277e-230
8.887564615935953e-240
3.8763825182588636e-249
1.116929664322467e-258
2.126083752329596e-268
2.6735619748466292e-278
2.221035432622775e-288
1.2189224116255716e-298
4.419284708777436e-309
1.0585e-319
0.0
0.0
0.0
0.0
0.0
0.0
0.0
0.0
0.0
0.0
0.0
0.0
0.0
0.0
0.0
0.0
0.0
0.0
0.0
0.0
0.0
0.0
0.0
0.0
0.0
0.0
0.0
0.0
0.0
0.0
0.0
0.0
0.0
0.0
0.0
0.0
0.0
0.0
