1.219767447342352
0.2232405559380592
0.046715469869452395
0.010956610869423566
0.0028069014133155967
0.000768678180914194
0.00022180129919355693
6.686418762309383e-05
2.0960727757483246e-05
6.816075983654141e-06
2.2962995052612433e-06
8.009597727872112e-07
2.891624093328695e-07
1.0803214596053886e-07
4.176479000558261e-08
1.6707118667652925e-08
6.915244486132994e-09
2.961635676791332e-09
1.3124160973600466e-09
6.017624235416623e-10
2.854889153485813e-10
1.4013911108036944e-10
7.117492690350391e-11
3.740050200363687e-11
2.0332224765605508e-11
1.1434222868752265e-11
6.650804154959897e-12
4.000204048065682e-12
2.4869986037498018e-12
1.60015021058966e-12
1.0594139783803248e-12
7.247402180127525e-13
5.108672153426006e-13
3.7057225497076664e-13
2.7619960961019985e-13
2.111716130358372e-13
1.6532489801813773e-13
1.3229642914667265e-13
1.079979828794913e-13
8.978435930061448e-14
7.58810751568332e-14
6.508853439696168e-14
5.6579194970246814e-14
4.9772543481526296e-14
4.4254826034409055e-14
3.972665974507194e-14
3.5968297645383894e-14
3.2816247848134355e-14
3.014730633659734e-14
2.7867500897189207e-14
2.5904333881339477e-14
2.4201270468278605e-14
2.2713775032665585e-14
2.1406427915543844e-14
2.025080505042303e-14
1.9223902278655324e-14
1.8306952756850687e-14
1.748453096315686e-14
1.6743867709084208e-14
1.6074321958180823e-14
1.5466970217997242e-14
1.4914284842648346e-14
1.4409880120786082e-14
1.3948310447186997e-14
1.352490881243706e-14
1.3135656726069801e-14
1.2777078813929833e-14
1.2446156910722255e-14
1.2140259652263587e-14
1.1857084464758615e-14
1.1594609526535983e-14
1.1351053796113675e-14
1.1124843599346905e-14
1.0914584577180929e-14
1.0719038035953026e-14
1.0537100930450397e-14
1.0367788858155238e-14
1.0210221560423378e-14
1.0063610519666206e-14
9.927248316208163e-15
9.800499468412267e-15
9.682792528015554e-15
9.573613241803475e-15
9.472498622652221e-15
9.379031799046273e-15
9.292837533587297e-15
9.213578318658656e-15
9.140950972018182e-15
9.074683667234962e-15
9.014533344022186e-15
8.960283452017562e-15
8.911741988722495e-15
8.868739798373242e-15
8.83112910367807e-15
8.798782246775679e-15
8.771590619584317e-15
8.749463767029054e-15
8.732328649548254e-15
8.720129053867845e-15
8.712825143360383e-15
8.710393141432414e-15
8.712825143360383e-15
8.720129053867845e-15
8.732328649548254e-15
8.749463767029054e-15
8.771590619584317e-15
8.798782246775679e-15
8.83112910367807e-15
8.868739798373242e-15
8.911741988722495e-15
8.960283452017562e-15
9.014533344022186e-15
9.074683667234962e-15
9.140950972018182e-15
9.213578318658656e-15
9.292837533587297e-15
9.379031799046273e-15
9.472498622652221e-15
9.573613241803475e-15
9.682792528015554e-15
9.800499468412267e-15
9.927248316208163e-15
1.0063610519666206e-14
1.0210221560423378e-14
1.0367788858155238e-14
1.0537100930450397e-14
1.0719038035953026e-14
1.0914584577180929e-14
1.1124843599346905e-14
1.1351053796113675e-14
1.1594609526535983e-14
1.1857084464758615e-14
1.2140259652263587e-14
1.2446156910722255e-14
1.2777078813929833e-14
1.3135656726069801e-14
1.352490881243706e-14
1.3948310447186997e-14
1.4409880120786082e-14
1.4914284842648346e-14
1.5466970217997242e-14
1.6074321958180823e-14
1.6743867709084208e-14
1.748453096315686e-14
1.8306952756850687e-14
1.9223902278655324e-14
2.025080505042303e-14
2.1406427915543844e-14
2.2713775032665585e-14
2.4201270468278605e-14
2.5904333881339477e-14
2.7867500897189207e-14
3.014730633659734e-14
3.2816247848134355e-14
3.5968297645383894e-14
3.972665974507194e-14
4.4254826034409055e-14
4.9772543481526296e-14
5.6579194970246814e-14
6.508853439696168e-14
7.58810751568332e-14
8.978435930061448e-14
1.079979828794913e-13
1.3229642914667265e-13
1.6532489801813773e-13
2.111716130358372e-13
2.7619960961019985e-13
3.7057225497076664e-13
5.108672153426006e-13
7.247402180127525e-13
1.0594139783803248e-12
1.60015021058966e-12
2.4869986037498018e-12
4.000204048065682e-12
6.650804154959897e-12
1.1434222868752265e-11
2.0332224765605508e-11
3.740050200363687e-11
7.117492690350391e-11
1.4013911108036944e-10
2.854889153485813e-10
6.017624235416623e-10
1.3124160973600466e-09
2.961635676791332e-09
6.915244486132994e-09
1.6707118667652925e-08
4.176479000558261e-08
1.0803214596053886e-07
2.891624093328695e-07
8.009597727872112e-07
2.2962995052612433e-06
6.816075983654141e-06
2.0960727757483246e-05
6.686418762309383e-05
0.00022180129919355693
0.000768678180914194
0.0028069014133155967
0.010956610869423566
0.046715469869452395
0.2232405559380592

2.575342185185396e-13
6.021769779185747e-10
4.2560248895419365e-07
9.092325517788156e-05
0.005871331444862858
0.11460116473164125
0.6761353879745903
1.2063778160046337
0.6868702002900086
0.6095233899523059
1.5372009888977631
1.038848936525423
0.15700034972271623
0.0052892461127448465
3.971935527731176e-05
6.648520448199873e-08
2.4806311765836536e-11
2.0630690085525846e-15
3.82454417232115e-20
1.580374363271629e-25
1.4556422057047367e-31
2.988571641804339e-38
1.3676881107972633e-45
1.3951626484227304e-53
3.1723199206807596e-62
1.607842427744208e-71
1.8164538128152886e-81
4.574246905155932e-92
2.567610925169914e-103
3.2125744093920864e-115
8.959660316433466e-128
5.569859788076496e-141
7.71811687278995e-155
2.3839263547449944e-169
1.6413053199824011e-184
2.5189725022280444e-200
8.63808066003039e-217
7.569981111579603e-234
1.5027727981990606e-250
5.8534875110061455e-267
7.434185789764752e-284
2.8559641537067457e-301
3.31637e-319
0.0
0.0
0.0
0.0
0.0
0.0
0.0
0.0
0.0
0.0
0.0
0.0
0.0
0.0
0.0
0.0
0.0
0.0
0.0
0.0
0.0
0.0
0.0
0.0
0.0
0.0
0.0
0.0
0.0
0.0
0.0
0.0
0.0
0.0
0.0
0.0
0.0
0.0
0.0
0.0
0.0
0.0
0.0
0.0
0.0
0.0
0.0
0.0
0.0
0.0
0.0
0.0
0.0
0.0
0.0
0.0
0.0
