1.4828575007875324
0.17339921960244223
0.04248863459708279
0.013375730718756534
0.0051312834730399175
0.002339571894830284
0.0012375069308261009
0.0007405618972681434
0.0004892880380555289
0.00034925757904337895
0.0002646021591832435
0.00020985366514581248
0.00017242454884875053
0.0001456393832425064
0.0001257346798971694
0.00011047302058253737
9.846160087176423e-05
8.879803305241783e-05
8.08769550588326e-05
7.427971765677877e-05
6.870896310858546e-05
6.394845672044912e-05
5.983764642684978e-05
5.625509586904347e-05
5.3107422730869323e-05
5.032174440448216e-05
4.784041251684664e-05
4.5617274177865e-05
4.3614972100175095e-05
4.1802964639919596e-05
4.015605314464759e-05
3.865327232486561e-05
3.7277044109561736e-05
3.601252526046209e-05
3.484709920999874e-05
3.376997646755953e-05
3.277187761427778e-05
3.1844779740181306e-05
3.0981712062928796e-05
3.0176590000044985e-05
2.9424079548529993e-05
2.8719485731862684e-05
2.8058660294970235e-05
2.743792489593194e-05
2.6854006853045415e-05
2.6303985124993664e-05
2.57852446784977e-05
2.529543776755869e-05
2.4832450937060223e-05
2.439437679034649e-05
2.3979489739745846e-05
2.358622510163842e-05
2.3213161011721015e-05
2.285900272780976e-05
2.252256896159954e-05
2.2202779940940813e-05
2.1898646953245824e-05
2.1609263160820635e-05
2.13337955119786e-05
2.1071477599099522e-05
2.0821603337444976e-05
2.0583521357390784e-05
2.035663001848541e-05
2.0140372966944306e-05
1.9934235169294153e-05
1.9737739364250675e-05
1.9550442882844863e-05
1.9371934793546086e-05
1.920183333486432e-05
1.9039783602809442e-05
1.8885455464777604e-05
1.8738541675033572e-05
1.8598756170055273e-05
1.846583252467976e-05
1.833952255230149e-05
1.8219595034378574e-05
1.8105834566244722e-05
1.799804050774213e-05
1.7896026028515765e-05
1.779961723896867e-05
1.7708652398895178e-05
1.762298119670236e-05
1.7542464092918012e-05
1.7466971722378525e-05
1.7396384350105908e-05
1.7330591376429104e-05
1.726949088739113e-05
1.7212989246916524e-05
1.7161000727601875e-05
1.7113447177339832e-05
1.707025771930059e-05
1.703136848307772e-05
1.6996722365062526e-05
1.6966268816344828e-05
1.6939963656653086e-05
1.6917768913043727e-05
1.689965268223319e-05
1.6885589015636435e-05
1.687555782633662e-05
1.6869544817362266e-05
1.6867541430793902e-05
1.6869544817362266e-05
1.687555782633662e-05
1.6885589015636435e-05
1.689965268223319e-05
1.6917768913043727e-05
1.6939963656653086e-05
1.6966268816344828e-05
1.6996722365062526e-05
1.703136848307772e-05
1.707025771930059e-05
1.7113447177339832e-05
1.7161000727601875e-05
1.7212989246916524e-05
1.726949088739113e-05
1.7330591376429104e-05
1.7396384350105908e-05
1.7466971722378525e-05
1.7542464092918012e-05
1.762298119670236e-05
1.7708652398895178e-05
1.779961723896867e-05
1.7896026028515765e-05
1.799804050774213e-05
1.8105834566244722e-05
1.8219595034378574e-05
1.833952255230149e-05
1.846583252467976e-05
1.8598756170055273e-05
1.8738541675033572e-05
1.8885455464777604e-05
1.9039783602809442e-05
1.920183333486432e-05
1.9371934793546086e-05
1.9550442882844863e-05
1.9737739364250675e-05
1.9934235169294153e-05
2.0140372966944306e-05
2.035663001848541e-05
2.0583521357390784e-05
2.0821603337444976e-05
2.1071477599099522e-05
2.13337955119786e-05
2.1609263160820635e-05
2.1898646953245824e-05
2.2202779940940813e-05
2.252256896159954e-05
2.285900272780976e-05
2.3213161011721015e-05
2.358622510163842e-05
2.3979489739745846e-05
2.439437679034649e-05
2.4832450937060223e-05
2.529543776755869e-05
2.57852446784977e-05
2.6303985124993664e-05
2.6854006853045415e-05
2.743792489593194e-05
2.8058660294970235e-05
2.8719485731862684e-05
2.9424079548529993e-05
3.0176590000044985e-05
3.0981712062928796e-05
3.1844779740181306e-05
3.277187761427778e-05
3.376997646755953e-05
3.484709920999874e-05
3.601252526046209e-05
3.7277044109561736e-05
3.865327232486561e-05
4.015605314464759e-05
4.1802964639919596e-05
4.3614972100175095e-05
4.5617274177865e-05
4.784041251684664e-05
5.032174440448216e-05
5.3107422730869323e-05
5.625509586904347e-05
5.983764642684978e-05
6.394845672044912e-05
6.870896310858546e-05
7.427971765677877e-05
8.08769550588326e-05
8.879803305241783e-05
9.846160087176423e-05
0.00011047302058253737
0.0001257346798971694
0.0001456393832425064
0.00017242454884875053
0.00020985366514581248
0.0002646021591832435
0.00034925757904337895
0.0004892880380555289
0.0007405618972681434
0.0012375069308261009
0.002339571894830284
0.0051312834730399175
0.013375730718756534
0.04248863459708279
0.17339921960244223

0.0007731879172679918
0.003775162320098763
0.014876099211237915
0.04730917425937159
0.12142400016774835
0.25151659843480395
0.4204704489918176
0.5674342866041124
0.6205777420542539
0.5694791328850832
0.5046348734979672
0.48118600835332015
0.37801340073443435
0.18006736839238435
0.04694331828856067
0.007087011307136348
0.0008004411855177907
0.0001425089853943432
0.0006509663012271923
0.005604090089283987
0.033084102761734076
0.1317381865130636
0.35375132936364745
0.6405859198741088
0.7822572290552388
0.6441910254874232
0.35774423452048465
0.13397491947113885
0.03383508363011084
0.005762406505772086
0.0006618101417884336
5.125731258360172e-05
2.6771403198870015e-06
9.429297228005742e-08
2.239651289916984e-09
3.587355130753461e-11
3.874906497071111e-13
2.82254562592374e-15
1.3864799795068272e-17
4.5928168052053105e-20
1.025976778606015e-22
1.5455705285684172e-25
1.5701206040182455e-28
1.075647781249063e-31
4.969355275634125e-35
1.548185146652002e-38
3.252659740158147e-42
4.6083691451563866e-46
4.403000901486666e-50
2.8368944443701794e-54
1.232623568501145e-58
3.611691493731257e-63
7.136474419755878e-68
9.509324523583674e-73
8.544930059024815e-78
5.177978515568244e-83
2.115947384008066e-88
5.830991017666317e-94
1.0836094128315972e-99
1.3579883794222962e-105
1.1476573081381885e-111
6.54065568880878e-118
2.5137566768245344e-124
6.515054826086507e-131
1.1386907709282247e-137
1.342104764242298e-144
1.0667437258418026e-151
5.717919995698061e-159
2.0711165221598178e-166
6.0361449859530735e-174
1.9203843212001999e-180
2.730499412516962e-186
3.2722839549256965e-192
3.165971163920755e-198
2.4721037512713136e-204
1.5578631422745303e-210
7.923093418255803e-217
3.252094194356515e-223
1.0772941983812276e-229
2.8801054654572102e-236
6.214201435824962e-243
1.0820943464614582e-249
1.520714876337365e-256
1.7247784854054413e-263
1.5787803899886239e-270
1.1663072785624215e-277
6.953558518277407e-285
3.3458318200362594e-292
1.299283627323932e-299
4.071989878641216e-307
1.0299408396e-314
2.1e-322
0.0
0.0
0.0
0.0
0.0
0.0
0.0
0.0
