0.7204354376382378
0.22054380566551976
0.11786805711652346
0.0765187550987261
0.053996665001530816
0.040280443616470006
0.031383401214083256
0.025324786748834215
0.021026729354472518
0.017869022375659564
0.01547840961487568
0.01362125813113302
0.012146121950037798
0.010951710165066849
0.00996835248302946
0.009146910012200228
0.008451935275883614
0.007857334286261827
0.007343544709352996
0.006895657173676828
0.006502137659436269
0.006153941585677157
0.005843888436728961
0.005566212995902828
0.005316238402982368
0.005090134615502653
0.004884737645672432
0.004697412652675035
0.0045259490927324585
0.00436847958701073
0.004223416535411329
0.004089402148144612
0.003965268722776038
0.0038500068168550623
0.003742739558056982
0.0036427017641808192
0.0035492228615126705
0.0034617128245074194
0.0033796505351408766
0.003302574092619822
0.003230072704782009
0.003161779869642646
0.0030973676150708182
0.0030365416108389764
0.00297903700347214
0.0029246148528014543
0.002873059071672559
0.0028241737882095034
0.0027777810644032852
0.0027337189163546324
0.002691839590847798
0.002652008060525482
0.002614100706131356
0.0025780041593650646
0.00254361428407403
0.002510835276959746
0.0024795788718406362
0.0024497636338982284
0.0024213143323257033
0.00239416138146815
0.002368240341948743
0.0023434914744604562
0.0023198593399063193
0.0022972924404229184
0.0022757428965470184
0.002255166156404229
0.002235520733328582
0.002216767968776701
0.0021988718177915964
0.0021817986546086737
0.002165517096288402
0.002149997842513026
0.0021352135299044206
0.002121138599411445
0.0021077491754820116
0.0020950229558810247
0.00208293911114311
0.002071478192761357
0.002060622049311999
0.002050353749802028
0.0020406575136036587
0.002031518646407636
0.0020229234816878114
0.0020148593272230966
0.002007314416270783
0.0020002778630279967
0.0019937396220562555
0.001987690451378568
0.001982121878989358
0.0019770261725454816
0.0019723963120318916
0.0019682259652185116
0.0019645094657458604
0.0019612417936962427
0.0019584185585250114
0.0019560359842428375
0.001954090896755199
0.0019525807132796309
0.0019515034337747768
0.0019508576343281844
0.0019506424624620604
0.0019508576343281844
0.0019515034337747768
0.0019525807132796309
0.001954090896755199
0.0019560359842428375
0.0019584185585250114
0.0019612417936962427
0.0019645094657458604
0.0019682259652185116
0.0019723963120318916
0.0019770261725454816
0.001982121878989358
0.001987690451378568
0.0019937396220562555
0.0020002778630279967
0.002007314416270783
0.0020148593272230966
0.0020229234816878114
0.002031518646407636
0.0020406575136036587
0.002050353749802028
0.002060622049311999
0.002071478192761357
0.00208293911114311
0.0020950229558810247
0.0021077491754820116
0.002121138599411445
0.0021352135299044206
0.002149997842513026
0.002165517096288402
0.0021817986546086737
0.0021988718177915964
0.002216767968776701
0.002235520733328582
0.002255166156404229
0.0022757428965470184
0.0022972924404229184
0.0023198593399063193
0.0023434914744604562
0.002368240341948743
0.00239416138146815
0.0024213143323257033
0.0024497636338982284
0.0024795788718406362
0.002510835276959746
0.00254361428407403
0.0025780041593650646
0.002614100706131356
0.002652008060525482
0.002691839590847798
0.0027337189163546324
0.0027777810644032852
0.0028241737882095034
0.002873059071672559
0.0029246148528014543
0.00297903700347214
0.0030365416108389764
0.0030973676150708182
0.003161779869642646
0.003230072704782009
0.003302574092619822
0.0033796505351408766
0.0034617128245074194
0.0035492228615126705
0.0036427017641808192
0.003742739558056982
0.0038500068168550623
0.003965268722776038
0.004089402148144612
0.004223416535411329
0.00436847958701073
0.0045259490927324585
0.004697412652675035
0.004884737645672432
0.005090134615502653
0.005316238402982368
0.005566212995902828
0.005843888436728961
0.006153941585677157
0.006502137659436269
0.006895657173676828
0.007343544709352996
0.007857334286261827
0.008451935275883614
0.009146910012200228
0.00996835248302946
0.010951710165066849
0.012146121950037798
0.01362125813113302
0.01547840961487568
0.017869022375659564
0.021026729354472518
0.025324786748834215
0.031383401214083256
0.040280443616470006
0.053996665001530816
0.0765187550987261
0.11786805711652346
0.22054380566551976

0.09273704573228077
0.21409633041820722
0.3484940637917648
0.39995556155278006
0.3236370917902205
0.1846439299586193
0.07427500199172067
0.021078602353198778
0.00480529362855243
0.012629899057919619
0.10678419207136115
0.41325675468339707
0.6987588016040286
0.5159426519332927
0.16635597207946748
0.0234227603680643
0.0014401259080319318
3.866567183316381e-05
4.5332885853991864e-07
2.3209398313771874e-09
5.188921563319482e-12
5.065858313074711e-15
2.159691309881583e-18
4.0206200284125794e-22
3.268564746771218e-26
1.160336283136533e-30
1.798761711217132e-35
1.2176906673368087e-40
3.60540423354977e-46
5.415608034918368e-52
7.30992803884126e-57
4.553968865100588e-61
2.0740570793116498e-65
6.661050759836038e-70
1.5083256655345852e-74
2.4081176087580218e-79
2.710756201559068e-84
2.1514607175125174e-89
1.2039448022564276e-94
4.750178455390249e-100
1.321427891653395e-105
2.5918341470501337e-111
3.5842734859487055e-117
3.4948236518433525e-123
2.402589568162611e-129
1.1645659883722489e-135
3.979960956191675e-142
9.590112797656687e-149
1.6292915805820076e-155
1.9516597499160564e-162
1.648312651612103e-169
9.815338301858275e-177
4.120986083822313e-184
1.2199083875081533e-191
2.5461470424122943e-199
3.746881333471163e-207
3.8876449156909613e-215
2.844025182560924e-223
1.4669336747890028e-231
5.334794728346901e-240
1.3679024980564095e-248
2.472992312075939e-257
3.152249497149083e-266
2.833013188324451e-275
1.7951750461017127e-284
8.020384765654626e-294
2.5264679796463978e-303
5.6112883637e-313
8.4e-323
0.0
0.0
0.0
0.0
0.0
0.0
0.0
0.0
0.0
0.0
0.0
0.0
0.0
0.0
0.0
0.0
0.0
0.0
0.0
0.0
0.0
0.0
0.0
0.0
0.0
0.0
0.0
0.0
0.0
0.0
0.0
