0.3364082898854109
0.0087329951704429
0.00037622296805983374
2.6875264506401566e-05
3.171885475549378e-06
6.085782526008861e-07
1.8091564950349502e-07
7.639634700419282e-08
4.143821029740835e-08
2.654596789378934e-08
1.895989188728523e-08
1.4558960917132652e-08
1.175157539502174e-08
9.830086694370168e-09
8.442924493396165e-09
7.399322204350441e-09
6.588170731003508e-09
5.940919520383457e-09
5.413220231716397e-09
4.9752239802743225e-09
4.606158808373329e-09
4.291151981434174e-09
4.019290314859586e-09
3.7823936301284715e-09
3.5742148598065617e-09
3.3899040470446538e-09
3.2256404453496317e-09
3.0783745368110644e-09
2.9456436263897615e-09
2.8254377329910637e-09
2.7161005233528745e-09
2.6162550857676477e-09
2.5247475902481627e-09
2.4406040146874835e-09
2.362996542468259e-09
2.2912172064038543e-09
2.224657023283028e-09
2.1627893321792787e-09
2.105156382525347e-09
2.051358457154459e-09
2.0010449894056236e-09
1.9539072611753832e-09
1.9096723636485926e-09
1.8680981735111924e-09
1.8289691511742626e-09
1.7920928084932527e-09
1.7572967249316928e-09
1.7244260154735559e-09
1.6933411725723122e-09
1.663916219320868e-09
1.636037122789023e-09
1.6096004258189277e-09
1.5845120630339312e-09
1.5606863328124442e-09
1.5380450018199522e-09
1.5165165226207152e-09
1.4960353480933883e-09
1.476541328997469e-09
1.4579791831946388e-09
1.4402980268105299e-09
1.423450959099621e-09
1.4073946940053788e-09
1.3920892324348384e-09
1.3774975701277566e-09
1.363585436724707e-09
1.3503210622496328e-09
1.3376749677397629e-09
1.3256197771951195e-09
1.314130048393997e-09
1.3031821204403165e-09
1.292753976182433e-09
1.282825117877935e-09
1.2733764546812937e-09
1.2643902007058182e-09
1.2558497825624438e-09
1.2477397554089096e-09
1.2400457266567935e-09
1.2327542865831084e-09
1.225852945179877e-09
1.2193300746509558e-09
1.2131748570319693e-09
1.2073772364677394e-09
1.2019278757331971e-09
1.196818116629323e-09
1.1920399439260334e-09
1.187585952559736e-09
1.1834493178251686e-09
1.1796237683295734e-09
1.1761035615027273e-09
1.1728834614791932e-09
1.1699587191897568e-09
1.1673250545176074e-09
1.1649786403917356e-09
1.162916088705404e-09
1.1611344379616773e-09
1.1596311425609902e-09
1.1584040636577901e-09
1.15745146152455e-09
1.1567719893719976e-09
1.1563646885844565e-09
1.1562289853387619e-09
1.1563646885844565e-09
1.1567719893719976e-09
1.15745146152455e-09
1.1584040636577901e-09
1.1596311425609902e-09
1.1611344379616773e-09
1.162916088705404e-09
1.1649786403917356e-09
1.1673250545176074e-09
1.1699587191897568e-09
1.1728834614791932e-09
1.1761035615027273e-09
1.1796237683295734e-09
1.1834493178251686e-09
1.187585952559736e-09
1.1920399439260334e-09
1.196818116629323e-09
1.2019278757331971e-09
1.2073772364677394e-09
1.2131748570319693e-09
1.2193300746509558e-09
1.225852945179877e-09
1.2327542865831084e-09
1.2400457266567935e-09
1.2477397554089096e-09
1.2558497825624438e-09
1.2643902007058182e-09
1.2733764546812937e-09
1.282825117877935e-09
1.292753976182433e-09
1.3031821204403165e-09
1.314130048393997e-09
1.3256197771951195e-09
1.3376749677397629e-09
1.3503210622496328e-09
1.363585436724707e-09
1.3774975701277566e-09
1.3920892324348384e-09
1.4073946940053788e-09
1.423450959099621e-09
1.4402980268105299e-09
1.4579791831946388e-09
1.476541328997469e-09
1.4960353480933883e-09
1.5165165226207152e-09
1.5380450018199522e-09
1.5606863328124442e-09
1.5845120630339312e-09
1.6096004258189277e-09
1.636037122789023e-09
1.663916219320868e-09
1.6933411725723122e-09
1.7244260154735559e-09
1.7572967249316928e-09
1.7920928084932527e-09
1.8289691511742626e-09
1.8680981735111924e-09
1.9096723636485926e-09
1.9539072611753832e-09
2.0010449894056236e-09
2.051358457154459e-09
2.105156382525347e-09
2.1627893321792787e-09
2.224657023283028e-09
2.2912172064038543e-09
2.362996542468259e-09
2.4406040146874835e-09
2.5247475902481627e-09
2.6162550857676477e-09
2.7161005233528745e-09
2.8254377329910637e-09
2.9456436263897615e-09
3.0783745368110644e-09
3.2256404453496317e-09
3.3899040470446538e-09
3.5742148598065617e-09
3.7823936301284715e-09
4.019290314859586e-09
4.291151981434174e-09
4.606158808373329e-09
4.9752239802743225e-09
5.413220231716397e-09
5.940919520383457e-09
6.588170731003508e-09
7.399322204350441e-09
8.442924493396165e-09
9.830086694370168e-09
1.175157539502174e-08
1.4558960917132652e-08
1.895989188728523e-08
2.654596789378934e-08
4.143821029740835e-08
7.639634700419282e-08
1.8091564950349502e-07
6.085782526008861e-07
3.171885475549378e-06
2.6875264506401566e-05
0.00037622296805983374
0.0087329951704429

5.3348411173754705e-08
2.447028144713188e-07
1.034597419154654e-06
4.032248113109721e-06
1.4487581228043744e-05
4.7989625399914396e-05
0.00014656566810038456
0.00041274462844325245
0.0010718297321784314
0.0025668235720580457
0.0056692052386211125
0.011548709984125737
0.02169990551837706
0.03761158181575066
0.060138012184575526
0.08870788517611773
0.1207203099908652
0.1515722398093358
0.17558731893519142
0.18767662033088578
0.1850872085344334
0.16841998893143448
0.14140335849738653
0.10953895982738901
0.07829073627121086
0.051626344230039846
0.031407576107766934
0.017627026456233527
0.009126028439332563
0.004358294499367831
0.0019197950641499887
0.0007799491820814981
0.0002922260302958505
0.00010096699994406286
3.216724918336556e-05
9.449041497496649e-06
2.5589759313957766e-06
6.388731010250994e-07
1.4702753007468925e-07
3.11877940195965e-08
6.097329248584548e-09
1.0985798451129337e-09
1.82402029099996e-10
2.7906412234183504e-11
3.933925620031583e-12
5.109388027315049e-13
6.11373166580002e-14
6.7392893456373815e-15
6.843352662210666e-16
6.4010174552964e-17
5.514852038701342e-18
4.376271392743495e-19
3.198469051159251e-20
2.152934226917169e-21
1.334610033524536e-22
7.619007676129627e-24
4.0054309480701257e-25
1.939073519400973e-26
8.644139696001173e-28
3.5483046017144153e-29
1.3411630252104273e-30
4.66760935647433e-32
1.495722673798226e-33
4.4130956767139186e-35
1.1988475250319375e-36
2.998514242306696e-38
6.90499829855051e-40
1.463964525895332e-41
2.857601854292008e-43
5.1353749616158243e-45
8.496446822248332e-47
1.294175266838818e-48
1.8148283982934267e-50
2.342940223159343e-52
2.784625218952028e-54
3.0468367456193393e-56
3.069062478785835e-58
2.845993005274997e-60
2.429579543360113e-62
1.9093934904823352e-64
1.381416919138537e-66
9.200623822936183e-69
5.6411967297720795e-71
3.184088374797282e-73
1.654464408458071e-75
7.913832544202735e-78
3.484754301643391e-80
1.4125772598062912e-82
5.271156970643741e-85
1.8107246333055506e-87
5.725991471694646e-90
1.6668632960910588e-92
4.4668308449324646e-95
1.1019161783826503e-97
2.50234099227579e-100
5.231096072971275e-103
1.0066688248514782e-105
1.7833136910997823e-108
2.908141891922434e-111
4.3656581309651945e-114
