0.5879213232028483
0.14075130277592113
0.08047225095333961
0.05735931889391551
0.044076674880107684
0.035453351298205336
0.02948711672710434
0.02516330875505439
0.021911807202417508
0.019391655034549846
0.017388820228598376
0.015763376215900193
0.014420601209161372
0.013294410635028758
0.012337470656741725
0.011515086818875676
0.010801306416046139
0.010176362558782653
0.00962495581977188
0.009135072848792067
0.008697157602703016
0.008303519223761312
0.007947901911947913
0.007625167707454202
0.00733105928234098
0.007062020293371163
0.006815057728018095
0.006587635283206557
0.006377589951958716
0.006183066159019017
0.006002463303451633
0.005834393642377683
0.0056776482227449
0.005531169129138819
0.005394026727417161
0.00526540088913065
0.00514456540998954
0.005030875007918486
0.0049237544173344056
0.004822689196813122
0.004727217944976463
0.004636925679854293
0.004551438184296578
0.004470417157304799
0.0043935560407205665
0.004320576414287045
0.0042512248710018805
0.004185270299914342
0.004122501515857703
0.0040627251856481614
0.004005764008489007
0.003951455115057184
0.0038996486553046624
0.0038502065496054108
0.003803001381699441
0.0037579154150719322
0.0037148397170721796
0.003673673377316785
0.003634322808808437
0.0035967011217966117
0.003560727561758712
0.0035263270040300017
0.003493429498591164
0.0034619698593608018
0.003431887293058951
0.0034031250633257378
0.003375630186311683
0.0033493531544162495
0.003324247685249515
0.003300270493237531
0.0032773810815926395
0.0032555415526321603
0.0032347164346577793
0.003214872523808535
0.0031959787394760623
0.00317800599202536
0.0031609270617004915
0.0031447164877147385
0.0031293504666309985
0.003114806759232307
0.003101064605165919
0.0030881046447187276
0.0030759088471480284
0.0030644604450508098
0.0030537438743077246
0.003043744719185431
0.0030344496622237206
0.0030258464385723937
0.003017923794477699
0.0030106714496497306
0.0030040800632709385
0.0029981412034321337
0.0029928473198064217
0.002988191719393627
0.0029841685451882254
0.002980772757642822
0.0029780001188169716
0.0029758471791178627
0.0029743112665551966
0.0029733904784476827
0.0029730836755330688
0.0029733904784476827
0.0029743112665551966
0.0029758471791178627
0.0029780001188169716
0.002980772757642822
0.0029841685451882254
0.002988191719393627
0.0029928473198064217
0.0029981412034321337
0.0030040800632709385
0.0030106714496497306
0.003017923794477699
0.0030258464385723937
0.0030344496622237206
0.003043744719185431
0.0030537438743077246
0.0030644604450508098
0.0030759088471480284
0.0030881046447187276
0.003101064605165919
0.003114806759232307
0.0031293504666309985
0.0031447164877147385
0.0031609270617004915
0.00317800599202536
0.0031959787394760623
0.003214872523808535
0.0032347164346577793
0.0032555415526321603
0.0032773810815926395
0.003300270493237531
0.003324247685249515
0.0033493531544162495
0.003375630186311683
0.0034031250633257378
0.003431887293058951
0.0034619698593608018
0.003493429498591164
0.0035263270040300017
0.003560727561758712
0.0035967011217966117
0.003634322808808437
0.003673673377316785
0.0037148397170721796
0.0037579154150719322
0.003803001381699441
0.0038502065496054108
0.0038996486553046624
0.003951455115057184
0.004005764008489007
0.0040627251856481614
0.004122501515857703
0.004185270299914342
0.0042512248710018805
0.004320576414287045
0.0043935560407205665
0.004470417157304799
0.004551438184296578
0.004636925679854293
0.004727217944976463
0.004822689196813122
0.0049237544173344056
0.005030875007918486
0.00514456540998954
0.00526540088913065
0.005394026727417161
0.005531169129138819
0.0056776482227449
0.005834393642377683
0.006002463303451633
0.006183066159019017
0.006377589951958716
0.006587635283206557
0.006815057728018095
0.007062020293371163
0.00733105928234098
0.007625167707454202
0.007947901911947913
0.008303519223761312
0.008697157602703016
0.009135072848792067
0.00962495581977188
0.010176362558782653
0.010801306416046139
0.011515086818875676
0.012337470656741725
0.013294410635028758
0.014420601209161372
0.015763376215900193
0.017388820228598376
0.019391655034549846
0.021911807202417508
0.02516330875505439
0.02948711672710434
0.035453351298205336
0.044076674880107684
0.05735931889391551
0.08047225095333961
0.14075130277592113

0.14624583219432621
0.18742757452069342
0.20142229824961988
0.18151281983477377
0.13716789745684735
0.0869709242892204
0.04654395085971362
0.022358863002044115
0.014722561935574871
0.024814258245108686
0.058298410288308025
0.12024713224479783
0.2030138975409628
0.2797393850867843
0.31714254815703274
0.30030647770550595
0.24305761715378787
0.1730253833855543
0.11093957933449902
0.0643988561831632
0.03328681788493125
0.014911280936016857
0.005647964359068544
0.0017782050390681068
0.00046064571270005395
9.76409181148954e-05
1.6885635339668047e-05
2.3789545911747354e-06
2.728482476432063e-07
2.546636862736547e-08
1.9339636605190806e-09
1.1948924348540724e-10
6.006082384765079e-12
2.455995655478661e-13
8.170223431545979e-15
2.2111007793722524e-16
4.868000292501862e-18
8.718860667370899e-20
1.2703862829694048e-21
1.505839537470118e-23
1.4520728463696052e-25
1.1391080115167186e-27
7.269561177165493e-30
3.774142290209997e-32
1.5940249942996228e-34
5.476949882612996e-37
1.5309083419455958e-39
3.4811793181466355e-42
6.439770381971701e-45
9.691280246579191e-48
1.1864753094004064e-50
1.1816885840510342e-53
9.574457096530643e-57
6.310911025303956e-60
3.3840497540684013e-63
1.4762102089536446e-66
5.2387352573829416e-70
1.5124167598800715e-73
3.552084540117216e-77
6.786750570120132e-81
1.0548902179777312e-84
1.3338881814131764e-88
1.3721398157122464e-92
1.1482701915448062e-96
7.817296738679911e-101
4.329481488151379e-105
1.9506617081463056e-109
7.149815136410065e-114
2.13193740594419e-118
5.171551675865684e-123
1.020549490394075e-127
1.638377798141423e-132
2.1397390894450904e-137
2.2733922201855106e-142
1.9649644645661224e-147
1.3816620039451919e-152
7.903431813102404e-158
3.677870127637283e-163
1.392335353117397e-168
4.288032754766845e-174
1.0743335048680487e-179
2.1897116481380786e-185
3.630793251123745e-191
4.8975952706121135e-197
5.37441314461092e-203
4.797842497524858e-209
3.484397613824569e-215
2.058620109378747e-221
9.894446314001089e-228
3.8687758168302363e-234
1.230615596667825e-240
3.1844764970539384e-247
6.703790957361633e-254
1.1480734169329282e-260
1.5995051453924052e-267
1.8128772719007744e-274
1.671544525132818e-281
1.2538173554425383e-288
7.650985645909864e-296
3.798107736711837e-303
