1.30069413575123
0.25812701318666065
0.1373115214023175
0.09358091783007363
0.07030238304907317
0.05596780586798975
0.04635748789688616
0.039519010071819356
0.034430175882098214
0.030508895052129285
0.027401857021887438
0.024883399235986696
0.022803225731921308
0.021057666901941198
0.01957305692241379
0.018295697558905723
0.01718557083374438
0.016212271952102765
0.01535230350331353
0.014587230099368168
0.013902391768908054
0.013285989049849073
0.012728420752032022
0.012221796862086319
0.011759575017117756
0.01133628557533992
0.01094732115082049
0.010588773690243757
0.010257307049824865
0.009950056386210684
0.009664548016628643
0.00939863505956031
0.00915044535329895
0.008918339009269353
0.008700873586706112
0.008496775341386804
0.008304915349435352
0.00812428956986502
0.007954002109273179
0.0077932511052173775
0.007641316763065599
0.007497551173110283
0.007361369606783686
0.007232243047599433
0.0071096917574768985
0.006993279715021399
0.006882609791137455
0.00677731955057379
0.006677077586813663
0.006581580313041172
0.006490549144441024
0.006403728017378755
0.006320881199495726
0.006241791351782066
0.0061662578095342336
0.006094095053979747
0.006025131350434911
0.005959207532292169
0.0058961759130261755
0.005835899310853806
0.0057782501727583315
0.005723109786353552
0.005670367569569932
0.005619920429433691
0.00557167218231542
0.005525533028975729
0.005481419078555414
0.005439251916366317
0.005398958210953057
0.005360469356429022
0.0053237211465540285
0.005288653477425763
0.005255210076010949
0.00522333825205192
0.005192988671156372
0.0051641151471171175
0.005136674451719507
0.005110626140480192
0.005085932392925626
0.005062557866164543
0.005040469560638326
0.005019636697048506
0.005000030603563496
0.0049816246124986426
0.00496439396574593
0.004948315728303657
0.004933368709322903
0.004919533390147524
0.004906791858878773
0.004895127751044824
0.004884526196000302
0.0048749737687218435
0.004866458446703212
0.004858969571688117
0.004852497816010708
0.004847035153343558
0.004842574833680642
0.004839111362408978
0.004836640483347333
0.004835159165654053
0.004834665594528667
0.004835159165654053
0.004836640483347333
0.004839111362408978
0.004842574833680642
0.004847035153343558
0.004852497816010708
0.004858969571688117
0.004866458446703212
0.0048749737687218435
0.004884526196000302
0.004895127751044824
0.004906791858878773
0.004919533390147524
0.004933368709322903
0.004948315728303657
0.00496439396574593
0.0049816246124986426
0.005000030603563496
0.005019636697048506
0.005040469560638326
0.005062557866164543
0.005085932392925626
0.005110626140480192
0.005136674451719507
0.0051641151471171175
0.005192988671156372
0.00522333825205192
0.005255210076010949
0.005288653477425763
0.0053237211465540285
0.005360469356429022
0.005398958210953057
0.005439251916366317
0.005481419078555414
0.005525533028975729
0.00557167218231542
0.005619920429433691
0.005670367569569932
0.005723109786353552
0.0057782501727583315
0.005835899310853806
0.0058961759130261755
0.005959207532292169
0.006025131350434911
0.006094095053979747
0.0061662578095342336
0.006241791351782066
0.006320881199495726
0.006403728017378755
0.006490549144441024
0.006581580313041172
0.006677077586813663
0.00677731955057379
0.006882609791137455
0.006993279715021399
0.0071096917574768985
0.007232243047599433
0.007361369606783686
0.007497551173110283
0.007641316763065599
0.0077932511052173775
0.007954002109273179
0.00812428956986502
0.008304915349435352
0.008496775341386804
0.008700873586706112
0.008918339009269353
0.00915044535329895
0.00939863505956031
0.009664548016628643
0.009950056386210684
0.010257307049824865
0.010588773690243757
0.01094732115082049
0.01133628557533992
0.011759575017117756
0.012221796862086319
0.012728420752032022
0.013285989049849073
0.013902391768908054
0.014587230099368168
0.01535230350331353
0.016212271952102765
0.01718557083374438
0.018295697558905723
0.01957305692241379
0.021057666901941198
0.022803225731921308
0.024883399235986696
0.027401857021887438
0.030508895052129285
0.034430175882098214
0.039519010071819356
0.04635748789688616
0.05596780586798975
0.07030238304907317
0.09358091783007363
0.1373115214023175
0.25812701318666065

0.23917922028169095
0.28459306757371705
0.31022588967147335
0.3102304329086731
0.2856733265241943
0.24462037776830842
0.1995094893631837
0.16298842771479455
0.14387790388357505
0.14458256800976693
0.16069665246597345
0.18320049213518774
0.20340693033295787
0.21993872071375362
0.24424267052581564
0.2969400020995705
0.38879437869047195
0.4965845259402927
0.5634999719283166
0.539092607091477
0.4245444396565317
0.27238812681001445
0.14174391537197442
0.05970513188598554
0.020340495382435448
0.005604040587425777
0.0012492301141892542
0.00022562586329861613
3.312300177315698e-05
3.981336758770129e-06
3.984820153540439e-07
3.450464194245422e-08
2.789562604757253e-09
2.339830972717644e-10
2.1564412126521493e-11
2.0888954886082026e-12
1.968794431570518e-13
1.7216655603768386e-14
1.3705765771911561e-15
9.87320135249355e-17
6.425599834727455e-18
3.7766484745524057e-19
2.0044851889242623e-20
9.607189804456266e-22
4.1580156845892144e-23
1.62506959696769e-24
5.735270142493965e-26
1.8278134209103302e-27
5.26024429595461e-29
1.367023673539631e-30
3.2080581088620776e-32
6.798365129134159e-34
1.300956619515102e-35
2.248108219800497e-37
3.50806539880281e-39
4.943268698520707e-41
6.290089482794436e-43
7.22762312782413e-45
7.4994643212830475e-47
7.026856051570864e-49
5.94549392522835e-51
4.54266689212191e-53
3.1342231419923117e-55
1.9527426121732683e-57
1.0986419125195009e-59
5.581660173558577e-62
2.560747102787142e-64
1.0608794999224377e-66
3.96882083415674e-69
1.3407660347681728e-71
4.0901626117903465e-74
1.1267413136506878e-76
2.802876304309391e-79
6.296217391155484e-82
1.2771784040685514e-84
2.339480811305441e-87
3.8697550674935715e-90
5.780208936066439e-93
7.796499685487397e-96
9.496243968363726e-99
1.0444800053788735e-101
1.0373957559220265e-104
9.30432501145662e-108
7.535660898076554e-111
5.5112979590522214e-114
3.639841767036357e-117
2.1707368886868567e-120
1.169036142188393e-123
5.685187060300803e-127
2.4966499142238023e-130
9.900716115121608e-134
3.5454522158779336e-137
1.1464965023210483e-140
3.34788013918471e-144
8.828016517015027e-148
2.102095499060255e-151
4.519993567951855e-155
8.776457629317646e-159
1.5388517168837892e-162
2.4365221034574026e-166
