1.0965696295774328
0.2140174193179485
0.07222214344180611
0.03250540769268645
0.017327827050091903
0.010447962829892353
0.0069348436638821224
0.004961614001041701
0.0037623423235513412
0.0029841561555235176
0.002451099587968718
0.0020692289350541368
0.0017853177455542525
0.0015676097919519374
0.001396286930854585
0.0012584867941068027
0.0011455706350695337
0.001051559671745079
0.0009722053944036958
0.000904417637012316
0.0008459018259202463
0.0007949225012039644
0.0007501452977876303
0.0007105289702499533
0.0006752501045863781
0.0006436496472685964
0.0006151942872271163
0.0005894481341565429
0.0005660516539730733
0.0005447057981124414
0.0005251599027698669
0.0005072023604591258
0.0004906533550497265
0.0004753591500182275
0.00046118755810937973
0.0004480243184050225
0.0004357701767247154
0.0004243385158482023
0.00041365341900751157
0.0004036480773797879
0.00039426347264385163
0.00038544728095023044
0.00037715295624458635
0.00036933895974185183
0.00036196810916827343
0.0003550070266770657
0.00034842566847213385
0.00034219692241835076
0.0003362962624813481
0.0003307014508788447
0.0003253922804558194
0.00032035035110620635
0.0003155588751223168
0.0003110025072124412
0.0003066671956277674
0.0003025400514136813
0.00029860923327260276
0.00029486384591541337
0.00029129385010182057
0.00028788998283905417
0.0002846436864330276
0.000281547045274459
0.0002785927294008523
0.00027577394400889654
0.00027308438420494037
0.0002705181943772256
0.0002680699316552972
0.00026573453299179935
0.0002635072854616061
0.0002613837994245135
0.0002593599842418492
0.0002574320262754171
0.0002555963689301183
0.0002538496945301259
0.00025218890784327585
0.0002506111210899348
0.0002491136402914414
0.0002476939528297002
0.0002463497161039525
0.00024507874718343955
0.0002438790133658467
0.0002427486235612709
0.0002416858204301744
0.00024068897321150772
0.00023975657118404848
0.00023888721771011032
0.00023807962481623015
0.00023733260827032236
0.00023664508311916846
0.0002360160596540544
0.00023544463977593128
0.00023493001373470177
0.00023447145722017544
0.00023406832878492372
0.00023372006758172863
0.00023342619140060593
0.00023318629499249403
0.00023300004866868507
0.00023286719716693853
0.0002327875587769886
0.00023276102471985282
0.0002327875587769886
0.00023286719716693853
0.00023300004866868507
0.00023318629499249403
0.00023342619140060593
0.00023372006758172863
0.00023406832878492372
0.00023447145722017544
0.00023493001373470177
0.00023544463977593128
0.0002360160596540544
0.00023664508311916846
0.00023733260827032236
0.00023807962481623015
0.00023888721771011032
0.00023975657118404848
0.00024068897321150772
0.0002416858204301744
0.0002427486235612709
0.0002438790133658467
0.00024507874718343955
0.0002463497161039525
0.0002476939528297002
0.0002491136402914414
0.0002506111210899348
0.00025218890784327585
0.0002538496945301259
0.0002555963689301183
0.0002574320262754171
0.0002593599842418492
0.0002613837994245135
0.0002635072854616061
0.00026573453299179935
0.0002680699316552972
0.0002705181943772256
0.00027308438420494037
0.00027577394400889654
0.0002785927294008523
0.000281547045274459
0.0002846436864330276
0.00028788998283905417
0.00029129385010182057
0.00029486384591541337
0.00029860923327260276
0.0003025400514136813
0.0003066671956277674
0.0003110025072124412
0.0003155588751223168
0.00032035035110620635
0.0003253922804558194
0.0003307014508788447
0.0003362962624813481
0.00034219692241835076
0.00034842566847213385
0.0003550070266770657
0.00036196810916827343
0.00036933895974185183
0.00037715295624458635
0.00038544728095023044
0.00039426347264385163
0.0004036480773797879
0.00041365341900751157
0.0004243385158482023
0.0004357701767247154
0.0004480243184050225
0.00046118755810937973
0.0004753591500182275
0.0004906533550497265
0.0005072023604591258
0.0005251599027698669
0.0005447057981124414
0.0005660516539730733
0.0005894481341565429
0.0006151942872271163
0.0006436496472685964
0.0006752501045863781
0.0007105289702499533
0.0007501452977876303
0.0007949225012039644
0.0008459018259202463
0.000904417637012316
0.0009722053944036958
0.001051559671745079
0.0011455706350695337
0.0012584867941068027
0.001396286930854585
0.0015676097919519374
0.0017853177455542525
0.0020692289350541368
0.002451099587968718
0.0029841561555235176
0.0037623423235513412
0.004961614001041701
0.0069348436638821224
0.010447962829892353
0.017327827050091903
0.03250540769268645
0.07222214344180611
0.2140174193179485

0.010890463855538058
0.03602725587977401
0.09501832327264303
0.1997905496416409
0.33491480148377223
0.4476010670060016
0.4769924551100107
0.4059831962297837
0.28035619154914615
0.17760948226785686
0.1680050245861036
0.28771292467906673
0.4950143760879786
0.6503104711608483
0.6216003729195797
0.42922028275106894
0.21386630827231393
0.07688030796006967
0.019938068406794126
0.003730294664289589
0.0005034943334942818
4.902721864129759e-05
3.444063104936521e-06
1.7454045636793532e-07
6.381345698379446e-09
1.6831374945172765e-10
3.202713375187005e-12
4.3965063891949097e-14
4.354000755048288e-16
3.110716606094582e-18
1.603332335669747e-20
5.961805610515022e-23
1.59927529169897e-25
3.09499391825118e-28
4.321032457565169e-31
4.352175635735975e-34
3.162397474516513e-37
1.6577447154433349e-40
6.269169422915054e-44
1.7103835832562316e-47
3.366419189292328e-51
4.780067624066733e-55
4.89656019732802e-59
3.6185910643426166e-63
1.9292114770551532e-67
7.420183052992945e-72
2.0589988579593674e-76
4.1225814295386035e-81
5.961163070646683e-86
6.259355605950403e-91
4.952679786093572e-96
3.6881008268425765e-101
4.666508883863607e-106
9.567537895005884e-111
1.8758311445706131e-115
3.0027305582242536e-120
3.8416330043056135e-125
3.919297022421049e-130
3.1878684878676795e-135
2.067210187080117e-140
1.068711029080759e-145
4.404811412801909e-151
1.447390500033966e-156
3.791713254233094e-162
7.919114565410635e-168
1.318588050023276e-173
1.7503827129966686e-179
1.8524575550862248e-185
1.5629852753065742e-191
1.0513634566064308e-197
5.638222874012032e-204
2.4105878928124648e-210
8.216655396094104e-217
2.2328448434920947e-223
4.837415464942869e-230
8.355252941799931e-237
1.1505279821451857e-243
1.2630662763625253e-250
1.1054687345002182e-257
7.713618556334081e-265
4.2910267712254305e-272
1.903073928369221e-279
6.728859580955657e-287
1.896787337439207e-294
4.262723746732408e-302
7.63742758280436e-310
1.090934e-317
0.0
0.0
0.0
0.0
0.0
0.0
0.0
0.0
0.0
0.0
0.0
0.0
0.0
