0.6993231518441616
0.3203022773100635
0.1589675005719984
0.08354155311407532
0.04628187911572433
0.027109569988447005
0.016877882985176874
0.011214023693271383
0.007954353256188054
0.005997587052337523
0.004768526036030446
0.00395910551176918
0.0034000802753513734
0.002995981831416153
0.0026914424628311016
0.002453397778318992
0.0022614868505866255
0.0021027660093839635
0.0019687357821718335
0.0018536319719803939
0.001753420996558131
0.0016651953546860613
0.0015868010460654463
0.0015166022613623685
0.0014533290482473767
0.0013959762317401626
0.0013437346980081618
0.0012959435707037095
0.0012520561754105117
0.0012116153033583568
0.0011742348807820175
0.0011395861410595067
0.0011073870234707174
0.0010773939261645368
0.0010493952058040694
0.0010232059932791884
0.0009986640151308831
0.0009756261934694735
0.000953965855589187
0.0009335704261752053
0.000914339505194987
0.0008961832567376941
0.0008790210505568259
0.0008627803104849752
0.0008473955333383439
0.0008328074491947991
0.0008189622995701847
0.0008058112144354311
0.0007933096725050273
0.000781417032002077
0.0007700961213277148
0.0007593128808545022
0.0007490360485167022
0.000739236883055675
0.0007298889197504953
0.0007209677542646386
0.0007124508509024503
0.0007043173721201653
0.0006965480265963099
0.0006891249335518659
0.0006820315013349213
0.0006752523185583046
0.0006687730563106217
0.000662580380158168
0.0006566618708231514
0.0006510059525672631
0.0006456018284327269
0.0006404394215987982
0.000635509322202879
0.0006308027390542541
0.0006263114557367223
0.000622027790655679
0.0006179445606368144
0.000614055047728596
0.0006103529689000524
0.000606832448359851
0.0006034879922529317
0.0006003144655175853
0.0005973070707093475
0.0005944613286188217
0.0005917730605289089
0.0005892383719732151
0.0005868536378718941
0.0005846154889340853
0.0005825207992276397
0.0005805666748271337
0.0005787504434604366
0.0005770696450824199
0.0005755220233119089
0.0005741055176747789
0.0005728182566022622
0.0005716585511391658
0.0005706248893218216
0.0005697159311903335
0.00056893050440403
0.000568267600433077
0.0005677263713029813
0.0005673061268722471
0.0005670063326268067
0.0005668266079780258
0.0005667667250541506
0.0005668266079780258
0.0005670063326268067
0.0005673061268722471
0.0005677263713029813
0.000568267600433077
0.00056893050440403
0.0005697159311903335
0.0005706248893218216
0.0005716585511391658
0.0005728182566022622
0.0005741055176747789
0.0005755220233119089
0.0005770696450824199
0.0005787504434604366
0.0005805666748271337
0.0005825207992276397
0.0005846154889340853
0.0005868536378718941
0.0005892383719732151
0.0005917730605289089
0.0005944613286188217
0.0005973070707093475
0.0006003144655175853
0.0006034879922529317
0.000606832448359851
0.0006103529689000524
0.000614055047728596
0.0006179445606368144
0.000622027790655679
0.0006263114557367223
0.0006308027390542541
0.000635509322202879
0.0006404394215987982
0.0006456018284327269
0.0006510059525672631
0.0006566618708231514
0.000662580380158168
0.0006687730563106217
0.0006752523185583046
0.0006820315013349213
0.0006891249335518659
0.0006965480265963099
0.0007043173721201653
0.0007124508509024503
0.0007209677542646386
0.0007298889197504953
0.000739236883055675
0.0007490360485167022
0.0007593128808545022
0.0007700961213277148
0.000781417032002077
0.0007933096725050273
0.0008058112144354311
0.0008189622995701847
0.0008328074491947991
0.0008473955333383439
0.0008627803104849752
0.0008790210505568259
0.0008961832567376941
0.000914339505194987
0.0009335704261752053
0.000953965855589187
0.0009756261934694735
0.0009986640151308831
0.0010232059932791884
0.0010493952058040694
0.0010773939261645368
0.0011073870234707174
0.0011395861410595067
0.0011742348807820175
0.0012116153033583568
0.0012520561754105117
0.0012959435707037095
0.0013437346980081618
0.0013959762317401626
0.0014533290482473767
0.0015166022613623685
0.0015868010460654463
0.0016651953546860613
0.001753420996558131
0.0018536319719803939
0.0019687357821718335
0.0021027660093839635
0.0022614868505866255
0.002453397778318992
0.0026914424628311016
0.002995981831416153
0.0034000802753513734
0.00395910551176918
0.004768526036030446
0.005997587052337523
0.007954353256188054
0.011214023693271383
0.016877882985176874
0.027109569988447005
0.04628187911572433
0.08354155311407532
0.1589675005719984
0.3203022773100635

0.027560377911522375
0.04691416140732931
0.17199283201598825
1.1507647151376688
1.3124731456005134
0.2753920301624231
0.12625336953207078
0.11135132486946633
0.09010035829756492
0.06578445563780443
0.04333842846764775
0.02576179597016113
0.01381758731207686
0.006687155196075814
0.0029201401200998683
0.0011505859953476725
0.0004090605329077055
0.0001312227635513755
3.7982529470385135e-05
9.920000429406451e-06
2.337720590982073e-06
4.970803748618691e-07
9.537042893894206e-08
1.6510261746445532e-08
2.5789759055259855e-09
3.6349104391931475e-10
4.622673800644683e-11
5.304517494022099e-12
5.492266817094923e-13
5.131099925220342e-14
4.325361608634462e-15
3.2899361830253244e-16
2.257904816872495e-17
1.398224443614194e-18
7.812701903994289e-20
3.938934160227954e-21
1.791881529922586e-22
7.355174285156347e-24
2.7241420303035664e-25
9.103735464394124e-27
2.7451281033778597e-28
7.468935449707199e-30
1.8336139313442466e-31
4.061722021781951e-33
8.118309403172794e-35
1.4641113393515618e-36
2.3825153815372864e-38
3.4982466411291026e-40
4.6346638693007777e-42
5.540375019554897e-44
5.9760357438165635e-46
5.816213152072111e-48
5.107643130216553e-50
4.0471926792730955e-52
2.893612153338132e-54
1.866722931608057e-56
1.0866070265315716e-58
5.7071364927565205e-61
2.704687621148888e-63
1.1565624050459123e-65
4.462457907815683e-68
1.553575264545982e-70
4.8802668205738863e-73
1.383273126554804e-75
3.537735962234465e-78
8.163868424818724e-81
1.699885544509541e-83
3.1937172835595843e-86
5.4141010861662735e-89
8.281506661424435e-92
1.1429979583218787e-94
1.4234252239001869e-97
1.599473187008787e-100
1.6217069372134508e-103
1.4836138831078843e-106
1.2246796644595173e-109
9.12173031626589e-113
6.130346939764402e-116
3.7174572486385665e-119
2.0340424658430316e-122
1.0042160363954519e-125
4.473499496635743e-129
1.798128551478453e-132
6.52149529011135e-136
2.1341588250285733e-139
6.301724201979682e-143
1.6789785638471571e-146
4.0363053573845215e-150
8.755399778408634e-154
1.7136457633872537e-157
3.0263505068113374e-161
4.822480762571595e-165
6.933857077836623e-169
8.995646302161402e-173
1.053035374063953e-176
1.1122608565527493e-180
1.0600429213783016e-184
9.115769829980794e-189
7.073206790274496e-193
4.952134860784307e-197
