1.2725142233847437
0.2809218531311483
0.1213379867834567
0.06622586205219515
0.04123655509052619
0.02812567593112073
0.020488198309238554
0.01567863675178926
0.012466065555606915
0.010219069373880467
0.008587631274718031
0.007365615461346509
0.006425673103023561
0.005685998379329734
0.005092281636409004
0.004607422945035933
0.004205430919690263
0.0038676814730310076
0.0035805560481069138
0.00333391202080531
0.0031200688858352573
0.0029331220077611323
0.002768469057210643
0.0026224773697622575
0.0024922464396526694
0.0023754357576190673
0.002270138256550453
0.0021747860678277553
0.002088079487980033
0.002008932835600293
0.001936432748812716
0.0018698057499730563
0.0018083927871533924
0.0017516290804221485
0.0016990280393649818
0.001650168332616463
0.0016046834179203294
0.0015622530079138705
0.001522596069975259
0.0014854650502706685
0.0014506410811524824
0.001417929983364833
0.0013871589144575799
0.001358173545537812
0.001330835672289424
0.001305021184749273
0.00128061833488893
0.0012575262525436623
0.0012356536693533071
0.0012149178176612953
0.001195243477160332
0.0011765621467840618
0.0011588113231608243
0.001141933870052138
0.0011258774657382253
0.001110594117397868
0.0010960397332485407
0.0010821737446350312
0.0010689587714361186
0.001056360325143727
0.001044346544792846
0.0010328879616120445
0.0010219572888467145
0.0010115292336991162
0.001001580328746045
0.0009920887805491363
0.0009830343334746076
0.000974398146997147
0.0009661626849836187
0.000958311615642039
0.0009508297209847565
0.0009437028147958324
0.0009369176682147344
0.0009304619421543368
0.0009243241258632677
0.0009184934810228557
0.0009129599908389362
0.000907714313650057
0.0009027477406273539
0.0008980521571885861
0.0008936200077903935
0.0008894442637995485
0.0008855183941764304
0.0008818363387327124
0.0008783924837508367
0.0008751816397755969
0.0008721990214084909
0.0008694402289536913
0.0008669012317808219
0.0008645783532844298
0.0008624682573333339
0.000860567936115071
0.0008588746992916302
0.0008573861643926846
0.0008561002483817478
0.0008550151603391732
0.0008541293952138369
0.0008534417286027149
0.0008529512125245505
0.0008526571721603948
0.0008525592035401575
0.0008526571721603948
0.0008529512125245505
0.0008534417286027149
0.0008541293952138369
0.0008550151603391732
0.0008561002483817478
0.0008573861643926846
0.0008588746992916302
0.000860567936115071
0.0008624682573333339
0.0008645783532844298
0.0008669012317808219
0.0008694402289536913
0.0008721990214084909
0.0008751816397755969
0.0008783924837508367
0.0008818363387327124
0.0008855183941764304
0.0008894442637995485
0.0008936200077903935
0.0008980521571885861
0.0009027477406273539
0.000907714313650057
0.0009129599908389362
0.0009184934810228557
0.0009243241258632677
0.0009304619421543368
0.0009369176682147344
0.0009437028147958324
0.0009508297209847565
0.000958311615642039
0.0009661626849836187
0.000974398146997147
0.0009830343334746076
0.0009920887805491363
0.001001580328746045
0.0010115292336991162
0.0010219572888467145
0.0010328879616120445
0.001044346544792846
0.001056360325143727
0.0010689587714361186
0.0010821737446350312
0.0010960397332485407
0.001110594117397868
0.0011258774657382253
0.001141933870052138
0.0011588113231608243
0.0011765621467840618
0.001195243477160332
0.0012149178176612953
0.0012356536693533071
0.0012575262525436623
0.00128061833488893
0.001305021184749273
0.001330835672289424
0.001358173545537812
0.0013871589144575799
0.001417929983364833
0.0014506410811524824
0.0014854650502706685
0.001522596069975259
0.0015622530079138705
0.0016046834179203294
0.001650168332616463
0.0016990280393649818
0.0017516290804221485
0.0018083927871533924
0.0018698057499730563
0.001936432748812716
0.002008932835600293
0.002088079487980033
0.0021747860678277553
0.002270138256550453
0.0023754357576190673
0.0024922464396526694
0.0026224773697622575
0.002768469057210643
0.0029331220077611323
0.0031200688858352573
0.00333391202080531
0.0035805560481069138
0.0038676814730310076
0.004205430919690263
0.004607422945035933
0.005092281636409004
0.005685998379329734
0.006425673103023561
0.007365615461346509
0.008587631274718031
0.010219069373880467
0.012466065555606915
0.01567863675178926
0.020488198309238554
0.02812567593112073
0.04123655509052619
0.06622586205219515
0.1213379867834567
0.2809218531311483

0.0396978247323807
0.13184280867030637
0.2873042377337339
0.4107972354968241
0.38542463178118297
0.24234556602763177
0.9625913530611948
0.5273982270660711
0.012748904371484179
0.020018054387800497
0.04532873818986818
0.09234809866673514
0.16541505920592983
0.26030297225188903
0.3598586605998993
0.4370522802781023
0.46631933066581505
0.4371012460925082
0.35993929972019245
0.2603904711056981
0.16548914205621054
0.09239798892226522
0.045321484863802636
0.019529644541394012
0.0073932117410164064
0.0024587849572301214
0.0007183838287454116
0.0001843916050914117
4.15790286359462e-05
8.236754668785295e-06
1.4334631052301196e-06
2.1916212633100133e-07
2.943696885675335e-08
3.473515719235517e-09
3.600758926116698e-10
3.2791963392578115e-11
2.623550282149053e-12
1.8439959421103815e-13
1.1386208364470057e-14
6.176563208599467e-16
2.943494648100023e-17
1.2323333677869724e-18
4.532541222923894e-20
1.4645490263876638e-21
4.1573315715485916e-23
1.036749917661984e-24
2.271338972890904e-26
4.3715806330138905e-28
7.391688062572671e-30
1.097987423465195e-31
1.4328466003355114e-33
1.6426711383634687e-35
1.654436690672466e-37
1.4638557276820479e-39
1.137876155896011e-41
7.770345231244301e-44
4.661591675492928e-46
2.4568392493779088e-48
1.1375430746365201e-50
4.62708584773506e-53
1.653468252763072e-55
5.190781658541397e-58
1.4315886919277527e-60
3.4685851008298353e-63
7.383037026406185e-66
1.3805951258073172e-68
2.2680165653524745e-71
3.2732163053895187e-74
4.150035261104461e-77
4.6225057996565616e-80
4.52326195658892e-83
3.888432927936083e-86
2.9366087034870366e-89
1.9483462870802196e-92
1.1356246531582375e-95
5.815031517497654e-99
2.6158806843536653e-102
1.0337901415112468e-105
3.5891816500877415e-109
1.0947301730381578e-112
2.933373302671765e-116
6.905198681683245e-120
1.4280177971369276e-123
2.5944162641946654e-127
4.140895718028781e-131
5.806273995669728e-135
7.152359837961056e-139
7.74015722805831e-143
7.358661178048751e-147
6.146054795709581e-151
4.509648019451943e-155
2.906949329829335e-159
1.6461934692984882e-163
8.189792232877477e-168
3.5794268479612165e-172
1.3743669261254598e-176
4.6359687167411796e-181
1.373810701876614e-185
3.5765301526354866e-190
8.179852708909819e-195
