0.79641274519913
0.06135692686126438
0.018669941198214392
0.009953377509413013
0.006274845775120755
0.004364400056741614
0.0032580563491463894
0.0025625599433129103
0.002095907453255567
0.001766052051875072
0.0015228973228570042
0.0013374332532432578
0.0011919518263890413
0.0010751472762353905
0.0009795181594139247
0.0008999194001180303
0.0008327191944970351
0.0007752888516024666
0.0007256834261728335
0.0006824356729099334
0.0006444194948896714
0.0006107572474077512
0.0005807554397626343
0.000553859258379067
0.0005296198298297491
0.0005076702741334901
0.00048770793012144133
0.0004694809843963496
0.000452778288617473
0.00043742151665520496
0.0004232590605219007
0.0004101612334241404
0.0003980164660388401
0.0003867282650653304
0.00037621276227463334
0.00036639672498094627
0.0003572159300205006
0.00034861382629487606
0.0003405404280354228
0.0003329513937899113
0.0003258072558635938
0.0003190727723789286
0.0003127163798378812
0.00030670972850440747
0.0003010272863851627
0.00029564600030488545
0.00029054500472161136
0.0002857053706352445
0.00028110988830892255
0.00027674287862051414
0.0002725900287485787
0.0002686382486172011
0.0002648755451114178
0.00026129091155608014
0.00025787423034685515
0.0002546161869490687
0.0002515081937512931
0.0002485423224863521
0.0002457112441210357
0.00024300817527395964
0.000240426830354038
0.0002379613787243015
0.00023560640629084417
0.00023335688099737943
0.0002312081217746152
0.00022915577055234785
0.0002271957669924329
0.00022532432564393884
0.00022353791525893212
0.00022183324003939093
0.00022020722261346712
0.00021865698856334936
0.00021717985234787036
0.00021577330448118687
0.00021443499984474796
0.0002131627470236437
0.00021195449857061381
0.00021080834211168232
0.00020972249221680347
0.0002086952829672041
0.00020772516115845024
0.0002068106800847682
0.00020595049385591742
0.00020514335220305125
0.00020438809573457528
0.0002036836516071066
0.0002030290295802988
0.00020242331842759348
0.0002018656826779193
0.00020135535966604249
0.00020089165687169758
0.00020047394952983665
0.0002001016784963519
0.00019977434835547592
0.00019949152575676773
0.0001992528379711719
0.00019905797165711007
0.00019890667182894092
0.00019879874102143047
0.00019873403864511228
0.00019871248052860584
0.00019873403864511228
0.00019879874102143047
0.00019890667182894092
0.00019905797165711007
0.0001992528379711719
0.00019949152575676773
0.00019977434835547592
0.0002001016784963519
0.00020047394952983665
0.00020089165687169758
0.00020135535966604249
0.0002018656826779193
0.00020242331842759348
0.0002030290295802988
0.0002036836516071066
0.00020438809573457528
0.00020514335220305125
0.00020595049385591742
0.0002068106800847682
0.00020772516115845024
0.0002086952829672041
0.00020972249221680347
0.00021080834211168232
0.00021195449857061381
0.0002131627470236437
0.00021443499984474796
0.00021577330448118687
0.00021717985234787036
0.00021865698856334936
0.00022020722261346712
0.00022183324003939093
0.00022353791525893212
0.00022532432564393884
0.0002271957669924329
0.00022915577055234785
0.0002312081217746152
0.00023335688099737943
0.00023560640629084417
0.0002379613787243015
0.000240426830354038
0.00024300817527395964
0.0002457112441210357
0.0002485423224863521
0.0002515081937512931
0.0002546161869490687
0.00025787423034685515
0.00026129091155608014
0.0002648755451114178
0.0002686382486172011
0.0002725900287485787
0.00027674287862051414
0.00028110988830892255
0.0002857053706352445
0.00029054500472161136
0.00029564600030488545
0.0003010272863851627
0.00030670972850440747
0.0003127163798378812
0.0003190727723789286
0.0003258072558635938
0.0003329513937899113
0.0003405404280354228
0.00034861382629487606
0.0003572159300205006
0.00036639672498094627
0.00037621276227463334
0.0003867282650653304
0.0003980164660388401
0.0004101612334241404
0.0004232590605219007
0.00043742151665520496
0.000452778288617473
0.0004694809843963496
0.00048770793012144133
0.0005076702741334901
0.0005296198298297491
0.000553859258379067
0.0005807554397626343
0.0006107572474077512
0.0006444194948896714
0.0006824356729099334
0.0007256834261728335
0.0007752888516024666
0.0008327191944970351
0.0008999194001180303
0.0009795181594139247
0.0010751472762353905
0.0011919518263890413
0.0013374332532432578
0.0015228973228570042
0.001766052051875072
0.002095907453255567
0.0025625599433129103
0.0032580563491463894
0.004364400056741614
0.006274845775120755
0.009953377509413013
0.018669941198214392
0.06135692686126438

0.009533357298304002
0.020088961303796723
0.03600846784944001
0.05490189709887067
0.07120419955481834
0.07855239198955369
0.07371379460160064
0.058840136355174995
0.03995159489993708
0.023074387879193463
0.011336417456373843
0.004757392599698824
0.00227105582534213
0.009699766118674501
0.07729884963396098
0.3475567841647594
0.8394718088073456
1.0876198531207693
0.7558059855174274
0.28171099291124313
0.056319311522495925
0.006039082025247458
0.0003473318136477774
1.071465636712199e-05
1.7728500320851754e-07
1.573352268901792e-09
7.48930641492162e-12
1.9122259480371612e-14
2.621509964020616e-17
1.9923797629214295e-20
2.092931360085513e-23
2.2105119338977157e-25
3.0681397450470086e-27
3.6483688703516695e-29
3.690483933762896e-31
3.1754375449448165e-33
2.324124455504753e-35
1.446940704410888e-37
7.662626126154193e-40
3.4517559833190335e-42
1.3226291345651862e-44
4.310936562612136e-47
1.195200393580734e-49
2.8186773866107947e-52
5.65438744418107e-55
9.648533387520176e-58
1.4004660750800784e-60
1.7290972903862202e-63
1.8159413417382958e-66
1.622257347907502e-69
1.232744950755157e-72
7.968237372298975e-76
4.3811370844113954e-79
2.0490236442492998e-82
8.151595967407354e-86
2.7585056008720814e-89
7.94036822459253e-93
1.944209065323319e-96
4.0493082024973796e-100
7.173882365464822e-104
1.0810934028727278e-107
1.385822894150872e-111
1.5110811730657328e-115
1.4015332515810252e-119
1.105743934078024e-123
7.420638472384748e-128
4.236073920418461e-132
2.0569386317639723e-136
8.496003604416756e-141
2.984994872983672e-145
8.920887024576136e-150
2.267817162889847e-154
4.903922344927976e-159
9.020169102784859e-164
1.411306438504619e-168
1.8782937552523734e-173
2.1263818408520352e-178
2.0476444250850852e-183
1.677271548863583e-188
1.1686588856821093e-193
6.926402084217059e-199
3.491911121248401e-204
1.4974564871668942e-209
5.46236592647766e-215
1.6948954644870002e-220
4.473429455530947e-226
1.0043239443878275e-231
1.9179734419948697e-237
3.115637410323688e-243
4.305135043165719e-249
5.06013608044091e-255
5.059098813966856e-261
4.3024880845582555e-267
3.1124453799992047e-273
1.9152230049572733e-279
1.002472594965833e-285
4.463352801615876e-292
1.690384386483627e-298
5.445594224960735e-305
1.4922467091037e-311
