1.2902055428510344
0.11255426267962772
0.01337962469335548
0.002062551043908768
0.0003946423316633522
9.099009472174859e-05
2.4822787554370948e-05
7.923048862103196e-06
2.935490658609993e-06
1.2527637022520284e-06
6.098080968745273e-07
3.3421387167215573e-07
2.030422247153522e-07
1.3447669661753326e-07
9.556052591017933e-08
7.184295541919344e-08
5.648244329058055e-08
4.6009016462663395e-08
3.8551235808106196e-08
3.304323522030687e-08
2.8847965098176042e-08
2.5568110132770386e-08
2.2946384414103753e-08
2.081055842546397e-08
1.904190625572897e-08
1.7556427138701588e-08
1.6293298292958784e-08
1.5207561694783326e-08
1.4265367011214386e-08
1.3440801446789555e-08
1.2713730167346151e-08
1.2068295410408783e-08
1.1491854151300649e-08
1.0974213511623125e-08
1.0507302501351768e-08
1.0083823424614272e-08
9.698361370033757e-09
9.346187960738264e-09
9.023323030074136e-09
8.726393624271641e-09
8.452523484363537e-09
8.199245643197003e-09
7.964432725597806e-09
7.746240931955515e-09
7.543064689675936e-09
7.3534996890066615e-09
7.176312558804384e-09
7.010415838528578e-09
6.854847203289091e-09
6.708752126093939e-09
6.571369334754255e-09
6.442018554038709e-09
6.320090126677653e-09
6.205036187059049e-09
6.0963631243704725e-09
5.9936251215712104e-09
5.8964185959597585e-09
5.804377398526374e-09
5.717168654489307e-09
5.634489147739683e-09
5.556062168389347e-09
5.481634756022671e-09
5.410975282215726e-09
5.343871324888455e-09
5.280127794478564e-09
5.219565278070983e-09
5.1620185727233e-09
5.107335383486696e-09
5.055375165186653e-09
5.006008090021576e-09
4.959114125559945e-09
4.914582209848978e-09
4.872309512155503e-09
4.832200769397191e-09
4.794167689633426e-09
4.758128415106375e-09
4.7240070382845785e-09
4.691733165188164e-09
4.661241520987825e-09
4.632471593485789e-09
4.605367310621174e-09
4.579876748605866e-09
4.555951867701348e-09
4.5335482729995445e-09
4.5126249978798385e-09
4.49314430808546e-09
4.475071524601205e-09
4.458374863725061e-09
4.4430252929130055e-09
4.4289964011418145e-09
4.4162642826825805e-09
4.4048074333097545e-09
4.394606658089375e-09
4.385644989997375e-09
4.377907618716229e-09
4.371381829046986e-09
4.3660569484554925e-09
4.361924303347057e-09
4.358977183734342e-09
4.35721081602963e-09
4.35662234375564e-09
4.35721081602963e-09
4.358977183734342e-09
4.361924303347057e-09
4.3660569484554925e-09
4.371381829046986e-09
4.377907618716229e-09
4.385644989997375e-09
4.394606658089375e-09
4.4048074333097545e-09
4.4162642826825805e-09
4.4289964011418145e-09
4.4430252929130055e-09
4.458374863725061e-09
4.475071524601205e-09
4.49314430808546e-09
4.5126249978798385e-09
4.5335482729995445e-09
4.555951867701348e-09
4.579876748605866e-09
4.605367310621174e-09
4.632471593485789e-09
4.661241520987825e-09
4.691733165188164e-09
4.7240070382845785e-09
4.758128415106375e-09
4.794167689633426e-09
4.832200769397191e-09
4.872309512155503e-09
4.914582209848978e-09
4.959114125559945e-09
5.006008090021576e-09
5.055375165186653e-09
5.107335383486696e-09
5.1620185727233e-09
5.219565278070983e-09
5.280127794478564e-09
5.343871324888455e-09
5.410975282215726e-09
5.481634756022671e-09
5.556062168389347e-09
5.634489147739683e-09
5.717168654489307e-09
5.804377398526374e-09
5.8964185959597585e-09
5.9936251215712104e-09
6.0963631243704725e-09
6.205036187059049e-09
6.320090126677653e-09
6.442018554038709e-09
6.571369334754255e-09
6.708752126093939e-09
6.854847203289091e-09
7.010415838528578e-09
7.176312558804384e-09
7.3534996890066615e-09
7.543064689675936e-09
7.746240931955515e-09
7.964432725597806e-09
8.199245643197003e-09
8.452523484363537e-09
8.726393624271641e-09
9.023323030074136e-09
9.346187960738264e-09
9.698361370033757e-09
1.0083823424614272e-08
1.0507302501351768e-08
1.0974213511623125e-08
1.1491854151300649e-08
1.2068295410408783e-08
1.2713730167346151e-08
1.3440801446789555e-08
1.4265367011214386e-08
1.5207561694783326e-08
1.6293298292958784e-08
1.7556427138701588e-08
1.904190625572897e-08
2.081055842546397e-08
2.2946384414103753e-08
2.5568110132770386e-08
2.8847965098176042e-08
3.304323522030687e-08
3.8551235808106196e-08
4.6009016462663395e-08
5.648244329058055e-08
7.184295541919344e-08
9.556052591017933e-08
1.3447669661753326e-07
2.030422247153522e-07
3.3421387167215573e-07
6.098080968745273e-07
1.2527637022520284e-06
2.935490658609993e-06
7.923048862103196e-06
2.4822787554370948e-05
9.099009472174859e-05
0.0003946423316633522
0.002062551043908768
0.01337962469335548
0.11255426267962772

1.8718452806524414e-07
2.841972101948578e-06
3.274639011373688e-05
0.00028635241572311156
0.0019003458885660553
0.009571183325543074
0.03658990029041172
0.10627965754135558
0.23579843284755658
0.4080975857950436
0.5823465180183713
0.7371810811022671
0.8300517504491451
0.785246546718967
0.6699096869567323
0.6265430880286671
0.5919495093128888
0.4386782371111368
0.22607339017519834
0.07853891238634782
0.01827619745660804
0.0028453832433101276
0.00029631839027443213
2.064060203482789e-05
9.616749191281978e-07
2.9969213067443013e-08
6.24687971269787e-10
8.709466602076137e-12
8.121954026177292e-14
5.066056580264761e-16
2.1135868803085837e-18
5.898081896852847e-21
1.1008858320778966e-23
1.3744057642483428e-26
1.147704156303286e-29
6.410478373176976e-33
2.3950060635367986e-36
5.985691465019199e-40
1.0010437068887986e-43
1.1218246386478286e-47
8.480229504165103e-52
4.474312969555007e-56
1.943098103719642e-60
1.0808547795840975e-64
8.690087963976658e-69
6.727769621343334e-73
4.1231879747849886e-77
1.9283978728831015e-81
6.84895154777595e-86
1.8461705905483473e-90
3.776727122753754e-95
5.86345122005552e-100
6.908516425508293e-105
6.177461258007467e-110
4.192074802886227e-115
2.158945970580097e-120
8.438170209199827e-126
2.5029290918109705e-131
5.634333740517065e-137
9.625656230601858e-143
1.2479922363158029e-148
1.2279683609317986e-154
9.16972323837204e-161
5.196596971671996e-167
2.2349900861653796e-173
7.295010535036516e-180
1.807049307524877e-186
3.397096154681571e-193
4.846625173271361e-200
5.2476490751108406e-207
4.312051044434146e-214
2.689036881232838e-221
1.272633589118664e-228
4.570921485786495e-236
1.2459422088468869e-243
2.5774235541728035e-251
4.046387260061361e-259
4.821063518193417e-267
4.3592524407710485e-275
2.991403121923059e-283
1.5578714663518202e-291
6.157182984449437e-300
1.846827170662373e-308
4.2040145e-317
0.0
0.0
0.0
0.0
0.0
0.0
0.0
0.0
0.0
0.0
0.0
0.0
0.0
0.0
0.0
0.0
