0.5180309217047574
0.19410973302671636
0.1054188026504807
0.06876257418182127
0.04987819348017278
0.03873449646835441
0.03151806142679968
0.026518841517607545
0.02287526260939107
0.020113286990930575
0.017953405516037583
0.016221349520547376
0.014803368764735496
0.013622322334364029
0.012624180258459981
0.011770042037405823
0.011031226276213814
0.010386144096064746
0.00981824765231942
0.009314648020657599
0.008865161975647278
0.008461640690957051
0.00809748804059281
0.00776730906386802
0.007466649467783496
0.0071917998866691795
0.0069396469206517005
0.006707558445851335
0.0064932943606372815
0.0062949364369848885
0.006110832680997926
0.005939552825578257
0.005779852445836096
0.00563064381294307
0.005490972057651065
0.005359995550173564
0.005236969652650613
0.005121233187747488
0.0050121971088078615
0.004909334965312936
0.004812174840762797
0.0047202925047204435
0.004633305571204167
0.00455086849525087
0.004472668270811853
0.004398420718068207
0.004327867268189392
0.004260772169590485
0.004196920052701813
0.004136113800789517
0.004078172682954348
0.004022930712475891
0.003970235199464567
0.003919945471573859
0.0038719317405000626
0.0038260740953077925
0.003782261606387213
0.0037403915261708855
0.0037003685746924736
0.0036621042997198026
0.0036255165025927466
0.0035905287220840084
0.003557069769612909
0.0035250733100069625
0.003494477482746904
0.0034652245592672218
0.0034372606324324017
0.0034105353347822324
0.0033850015825490614
0.0033606153428051046
0.003337335421406732
0.0033151232696717447
0.003293942807960612
0.0032737602645382486
0.0032545440282732026
0.003236264513889517
0.003218894038626014
0.003202406709280768
0.0031867783187273058
0.0031719862510853785
0.003158009394814643
0.003144828063075614
0.0031324239207699608
0.0031207799177327606
0.0031098802276033817
0.0030997101919503184
0.003090256269268867
0.0030815059885099688
0.0030734479068340688
0.003066071571316124
0.003059367484357218
0.0030533270725849977
0.0030479426590497294
0.003043207438545266
0.0030391154559051632
0.003035661587143496
0.003032841523328115
0.003030651757091039
0.0030290895716968877
0.0030281530326055532
0.003027840981480147
0.0030281530326055532
0.0030290895716968877
0.003030651757091039
0.003032841523328115
0.003035661587143496
0.0030391154559051632
0.003043207438545266
0.0030479426590497294
0.0030533270725849977
0.003059367484357218
0.003066071571316124
0.0030734479068340688
0.0030815059885099688
0.003090256269268867
0.0030997101919503184
0.0031098802276033817
0.0031207799177327606
0.0031324239207699608
0.003144828063075614
0.003158009394814643
0.0031719862510853785
0.0031867783187273058
0.003202406709280768
0.003218894038626014
0.003236264513889517
0.0032545440282732026
0.0032737602645382486
0.003293942807960612
0.0033151232696717447
0.003337335421406732
0.0033606153428051046
0.0033850015825490614
0.0034105353347822324
0.0034372606324324017
0.0034652245592672218
0.003494477482746904
0.0035250733100069625
0.003557069769612909
0.0035905287220840084
0.0036255165025927466
0.0036621042997198026
0.0037003685746924736
0.0037403915261708855
0.003782261606387213
0.0038260740953077925
0.0038719317405000626
0.003919945471573859
0.003970235199464567
0.004022930712475891
0.004078172682954348
0.004136113800789517
0.004196920052701813
0.004260772169590485
0.004327867268189392
0.004398420718068207
0.004472668270811853
0.00455086849525087
0.004633305571204167
0.0047202925047204435
0.004812174840762797
0.004909334965312936
0.0050121971088078615
0.005121233187747488
0.005236969652650613
0.005359995550173564
0.005490972057651065
0.00563064381294307
0.005779852445836096
0.005939552825578257
0.006110832680997926
0.0062949364369848885
0.0064932943606372815
0.006707558445851335
0.0069396469206517005
0.0071917998866691795
0.007466649467783496
0.00776730906386802
0.00809748804059281
0.008461640690957051
0.008865161975647278
0.009314648020657599
0.00981824765231942
0.010386144096064746
0.011031226276213814
0.011770042037405823
0.012624180258459981
0.013622322334364029
0.014803368764735496
0.016221349520547376
0.017953405516037583
0.020113286990930575
0.02287526260939107
0.026518841517607545
0.03151806142679968
0.03873449646835441
0.04987819348017278
0.06876257418182127
0.1054188026504807
0.19410973302671636

0.14908750748052554
0.19527383453692287
0.23531132050622786
0.26113404999513024
0.2674105056666343
0.25371550656686387
0.22480964538656018
0.18878162103909266
0.15394510133358058
0.12598888554099563
0.10661696675062024
0.09403191368688911
0.08469274995438258
0.07530833047317671
0.06415284749902474
0.051319820728536074
0.03811467179488253
0.026122721790200545
0.016471518682404755
0.009540572934664093
0.005072390589026268
0.0024744943400066494
0.0011074291986038199
0.00045463389831176094
0.00017120030344163398
5.913362162989873e-05
1.8734705755371086e-05
5.444266151716671e-06
1.4511446639047422e-06
3.547810121477895e-07
7.955876449015722e-08
1.6364153560366385e-08
3.087285849270518e-09
5.342418195635229e-10
8.479624929927929e-11
1.2345057558819467e-11
1.64849374849883e-12
2.019106359288851e-13
2.268343358363776e-14
2.337416452660525e-15
2.2092308726482566e-16
1.91524269655576e-17
1.5229450388975098e-18
1.1107654183243055e-19
7.430844518982666e-21
4.559652049173592e-22
2.5662734741551725e-23
1.3248047346885766e-24
6.273046579541881e-26
2.7244751892008553e-27
1.085337744063697e-28
3.9657438532697476e-30
1.3291136470749939e-31
4.085801645211543e-33
1.1520468607447955e-34
2.9794816490179983e-36
7.067877099656089e-38
1.5378535076645028e-39
3.0691537860159654e-41
5.618236759292902e-43
9.433201859092303e-45
1.4527668558028812e-46
2.052156239441696e-48
2.6589038074153913e-50
3.159894140727477e-52
3.4444520670138927e-54
3.4438597888770846e-56
3.1582643769364107e-58
2.656618583126944e-60
2.0496874162275368e-62
1.4505201547146983e-64
9.415374623096881e-67
5.605690885002138e-69
3.0612471308621277e-71
1.5333642748619214e-73
7.044821512685314e-76
2.968741285968278e-78
1.1474992603430288e-80
4.068273862916302e-83
1.3229567635757868e-85
3.946015851955019e-88
1.0795672578057241e-90
2.7090579009374696e-93
6.23540367371803e-96
1.3164020982417247e-98
2.549119888407971e-101
4.5276167829310564e-104
7.376099474111232e-107
1.1022029601378116e-109
1.5106855854604282e-112
1.8991720131788456e-115
2.189940031136862e-118
2.3162095459955493e-121
2.2469901889630214e-124
1.9994116087566533e-127
1.6318526710790928e-130
1.221623527270518e-133
8.38825325272802e-137
5.283033734135619e-140
3.051918542817897e-143
