1.0445010297743942
0.01389394533352254
0.00033314768620277245
1.520974581842949e-05
1.2299628870841508e-06
1.6276364871300238e-07
3.3664812949475815e-08
1.0370382722551604e-08
4.420002253928439e-09
2.390801477899435e-09
1.5214157804765747e-09
1.0794892052884466e-09
8.242516412980478e-10
6.622650573449505e-10
5.519403583493784e-10
4.726481497708934e-10
4.13226751534814e-10
3.671972537337662e-10
3.305764094032639e-10
3.007960904740332e-10
2.7613338839412605e-10
2.553929252398874e-10
2.3772117893945655e-10
2.2249345060889242e-10
2.0924257556312462e-10
1.976125485649779e-10
1.8732752272818536e-10
1.7817057890121607e-10
1.6996886973382805e-10
1.6258302177702167e-10
1.558994425626326e-10
1.4982464780622746e-10
1.4428101799139202e-10
1.3920358246553297e-10
1.3453755292758022e-10
1.3023641077596817e-10
1.2626040884250653e-10
1.2257538668474457e-10
1.1915182564018435e-10
1.1596408900598313e-10
1.1298980645890015e-10
1.1020937181408604e-10
1.0760553054868859e-10
1.0516303894862122e-10
1.0286838080264973e-10
1.0070953063819072e-10
9.867575483117648e-11
9.675744371680197e-11
9.494596921559684e-11
9.32335635698891e-11
9.161321563291992e-11
9.007858182127762e-11
8.862390937185722e-11
8.724396996807746e-11
8.593400214003446e-11
8.468966111755208e-11
8.350697503749295e-11
8.238230658788437e-11
8.131231931970248e-11
8.02939479790441e-11
7.932437231301831e-11
7.840099388605838e-11
7.752141551270356e-11
7.668342297080274e-11
7.588496870760473e-11
7.512415729198991e-11
7.439923240049947e-11
7.370856515393256e-11
7.3050643645989e-11
7.242406352646943e-11
7.182751951950172e-11
7.125979777263379e-11
7.07197689458293e-11
7.020638196075681e-11
6.971865834056293e-11
6.925568707879358e-11
6.881661998347603e-11
6.840066744876211e-11
6.800709461209527e-11
6.763521785972463e-11
6.72844016476401e-11
6.69540556087346e-11
6.66436319202789e-11
6.635262290868666e-11
6.608055887110143e-11
6.582700609560083e-11
6.559156506382247e-11
6.53738688216054e-11
6.517358150483984e-11
6.499039700914965e-11
6.482403779331867e-11
6.467425380753441e-11
6.45408215385744e-11
6.442354316501787e-11
6.432224581644206e-11
6.423678093136729e-11
6.416702370946068e-11
6.411287265420333e-11
6.407424920287732e-11
6.405109744134632e-11
6.404338390169333e-11
6.405109744134632e-11
6.407424920287732e-11
6.411287265420333e-11
6.416702370946068e-11
6.423678093136729e-11
6.432224581644206e-11
6.442354316501787e-11
6.45408215385744e-11
6.467425380753441e-11
6.482403779331867e-11
6.499039700914965e-11
6.517358150483984e-11
6.53738688216054e-11
6.559156506382247e-11
6.582700609560083e-11
6.608055887110143e-11
6.635262290868666e-11
6.66436319202789e-11
6.69540556087346e-11
6.72844016476401e-11
6.763521785972463e-11
6.800709461209527e-11
6.840066744876211e-11
6.881661998347603e-11
6.925568707879358e-11
6.971865834056293e-11
7.020638196075681e-11
7.07197689458293e-11
7.125979777263379e-11
7.182751951950172e-11
7.242406352646943e-11
7.3050643645989e-11
7.370856515393256e-11
7.439923240049947e-11
7.512415729198991e-11
7.588496870760473e-11
7.668342297080274e-11
7.752141551270356e-11
7.840099388605838e-11
7.932437231301831e-11
8.02939479790441e-11
8.131231931970248e-11
8.238230658788437e-11
8.350697503749295e-11
8.468966111755208e-11
8.593400214003446e-11
8.724396996807746e-11
8.862390937185722e-11
9.007858182127762e-11
9.161321563291992e-11
9.32335635698891e-11
9.494596921559684e-11
9.675744371680197e-11
9.867575483117648e-11
1.0070953063819072e-10
1.0286838080264973e-10
1.0516303894862122e-10
1.0760553054868859e-10
1.1020937181408604e-10
1.1298980645890015e-10
1.1596408900598313e-10
1.1915182564018435e-10
1.2257538668474457e-10
1.2626040884250653e-10
1.3023641077596817e-10
1.3453755292758022e-10
1.3920358246553297e-10
1.4428101799139202e-10
1.4982464780622746e-10
1.558994425626326e-10
1.6258302177702167e-10
1.6996886973382805e-10
1.7817057890121607e-10
1.8732752272818536e-10
1.976125485649779e-10
2.0924257556312462e-10
2.2249345060889242e-10
2.3772117893945655e-10
2.553929252398874e-10
2.7613338839412605e-10
3.007960904740332e-10
3.305764094032639e-10
3.671972537337662e-10
4.13226751534814e-10
4.726481497708934e-10
5.519403583493784e-10
6.622650573449505e-10
8.242516412980478e-10
1.0794892052884466e-09
1.5214157804765747e-09
2.390801477899435e-09
4.420002253928439e-09
1.0370382722551604e-08
3.3664812949475815e-08
1.6276364871300238e-07
1.2299628870841508e-06
1.520974581842949e-05
0.00033314768620277245
0.01389394533352254

2.9168493673830617e-09
1.695098814572075e-08
9.0009550402114e-08
4.3671159057916756e-07
1.936035865967555e-06
7.84232133392852e-06
2.9026082615072802e-05
9.816231808084213e-05
0.0003033289808049279
0.0008564389160019386
0.002209506168426137
0.005208615682635823
0.011220742711736365
0.022097338433880058
0.03982191084076759
0.0658535257637488
0.10060878644935575
0.14400177998189304
0.19766265875888214
0.2673552449404563
0.36104791550672766
0.47878474469200594
0.5994414004595155
0.6800390868417169
0.6781103318802575
0.5832800006720874
0.42819397806965714
0.2667593669523294
0.1406456939359158
0.06270779036469865
0.02366408620848361
0.007580213402795585
0.0020733328585678334
0.0004896070845896466
0.00010177857496138163
1.9214429848435488e-05
3.4338561335877497e-06
6.037305039223514e-07
1.0597600622567997e-07
1.8303616684076192e-08
3.0267202923929395e-09
4.683764965713796e-10
6.692133050582569e-11
8.771991246399879e-12
1.0520905567981919e-12
1.1534865809920928e-13
1.1556854402342403e-14
1.0580196548540478e-15
8.850419210986526e-17
6.7646800371015725e-18
4.724364342030433e-19
3.014755442433647e-20
1.757815749421128e-21
9.364986793622196e-23
4.558831508072787e-24
2.0277409276866248e-25
8.241076519331859e-27
3.060328030240026e-28
1.0383997321163174e-29
3.2193908735992226e-31
9.120011869759714e-33
2.3606394054716008e-34
5.583113478079766e-36
1.2065235731110957e-37
2.382361828435992e-39
4.2982550900452644e-41
7.085805126020678e-43
1.0673301462869479e-44
1.4689969760219609e-46
1.8473772085358116e-48
2.1227693811883546e-50
2.2287563933092743e-52
2.1381341155234042e-54
1.8742168497188747e-56
1.501126482534767e-58
1.0985688726237513e-60
7.345981762267314e-63
4.4883318146630955e-65
2.5057204660782093e-67
1.2781824145916823e-69
5.957521385286692e-72
2.537177992239856e-74
9.872992682050073e-77
3.5104213597387946e-79
1.1404657194152567e-81
3.3854606995811555e-84
9.182604332063029e-87
2.2757603165065945e-89
5.1534696495411905e-92
1.0663149030881191e-94
2.0159687200403973e-97
3.4825282921071183e-100
5.496902973108566e-103
7.927824781868254e-106
1.0447263979764304e-108
1.2579507776691892e-111
1.3840037957015995e-114
1.3913085957742289e-117
1.2779745617805201e-120
1.072589408223836e-123
