0.8017321845982074
0.013978708863084449
0.0003251506428655944
9.917924937530843e-06
3.8673256327857654e-07
1.8917582058895614e-08
1.1666303284942366e-09
8.701453013139607e-11
8.02612537724414e-12
9.20448893835446e-13
1.30610349558093e-13
2.286002549214391e-14
4.934481520726299e-15
1.3122753542102056e-15
4.2793899242166186e-16
1.6931539893996554e-16
7.980630685772965e-17
4.370574695921539e-17
2.7043523557202797e-17
1.84059569953461e-17
1.347479478230173e-17
1.0424817713474357e-17
8.411166649162927e-18
7.00916049945262e-18
5.989754930958042e-18
5.2216986806543624e-18
4.625752046448731e-18
4.1518764312202894e-18
3.767221572081133e-18
3.449482138583987e-18
3.1830614444754196e-18
2.95676965761997e-18
2.7623949040028988e-18
2.593788919822839e-18
2.4462658662219103e-18
2.3161973011704447e-18
2.200733250760749e-18
2.097606271546409e-18
2.0049913114219567e-18
1.9214038233422713e-18
1.8456245737974897e-18
1.7766433862768083e-18
1.7136165182663113e-18
1.6558339910638423e-18
1.6026942786476974e-18
1.5536845024391407e-18
1.508364790887143e-18
1.466355821762655e-18
1.4273288198991592e-18
1.3909974662199386e-18
1.3571113069237488e-18
1.3254503493684522e-18
1.295820603604946e-18
1.2680503827003236e-18
1.2419872158917865e-18
1.2174952597427414e-18
1.1944531163495133e-18
1.1727519860960977e-18
1.152294096809029e-18
1.1329913624074789e-18
1.1147642330050957e-18
1.0975407054462474e-18
1.0812554688620833e-18
1.0658491643238948e-18
1.05126774129148e-18
1.0374618964863064e-18
1.0243865832052644e-18
1.012000581041291e-18
1.0002661175784615e-18
9.891485349494066e-19
9.78615995235704e-19
9.68639219599984e-19
9.59191256795835e-19
9.50247277335518e-19
9.417843901279526e-19
9.337814788481092e-19
9.26219055678314e-19
9.190791303836985e-19
9.123450929577281e-19
9.060016083072796e-19
9.000345216466055e-19
8.94430773441033e-19
8.891783228888907e-19
8.842660790575844e-19
8.79683838900051e-19
8.75422231473596e-19
8.714726677665132e-19
8.678272956107118e-19
8.644789592224237e-19
8.6142116296917035e-19
8.586480390106995e-19
8.561543185055031e-19
8.539353061135613e-19
8.519868575609089e-19
8.503053600630132e-19
8.488877154323755e-19
8.477313257216517e-19
8.468340812773471e-19
8.461943511011483e-19
8.458109754365296e-19
8.456832605176964e-19
8.458109754365296e-19
8.461943511011483e-19
8.468340812773471e-19
8.477313257216517e-19
8.488877154323755e-19
8.503053600630132e-19
8.519868575609089e-19
8.539353061135613e-19
8.561543185055031e-19
8.586480390106995e-19
8.6142116296917035e-19
8.644789592224237e-19
8.678272956107118e-19
8.714726677665132e-19
8.75422231473596e-19
8.79683838900051e-19
8.842660790575844e-19
8.891783228888907e-19
8.94430773441033e-19
9.000345216466055e-19
9.060016083072796e-19
9.123450929577281e-19
9.190791303836985e-19
9.26219055678314e-19
9.337814788481092e-19
9.417843901279526e-19
9.50247277335518e-19
9.59191256795835e-19
9.68639219599984e-19
9.78615995235704e-19
9.891485349494066e-19
1.0002661175784615e-18
1.012000581041291e-18
1.0243865832052644e-18
1.0374618964863064e-18
1.05126774129148e-18
1.0658491643238948e-18
1.0812554688620833e-18
1.0975407054462474e-18
1.1147642330050957e-18
1.1329913624074789e-18
1.152294096809029e-18
1.1727519860960977e-18
1.1944531163495133e-18
1.2174952597427414e-18
1.2419872158917865e-18
1.2680503827003236e-18
1.295820603604946e-18
1.3254503493684522e-18
1.3571113069237488e-18
1.3909974662199386e-18
1.4273288198991592e-18
1.466355821762655e-18
1.508364790887143e-18
1.5536845024391407e-18
1.6026942786476974e-18
1.6558339910638423e-18
1.7136165182663113e-18
1.7766433862768083e-18
1.8456245737974897e-18
1.9214038233422713e-18
2.0049913114219567e-18
2.097606271546409e-18
2.200733250760749e-18
2.3161973011704447e-18
2.4462658662219103e-18
2.593788919822839e-18
2.7623949040028988e-18
2.95676965761997e-18
3.1830614444754196e-18
3.449482138583987e-18
3.767221572081133e-18
4.1518764312202894e-18
4.625752046448731e-18
5.2216986806543624e-18
5.989754930958042e-18
7.00916049945262e-18
8.411166649162927e-18
1.0424817713474357e-17
1.347479478230173e-17
1.84059569953461e-17
2.7043523557202797e-17
4.370574695921539e-17
7.980630685772965e-17
1.6931539893996554e-16
4.2793899242166186e-16
1.3122753542102056e-15
4.934481520726299e-15
2.286002549214391e-14
1.30610349558093e-13
9.20448893835446e-13
8.02612537724414e-12
8.701453013139607e-11
1.1666303284942366e-09
1.8917582058895614e-08
3.8673256327857654e-07
9.917924937530843e-06
0.0003251506428655944
0.013978708863084449

3.437389100831214e-17
1.3824144220650293e-15
4.5814511515063344e-14
1.2511895511721129e-12
2.8157779355465533e-11
5.221904657612047e-10
7.98021732944695e-09
1.0049761232895602e-07
1.0429224413376663e-06
8.918740452936995e-06
6.285072367796747e-05
0.0003649827035067234
0.0017465842102922598
0.006887506686196593
0.022381542154282057
0.05993439891394749
0.1322657834554933
0.24066636747192194
0.3621248904254463
0.45669076203920456
0.5041086418384022
0.5275249413347235
0.5422360605671875
0.4974669839670002
0.35448166410919846
0.17974017957706007
0.062454443938093095
0.01473346798157801
0.002387509546788899
0.0002770977052766457
2.5305717489896678e-05
2.0935217228335437e-06
1.7050984072506733e-07
1.3051114805199688e-08
8.685249892558594e-10
4.832633603613883e-11
2.222313693994764e-12
8.425149408074864e-14
2.6322598944349014e-15
6.776999002555212e-17
1.4378099690522786e-18
2.5137426479549922e-20
3.621557466283605e-22
4.299571668549387e-24
4.206396894855396e-26
3.39117770169385e-28
2.2529216668071758e-30
1.233379937066751e-32
5.564202302412365e-35
2.068541258737514e-37
6.336956235654578e-40
1.5997513009437476e-42
3.3279705947693395e-45
5.7050799203453e-48
8.059335385430662e-51
9.38192527633852e-54
8.999947047674989e-57
7.1144803285829e-60
4.634486865175915e-63
2.4877994786263224e-66
1.1004855220679706e-69
4.011516088839447e-73
1.2050026095207065e-76
2.9827900145763985e-80
6.084327991080776e-84
1.0227224728374715e-87
1.4166358381343166e-91
1.6170144238436215e-95
1.52098456685329e-99
1.178937996442394e-103
7.530301529587293e-108
3.9635926317302747e-112
1.7191782267703102e-116
6.144804018603968e-121
1.8098826387861103e-125
4.392866813433072e-130
8.786196306399327e-135
1.4481348745554028e-139
1.9668551026105056e-144
2.2013594644632267e-149
2.0303214720865473e-154
1.5430993706634494e-159
9.664474060118816e-165
4.987900706102041e-170
2.1213514155827007e-175
7.434686855034057e-181
2.147177699278585e-186
5.110089879949572e-192
1.0021767750129834e-197
1.6196283612829884e-203
2.1569578392846044e-209
2.367135854223773e-215
2.140720435832133e-221
1.5953352833573518e-227
9.797138101022647e-234
4.95794532918931e-240
2.067566473183025e-246
7.105137272082058e-253
2.0120589876000573e-259
4.6953091090206015e-266
