0.7369403283598323
0.006471809931064735
7.03354474191357e-05
9.7171175222434e-07
1.807874025627706e-08
4.6114927262435954e-10
1.816028103670511e-11
1.008718335664544e-12
7.62320869911553e-14
7.829378227547322e-15
1.1008734481954967e-15
2.1150697870495997e-16
5.502032202544248e-17
1.8985041291388586e-17
8.37543437702192e-18
4.495427768523657e-18
2.797179768978965e-18
1.935317464843437e-18
1.4447552391316502e-18
1.139065464965432e-18
9.347244179744117e-19
7.904082950075816e-19
6.839482441062028e-19
6.02622693144688e-19
5.387085084200898e-19
4.872896361495524e-19
4.451087089918975e-19
4.099321891840181e-19
3.801827697206271e-19
3.5471776048453076e-19
3.3269067645301446e-19
3.1346205625704136e-19
2.9654039383498747e-19
2.8154204256727756e-19
2.681633934560122e-19
2.561611850343594e-19
2.4533831759917386e-19
2.3553346650924633e-19
2.2661336442368727e-19
2.184669890948696e-19
2.1100113197713358e-19
2.0413698112368066e-19
1.9780745854353155e-19
1.919551252974824e-19
1.8653051844178866e-19
1.8149081975296046e-19
1.7679878173751107e-19
1.7242185489837163e-19
1.6833147371560972e-19
1.6450246874914934e-19
1.6091257968384916e-19
1.575420497100867e-19
1.543732858586223e-19
1.513905731386156e-19
1.4857983281568652e-19
1.4592841709720788e-19
1.4342493399988543e-19
1.410590973602165e-19
1.3882159788629216e-19
1.3670399189570604e-19
1.3469860498150667e-19
1.3279844832853025e-19
1.3099714579086665e-19
1.29288870156786e-19
1.2766828728503645e-19
1.2613050700760591e-19
1.2467103986791379e-19
1.232857589071506e-19
1.2197086583078203e-19
1.207228609866264e-19
1.1953851666901578e-19
1.184148533332743e-19
1.1734911836344702e-19
1.1633876708578898e-19
1.1538144576253096e-19
1.1447497633613558e-19
1.1361734272468856e-19
1.1280667849508172e-19
1.1204125576294498e-19
1.113194751874541e-19
1.1063985694566768e-19
1.1000103258532775e-19
1.0940173766743814e-19
1.088408051206912e-19
1.0831715923918578e-19
1.0782981026307059e-19
1.0737784948892213e-19
1.0696044486297459e-19
1.0657683701588001e-19
1.062263357025949e-19
1.0590831661535776e-19
1.0562221854161197e-19
1.0536754084221374e-19
1.05143841228396e-19
1.0495073381879279e-19
1.0478788746040374e-19
1.0465502429973823e-19
1.045519185925539e-19
1.0447839574262774e-19
1.0443433156189875e-19
1.0441965174612177e-19
1.0443433156189875e-19
1.0447839574262774e-19
1.045519185925539e-19
1.0465502429973823e-19
1.0478788746040374e-19
1.0495073381879279e-19
1.05143841228396e-19
1.0536754084221374e-19
1.0562221854161197e-19
1.0590831661535776e-19
1.062263357025949e-19
1.0657683701588001e-19
1.0696044486297459e-19
1.0737784948892213e-19
1.0782981026307059e-19
1.0831715923918578e-19
1.088408051206912e-19
1.0940173766743814e-19
1.1000103258532775e-19
1.1063985694566768e-19
1.113194751874541e-19
1.1204125576294498e-19
1.1280667849508172e-19
1.1361734272468856e-19
1.1447497633613558e-19
1.1538144576253096e-19
1.1633876708578898e-19
1.1734911836344702e-19
1.184148533332743e-19
1.1953851666901578e-19
1.207228609866264e-19
1.2197086583078203e-19
1.232857589071506e-19
1.2467103986791379e-19
1.2613050700760591e-19
1.2766828728503645e-19
1.29288870156786e-19
1.3099714579086665e-19
1.3279844832853025e-19
1.3469860498150667e-19
1.3670399189570604e-19
1.3882159788629216e-19
1.410590973602165e-19
1.4342493399988543e-19
1.4592841709720788e-19
1.4857983281568652e-19
1.513905731386156e-19
1.543732858586223e-19
1.575420497100867e-19
1.6091257968384916e-19
1.6450246874914934e-19
1.6833147371560972e-19
1.7242185489837163e-19
1.7679878173751107e-19
1.8149081975296046e-19
1.8653051844178866e-19
1.919551252974824e-19
1.9780745854353155e-19
2.0413698112368066e-19
2.1100113197713358e-19
2.184669890948696e-19
2.2661336442368727e-19
2.3553346650924633e-19
2.4533831759917386e-19
2.561611850343594e-19
2.681633934560122e-19
2.8154204256727756e-19
2.9654039383498747e-19
3.1346205625704136e-19
3.3269067645301446e-19
3.5471776048453076e-19
3.801827697206271e-19
4.099321891840181e-19
4.451087089918975e-19
4.872896361495524e-19
5.387085084200898e-19
6.02622693144688e-19
6.839482441062028e-19
7.904082950075816e-19
9.347244179744117e-19
1.139065464965432e-18
1.4447552391316502e-18
1.935317464843437e-18
2.797179768978965e-18
4.495427768523657e-18
8.37543437702192e-18
1.8985041291388586e-17
5.502032202544248e-17
2.1150697870495997e-16
1.1008734481954967e-15
7.829378227547322e-15
7.62320869911553e-14
1.008718335664544e-12
1.816028103670511e-11
4.6114927262435954e-10
1.807874025627706e-08
9.7171175222434e-07
7.03354474191357e-05
0.006471809931064735

4.400721970648981e-18
9.931192935234142e-17
1.9677950009418008e-15
3.423412507556005e-14
5.229251858336927e-13
7.013274411263165e-12
8.258535708645132e-11
8.538591095143723e-10
7.751224712863269e-09
6.178106424726106e-08
4.3235589938690246e-07
2.6566132807715695e-06
1.4332311410841207e-05
6.788988588060795e-05
0.0002823546001257369
0.0010310639510494482
0.0033058053980072047
0.00930614709870958
0.02300191115832485
0.04992779723109614
0.09620732827975992
0.19194990176412188
0.4976258540790115
0.8686650252398135
0.6673211731522029
0.38949909239349234
0.29836649127684794
0.22713884597682601
0.15284507873871392
0.0903140368702185
0.04685545762394655
0.021343520687688078
0.0085363631261844
0.0029976481027504877
0.0009242497962288253
0.0002502067513173662
5.9471601116872174e-05
1.2411411760590536e-05
2.274226330302773e-06
3.6588712615818505e-07
5.168464300514186e-08
6.410277921478479e-09
6.98060627706004e-10
6.674371469515282e-11
5.603102290994246e-12
4.129977392092265e-13
2.6728078845876568e-14
1.5187586327337806e-15
7.577234387085959e-17
3.3192015894340676e-18
1.2766077726812654e-19
4.311042309374278e-21
1.2782271332409714e-22
3.327627659379671e-24
7.606105852655909e-26
1.526479411036451e-27
2.689803058576652e-29
4.161510181141449e-31
5.653044264948914e-33
6.742403774274573e-35
7.060705120271273e-37
6.492057200350164e-39
5.24104088201892e-41
3.714956248126246e-43
2.312015842124068e-45
1.2633650377031304e-47
6.061328879059752e-50
2.5533349499338817e-52
9.443841231556833e-55
3.066835704552703e-57
8.744465941182311e-60
2.189157542478133e-62
4.811956459315809e-65
9.286825979231906e-68
1.5736707495862893e-70
2.3413232814326748e-73
3.0585095511483555e-76
3.5079972539592614e-79
3.5327230718379084e-82
3.1236393907454957e-85
2.4250077637115323e-88
1.6529751401847395e-91
9.892827970817871e-95
5.1984699557425284e-98
2.3984549516789942e-101
9.716023121838028e-105
3.4557829667871055e-108
1.0792084224314262e-111
2.9591374519598014e-115
7.124032588630083e-119
1.5058704203389498e-122
2.794796907009703e-126
4.554218378900779e-130
6.515959788293705e-134
8.185474985808037e-138
9.028390229605562e-142
8.743346800504932e-146
7.434401876633466e-150
5.550285317441616e-154
3.6381912957543218e-158
