0.9225543512102459
0.11877678069370384
0.022095281051768997
0.005173485887634939
0.001331839055109032
0.00035480040107495065
9.584968832365327e-05
2.6097540508856844e-05
7.148528910159761e-06
1.9688204442709673e-06
5.451265865479185e-07
1.517292045239364e-07
4.2453656079485784e-08
1.1940793365315516e-08
3.7004606037628132e-09
1.0409216646659208e-09
2.939793164896278e-10
8.339020145162702e-11
2.3767290687632373e-11
6.8089038620092795e-12
1.9614122232719893e-12
5.683367683099791e-13
1.657004092994135e-13
4.8622588632704684e-14
1.4362858892464486e-14
4.2716598468828474e-15
1.2792086155558969e-15
3.8572899930548236e-16
1.171114498933794e-16
3.579711660947538e-17
1.101446218105537e-17
3.4108627280408304e-18
1.0628190179790306e-18
3.331588574951826e-19
1.0503702478363203e-19
3.3299513546146716e-20
1.061329192011374e-20
3.400172498265897e-21
1.094772104196449e-21
3.5421282387314195e-22
1.1515463988151254e-22
3.7613766606700976e-23
1.2343667211955095e-23
4.069756975517455e-24
1.3481069549881142e-24
4.486677291085104e-25
1.500339742125708e-25
5.041309675048525e-26
1.702214013298207e-26
5.7760612794084106e-27
1.9698194890059505e-27
6.751920316763206e-28
2.326278290910545e-28
8.056639316249667e-29
2.804949572332528e-29
9.817305029716321e-30
3.454370352699057e-30
1.221980707778254e-30
4.345947698791303e-31
1.5539318505656017e-31
5.586073515337872e-32
2.0188598719993386e-32
7.335445565507873e-33
2.67955310994639e-33
9.840288164994199e-34
3.6329259053369417e-34
1.3483487320920257e-34
5.030820318107378e-35
1.8869507675039447e-35
7.11479347744717e-36
2.696741266509359e-36
1.027512956315877e-36
3.935524659439094e-37
1.5152419042346691e-37
5.864384171596144e-38
2.2815051596738265e-38
8.922303635541943e-39
3.507416843386166e-39
1.3859624092135391e-39
5.505143265669978e-40
2.198057221938439e-40
8.821925592316279e-41
3.5591267249165547e-41
1.4433831959349293e-41
5.884116280419399e-42
2.411272347645676e-42
9.9330199312823e-43
4.1133093453826446e-43
1.7123069072328344e-43
7.165673452715927e-44
3.014547441547513e-44
1.2749136002449726e-44
5.420458545403075e-45
2.316817407802772e-45
9.955455099296819e-46
4.301397573454595e-46
1.87014578517099e-46
8.214373285607197e-47
3.7168787130076826e-47
1.8899079412059788e-47
1.399495505701064e-47
1.8899079412059788e-47
3.7168787130076826e-47
8.214373285607197e-47
1.87014578517099e-46
4.301397573454595e-46
9.955455099296819e-46
2.316817407802772e-45
5.420458545403075e-45
1.2749136002449726e-44
3.014547441547513e-44
7.165673452715927e-44
1.7123069072328344e-43
4.1133093453826446e-43
9.9330199312823e-43
2.411272347645676e-42
5.884116280419399e-42
1.4433831959349293e-41
3.5591267249165547e-41
8.821925592316279e-41
2.198057221938439e-40
5.505143265669978e-40
1.3859624092135391e-39
3.507416843386166e-39
8.922303635541943e-39
2.2815051596738265e-38
5.864384171596144e-38
1.5152419042346691e-37
3.935524659439094e-37
1.027512956315877e-36
2.696741266509359e-36
7.11479347744717e-36
1.8869507675039447e-35
5.030820318107378e-35
1.3483487320920257e-34
3.6329259053369417e-34
9.840288164994199e-34
2.67955310994639e-33
7.335445565507873e-33
2.0188598719993386e-32
5.586073515337872e-32
1.5539318505656017e-31
4.345947698791303e-31
1.221980707778254e-30
3.454370352699057e-30
9.817305029716321e-30
2.804949572332528e-29
8.056639316249667e-29
2.326278290910545e-28
6.751920316763206e-28
1.9698194890059505e-27
5.7760612794084106e-27
1.702214013298207e-26
5.041309675048525e-26
1.500339742125708e-25
4.486677291085104e-25
1.3481069549881142e-24
4.069756975517455e-24
1.2343667211955095e-23
3.7613766606700976e-23
1.1515463988151254e-22
3.5421282387314195e-22
1.094772104196449e-21
3.400172498265897e-21
1.061329192011374e-20
3.3299513546146716e-20
1.0503702478363203e-19
3.331588574951826e-19
1.0628190179790306e-18
3.4108627280408304e-18
1.101446218105537e-17
3.579711660947538e-17
1.171114498933794e-16
3.8572899930548236e-16
1.2792086155558969e-15
4.2716598468828474e-15
1.4362858892464486e-14
4.8622588632704684e-14
1.657004092994135e-13
5.683367683099791e-13
1.9614122232719893e-12
6.8089038620092795e-12
2.3767290687632373e-11
8.339020145162702e-11
2.939793164896278e-10
1.0409216646659208e-09
3.7004606037628132e-09
1.1940793365315516e-08
4.2453656079485784e-08
1.517292045239364e-07
5.451265865479185e-07
1.9688204442709673e-06
7.148528910159761e-06
2.6097540508856844e-05
9.584968832365327e-05
0.00035480040107495065
0.001331839055109032
0.005173485887634939
0.022095281051768997
0.11877678069370384

1.932126251722531e-74
9.29938548806439e-54
1.8266623245682542e-36
1.4643590068540474e-22
4.7909553675043706e-12
6.397082594845573e-05
0.34859974253231685
0.7752779582476371
0.0007036765565967308
2.8590348694725472e-09
2.9622613441087873e-05
0.02034710335380673
0.8420531522121595
2.0995881641993708
0.31541796168758646
0.0028549362890192614
1.5569121794170076e-06
5.115516693410388e-11
1.0126808360371434e-16
1.2078510238425236e-23
8.67984254750964e-32
3.758097277852782e-41
9.803516475896167e-52
1.540825451673956e-63
1.459092077040788e-76
8.324720284929922e-91
2.861635373637358e-106
5.926750382939722e-123
7.395655489539254e-141
5.5602510812247024e-160
2.5186616483055945e-180
6.873895891695605e-202
1.1303001009129072e-224
1.1198046782972401e-248
6.684185343418772e-274
2.4038777908718042e-300
0.0
0.0
0.0
0.0
0.0
0.0
0.0
0.0
0.0
0.0
0.0
0.0
0.0
0.0
0.0
0.0
0.0
0.0
0.0
0.0
0.0
0.0
0.0
0.0
0.0
0.0
0.0
0.0
0.0
0.0
0.0
0.0
0.0
0.0
0.0
0.0
0.0
0.0
0.0
0.0
0.0
0.0
0.0
0.0
0.0
0.0
0.0
0.0
0.0
0.0
0.0
0.0
0.0
0.0
0.0
0.0
0.0
0.0
0.0
0.0
0.0
0.0
0.0
0.0
