0.8091722369906342
0.04026275409162431
0.005838255284337169
0.001009602989209749
0.0001805654808276745
3.295326282467502e-05
6.127270427001488e-06
1.160474788554552e-06
2.2386348881040848e-07
4.3985078252018465e-08
8.24600884866461e-09
1.7066828110850542e-09
3.605598275046074e-10
7.759336331487858e-11
1.699324785456865e-11
3.794124873894699e-12
8.723424224862892e-13
2.141044347582928e-13
6.218031342813101e-14
2.5476492655394743e-14
1.5617051003958054e-14
1.2279425405154488e-14
1.0675935886425868e-14
9.630292374391046e-15
8.827562527093334e-15
8.167513999217733e-15
7.608273552603896e-15
7.126693531655015e-15
6.707356727486567e-15
6.338982036280112e-15
6.012934014008669e-15
5.722437793670948e-15
5.462090591874989e-15
5.227528632254534e-15
5.0151889635046806e-15
4.8221344238136606e-15
4.645922617189004e-15
4.4845064147534185e-15
4.336157464273948e-15
4.199406741206704e-15
4.0729978819105715e-15
3.955850212941701e-15
3.8470292116571355e-15
3.745722716909564e-15
3.651221628596924e-15
3.562904140609517e-15
3.480222776733185e-15
3.4026936663014866e-15
3.3298876218392594e-15
3.2614226758691945e-15
3.196957806479388e-15
3.1361876369375325e-15
3.0788379377697097e-15
3.0246617933618303e-15
2.973436321551635e-15
2.924959855542623e-15
2.8790495140511212e-15
2.835539098848014e-15
2.794277269503219e-15
2.7551259537393953e-15
2.7179589587797303e-15
2.6826607547648145e-15
2.6491254059741945e-15
2.617255629421897e-15
2.586961963561749e-15
2.5581620324641587e-15
2.530779893011725e-15
2.5047454544870838e-15
2.4799939614572647e-15
2.456465532146682e-15
2.4341047455777094e-15
2.412860271677996e-15
2.3926845393351074e-15
2.3735334380446358e-15
2.355366049366463e-15
2.3381444048908202e-15
2.3218332678340537e-15
2.306399935744196e-15
2.2918140621074783e-15
2.2780474949160893e-15
2.2650741304912004e-15
2.2528697810584777e-15
2.2414120547506903e-15
2.2306802468669933e-15
2.220655241354459e-15
2.211319421596883e-15
2.2026565897012256e-15
2.1946518935651578e-15
2.187291761091721e-15
2.1805638409905582e-15
2.174456949670699e-15
2.1689610237886483e-15
2.1640670780683544e-15
2.159767168057427e-15
2.1560543575274062e-15
2.1529226902655497e-15
2.1503671660421227e-15
2.14838372057101e-15
2.146969209313062e-15
2.146121395001319e-15
2.145838938795629e-15
2.146121395001319e-15
2.146969209313062e-15
2.14838372057101e-15
2.1503671660421227e-15
2.1529226902655497e-15
2.1560543575274062e-15
2.159767168057427e-15
2.1640670780683544e-15
2.1689610237886483e-15
2.174456949670699e-15
2.1805638409905582e-15
2.187291761091721e-15
2.1946518935651578e-15
2.2026565897012256e-15
2.211319421596883e-15
2.220655241354459e-15
2.2306802468669933e-15
2.2414120547506903e-15
2.2528697810584777e-15
2.2650741304912004e-15
2.2780474949160893e-15
2.2918140621074783e-15
2.306399935744196e-15
2.3218332678340537e-15
2.3381444048908202e-15
2.355366049366463e-15
2.3735334380446358e-15
2.3926845393351074e-15
2.412860271677996e-15
2.4341047455777094e-15
2.456465532146682e-15
2.4799939614572647e-15
2.5047454544870838e-15
2.530779893011725e-15
2.5581620324641587e-15
2.586961963561749e-15
2.617255629421897e-15
2.6491254059741945e-15
2.6826607547648145e-15
2.7179589587797303e-15
2.7551259537393953e-15
2.794277269503219e-15
2.835539098848014e-15
2.8790495140511212e-15
2.924959855542623e-15
2.973436321551635e-15
3.0246617933618303e-15
3.0788379377697097e-15
3.1361876369375325e-15
3.196957806479388e-15
3.2614226758691945e-15
3.3298876218392594e-15
3.4026936663014866e-15
3.480222776733185e-15
3.562904140609517e-15
3.651221628596924e-15
3.745722716909564e-15
3.8470292116571355e-15
3.955850212941701e-15
4.0729978819105715e-15
4.199406741206704e-15
4.336157464273948e-15
4.4845064147534185e-15
4.645922617189004e-15
4.8221344238136606e-15
5.0151889635046806e-15
5.227528632254534e-15
5.462090591874989e-15
5.722437793670948e-15
6.012934014008669e-15
6.338982036280112e-15
6.707356727486567e-15
7.126693531655015e-15
7.608273552603896e-15
8.167513999217733e-15
8.827562527093334e-15
9.630292374391046e-15
1.0675935886425868e-14
1.2279425405154488e-14
1.5617051003958054e-14
2.5476492655394743e-14
6.218031342813101e-14
2.141044347582928e-13
8.723424224862892e-13
3.794124873894699e-12
1.699324785456865e-11
7.759336331487858e-11
3.605598275046074e-10
1.7066828110850542e-09
8.24600884866461e-09
4.3985078252018465e-08
2.2386348881040848e-07
1.160474788554552e-06
6.127270427001488e-06
3.295326282467502e-05
0.0001805654808276745
0.001009602989209749
0.005838255284337169
0.04026275409162431

9.346948131706828e-14
1.1963177725881883e-12
1.3577817878331311e-11
1.3665331742599172e-10
1.2228184739686278e-09
5.830730283951814e-08
7.958891451175258e-05
0.014057392806863514
0.2687572505137443
0.5557579892544684
0.12434419070473403
0.0031967705472237596
0.0006566568846885186
0.0019640909615520896
0.005278171732921277
0.01261570291237168
0.026940308950264776
0.05185986979629135
0.09127533037801422
0.14924234263758976
0.22851189868263921
0.32447344081861806
0.41618263969915703
0.46720143270251374
0.4469549742835277
0.35786062020735665
0.23739335997660413
0.1300046432694434
0.05890007392318991
0.02226199583823363
0.007132208290164945
0.0019851010324954
0.0004951439805073588
0.00011391849112905306
2.452924038042378e-05
4.922553836488709e-06
9.069403924595688e-07
1.5109459850658813e-07
2.252911671306688e-08
2.9902070791865965e-09
3.5242571721879974e-10
3.684989262099903e-11
3.4171847956128042e-12
2.8101032583325024e-13
2.049209178207578e-14
1.3251277540316915e-15
7.598643194158971e-17
3.8638573190991535e-18
1.7422593979698392e-19
6.966445659281045e-21
2.4701105709880233e-22
7.766551692352156e-24
2.1654431295553725e-25
5.3539218818180236e-27
1.1738266905791246e-28
2.282141838012194e-30
3.9344858508914214e-32
6.015061128408549e-34
8.154527563635202e-36
9.803118835477844e-38
1.0450484655768715e-39
9.8790526271741e-42
8.281344824312918e-44
6.1559224536025545e-46
4.057813799122118e-48
2.371907735277109e-50
1.2294480163372992e-52
5.651051330209606e-55
2.3033240174236915e-57
8.325062881525525e-60
2.6682511873885165e-62
7.5835508398029495e-65
1.9112838770884133e-67
4.271540145142063e-70
8.465458613291109e-73
1.4877268180198525e-75
2.31847594917108e-78
3.2039719171115484e-81
3.926282180669632e-84
4.266591065422953e-87
4.111376342734703e-90
3.513177947600247e-93
2.6620718059970813e-96
1.788735334532176e-99
1.0658083264360476e-102
5.631431864067833e-106
2.6385495928204773e-109
1.0962721751924683e-112
4.039040646159423e-116
1.3196074489594857e-119
3.823120578543961e-123
9.821954889815323e-127
2.237610942553426e-130
4.52041098499133e-134
8.098003655508647e-138
1.2864257295955874e-141
1.8121667992925524e-145
2.2636971472216636e-149
2.507524471316379e-153
2.4630812544964058e-157
