0.25880638308253606
0.12778505526532502
0.07845806291650656
0.05534088302391853
0.04252013220542479
0.03449076227753528
0.029012433516433695
0.02504029008369145
0.022029790272112586
0.019670811874346526
0.017773882938981984
0.016216609947736292
0.014916323515739568
0.013815127472822136
0.012871247688438232
0.012053780801008177
0.011339375460401716
0.010710061807313462
0.010151789661893664
0.009653418744605952
0.009206005559862084
0.008802289897664926
0.008436318642542571
0.008103165892726201
0.007798721823626519
0.007519531396813254
0.007262669729058272
0.007025644775252475
0.006806320604179756
0.006602856369811932
0.006413657366165714
0.0062373354718630765
0.0060726769543966545
0.005918616089606714
0.005774213410705897
0.0056386376690109406
0.005511150790280201
0.0053910952638290726
0.005277883518989466
0.005170988934078451
0.005069938193463566
0.004974304763423218
0.004883703300906194
0.0047977848436891
0.004716232657842763
0.0046387586403860825
0.004565100192702089
0.0044950174946178255
0.004428291120703928
0.0043647199498731476
0.004304119327173248
0.004246319443111253
0.004191163901176355
0.004138508448656147
0.004088219849531902
0.00404017488132703
0.00399425944037523
0.0039503677421586555
0.003908401605211417
0.0038682698086474963
0.0038298875147013576
0.003793175748802585
0.0037580609306744474
0.0037244744507763544
0.003692352287123481
0.003661634658131289
0.003632265707663213
0.003604193218919093
0.003577368354200296
0.0035517454179338982
0.003527281640640166
0.003503936981791119
0.0034816739497386157
0.003460457437092621
0.003440254570107977
0.0034210345707944155
0.003402768630602469
0.0033854297946598506
0.0033689928556408398
0.003353434256446927
0.0033387320009620972
0.003324865572221961
0.003311815857403558
0.003299565079103175
0.0032880967324237387
0.0032773955274420377
0.003267447336669876
0.003258239147162843
0.0032497590169662054
0.003241996035619938
0.0032349402884745146
0.003228582824596163
0.0032229156280650663
0.0032179315924928875
0.003213624498607133
0.0032099889947695445
0.003207020580314134
0.003204715591607766
0.0032030711907526334
0.0032020853568655886
0.003201756879884407
0.0032020853568655886
0.0032030711907526334
0.003204715591607766
0.003207020580314134
0.0032099889947695445
0.003213624498607133
0.0032179315924928875
0.0032229156280650663
0.003228582824596163
0.0032349402884745146
0.003241996035619938
0.0032497590169662054
0.003258239147162843
0.003267447336669876
0.0032773955274420377
0.0032880967324237387
0.003299565079103175
0.003311815857403558
0.003324865572221961
0.0033387320009620972
0.003353434256446927
0.0033689928556408398
0.0033854297946598506
0.003402768630602469
0.0034210345707944155
0.003440254570107977
0.003460457437092621
0.0034816739497386157
0.003503936981791119
0.003527281640640166
0.0035517454179338982
0.003577368354200296
0.003604193218919093
0.003632265707663213
0.003661634658131289
0.003692352287123481
0.0037244744507763544
0.0037580609306744474
0.003793175748802585
0.0038298875147013576
0.0038682698086474963
0.003908401605211417
0.0039503677421586555
0.00399425944037523
0.00404017488132703
0.004088219849531902
0.004138508448656147
0.004191163901176355
0.004246319443111253
0.004304119327173248
0.0043647199498731476
0.004428291120703928
0.0044950174946178255
0.004565100192702089
0.0046387586403860825
0.004716232657842763
0.0047977848436891
0.004883703300906194
0.004974304763423218
0.005069938193463566
0.005170988934078451
0.005277883518989466
0.0053910952638290726
0.005511150790280201
0.0056386376690109406
0.005774213410705897
0.005918616089606714
0.0060726769543966545
0.0062373354718630765
0.006413657366165714
0.006602856369811932
0.006806320604179756
0.007025644775252475
0.007262669729058272
0.007519531396813254
0.007798721823626519
0.008103165892726201
0.008436318642542571
0.008802289897664926
0.009206005559862084
0.009653418744605952
0.010151789661893664
0.010710061807313462
0.011339375460401716
0.012053780801008177
0.012871247688438232
0.013815127472822136
0.014916323515739568
0.016216609947736292
0.017773882938981984
0.019670811874346526
0.022029790272112586
0.02504029008369145
0.029012433516433695
0.03449076227753528
0.04252013220542479
0.05534088302391853
0.07845806291650656
0.12778505526532502

0.1578227754597114
0.17819646006241724
0.15931326843784116
0.14689244725235073
0.1507175877724256
0.15092029751900976
0.13575851998923347
0.10761610578558786
0.07498933269044712
0.045924685593603236
0.024717968104037667
0.011692275942938772
0.004860769808419363
0.0017759501139968036
0.0005702642934559118
0.00016093159144867555
3.9914081701115014e-05
8.700229067801033e-06
1.6666904310206962e-06
2.806072619596277e-07
4.152050046984294e-08
5.3994057239355426e-09
6.170907761541895e-10
6.198289499137181e-11
5.471600339147721e-12
4.244989187044175e-13
2.894399791771944e-14
1.7344435018810047e-15
9.134431142979031e-17
4.227879145954712e-18
1.7198213342502375e-19
6.148423997756701e-21
1.931808156090458e-22
5.334379277848653e-24
1.294563912031477e-25
2.761104290210478e-27
5.175613472818325e-29
8.526299189852715e-31
1.2344656528014887e-32
1.570786510411012e-34
1.7566086804932976e-36
1.7264443960451564e-38
1.4912480056171795e-40
1.1320532754331682e-42
7.552723135014267e-45
4.428533898303961e-47
2.2821074634752167e-49
1.0335510170422452e-51
4.113840557103766e-54
1.4390725911497554e-56
4.424229601358829e-59
1.1953974419648208e-61
2.83861632786359e-64
5.9240781667710825e-67
1.0865621525086527e-69
1.7514916694828245e-72
2.4813114981513114e-75
3.089400478004899e-78
3.3805459245979403e-81
3.251016549987307e-84
2.7477121235618037e-87
2.0409999258496344e-90
1.332399488585894e-93
7.644439275016644e-97
3.85457519500019e-100
1.7081543799592948e-103
6.652692115245276e-107
2.277127983109616e-110
6.85010399935651e-114
1.81103398129527e-117
4.208000113524759e-121
8.592995727548151e-125
1.542173223462858e-128
2.4324360432622646e-132
3.3718590441863263e-136
4.107873884281203e-140
4.398296489874254e-144
4.138773038592924e-148
3.4227756214449542e-152
2.487739823113002e-156
1.5890998838292387e-160
8.921074022104735e-165
4.4015212136556827e-169
1.908570316816024e-173
7.273329126856682e-178
2.436004156445815e-182
7.170385728087103e-187
1.8549265713360142e-191
4.217262510519733e-196
8.426636447737762e-201
1.4797814848319514e-205
2.2838134700091927e-210
3.0977287077637795e-215
3.692715423683946e-220
3.868726333235451e-225
3.5621310106958783e-230
2.8825143383210598e-235
2.049994867319192e-240
1.2813087163414532e-245
7.038408948093694e-251
