1.1137858570305512
0.11209841603625768
0.01595138966085341
0.003257368463030269
0.0009768697831895909
0.00041690020736193675
0.00023143407664804125
0.0001522853341632984
0.0001113863384402999
8.718053349547185e-05
7.142076617927243e-05
6.043282989971639e-05
5.237329157868644e-05
4.622804290646217e-05
4.139752614189655e-05
3.750635839042244e-05
3.430833349263076e-05
3.163565952084615e-05
2.937025223603301e-05
2.7426711325112854e-05
2.5741809148990205e-05
2.42677716920907e-05
2.2967852383751183e-05
2.1813338475521865e-05
2.078147863919591e-05
1.9854018289802286e-05
1.9016145059450182e-05
1.825571679752368e-05
1.7562687808754497e-05
1.6928676534020772e-05
1.6346635700476443e-05
1.581059774858213e-05
1.5315476272060515e-05
1.4856909630967287e-05
1.4431136665553748e-05
1.4034897092214482e-05
1.3665351056380565e-05
1.3320013684538436e-05
1.2996701476395106e-05
1.2693488115200753e-05
1.2408667823614014e-05
1.2140724805705757e-05
1.1888307629214103e-05
1.1650207641980838e-05
1.1425340701356492e-05
1.1212731638890569e-05
1.1011500994831817e-05
1.0820853645258201e-05
1.0640069014563746e-05
1.0468492621704227e-05
1.0305528753191561e-05
1.0150634091725573e-05
1.0003312158401877e-05
9.863108450056151e-06
9.72960617260187e-06
9.602422487051973e-06
9.481205197961739e-06
9.365629824824573e-06
9.255397005918058e-06
9.150230191572259e-06
9.049873590086176e-06
8.95409033476912e-06
8.862660845006873e-06
8.775381357990535e-06
8.692062610914812e-06
8.612528656146493e-06
8.536615794161464e-06
8.464171611012827e-06
8.395054108777034e-06
8.329130918872898e-06
8.266278589396027e-06
8.206381938689349e-06
8.149333468304063e-06
8.095032829315768e-06
8.043386336665723e-06
7.994306526812059e-06
7.947711754513204e-06
7.90352582503647e-06
7.861677658497906e-06
7.822100983402864e-06
7.784734056777233e-06
7.749519408562142e-06
7.716403608195673e-06
7.685337051527339e-06
7.6562737664089e-06
7.629171235481389e-06
7.603990234835771e-06
7.580694687365816e-06
7.559251529758756e-06
7.539630592183543e-06
7.521804489840043e-06
7.505748525626358e-06
7.4914406032669695e-06
7.478861150322776e-06
7.467993050575979e-06
7.458821585349473e-06
7.4513343833822e-06
7.445521378939931e-06
7.441374777895615e-06
7.438889031565304e-06
7.438060818135432e-06
7.438889031565304e-06
7.441374777895615e-06
7.445521378939931e-06
7.4513343833822e-06
7.458821585349473e-06
7.467993050575979e-06
7.478861150322776e-06
7.4914406032669695e-06
7.505748525626358e-06
7.521804489840043e-06
7.539630592183543e-06
7.559251529758756e-06
7.580694687365816e-06
7.603990234835771e-06
7.629171235481389e-06
7.6562737664089e-06
7.685337051527339e-06
7.716403608195673e-06
7.749519408562142e-06
7.784734056777233e-06
7.822100983402864e-06
7.861677658497906e-06
7.90352582503647e-06
7.947711754513204e-06
7.994306526812059e-06
8.043386336665723e-06
8.095032829315768e-06
8.149333468304063e-06
8.206381938689349e-06
8.266278589396027e-06
8.329130918872898e-06
8.395054108777034e-06
8.464171611012827e-06
8.536615794161464e-06
8.612528656146493e-06
8.692062610914812e-06
8.775381357990535e-06
8.862660845006873e-06
8.95409033476912e-06
9.049873590086176e-06
9.150230191572259e-06
9.255397005918058e-06
9.365629824824573e-06
9.481205197961739e-06
9.602422487051973e-06
9.72960617260187e-06
9.863108450056151e-06
1.0003312158401877e-05
1.0150634091725573e-05
1.0305528753191561e-05
1.0468492621704227e-05
1.0640069014563746e-05
1.0820853645258201e-05
1.1011500994831817e-05
1.1212731638890569e-05
1.1425340701356492e-05
1.1650207641980838e-05
1.1888307629214103e-05
1.2140724805705757e-05
1.2408667823614014e-05
1.2693488115200753e-05
1.2996701476395106e-05
1.3320013684538436e-05
1.3665351056380565e-05
1.4034897092214482e-05
1.4431136665553748e-05
1.4856909630967287e-05
1.5315476272060515e-05
1.581059774858213e-05
1.6346635700476443e-05
1.6928676534020772e-05
1.7562687808754497e-05
1.825571679752368e-05
1.9016145059450182e-05
1.9854018289802286e-05
2.078147863919591e-05
2.1813338475521865e-05
2.2967852383751183e-05
2.42677716920907e-05
2.5741809148990205e-05
2.7426711325112854e-05
2.937025223603301e-05
3.163565952084615e-05
3.430833349263076e-05
3.750635839042244e-05
4.139752614189655e-05
4.622804290646217e-05
5.237329157868644e-05
6.043282989971639e-05
7.142076617927243e-05
8.718053349547185e-05
0.0001113863384402999
0.0001522853341632984
0.00023143407664804125
0.00041690020736193675
0.0009768697831895909
0.003257368463030269
0.01595138966085341
0.11209841603625768

0.00035234627440963766
0.0009836222607715317
0.002542757483207475
0.006138313206465129
0.014043262646172469
0.03097493661638117
0.06630322177659274
0.13547918188578123
0.2550052196355349
0.42565985637782583
0.612887550139019
0.7507288645403383
0.7819909416404724
0.7017898115242505
0.557434490219725
0.4069221517498703
0.2830797093807852
0.19106050834091462
0.12442810013858148
0.07687475023981961
0.04438278534734724
0.023736069394771925
0.011713376895429842
0.00532632356438757
0.0022308066981365435
0.0008604752234724651
0.0003056655862242769
9.999643770297605e-05
3.0126730583618643e-05
8.358896080090829e-06
2.135872334557627e-06
5.026099668569975e-07
1.089221848085958e-07
2.173857305341809e-08
3.995537063282486e-09
6.763145575924863e-10
1.0542697589148783e-10
1.5135061997542012e-11
2.0009954488687613e-12
2.436337438513779e-13
2.7318586117008424e-14
2.821034774140122e-15
2.682798792631745e-16
2.3496177064650307e-17
1.8951157978015728e-18
1.4076793477055914e-19
9.62944302011359e-21
6.066358022697247e-22
3.519527390676436e-23
1.88048599172306e-24
9.253058273074092e-26
4.193048959364121e-27
1.7498628499263853e-28
6.725236017782655e-30
2.3803482006189826e-31
7.758948925776187e-33
2.3291354031668225e-34
6.438964370492027e-36
1.6393313666457098e-37
3.843677282288932e-39
8.299587856585208e-41
1.6504241801609565e-42
3.022484417580492e-44
5.097555991547009e-46
7.917523854233502e-48
1.132520827886774e-49
1.491875069229357e-51
1.8098732315351885e-53
2.0220565563923624e-55
2.0805007744865567e-57
1.9713870827771357e-59
1.720304688098619e-61
1.3825099978241223e-63
1.0232002320170804e-65
6.974007671232772e-68
4.377575580342131e-70
2.530546527928412e-72
1.3471763255641623e-74
6.6048658173446655e-77
2.982174122660223e-79
1.2400278444116443e-81
4.748531448170472e-84
1.6746214179400837e-86
5.438803968598934e-89
1.6267454910310552e-91
4.4809000734721613e-94
1.1366855730100963e-96
2.6554912717183847e-99
5.713192404954218e-102
1.13198914836475e-104
2.0655471760088254e-107
3.4710223882196484e-110
5.371667874916092e-113
7.655795642773633e-116
1.0048493436466955e-118
1.214621643514535e-121
1.3521053137222417e-124
1.386147560583073e-127
1.3086932185291125e-130
1.1378779467471677e-133
