0.5963395810957287
0.0214926046302576
0.0011967974761967607
7.749176661509498e-05
5.430164046220061e-06
4.069704770154267e-07
3.31680686837232e-08
2.8625734460604397e-09
4.605592330469513e-10
1.4431973321923204e-10
7.574473721876472e-11
5.0347392928285574e-11
3.7085484693824934e-11
2.918583723081563e-11
2.3976262098045025e-11
2.031675688382471e-11
1.7621362921682635e-11
1.5561433656763033e-11
1.3940132409678614e-11
1.263318677981452e-11
1.1558649197360168e-11
1.0660474848096552e-11
9.899129742785812e-12
9.245977243386104e-12
8.679792912090692e-12
8.184527968621522e-12
7.747831794926482e-12
7.360050573198213e-12
7.013533012568802e-12
6.702139110674452e-12
6.420886173314542e-12
6.165689504162802e-12
5.933169586828882e-12
5.720506745807106e-12
5.525330224589282e-12
5.345632559524674e-12
5.179702782997598e-12
5.026073807644988e-12
4.883480607171839e-12
4.7508267000823105e-12
4.627157078572183e-12
4.511636184284933e-12
4.403529868310102e-12
4.302190520613753e-12
4.207044738829708e-12
4.117583045326847e-12
4.033351266937216e-12
3.953943272416752e-12
3.878994824912329e-12
3.808178355008686e-12
3.741198497691223e-12
3.677788266276763e-12
3.6177057598931745e-12
3.5607313198277655e-12
3.5066650650720773e-12
3.4553247494740547e-12
3.406543892686593e-12
3.360170145052536e-12
3.316063853061352e-12
3.2740967973422418e-12
3.2341510795499232e-12
3.1961181381326737e-12
3.1598978759900066e-12
3.1253978855432025e-12
3.0925327588470185e-12
3.0612234721381947e-12
3.0313968357052652e-12
3.0029850012223482e-12
2.9759250197562414e-12
2.950158444563072e-12
2.925630973564107e-12
2.9022921270516864e-12
2.8800949567433247e-12
2.8589957827895556e-12
2.8389539557613727e-12
2.8199316410062326e-12
2.8018936230762004e-12
2.784807128204986e-12
2.7686416630483827e-12
2.7533688681100905e-12
2.7389623844563175e-12
2.7253977324816063e-12
2.7126522016280286e-12
2.7007047500829874e-12
2.689535913589507e-12
2.679127722599047e-12
2.669463627082236e-12
2.6605284283888674e-12
2.652308217616245e-12
2.644790320005705e-12
2.6379632449415826e-12
2.6318166411761187e-12
2.6263412569482394e-12
2.6215289047046667e-12
2.617372430168783e-12
2.6138656855366848e-12
2.6110035066113235e-12
2.6087816937149116e-12
2.607196996247248e-12
2.6062471007836325e-12
2.605930622630855e-12
2.6062471007836325e-12
2.607196996247248e-12
2.6087816937149116e-12
2.6110035066113235e-12
2.6138656855366848e-12
2.617372430168783e-12
2.6215289047046667e-12
2.6263412569482394e-12
2.6318166411761187e-12
2.6379632449415826e-12
2.644790320005705e-12
2.652308217616245e-12
2.6605284283888674e-12
2.669463627082236e-12
2.679127722599047e-12
2.689535913589507e-12
2.7007047500829874e-12
2.7126522016280286e-12
2.7253977324816063e-12
2.7389623844563175e-12
2.7533688681100905e-12
2.7686416630483827e-12
2.784807128204986e-12
2.8018936230762004e-12
2.8199316410062326e-12
2.8389539557613727e-12
2.8589957827895556e-12
2.8800949567433247e-12
2.9022921270516864e-12
2.925630973564107e-12
2.950158444563072e-12
2.9759250197562414e-12
3.0029850012223482e-12
3.0313968357052652e-12
3.0612234721381947e-12
3.0925327588470185e-12
3.1253978855432025e-12
3.1598978759900066e-12
3.1961181381326737e-12
3.2341510795499232e-12
3.2740967973422418e-12
3.316063853061352e-12
3.360170145052536e-12
3.406543892686593e-12
3.4553247494740547e-12
3.5066650650720773e-12
3.5607313198277655e-12
3.6177057598931745e-12
3.677788266276763e-12
3.741198497691223e-12
3.808178355008686e-12
3.878994824912329e-12
3.953943272416752e-12
4.033351266937216e-12
4.117583045326847e-12
4.207044738829708e-12
4.302190520613753e-12
4.403529868310102e-12
4.511636184284933e-12
4.627157078572183e-12
4.7508267000823105e-12
4.883480607171839e-12
5.026073807644988e-12
5.179702782997598e-12
5.345632559524674e-12
5.525330224589282e-12
5.720506745807106e-12
5.933169586828882e-12
6.165689504162802e-12
6.420886173314542e-12
6.702139110674452e-12
7.013533012568802e-12
7.360050573198213e-12
7.747831794926482e-12
8.184527968621522e-12
8.679792912090692e-12
9.245977243386104e-12
9.899129742785812e-12
1.0660474848096552e-11
1.1558649197360168e-11
1.263318677981452e-11
1.3940132409678614e-11
1.5561433656763033e-11
1.7621362921682635e-11
2.031675688382471e-11
2.3976262098045025e-11
2.918583723081563e-11
3.7085484693824934e-11
5.0347392928285574e-11
7.574473721876472e-11
1.4431973321923204e-10
4.605592330469513e-10
2.8625734460604397e-09
3.31680686837232e-08
4.069704770154267e-07
5.430164046220061e-06
7.749176661509498e-05
0.0011967974761967607
0.0214926046302576

1.181987978619965e-10
7.430943364456979e-10
4.2969098641355304e-09
2.2853353453108062e-08
1.1179568210010155e-07
5.030156828599313e-07
2.0817079320521373e-06
7.924785309862792e-06
2.7932951453116922e-05
0.00010719111645016636
0.0009937731520293172
0.013717087230464876
0.1029049129336422
0.3474156658080283
0.5174799766768963
0.3461883898883651
0.12371987357283691
0.06232921756090469
0.07781637072789413
0.10774018544921173
0.13826029279267865
0.16321343798921156
0.17721326026335885
0.17697744477599084
0.1625627456774349
0.13734268452757695
0.10672629633812201
0.07628141594518269
0.05014728831094636
0.03032198036615992
0.016863552586730415
0.008626248818079475
0.004058600375013991
0.001756353789189096
0.0006990835991131189
0.00025593378854172277
8.618020804090834e-05
2.669124620944465e-05
7.603465246437549e-06
1.9922125869097154e-06
4.801104896353167e-07
1.0642118986418063e-07
2.1696837012741774e-08
4.068610760753825e-09
7.017416615338988e-10
1.1132425023223492e-10
1.6243652776693904e-11
2.180012664980397e-12
2.691012632575587e-13
3.0552999778848395e-14
3.1906074720533194e-15
3.0646035444431665e-16
2.7074261653748522e-17
2.1999881652331327e-18
1.6442409795452126e-19
1.1302954828113533e-20
7.146607265711863e-22
4.156131132305077e-23
2.223104959579084e-24
1.0937349596921144e-25
4.949320988705113e-27
2.0599683535154596e-28
7.886001887979363e-30
2.776736093447039e-31
8.992775153495453e-33
2.6787628345517384e-34
7.339326282327946e-36
1.8495221065080422e-37
4.28690893804683e-39
9.139246492772772e-41
1.792082189817373e-42
3.232115390956553e-44
5.361634332582637e-46
8.180670983326667e-48
1.148053327249865e-49
1.481892150247582e-51
1.7593511697303781e-53
1.9211880262209767e-55
1.9296058583350118e-57
1.782578841602229e-59
1.5146430146758986e-61
1.1837315576678162e-63
8.508981236423942e-66
5.625787279244423e-68
3.421136859176276e-70
1.9135463667415077e-72
9.844392763929353e-75
4.658223002842731e-77
2.0273700170152688e-79
8.11572203047927e-82
2.988152161179038e-84
1.0119513967032268e-86
3.152085580580977e-89
9.030623722767718e-92
2.379681828546781e-94
5.767683787420317e-97
1.2857762240348191e-99
2.6363965815180423e-102
4.97207292234973e-105
8.624732613969505e-108
