1.0490788113783194
0.27549589353794385
0.1261246346833295
0.062119303046323515
0.03235417562634278
0.017796616236646728
0.010325313468453555
0.006307570952161486
0.004047580960200176
0.0027204178997533683
0.0019085411569840314
0.0013923948423704363
0.0010522402015606422
0.0008204659341253926
0.0006576145831053879
0.0005399296743661172
0.0004526815569019855
0.0003864820673414005
0.00033519103163175536
0.00029469460245614576
0.00026217396661569036
0.00023565692521106962
0.00021373661139103658
0.00019539123229063676
0.00017986620106300938
0.00016659559085736405
0.00015514885236285833
0.00014519405963677508
0.00013647215586984573
0.00012877863894087272
0.00012195035602635473
0.00011585585742346667
0.00011038826368798619
0.0001054599303448917
0.00010099841384761197
9.694339027989177e-05
9.324427916963956e-05
8.985839447329576e-05
8.674949349740359e-05
8.388662894663753e-05
8.124323387161768e-05
7.879638702399042e-05
7.652621904149785e-05
7.44154293772126e-05
7.244889092292773e-05
7.061332453529867e-05
6.889702963466803e-05
6.72896600529655e-05
6.578203660532678e-05
6.436598962889506e-05
6.303422610261102e-05
6.178021703006102e-05
6.0598101605236714e-05
5.948260534186244e-05
5.8428969871031635e-05
5.743289252973902e-05
5.6490474197728674e-05
5.559817410969568e-05
5.475277058799752e-05
5.395132681828218e-05
5.319116093509984e-05
5.2469819803121115e-05
5.178505597713325e-05
5.113480740456173e-05
5.0517179501066725e-05
4.993042928534736e-05
4.937295130569436e-05
4.8843265129709074e-05
4.834000420128166e-05
4.7861905896467617e-05
4.740780263319703e-05
4.6976613909508555e-05
4.656733916180377e-05
4.6179051348951485e-05
4.581089118032913e-05
4.546206191639999e-05
4.513182467946077e-05
4.481949421998335e-05
4.4524435090703465e-05
4.424605818643763e-05
4.3983817612671044e-05
4.373720785036335e-05
4.3505761188262986e-05
4.3289045397381694e-05
4.308666162522878e-05
4.289824248999505e-05
4.27234503571612e-05
4.256197578302312e-05
4.2413536111417414e-05
4.227787421152125e-05
4.215475734602199e-05
4.204397616022415e-05
4.194534378380623e-05
4.185869503797448e-05
4.178388574170031e-05
4.1720792111587064e-05
4.166931025070081e-05
4.1629355722431645e-05
4.160086320613408e-05
4.1583786231938825e-05
4.157809699273858e-05
4.1583786231938825e-05
4.160086320613408e-05
4.1629355722431645e-05
4.166931025070081e-05
4.1720792111587064e-05
4.178388574170031e-05
4.185869503797448e-05
4.194534378380623e-05
4.204397616022415e-05
4.215475734602199e-05
4.227787421152125e-05
4.2413536111417414e-05
4.256197578302312e-05
4.27234503571612e-05
4.289824248999505e-05
4.308666162522878e-05
4.3289045397381694e-05
4.3505761188262986e-05
4.373720785036335e-05
4.3983817612671044e-05
4.424605818643763e-05
4.4524435090703465e-05
4.481949421998335e-05
4.513182467946077e-05
4.546206191639999e-05
4.581089118032913e-05
4.6179051348951485e-05
4.656733916180377e-05
4.6976613909508555e-05
4.740780263319703e-05
4.7861905896467617e-05
4.834000420128166e-05
4.8843265129709074e-05
4.937295130569436e-05
4.993042928534736e-05
5.0517179501066725e-05
5.113480740456173e-05
5.178505597713325e-05
5.2469819803121115e-05
5.319116093509984e-05
5.395132681828218e-05
5.475277058799752e-05
5.559817410969568e-05
5.6490474197728674e-05
5.743289252973902e-05
5.8428969871031635e-05
5.948260534186244e-05
6.0598101605236714e-05
6.178021703006102e-05
6.303422610261102e-05
6.436598962889506e-05
6.578203660532678e-05
6.72896600529655e-05
6.889702963466803e-05
7.061332453529867e-05
7.244889092292773e-05
7.44154293772126e-05
7.652621904149785e-05
7.879638702399042e-05
8.124323387161768e-05
8.388662894663753e-05
8.674949349740359e-05
8.985839447329576e-05
9.324427916963956e-05
9.694339027989177e-05
0.00010099841384761197
0.0001054599303448917
0.00011038826368798619
0.00011585585742346667
0.00012195035602635473
0.00012877863894087272
0.00013647215586984573
0.00014519405963677508
0.00015514885236285833
0.00016659559085736405
0.00017986620106300938
0.00019539123229063676
0.00021373661139103658
0.00023565692521106962
0.00026217396661569036
0.00029469460245614576
0.00033519103163175536
0.0003864820673414005
0.0004526815569019855
0.0005399296743661172
0.0006576145831053879
0.0008204659341253926
0.0010522402015606422
0.0013923948423704363
0.0019085411569840314
0.0027204178997533683
0.004047580960200176
0.006307570952161486
0.010325313468453555
0.017796616236646728
0.03235417562634278
0.062119303046323515
0.1261246346833295
0.27549589353794385

0.001770905079610645
0.025656137614333354
0.18032214281375714
0.6148492295480429
1.0170680161235837
0.8161935373374901
0.31775917305870827
0.060015694018511395
0.005499123483285749
0.00024446492456110027
5.469404121438985e-06
1.8221902391985451e-06
1.3179063580873275e-05
8.209185814932567e-05
0.000427091147579897
0.0018558240186295706
0.006735172861503498
0.020415331484108776
0.05168444526904156
0.10928461250262042
0.19299848862726787
0.2846718563495052
0.3506960648830908
0.3608385974424593
0.31009217942466094
0.22256884635064583
0.13342391198905768
0.06680342039544233
0.027935693851752073
0.009756992246726832
0.0028462181983985963
0.0006934516029962704
0.0001411106705707745
2.398276704159327e-05
3.404351981576233e-06
4.0361319644252135e-07
3.996612042133507e-08
3.305326471779163e-09
2.283139590940724e-10
1.3171835619836145e-11
6.346815495916204e-13
2.554236922996721e-14
8.5854332844067e-16
2.4102327922663048e-17
5.651340802263659e-19
1.1067250479353149e-20
1.8101881366724985e-22
2.472882171508901e-24
2.8214922818729655e-26
2.6887476493805617e-28
2.1400156768558882e-30
1.4225895033663666e-32
7.898379176115304e-35
3.6626219355345e-37
1.4185411517162924e-39
4.588677335075072e-42
1.2397349227874393e-44
2.7974728757267667e-47
5.272282435882232e-50
8.299027130850292e-53
1.0910670374841543e-55
1.1980402811976205e-58
1.0987202766410265e-61
8.415861746428313e-65
5.3840090271096935e-68
2.876793576644569e-71
1.2838295135518165e-74
4.785218182688568e-78
1.4896761587422565e-81
3.873269572799643e-85
8.411226251446998e-89
1.5255858082509854e-92
2.311051901493857e-96
2.924007564781112e-100
3.089889999536533e-104
2.727113916912921e-108
2.0102926025136708e-112
1.2376874960076196e-116
6.364414643073282e-121
2.733390389609223e-125
9.804841872723279e-130
2.937482302805218e-134
7.350310030200591e-139
1.536143510445627e-143
2.6813509299065138e-148
3.909050293952119e-153
4.7597549359952275e-158
4.840538310517304e-163
4.1114826742509684e-168
2.9167486213344215e-173
1.7282050586352424e-178
8.552385662570556e-184
3.5348827699823358e-189
1.220277175847974e-194
3.518339102086723e-200
8.472520644439573e-206
1.7040538327582596e-211
2.8625278398435826e-217
4.016167911159863e-223
4.7061930542404946e-229
