0.9050955258540434
0.17059921338945572
0.11001225178340884
0.07692129569386073
0.05534430640337215
0.040870252773975754
0.030933859326753382
0.023960747698535633
0.018963391562198704
0.015309877315553406
0.01258800831944052
0.010523897781309138
0.008932304974280773
0.007685798282065693
0.006695279368743218
0.005897479106340822
0.005246801586481583
0.004709922657521267
0.004262159993112256
0.003884999183386243
0.0035643848313695638
0.0032895247611860663
0.003052042870387917
0.002845371840003438
0.0026643128419622086
0.0025047128552928826
0.0023632257236036545
0.0022371334701196954
0.0021242114117355094
0.00202262541809452
0.0019308529819364222
0.001847622084529587
0.001771863473393042
0.0017026731314312077
0.0016392825505585921
0.001581035026620507
0.001527366633106813
0.001477790855408103
0.001431886107777015
0.0013892855347278083
0.0013496686336875996
0.0013127543380217696
0.0012782952775555025
0.0012460729935569491
0.0012158939313420148
0.0011875860695292591
0.0011609960729820784
0.0011359868784660955
0.0011124356394064867
0.0010902319698988879
0.0010692764391038072
0.001049479275945764
0.0010307592511118997
0.0010130427090611635
0.000996262727394441
0.0009803583847166203
0.0009652741212146533
0.0009509591787160074
0.0009373671090859581
0.0009244553415546056
0.0009121848010026975
0.0009005195704333126
0.0008894265918575923
0.0008788754006619575
0.0008688378892299799
0.0008592880961872733
0.0008502020181411948
0.0008415574412141512
0.0008333337900324607
0.0008255119921424119
0.0008180743560899158
0.0008110044616270774
0.0008042870607039824
0.0007979079880719143
0.0007918540804691775
0.0007861131034861246
0.0007806736853147601
0.0007755252566828305
0.0007706579963546516
0.0007660627816528207
0.0007617311435178448
0.0007576552256778684
0.0007538277475491346
0.000750241970530499
0.0007468916673929936
0.0007437710944987715
0.0007408749666133457
0.0007381984341013509
0.0007357370623195122
0.0007334868130415165
0.0007314440277683261
0.0007296054127944654
0.0007279680259161675
0.0007265292646812451
0.0007252868560932871
0.0007242388476945001
0.0007233835999623344
0.0007227197799650981
0.000722246356231201
0.0007219625947955953
0.0007218680563954873
0.0007219625947955953
0.000722246356231201
0.0007227197799650981
0.0007233835999623344
0.0007242388476945001
0.0007252868560932871
0.0007265292646812451
0.0007279680259161675
0.0007296054127944654
0.0007314440277683261
0.0007334868130415165
0.0007357370623195122
0.0007381984341013509
0.0007408749666133457
0.0007437710944987715
0.0007468916673929936
0.000750241970530499
0.0007538277475491346
0.0007576552256778684
0.0007617311435178448
0.0007660627816528207
0.0007706579963546516
0.0007755252566828305
0.0007806736853147601
0.0007861131034861246
0.0007918540804691775
0.0007979079880719143
0.0008042870607039824
0.0008110044616270774
0.0008180743560899158
0.0008255119921424119
0.0008333337900324607
0.0008415574412141512
0.0008502020181411948
0.0008592880961872733
0.0008688378892299799
0.0008788754006619575
0.0008894265918575923
0.0009005195704333126
0.0009121848010026975
0.0009244553415546056
0.0009373671090859581
0.0009509591787160074
0.0009652741212146533
0.0009803583847166203
0.000996262727394441
0.0010130427090611635
0.0010307592511118997
0.001049479275945764
0.0010692764391038072
0.0010902319698988879
0.0011124356394064867
0.0011359868784660955
0.0011609960729820784
0.0011875860695292591
0.0012158939313420148
0.0012460729935569491
0.0012782952775555025
0.0013127543380217696
0.0013496686336875996
0.0013892855347278083
0.001431886107777015
0.001477790855408103
0.001527366633106813
0.001581035026620507
0.0016392825505585921
0.0017026731314312077
0.001771863473393042
0.001847622084529587
0.0019308529819364222
0.00202262541809452
0.0021242114117355094
0.0022371334701196954
0.0023632257236036545
0.0025047128552928826
0.0026643128419622086
0.002845371840003438
0.003052042870387917
0.0032895247611860663
0.0035643848313695638
0.003884999183386243
0.004262159993112256
0.004709922657521267
0.005246801586481583
0.005897479106340822
0.006695279368743218
0.007685798282065693
0.008932304974280773
0.010523897781309138
0.01258800831944052
0.015309877315553406
0.018963391562198704
0.023960747698535633
0.030933859326753382
0.040870252773975754
0.05534430640337215
0.07692129569386073
0.11001225178340884
0.17059921338945572

0.03134603032259148
0.25129091195993736
0.5497135333051624
0.3281417491992438
0.053450523384514
0.002375788914876962
2.8815950642986183e-05
9.892777759833457e-08
4.223207829005571e-08
4.1974040473797773e-07
3.513534896762769e-06
2.4719879611733387e-05
0.00014617967602831435
0.0007265511631457952
0.0030351766562838815
0.01065713109247978
0.03145105415033943
0.07801330344346734
0.1626449914359308
0.28500421520393465
0.4197594056073412
0.5196227450204659
0.5406477912968892
0.47280196958522097
0.3475223054267849
0.21469634739951737
0.11148211279733554
0.04865464289936139
0.017847687437413003
0.005502729664712382
0.0014259784656832715
0.0003105891787006072
5.685887167872241e-05
8.748804616839844e-06
1.1314562400349873e-06
1.2298874496650818e-07
1.1236512553201183e-08
8.628519332487819e-10
5.56903022978173e-11
3.0210745186455428e-12
1.377469095703144e-13
5.278868624343731e-15
1.7003503192718818e-16
4.603355598553231e-18
1.0474883589777801e-19
2.0033759214687334e-21
3.220432922700228e-23
4.351155754163158e-25
4.94121288267126e-27
4.71629610917264e-29
3.783616640976159e-31
2.551242572310692e-33
1.4458889656474057e-35
6.887422057696396e-38
2.7575094823934827e-40
9.279314527161836e-43
2.6245408714049777e-45
6.239206340989707e-48
1.2466482185271955e-50
2.0936161340805182e-53
2.955212777190854e-56
3.5060573750017377e-59
3.496132193422812e-62
2.9301863160525117e-65
2.064149695652803e-68
1.2221533640739144e-71
6.082033233075547e-75
2.5439609105812297e-78
8.94356448077495e-82
2.6427094323528754e-85
6.563367931339433e-89
1.3700696642180197e-92
2.40379326300276e-96
3.544786969761988e-100
4.393612298377332e-104
4.577115645699102e-108
4.00774982111701e-112
2.949496498882172e-116
1.8244574123232537e-120
9.48545436877517e-125
4.144967328542497e-129
1.522378521001605e-133
4.699620048375159e-138
1.2193865808193085e-142
2.659246758738895e-147
4.874324401163154e-152
7.509461307980877e-157
9.72392727589697e-162
1.0583106925197782e-166
9.681067083215518e-172
7.443408236132451e-177
4.81015433997659e-182
2.612671139831775e-187
1.1927489643206898e-192
4.5766943759889124e-198
1.4760237290376055e-203
4.001044028854838e-209
9.11573906850205e-215
1.7456171649867555e-220
2.8096012398358004e-226
