0.3872073017292335
0.12757938390245044
0.07681268667459276
0.057307871595402196
0.04602443976273896
0.038357142116136105
0.03277675431054629
0.02854988874451174
0.02525416823266566
0.022624043881496247
0.0204838829136151
0.018713284091972916
0.017227312532363218
0.01596458119377501
0.014879773804025598
0.013938805502641182
0.013115607120001895
0.012389938535251166
0.011745870892514308
0.011170713341473336
0.010654241194667043
0.0101881322258595
0.009765549116686728
0.009380826108635311
0.00902923101324626
0.008706782437303825
0.008410107958402229
0.008136333016451272
0.007882993088272896
0.007647963685402285
0.007429404121581111
0.007225712010390274
0.007035486192354389
0.006857496334717749
0.006690657851217583
0.00653401109216163
0.006386703984190453
0.006247977473686213
0.0061171532618497695
0.005993623423152611
0.005876841579608618
0.005766315366589474
0.005661599975808054
0.005562292600676245
0.005468027640817089
0.005378472547830931
0.0052933242148238465
0.0052123058287371436
0.005135164117968563
0.005061666938771535
0.004991601152945471
0.004924770756770751
0.004860995227299778
0.004800108057230786
0.004741955453855998
0.004686395181144186
0.0046332955270134805
0.004582534380373577
0.004533998404648529
0.004487582296298122
0.004443188118391749
0.004400724700597817
0.004360107098070675
0.004321256102676161
0.0042840978008207645
0.004248563172859249
0.00421458772966843
0.004182111182505237
0.00415107714272733
0.004121432848354638
0.004093128914798676
0.004066119107390966
0.004040360133608099
0.004015811453124516
0.00399243510402918
0.003970195543722892
0.003949059503172193
0.003928995853336603
0.003909975482710454
0.003891971185031128
0.0038749575563037826
0.0038589109003800597
0.003843809142406437
0.003829631749527612
0.003816359658292931
0.0038039752082700703
0.003792462081420721
0.0037818052468387795
0.0037719909104927873
0.003763006469651971
0.003754840471709304
0.003747482577146307
0.0037409235264128896
0.0037351551105219245
0.0037301701451826594
0.003725962448319739
0.003722526820845916
0.0037198590305763967
0.003717955799191822
0.0037168147921748393
0.0037164346116626674
0.0037168147921748393
0.003717955799191822
0.0037198590305763967
0.003722526820845916
0.003725962448319739
0.0037301701451826594
0.0037351551105219245
0.0037409235264128896
0.003747482577146307
0.003754840471709304
0.003763006469651971
0.0037719909104927873
0.0037818052468387795
0.003792462081420721
0.0038039752082700703
0.003816359658292931
0.003829631749527612
0.003843809142406437
0.0038589109003800597
0.0038749575563037826
0.003891971185031128
0.003909975482710454
0.003928995853336603
0.003949059503172193
0.003970195543722892
0.00399243510402918
0.004015811453124516
0.004040360133608099
0.004066119107390966
0.004093128914798676
0.004121432848354638
0.00415107714272733
0.004182111182505237
0.00421458772966843
0.004248563172859249
0.0042840978008207645
0.004321256102676161
0.004360107098070675
0.004400724700597817
0.004443188118391749
0.004487582296298122
0.004533998404648529
0.004582534380373577
0.0046332955270134805
0.004686395181144186
0.004741955453855998
0.004800108057230786
0.004860995227299778
0.004924770756770751
0.004991601152945471
0.005061666938771535
0.005135164117968563
0.0052123058287371436
0.0052933242148238465
0.005378472547830931
0.005468027640817089
0.005562292600676245
0.005661599975808054
0.005766315366589474
0.005876841579608618
0.005993623423152611
0.0061171532618497695
0.006247977473686213
0.006386703984190453
0.00653401109216163
0.006690657851217583
0.006857496334717749
0.007035486192354389
0.007225712010390274
0.007429404121581111
0.007647963685402285
0.007882993088272896
0.008136333016451272
0.008410107958402229
0.008706782437303825
0.00902923101324626
0.009380826108635311
0.009765549116686728
0.0101881322258595
0.010654241194667043
0.011170713341473336
0.011745870892514308
0.012389938535251166
0.013115607120001895
0.013938805502641182
0.014879773804025598
0.01596458119377501
0.017227312532363218
0.018713284091972916
0.0204838829136151
0.022624043881496247
0.02525416823266566
0.02854988874451174
0.03277675431054629
0.038357142116136105
0.04602443976273896
0.057307871595402196
0.07681268667459276
0.12757938390245044

0.18353152549979743
0.20645335969585993
0.17368913204600026
0.11021901535333076
0.05554475442696105
0.029343014773439677
0.030047908533490608
0.05315905088633009
0.10053193147223563
0.1671147454104304
0.22055115843694117
0.22196357075572187
0.17490383098880408
0.11712259464996072
0.07258066196274472
0.04249340958590465
0.022768621743496583
0.0108420590998819
0.004534204593566555
0.0016604691666507719
0.0005322142527054486
0.0001492941132900054
3.66519585769242e-05
7.874987550813331e-06
1.4808147925158354e-06
2.436967803891773e-07
3.5099183851099034e-08
4.424278160216647e-09
4.880743771457486e-10
4.7122440290353534e-11
3.981692490490573e-12
2.9444612176171776e-13
1.905645615824669e-14
1.0793856023297324e-15
5.350683723036096e-17
2.3213472953201578e-18
8.813920686305745e-20
2.9288446422011694e-21
8.517687689942763e-23
2.167930063522133e-24
4.829108941339942e-26
9.414275795534678e-28
1.6062199298831774e-29
2.398398162448576e-31
3.1342651544896104e-33
3.584663264197364e-35
3.588055690743505e-37
3.1431721250397024e-39
2.4097685530328584e-41
1.616890763423346e-43
9.494764706146216e-46
4.8796189878763896e-48
2.194753739110698e-50
8.639405563260142e-53
2.9763233059537083e-55
8.973761597074635e-58
2.3679205647426834e-60
5.468370227416975e-63
1.1052152534573918e-65
1.9549425951800094e-68
3.0263512163684254e-71
4.100179077792442e-74
4.8616590899393814e-77
5.0450370243964954e-80
4.581866095291677e-83
3.641821093499028e-86
2.5333371998368548e-89
1.5422883318504114e-92
8.217435892726074e-96
3.831821373681901e-99
1.5637681580010622e-102
5.585186181649882e-106
1.7458266683246021e-109
4.7759829842701544e-113
1.1434642670659207e-116
2.395965738451189e-120
4.393764631288423e-124
7.05165656524507e-128
9.904754059796338e-132
1.2175713456321433e-135
1.3099156191672243e-139
1.2333615396565406e-143
1.0163321445272158e-147
7.329580194745395e-152
4.626160747827538e-156
2.5554095705768764e-160
1.2353741051143894e-164
5.2267851643634626e-169
1.935392193022571e-173
6.27193428264145e-178
1.778820773607826e-182
4.415308621014602e-187
9.591535026069302e-192
1.8235318286168206e-196
3.0341479802705538e-201
4.4183320125746095e-206
5.630903906665309e-211
6.280526662974988e-216
6.130730006755812e-221
5.237529673650781e-226
