1.3220383967928735
0.45497577680248064
0.28547865753142104
0.2059386575438332
0.15614686475568093
0.1224801500464128
0.09881998792816948
0.08167941771267978
0.06892602387375699
0.05920779144670802
0.05164266056655504
0.04564022641391539
0.04079587671293666
0.03682622906296949
0.03352878608269998
0.030756146942732068
0.028399170933502207
0.026375765892070257
0.02462328287930223
0.02309326712329584
0.021747776141965283
0.020556757779588736
0.019496156427347124
0.018546526957692332
0.01769200759699654
0.016919549887827623
0.01621833506523552
0.015579327171222462
0.014994927566835334
0.014458705410725381
0.013965185604968513
0.013509680613052103
0.013088156061739856
0.01269712257174618
0.012333548109814244
0.011994786514836512
0.011678518860535806
0.011382705073341515
0.01110554379470456
0.010845438910963954
0.010600971506151888
0.010370876249342832
0.010154021427020581
0.00994939198626054
0.009756075076565418
0.009573247674632808
0.009400165952961802
0.009236156114413486
0.009080606463976848
0.008932960528628927
0.008792711068301252
0.008659394847114225
0.008532588055419545
0.008411902290740724
0.00829698102016587
0.008187496458713864
0.008083146808131828
0.00798365380886297
0.007888760564848057
0.007798229606633364
0.007711841163147294
0.007629391616635867
0.007550692118742638
0.007475567348687166
0.007403854397023914
0.007335401760622271
0.007270068436356429
0.007207723102580332
0.0071482433788279415
0.0070915151553565346
0.007037431985168848
0.006985894532032031
0.006936810068777688
0.006890092020834181
0.006845659550524185
0.006803437178169093
0.006763354436487292
0.0067253455551644515
0.006689349172817895
0.006655308073880294
0.006623168948195625
0.006592882171357427
0.006564401604029361
0.0065376844086750315
0.006512690882290326
0.006489384303880122
0.006467730795554182
0.006447699196236301
0.006429260947088255
0.006412389987846912
0.006397062663360585
0.0063832576396905035
0.0063709558292159695
0.006360140324248372
0.006350796338720598
0.006342911157575172
0.006336474093527233
0.0063314764509280206
0.006327911496501238
0.006325774436769057
0.006325062402027118
0.006325774436769057
0.006327911496501238
0.0063314764509280206
0.006336474093527233
0.006342911157575172
0.006350796338720598
0.006360140324248372
0.0063709558292159695
0.0063832576396905035
0.006397062663360585
0.006412389987846912
0.006429260947088255
0.006447699196236301
0.006467730795554182
0.006489384303880122
0.006512690882290326
0.0065376844086750315
0.006564401604029361
0.006592882171357427
0.006623168948195625
0.006655308073880294
0.006689349172817895
0.0067253455551644515
0.006763354436487292
0.006803437178169093
0.006845659550524185
0.006890092020834181
0.006936810068777688
0.006985894532032031
0.007037431985168848
0.0070915151553565346
0.0071482433788279415
0.007207723102580332
0.007270068436356429
0.007335401760622271
0.007403854397023914
0.007475567348687166
0.007550692118742638
0.007629391616635867
0.007711841163147294
0.007798229606633364
0.007888760564848057
0.00798365380886297
0.008083146808131828
0.008187496458713864
0.00829698102016587
0.008411902290740724
0.008532588055419545
0.008659394847114225
0.008792711068301252
0.008932960528628927
0.009080606463976848
0.009236156114413486
0.009400165952961802
0.009573247674632808
0.009756075076565418
0.00994939198626054
0.010154021427020581
0.010370876249342832
0.010600971506151888
0.010845438910963954
0.01110554379470456
0.011382705073341515
0.011678518860535806
0.011994786514836512
0.012333548109814244
0.01269712257174618
0.013088156061739856
0.013509680613052103
0.013965185604968513
0.014458705410725381
0.014994927566835334
0.015579327171222462
0.01621833506523552
0.016919549887827623
0.01769200759699654
0.018546526957692332
0.019496156427347124
0.020556757779588736
0.021747776141965283
0.02309326712329584
0.02462328287930223
0.026375765892070257
0.028399170933502207
0.030756146942732068
0.03352878608269998
0.03682622906296949
0.04079587671293666
0.04564022641391539
0.05164266056655504
0.05920779144670802
0.06892602387375699
0.08167941771267978
0.09881998792816948
0.1224801500464128
0.15614686475568093
0.2059386575438332
0.28547865753142104
0.45497577680248064

0.2973000855171027
0.749449307953596
0.996746524812936
0.6994081086749491
0.25899608514554073
0.05089854870210367
0.006324281610024785
0.0035877082621337468
0.008657330321549854
0.019970778156394173
0.04141391278980661
0.46003210611622014
1.7482541532543048
0.21732311282115074
0.19978511874478289
0.21735508110559437
0.2086154782747818
0.17662839720338203
0.13192035078170994
0.0869161210755465
0.050515673121620724
0.025899371297004564
0.011713577857543806
0.004673337914642467
0.0016447582371837616
0.0005106392867897153
0.00013985037940811166
3.378705527839027e-05
7.200693163046979e-06
1.3537408591913894e-06
2.2450914636001112e-07
3.284504107481625e-08
4.2387992554824675e-09
4.825620432975225e-10
4.846193352006169e-11
4.293244137480892e-12
3.3551172580716555e-13
2.312954500822366e-14
1.4065777579793768e-15
7.545667621156343e-17
3.57082745905282e-18
1.4906556474981435e-19
5.4893770610225944e-21
1.7832246785758417e-22
5.1100639818479546e-24
1.2917660884155376e-25
2.8805717014176605e-27
5.666446202282557e-29
9.83286596586555e-31
1.5051741042463686e-32
2.032500335209216e-34
2.4210947346451477e-36
2.544076754982669e-38
2.3582286205113735e-40
1.9283189588341668e-42
1.3909422716166926e-44
8.850679405843805e-47
4.967997665403683e-49
2.4599338332941198e-51
1.074490889916929e-53
4.140180914060638e-56
1.4072561962969707e-58
4.219532045684747e-61
1.1160731978341596e-63
2.6041040765684904e-66
5.359956503250669e-69
9.731985711237828e-72
1.558758839126704e-74
2.2023871533937328e-77
2.7450209946035655e-80
3.0181091707051222e-83
2.9272612846364843e-86
2.5045246019991796e-89
1.8902810679873287e-92
1.2585333736310532e-95
7.391632355409155e-99
3.829598535521769e-102
1.7502633878846147e-105
7.056524236411905e-109
2.509663740507318e-112
7.873675351483845e-116
2.1790978948393116e-119
5.320019788043225e-123
1.1457425013069456e-126
2.1766974512549547e-130
3.6479290524117283e-134
5.393019208308581e-138
7.033230006472772e-142
8.091237383022108e-146
8.211307851805323e-150
7.35100970013457e-154
5.805223255117046e-158
4.0441581079351596e-162
2.4852758249376562e-166
1.347281461040686e-170
6.442869601034637e-175
2.7179259412027147e-179
1.0114237915686877e-183
3.3202132705490097e-188
9.614707269715107e-193
