1.2178545028731023
0.35918639746252434
0.20012755798511772
0.11923532224541278
0.07459312599186665
0.04887008559243547
0.03343635664896013
0.023813741388232137
0.017593251876708838
0.01343370892139083
0.01056356204401035
0.00852492814936857
0.007037951272992592
0.005926766676105001
0.005077934095787832
0.0044164653720549975
0.0038916419102497527
0.00346841859638524
0.0031220930285326296
0.002834927391205703
0.0025939635563632505
0.0023895824622078505
0.0022145368462295123
0.002063290613667086
0.0019315603256422015
0.0018159921222363176
0.0017139308166977986
0.0016232526439601358
0.0015422425826308532
0.0014695033003156504
0.0014038868136776344
0.001344442655995913
0.0012903781744561013
0.0012410278339635538
0.0011958292748630499
0.0011543044829557527
0.0011160448636615104
0.0010806993228382243
0.0010479646816063902
0.001017577916765169
0.0009893098394251156
0.0009629599144405134
0.0009383519906225842
0.0009153307626006142
0.0008937588238998135
0.0008735142004469731
0.0008544882765711852
0.0008365840433040066
0.0008197146126328181
0.0008038019522386765
0.0007887758038417117
0.0007745727551002042
0.0007611354404561607
0.0007484118506898655
0.0007363547344683065
0.0007249210780249238
0.0007140716514284268
0.0007037706117938496
0.0006939851553437278
0.000684685211507538
0.00067584317330587
0.0006674336591438422
0.000659433301869341
0.0006518205615624582
0.0006445755590344767
0.0006376799274452987
0.0006311166798113689
0.0006248700904834104
0.0006189255889340008
0.0006132696644168621
0.0006078897802490186
0.0006027742966289155
0.0005979124010424795
0.0005932940454285433
0.0005889098893779997
0.0005847512487300239
0.000580810049005735
0.0005770787831865829
0.0005735504734029266
0.0005702186361490565
0.000567077250685267
0.0005641207303264682
0.0005613438963509622
0.000558741954293044
0.0005563104724096082
0.0005540453621343679
0.0005519428603540952
0.0005499995133597634
0.000548212162341954
0.0005465779303146317
0.000545094210364618
0.0005437586551360086
0.0005425691674695604
0.0005415238921268582
0.0005406212085380196
0.0005398597245198954
0.0005392382709193192
0.0005387558971430005
0.0005384118675422862
0.0005382056586272504
0.0005381369570905552
0.0005382056586272504
0.0005384118675422862
0.0005387558971430005
0.0005392382709193192
0.0005398597245198954
0.0005406212085380196
0.0005415238921268582
0.0005425691674695604
0.0005437586551360086
0.000545094210364618
0.0005465779303146317
0.000548212162341954
0.0005499995133597634
0.0005519428603540952
0.0005540453621343679
0.0005563104724096082
0.000558741954293044
0.0005613438963509622
0.0005641207303264682
0.000567077250685267
0.0005702186361490565
0.0005735504734029266
0.0005770787831865829
0.000580810049005735
0.0005847512487300239
0.0005889098893779997
0.0005932940454285433
0.0005979124010424795
0.0006027742966289155
0.0006078897802490186
0.0006132696644168621
0.0006189255889340008
0.0006248700904834104
0.0006311166798113689
0.0006376799274452987
0.0006445755590344767
0.0006518205615624582
0.000659433301869341
0.0006674336591438422
0.00067584317330587
0.000684685211507538
0.0006939851553437278
0.0007037706117938496
0.0007140716514284268
0.0007249210780249238
0.0007363547344683065
0.0007484118506898655
0.0007611354404561607
0.0007745727551002042
0.0007887758038417117
0.0008038019522386765
0.0008197146126328181
0.0008365840433040066
0.0008544882765711852
0.0008735142004469731
0.0008937588238998135
0.0009153307626006142
0.0009383519906225842
0.0009629599144405134
0.0009893098394251156
0.001017577916765169
0.0010479646816063902
0.0010806993228382243
0.0011160448636615104
0.0011543044829557527
0.0011958292748630499
0.0012410278339635538
0.0012903781744561013
0.001344442655995913
0.0014038868136776344
0.0014695033003156504
0.0015422425826308532
0.0016232526439601358
0.0017139308166977986
0.0018159921222363176
0.0019315603256422015
0.002063290613667086
0.0022145368462295123
0.0023895824622078505
0.0025939635563632505
0.002834927391205703
0.0031220930285326296
0.00346841859638524
0.0038916419102497527
0.0044164653720549975
0.005077934095787832
0.005926766676105001
0.007037951272992592
0.00852492814936857
0.01056356204401035
0.01343370892139083
0.017593251876708838
0.023813741388232137
0.03343635664896013
0.04887008559243547
0.07459312599186665
0.11923532224541278
0.20012755798511772
0.35918639746252434

0.02373045009426912
0.1836860514186648
0.6634937476392502
1.1183762714798817
0.8796896994705911
0.32289515056794765
0.0553074953680829
0.004420759754917964
0.00016489226720397897
2.87008076537477e-06
2.3311939111484975e-08
8.835947674002577e-11
1.563199169612185e-13
3.4830112763044214e-14
1.7364470437940685e-11
4.3288392742394685e-09
5.376172779633981e-07
3.326341325755014e-05
0.0010253030339489242
0.01574452311508396
0.12044772915933302
0.45904954310666785
0.8715902025166475
0.8244360185309997
0.3885021370868399
0.09120564190832364
0.010666988667708571
0.0006215181281277951
1.804087529307493e-05
2.608874848137335e-07
1.879493051354854e-09
6.745591542491249e-12
1.2061218733036663e-14
1.0743707698603991e-17
4.767701005488755e-21
1.0540365649639148e-24
1.1608983111515073e-28
6.369781264242649e-33
1.741192132242418e-37
2.3711591826278295e-42
1.6086685154079643e-47
5.437061567563743e-53
9.154903630065437e-59
7.679538827150185e-65
3.2092854065151943e-71
6.681490870539693e-78
6.929952449895019e-85
3.5807909510709764e-92
9.21763522026808e-100
1.1820937049162792e-107
7.552246022166647e-116
2.4037660162508585e-124
3.811536562136187e-133
3.0109242293920512e-142
1.1849264672674823e-151
2.32313694397442e-161
2.2690813151803334e-171
1.1041222079779862e-181
2.67655435972103e-192
3.232412878218831e-203
1.9447752813986963e-214
5.8291316067597825e-226
8.704225480614268e-238
6.475126273920921e-250
2.3997068370852031e-262
4.430573778304686e-275
4.07524378859268e-288
1.86740730227733e-301
4.26300997e-315
0.0
0.0
0.0
0.0
0.0
0.0
0.0
0.0
0.0
0.0
0.0
0.0
0.0
0.0
0.0
0.0
0.0
0.0
0.0
0.0
0.0
0.0
0.0
0.0
0.0
0.0
0.0
0.0
0.0
0.0
0.0
