0.8293928326932177
0.3447565673400351
0.19140208471907813
0.12984686619972438
0.09849711531419203
0.07945901290445664
0.06656503666262736
0.057232022569726586
0.05017311563606264
0.04466067263106991
0.04024695347427693
0.03664020594471379
0.03364223585578289
0.031113942808338256
0.028955035540072307
0.027091522156544
0.025467709983727625
0.024040934134900212
0.022777993960339072
0.021652689220562106
0.020644082094587686
0.01973524886420611
0.01891236853402595
0.018164047474212665
0.01748081211598556
0.0168547231054702
0.016279078454427102
0.015748182733398782
0.015257165850718886
0.014801839467992914
0.01437858227205613
0.013984247580663068
0.01361608838598548
0.013271696125551046
0.012948950343263932
0.01264597705230807
0.01236111409888911
0.012092882194521171
0.01183996056597034
0.011601166388375932
0.011375437334709571
0.011161816705490933
0.010959440705339283
0.010767527514042077
0.010585367864272369
0.01041231688959292
0.010247787047767697
0.010091241957821007
0.009942191016405104
0.009800184681149073
0.009664810326770634
0.009535688594626782
0.009412470168679608
0.009294832921052024
0.009182479378836006
0.00907513447090531
0.008972543519427414
0.008874470445767044
0.008780696164690677
0.00869101714435062
0.008605244112557253
0.00852320089242795
0.008444723352703921
0.00836965845991204
0.008297863421167598
0.008229204907807064
0.008163558351241796
0.008100807303463103
0.008040842855530018
0.007983563108153827
0.007928872689175026
0.007876682313323096
0.007826908380169365
0.007779472606639141
0.007734301690849168
0.007691327004388619
0.007650484310472012
0.007611713505666544
0.0075749583831389525
0.007540166415581907
0.007507288556171184
0.007476279056074868
0.007447095297187622
0.007419697638898655
0.0073940492778236
0.007370116119539545
0.007347866661460755
0.007327271886081113
0.0073083051638896165
0.007290942165337876
0.007275160781304928
0.0072609410515650594
0.0072482651008199004
0.007237117081907108
0.007227483125845205
0.007219351298418148
0.0072127115630442745
0.007207555749712933
0.007203877529808785
0.007201672396678668
0.007200937651829547
0.007201672396678668
0.007203877529808785
0.007207555749712933
0.0072127115630442745
0.007219351298418148
0.007227483125845205
0.007237117081907108
0.0072482651008199004
0.0072609410515650594
0.007275160781304928
0.007290942165337876
0.0073083051638896165
0.007327271886081113
0.007347866661460755
0.007370116119539545
0.0073940492778236
0.007419697638898655
0.007447095297187622
0.007476279056074868
0.007507288556171184
0.007540166415581907
0.0075749583831389525
0.007611713505666544
0.007650484310472012
0.007691327004388619
0.007734301690849168
0.007779472606639141
0.007826908380169365
0.007876682313323096
0.007928872689175026
0.007983563108153827
0.008040842855530018
0.008100807303463103
0.008163558351241796
0.008229204907807064
0.008297863421167598
0.00836965845991204
0.008444723352703921
0.00852320089242795
0.008605244112557253
0.00869101714435062
0.008780696164690677
0.008874470445767044
0.008972543519427414
0.00907513447090531
0.009182479378836006
0.009294832921052024
0.009412470168679608
0.009535688594626782
0.009664810326770634
0.009800184681149073
0.009942191016405104
0.010091241957821007
0.010247787047767697
0.01041231688959292
0.010585367864272369
0.010767527514042077
0.010959440705339283
0.011161816705490933
0.011375437334709571
0.011601166388375932
0.01183996056597034
0.012092882194521171
0.01236111409888911
0.01264597705230807
0.012948950343263932
0.013271696125551046
0.01361608838598548
0.013984247580663068
0.01437858227205613
0.014801839467992914
0.015257165850718886
0.015748182733398782
0.016279078454427102
0.0168547231054702
0.01748081211598556
0.018164047474212665
0.01891236853402595
0.01973524886420611
0.020644082094587686
0.021652689220562106
0.022777993960339072
0.024040934134900212
0.025467709983727625
0.027091522156544
0.028955035540072307
0.031113942808338256
0.03364223585578289
0.03664020594471379
0.04024695347427693
0.04466067263106991
0.05017311563606264
0.057232022569726586
0.06656503666262736
0.07945901290445664
0.09849711531419203
0.12984686619972438
0.19140208471907813
0.3447565673400351

0.3562600439679731
0.4122781675535389
0.411615147662549
0.3545440104147881
0.26347204396058216
0.17177213869693655
0.27167030133714426
1.189258766997235
0.7758143137200826
0.05816582719942251
0.0023604176588537867
0.0005283443362449737
0.00012044258754026718
2.3699365916080566e-05
4.0231964382985595e-06
5.892282241560059e-07
7.445153161395843e-08
8.115990371753517e-09
7.632858326113739e-10
6.193136775512996e-11
4.335227902296831e-12
2.6181286705595204e-13
1.36410509681627e-14
6.131722165815058e-16
2.377907171758092e-17
7.955823079439894e-19
2.2964295598378245e-20
5.718721300634419e-22
1.2286339932229754e-23
2.2773192317623434e-25
3.641690994366711e-27
5.024120675347519e-29
5.979912427434549e-31
6.1405514912741405e-33
5.439985255429085e-35
4.157821679341917e-37
2.7416485860864408e-39
1.5596800172322087e-41
7.654855901844165e-44
3.2412783117913835e-46
1.1840592050067987e-48
3.731713599381324e-51
1.0146610368777606e-53
2.380189055461862e-56
4.817034044833627e-59
8.410576575099927e-62
1.2669212320434805e-64
1.646460254465074e-67
1.8459956778320796e-70
1.785615306323824e-73
1.490125723795181e-76
1.0728418725231591e-79
6.663866847232176e-83
3.571039858292779e-86
1.650976441559573e-89
6.585137482054278e-93
2.266034973302098e-96
6.727383131945369e-100
1.7230723254169377e-103
3.807488884509608e-107
7.258578412382323e-111
1.193829463594688e-114
1.6939898546010829e-118
2.0737533882595572e-122
2.19018703564732e-126
1.995644092757111e-130
1.5687826209073076e-134
1.0639476015032462e-138
6.22523143568543e-143
3.142451296864637e-147
1.3685460038480806e-151
5.141952232888831e-156
1.6667653619738247e-160
4.661210186804133e-165
1.124606783868327e-169
2.3408872847704517e-174
4.2037617866779724e-179
6.512886129144967e-184
8.705358561202104e-189
1.0038703660544134e-193
9.98726092364618e-199
8.572212926070464e-204
6.347713185474902e-209
4.055266803159615e-214
2.2351123655106268e-219
1.0628135475682728e-224
4.360061285299657e-230
1.5431420208184232e-235
4.7119100695301725e-241
1.2412689167424133e-246
2.8210615319506787e-252
5.531425015070229e-258
9.35705735509428e-264
1.3655869106624383e-269
1.719401062771321e-275
1.867724552869549e-281
1.7503554729459277e-287
1.4151988837292541e-293
9.871575910780138e-300
5.940640796668102e-306
