1.3730021687036589
0.36664531843136683
0.17148809504210152
0.10037853951513621
0.06645319886261043
0.047794332061774636
0.036500201663910777
0.029153131567932134
0.02409500018593449
0.020450409640982797
0.017725034534157427
0.015623755921084208
0.013961902089491312
0.012619173451602619
0.011514438496806683
0.010591307580727707
0.009809541757336044
0.009139754445989698
0.008560040845874474
0.00805377350447878
0.007608124349596214
0.00721305140214639
0.006860589912055638
0.00654434730211902
0.006259137280979423
0.0060007107171092915
0.005765554909853655
0.005550741948082865
0.00535381279492211
0.005172687712420535
0.005005596339969497
0.004851022601467162
0.004707660917101417
0.004574381116674088
0.004450200111422697
0.004334258859646775
0.004225803511809736
0.004124169879970235
0.004028770569928198
0.003939084260257897
0.0038546467231384044
0.0037750432666698143
0.0036999023437515734
0.0036288901233883044
0.0035617058600026052
0.0034980779275861477
0.003437760410261989
0.0033805301605315556
0.003326184252252466
0.003274537768087586
0.0032254218714334554
0.003178682121181031
0.0031341769944748265
0.003091776588223372
0.003051361474714649
0.0030128216904939287
0.0029760558408186495
0.0029409703046351134
0.002907478527220861
0.002875500389481436
0.002844961644443152
0.002815793412794838
0.0027879317304421954
0.002761317141982138
0.0027358943348083924
0.002711611809246619
0.0026884215807057455
0.00266627891033768
0.002645142061132831
0.0026249720767545616
0.0026057325807408395
0.002587389593983282
0.002569911368638943
0.0025532682368437118
0.00253743247278265
0.0025223781668357323
0.00250808111066051
0.0024945186921988866
0.0024816697997058915
0.0024695147339959325
0.0024580351281883765
0.002447213874310752
0.0024370350561858014
0.0024274838880889837
0.002418546658716966
0.0024102106800557455
0.002402464240780231
0.002395296563855871
0.0023886977680478293
0.0023826588330747925
0.0023771715681730624
0.002372228583862656
0.0023678232667308616
0.00236394975707054
0.0023606029292305235
0.002357778374554097
0.0023554723867989054
0.002353681949947868
0.00235240472833608
0.0023516390590332913
0.002351383946435559
0.0023516390590332913
0.00235240472833608
0.002353681949947868
0.0023554723867989054
0.002357778374554097
0.0023606029292305235
0.00236394975707054
0.0023678232667308616
0.002372228583862656
0.0023771715681730624
0.0023826588330747925
0.0023886977680478293
0.002395296563855871
0.002402464240780231
0.0024102106800557455
0.002418546658716966
0.0024274838880889837
0.0024370350561858014
0.002447213874310752
0.0024580351281883765
0.0024695147339959325
0.0024816697997058915
0.0024945186921988866
0.00250808111066051
0.0025223781668357323
0.00253743247278265
0.0025532682368437118
0.002569911368638943
0.002587389593983282
0.0026057325807408395
0.0026249720767545616
0.002645142061132831
0.00266627891033768
0.0026884215807057455
0.002711611809246619
0.0027358943348083924
0.002761317141982138
0.0027879317304421954
0.002815793412794838
0.002844961644443152
0.002875500389481436
0.002907478527220861
0.0029409703046351134
0.0029760558408186495
0.0030128216904939287
0.003051361474714649
0.003091776588223372
0.0031341769944748265
0.003178682121181031
0.0032254218714334554
0.003274537768087586
0.003326184252252466
0.0033805301605315556
0.003437760410261989
0.0034980779275861477
0.0035617058600026052
0.0036288901233883044
0.0036999023437515734
0.0037750432666698143
0.0038546467231384044
0.003939084260257897
0.004028770569928198
0.004124169879970235
0.004225803511809736
0.004334258859646775
0.004450200111422697
0.004574381116674088
0.004707660917101417
0.004851022601467162
0.005005596339969497
0.005172687712420535
0.00535381279492211
0.005550741948082865
0.005765554909853655
0.0060007107171092915
0.006259137280979423
0.00654434730211902
0.006860589912055638
0.00721305140214639
0.007608124349596214
0.00805377350447878
0.008560040845874474
0.009139754445989698
0.009809541757336044
0.010591307580727707
0.011514438496806683
0.012619173451602619
0.013961902089491312
0.015623755921084208
0.017725034534157427
0.020450409640982797
0.02409500018593449
0.029153131567932134
0.036500201663910777
0.047794332061774636
0.06645319886261043
0.10037853951513621
0.17148809504210152
0.36664531843136683

0.11278452286762697
0.2335911101675336
0.3926816347191021
0.5376255736585744
0.6043204800235933
0.568529049303296
0.4681743016335519
0.3692037585480099
0.31356438399329184
0.3004735722073218
0.30490473049657985
0.3038623932927407
0.29097106857419414
0.27838661819507166
0.286159727122755
0.3183676249169846
0.34534120980811167
0.3241871815149302
0.24545070718222525
0.14525327723040704
0.06643933792793522
0.023497121861207716
0.006503945375543746
0.0014567730677214638
0.0002842815954649373
5.4569646812119705e-05
1.1374471894458524e-05
2.5328806185193825e-06
5.576716248843229e-07
1.1531584127777373e-07
2.1972768639340743e-08
3.8387514954019584e-09
6.142693721084299e-10
9.001568506686208e-11
1.2079758486409579e-11
1.4844924309690638e-12
1.6706185757780538e-13
1.7216949279437446e-14
1.6248552169852446e-15
1.4042767754148047e-16
1.1113998468935209e-17
8.055036765225649e-19
5.3461888578578355e-20
3.2493810320922456e-21
1.8085751555550977e-22
9.218325846323946e-24
4.302760025338378e-25
1.8391695589038623e-26
7.199063263863885e-28
2.5805351861985784e-29
8.470775177948235e-31
2.5463382893306964e-32
7.009525515029994e-34
1.7670169536915504e-35
4.079175465826193e-37
8.623501287142726e-39
1.6694539853608668e-40
2.959680621949586e-42
4.805015798318219e-44
7.14371904536678e-46
9.725982570556268e-48
1.2126128974344728e-49
1.3844920119377727e-51
1.4475657557114047e-53
1.3860079524114249e-55
1.2152698363602853e-57
9.757965767817824e-60
7.175058344357715e-62
4.8313795719346244e-64
2.979178022828814e-66
1.6822917979256752e-68
8.699329376956184e-71
4.119550173871926e-73
1.7864604006900393e-75
7.094414616999559e-78
2.579997669333177e-80
8.59214576393861e-83
2.620375521143668e-85
7.318212337900822e-88
1.871656100540833e-90
4.383557190549947e-93
9.40171051711916e-96
1.8465737092540056e-98
3.321283868210803e-101
5.470473509062343e-104
8.251319762086467e-107
1.139728716804698e-109
1.4416476867615714e-112
1.6699226796300303e-115
1.7713858112324306e-118
1.7207173408362044e-121
1.5306837942675984e-124
1.2469269403993362e-127
9.301995116466114e-131
6.354637499755606e-134
3.97543841895986e-137
2.2775024599942386e-140
1.194846880632152e-143
5.740440615623112e-147
2.5255605091779545e-150
