0.5367456428263224
0.20893962643564706
0.09333422144111762
0.04229743458563138
0.01930577975279331
0.008871326761625444
0.004104009003975924
0.0019113755476962233
0.0008961933329255309
0.00042303407622142455
0.00020103281575689782
9.617817221955132e-05
4.632378566256458e-05
2.2462057145111606e-05
1.0965107329523515e-05
5.388827958119301e-06
2.6662060164555506e-06
1.328039658439568e-06
6.659572332155833e-07
3.3620145849735954e-07
1.7087196101473243e-07
8.742989816380313e-08
4.503675596501621e-08
2.3355662325027303e-08
1.2193693163604068e-08
6.410847805401531e-09
3.3920407229072054e-09
1.8068327796632478e-09
9.689251018002111e-10
5.230966770171541e-10
2.8431324822583477e-10
1.5557464365653285e-10
8.570562706886069e-11
4.753458602240182e-11
2.6542374620092366e-11
1.4921008328221637e-11
8.444668364239533e-12
4.811605938514486e-12
2.7600515150564277e-12
1.5938985676351404e-12
9.266539163383585e-13
5.423573483690624e-13
3.1956786796863017e-13
1.8956134408348646e-13
1.1319988267858307e-13
6.805389011043479e-14
4.1188181340191524e-14
2.509615888306636e-14
1.539427687154257e-14
9.506726715848688e-15
5.910501240820282e-15
3.6994790140928534e-15
2.331205177481046e-15
1.4789182458231053e-15
9.445632074360562e-16
6.07351394381989e-16
3.9316044437539067e-16
2.562234367881821e-16
1.6810693896200764e-16
1.1103729475806479e-16
7.38358964242227e-17
4.942891434745806e-17
3.3312654622117016e-17
2.260228110480763e-17
1.5438699402852362e-17
1.0616597927339081e-17
7.349828804370711e-18
5.122563203731862e-18
3.5943200127492615e-18
2.539022266848846e-18
1.805666973164742e-18
1.2927996972497118e-18
9.318553353410338e-19
6.762246271807392e-19
4.940385764891585e-19
3.6338016838674664e-19
2.6908936014172417e-19
2.006195177871935e-19
1.5059144162825807e-19
1.138126728940526e-19
8.660877718694265e-20
6.636491281002916e-20
5.120988135162274e-20
3.979722224798293e-20
3.115274578647107e-20
2.45677855801431e-20
1.95240739641271e-20
1.5640601593043592e-20
1.263583799159501e-20
1.0300739574419302e-20
8.479371761958914e-21
7.054932832973814e-21
5.93963000290265e-21
5.067317673437184e-21
4.388127896937762e-21
3.872993939991539e-21
3.468552830309002e-21
3.179530411406331e-21
2.982781770331082e-21
2.868481985727068e-21
2.830994372542203e-21
2.868481985727068e-21
2.982781770331082e-21
3.179530411406331e-21
3.468552830309002e-21
3.872993939991539e-21
4.388127896937762e-21
5.067317673437184e-21
5.93963000290265e-21
7.054932832973814e-21
8.479371761958914e-21
1.0300739574419302e-20
1.263583799159501e-20
1.5640601593043592e-20
1.95240739641271e-20
2.45677855801431e-20
3.115274578647107e-20
3.979722224798293e-20
5.120988135162274e-20
6.636491281002916e-20
8.660877718694265e-20
1.138126728940526e-19
1.5059144162825807e-19
2.006195177871935e-19
2.6908936014172417e-19
3.6338016838674664e-19
4.940385764891585e-19
6.762246271807392e-19
9.318553353410338e-19
1.2927996972497118e-18
1.805666973164742e-18
2.539022266848846e-18
3.5943200127492615e-18
5.122563203731862e-18
7.349828804370711e-18
1.0616597927339081e-17
1.5438699402852362e-17
2.260228110480763e-17
3.3312654622117016e-17
4.942891434745806e-17
7.38358964242227e-17
1.1103729475806479e-16
1.6810693896200764e-16
2.562234367881821e-16
3.9316044437539067e-16
6.07351394381989e-16
9.445632074360562e-16
1.4789182458231053e-15
2.331205177481046e-15
3.6994790140928534e-15
5.910501240820282e-15
9.506726715848688e-15
1.539427687154257e-14
2.509615888306636e-14
4.1188181340191524e-14
6.805389011043479e-14
1.1319988267858307e-13
1.8956134408348646e-13
3.1956786796863017e-13
5.423573483690624e-13
9.266539163383585e-13
1.5938985676351404e-12
2.7600515150564277e-12
4.811605938514486e-12
8.444668364239533e-12
1.4921008328221637e-11
2.6542374620092366e-11
4.753458602240182e-11
8.570562706886069e-11
1.5557464365653285e-10
2.8431324822583477e-10
5.230966770171541e-10
9.689251018002111e-10
1.8068327796632478e-09
3.3920407229072054e-09
6.410847805401531e-09
1.2193693163604068e-08
2.3355662325027303e-08
4.503675596501621e-08
8.742989816380313e-08
1.7087196101473243e-07
3.3620145849735954e-07
6.659572332155833e-07
1.328039658439568e-06
2.6662060164555506e-06
5.388827958119301e-06
1.0965107329523515e-05
2.2462057145111606e-05
4.632378566256458e-05
9.617817221955132e-05
0.00020103281575689782
0.00042303407622142455
0.0008961933329255309
0.0019113755476962233
0.004104009003975924
0.008871326761625444
0.01930577975279331
0.04229743458563138
0.09333422144111762
0.20893962643564706

1.8309452904733766e-21
3.106514525066932e-12
1.2129606940016614e-05
0.10899219154336026
2.253820686839527
0.10725527347510495
1.1746088442347463e-05
2.9603509291822354e-12
1.7169926857308773e-21
2.2917593489194478e-33
7.039549975394796e-48
2.5230526133671723e-51
9.356468965026633e-39
5.331908147649311e-28
4.669155529854417e-19
6.283173109985307e-12
1.2992858641126708e-06
0.004128719753166535
0.2016095499472948
0.15128358190852953
0.0017444458809528034
3.091065486350837e-07
8.416740060989137e-13
3.521799496962467e-20
2.2644896643293825e-29
2.237489788514168e-40
3.397322571551149e-53
7.926792879440092e-68
2.842125427138764e-84
1.5659358722418242e-102
1.3258357015628014e-122
1.7250053611083154e-144
3.4488649794689095e-168
1.0596121734266389e-193
5.00267960129696e-221
3.6294719367879804e-250
4.0464036130264505e-281
6.9323416843e-314
0.0
0.0
0.0
0.0
0.0
0.0
0.0
0.0
0.0
0.0
0.0
0.0
0.0
0.0
0.0
0.0
0.0
0.0
0.0
0.0
0.0
0.0
0.0
0.0
0.0
0.0
0.0
0.0
0.0
0.0
0.0
0.0
0.0
0.0
0.0
0.0
0.0
0.0
0.0
0.0
0.0
0.0
0.0
0.0
0.0
0.0
0.0
0.0
0.0
0.0
0.0
0.0
0.0
0.0
0.0
0.0
0.0
0.0
0.0
0.0
0.0
0.0
