0.2887819119507504
0.013179604447924218
0.0011433923752239116
0.00016976157290458932
3.931981782982227e-05
1.3262315670873761e-05
6.025969059074558e-06
3.397746337317655e-06
2.220329903625037e-06
1.602235603253567e-06
1.2371277155915594e-06
1.0016378898153293e-06
8.393380154173941e-07
7.216442909551377e-07
6.328358069806347e-07
5.636680568195194e-07
5.083979231678183e-07
4.6329100468328645e-07
4.2582427912530285e-07
3.9423689756314073e-07
3.6726529177782506e-07
3.439806881346683e-07
3.236859586354555e-07
3.0584814086458456e-07
2.900531053085425e-07
2.759743751085331e-07
2.633512240609857e-07
2.519729986956293e-07
2.416677029035636e-07
2.322935569396953e-07
2.2373266754015698e-07
2.1588621988592566e-07
2.0867078233282866e-07
2.0201543548936777e-07
1.9585951937694754e-07
1.9015084920579708e-07
1.8484429013004222e-07
1.7990060964625522e-07
1.752855466562437e-07
1.7096905102492013e-07
1.6692465835444395e-07
1.631289727841749e-07
1.595612366897592e-07
1.5620297074082005e-07
1.5303767127417678e-07
1.5005055462763214e-07
1.4722834016074733e-07
1.445590653119024e-07
1.420319273147269e-07
1.3963714720306302e-07
1.3736585253301423e-07
1.3520997588940913e-07
1.3316216675720794e-07
1.3121571475281808e-07
1.2936448254661825e-07
1.2760284708222248e-07
1.2592564792261955e-07
1.2432814173807823e-07
1.2280596210330402e-07
1.2135508389787438e-07
1.1997179170930843e-07
1.1865265172612451e-07
1.1739448668200993e-07
1.1619435347428723e-07
1.1504952313223326e-07
1.139574628551476e-07
1.129158198777182e-07
1.1192240695229761e-07
1.1097518926509058e-07
1.1007227262670772e-07
1.0921189279767964e-07
1.0839240582686568e-07
1.076122792956554e-07
1.0687008437380808e-07
1.0616448860400533e-07
1.0549424934195098e-07
1.0485820778735852e-07
1.0425528354859179e-07
1.0368446969022462e-07
1.0314482823179521e-07
1.0263548597573679e-07
1.0215563083953947e-07
1.0170450837153751e-07
1.0128141864513102e-07
1.0088571341429586e-07
1.0051679352371777e-07
1.0017410655350496e-07
9.985714468060099e-08
9.956544274096583e-08
9.929857647834115e-08
9.905616096699355e-08
9.883784919725916e-08
9.864333081401045e-08
9.84723309993542e-08
9.832460949195674e-08
9.819995973639754e-08
9.809820815688453e-08
9.801921355053591e-08
9.796286659625266e-08
9.792908947598485e-08
9.791783560593778e-08
9.792908947598485e-08
9.796286659625266e-08
9.801921355053591e-08
9.809820815688453e-08
9.819995973639754e-08
9.832460949195674e-08
9.84723309993542e-08
9.864333081401045e-08
9.883784919725916e-08
9.905616096699355e-08
9.929857647834115e-08
9.956544274096583e-08
9.985714468060099e-08
1.0017410655350496e-07
1.0051679352371777e-07
1.0088571341429586e-07
1.0128141864513102e-07
1.0170450837153751e-07
1.0215563083953947e-07
1.0263548597573679e-07
1.0314482823179521e-07
1.0368446969022462e-07
1.0425528354859179e-07
1.0485820778735852e-07
1.0549424934195098e-07
1.0616448860400533e-07
1.0687008437380808e-07
1.076122792956554e-07
1.0839240582686568e-07
1.0921189279767964e-07
1.1007227262670772e-07
1.1097518926509058e-07
1.1192240695229761e-07
1.129158198777182e-07
1.139574628551476e-07
1.1504952313223326e-07
1.1619435347428723e-07
1.1739448668200993e-07
1.1865265172612451e-07
1.1997179170930843e-07
1.2135508389787438e-07
1.2280596210330402e-07
1.2432814173807823e-07
1.2592564792261955e-07
1.2760284708222248e-07
1.2936448254661825e-07
1.3121571475281808e-07
1.3316216675720794e-07
1.3520997588940913e-07
1.3736585253301423e-07
1.3963714720306302e-07
1.420319273147269e-07
1.445590653119024e-07
1.4722834016074733e-07
1.5005055462763214e-07
1.5303767127417678e-07
1.5620297074082005e-07
1.595612366897592e-07
1.631289727841749e-07
1.6692465835444395e-07
1.7096905102492013e-07
1.752855466562437e-07
1.7990060964625522e-07
1.8484429013004222e-07
1.9015084920579708e-07
1.9585951937694754e-07
2.0201543548936777e-07
2.0867078233282866e-07
2.1588621988592566e-07
2.2373266754015698e-07
2.322935569396953e-07
2.416677029035636e-07
2.519729986956293e-07
2.633512240609857e-07
2.759743751085331e-07
2.900531053085425e-07
3.0584814086458456e-07
3.236859586354555e-07
3.439806881346683e-07
3.6726529177782506e-07
3.9423689756314073e-07
4.2582427912530285e-07
4.6329100468328645e-07
5.083979231678183e-07
5.636680568195194e-07
6.328358069806347e-07
7.216442909551377e-07
8.393380154173941e-07
1.0016378898153293e-06
1.2371277155915594e-06
1.602235603253567e-06
2.220329903625037e-06
3.397746337317655e-06
6.025969059074558e-06
1.3262315670873761e-05
3.931981782982227e-05
0.00016976157290458932
0.0011433923752239116
0.013179604447924218

4.565254570630699e-06
1.713186456840364e-05
5.854340800702191e-05
0.00018217345879605707
0.0005162094408096263
0.0013319886291782994
0.0031297440896471003
0.006696546395579536
0.013047483426333831
0.02314925805530644
0.037401281320402185
0.05503055809137765
0.07376383071328742
0.09021934250246602
0.10129623080272812
0.10635332854369246
0.10892976984829399
0.11540158034831818
0.12886426512748103
0.14257403160969512
0.1424973989415302
0.12034610098210036
0.08291055369544995
0.045848482174051665
0.02022258973315849
0.00711106407608369
0.002003558340609912
0.0004585793922539335
8.791916481502547e-05
1.4994534568929106e-05
2.489708208975008e-06
4.331626552924573e-07
7.864751880832256e-08
1.4082233822454514e-08
2.3718736677423516e-09
3.675396449897595e-10
5.2001057556194497e-11
6.7036211019228475e-12
7.87024787400101e-13
8.414121748017348e-14
8.19151003383784e-15
7.261945815000509e-16
5.86240460541728e-17
4.309553833232079e-18
2.884845551664271e-19
1.758516951844871e-20
9.761224177047859e-22
4.933961429063359e-23
2.271019946721825e-24
9.518749169221645e-26
3.633059849333825e-27
1.2626964435155056e-28
3.996309336448645e-30
1.1517360839106058e-31
3.022599351290221e-33
7.223404436142732e-35
1.5719437950282038e-36
3.1150558058013104e-38
5.6211915466671915e-40
9.236866631656604e-42
1.3821484689534671e-43
1.8832954468795368e-45
2.336769907955444e-47
2.6402629513103988e-49
2.7165152500082684e-51
2.545135148585542e-53
2.1714172586273017e-55
1.6869781494573254e-57
1.1934641144545965e-59
7.688524595686487e-62
4.510351478308614e-64
2.4094143932687134e-66
1.1720505681748507e-68
5.191763902683695e-71
2.0941956579222088e-73
7.692248583421518e-76
2.572901153303823e-78
7.836581024402236e-81
2.1735212486639408e-83
5.4895265232381556e-86
1.2625239363105297e-88
2.644101296302568e-91
5.042550925493138e-94
8.757017794196627e-97
1.3848282261114904e-99
1.9942027788376876e-102
2.6150287186119594e-105
3.12260710670739e-108
3.395407943125372e-111
3.362020151856569e-114
3.0313940906619056e-117
2.4889617502537716e-120
1.8609203316619252e-123
1.2669838369871334e-126
7.855034625727384e-130
4.434645089925463e-133
2.2798347473848527e-136
1.067287944936958e-139
4.549813291304897e-143
1.7661975642953155e-146
