1.0696314355389274
0.18834255835115746
0.08475068597665485
0.057248949331212405
0.044388351536664386
0.03655206608932644
0.03114339118194307
0.027149466901655244
0.02407235098983458
0.021629284318102612
0.01964444068942696
0.01800169799986099
0.016620993199865354
0.015445278188059717
0.014432811348346852
0.013552365898224518
0.012780132957849077
0.01209765608086084
0.011490417096266626
0.0109468458480394
0.010457612984609194
0.01001511599541646
0.0096130997938837
0.009246372631309542
0.008910590631329174
0.00860209243270043
0.008317770905955982
0.008054972633089578
0.007811418410649
0.007585139837772481
0.007374428329293235
0.007177793812885021
0.006993931037132178
0.006821691908111636
0.006660062636198005
0.00650814474753457
0.006365139220692464
0.00623033316604937
0.00610308858597808
0.005982832847191134
0.005869050569228366
0.005761276690032126
0.005659090514497099
0.005562110587554728
0.005469990261829327
0.0053824138527585625
0.005299093292509867
0.005219765208973196
0.005144188368287361
0.005072141429320387
0.0050034209667120305
0.004937839725842535
0.004875225078688864
0.004815417654184091
0.004758270120580602
0.004703646100571668
0.004651419202660769
0.004601472154573867
0.004553696026460217
0.004507989533282079
0.00446425840720161
0.004422414831974653
0.00438237693238916
0.004344068312667879
0.004307417638513436
0.004272358258128059
0.004238827858105447
0.004206768150582052
0.004176124588460325
0.004146846105886545
0.004118884881488629
0.004092196122161428
0.004066737865434027
0.004042470798670416
0.00401935809354549
0.003997365254406345
0.003976459979277038
0.003956612032396162
0.003937793127292782
0.003919976819509416
0.0039031384081725535
0.0038872548456930223
0.0038723046549515344
0.0038582678533901895
0.0038451258834893104
0.0038328615491617516
0.0038214589576443113
0.003810903466508788
0.0038011816354540933
0.003792281182576169
0.003784190944844603
0.0037769008425442884
0.003770401847467484
0.0037646859546665284
0.003759746157600534
0.003755576426530825
0.0037521716900400246
0.0037495278195685496
0.003747641616880273
0.0037465108043861607
0.00374613401827124
0.0037465108043861607
0.003747641616880273
0.0037495278195685496
0.0037521716900400246
0.003755576426530825
0.003759746157600534
0.0037646859546665284
0.003770401847467484
0.0037769008425442884
0.003784190944844603
0.003792281182576169
0.0038011816354540933
0.003810903466508788
0.0038214589576443113
0.0038328615491617516
0.0038451258834893104
0.0038582678533901895
0.0038723046549515344
0.0038872548456930223
0.0039031384081725535
0.003919976819509416
0.003937793127292782
0.003956612032396162
0.003976459979277038
0.003997365254406345
0.00401935809354549
0.004042470798670416
0.004066737865434027
0.004092196122161428
0.004118884881488629
0.004146846105886545
0.004176124588460325
0.004206768150582052
0.004238827858105447
0.004272358258128059
0.004307417638513436
0.004344068312667879
0.00438237693238916
0.004422414831974653
0.00446425840720161
0.004507989533282079
0.004553696026460217
0.004601472154573867
0.004651419202660769
0.004703646100571668
0.004758270120580602
0.004815417654184091
0.004875225078688864
0.004937839725842535
0.0050034209667120305
0.005072141429320387
0.005144188368287361
0.005219765208973196
0.005299093292509867
0.0053824138527585625
0.005469990261829327
0.005562110587554728
0.005659090514497099
0.005761276690032126
0.005869050569228366
0.005982832847191134
0.00610308858597808
0.00623033316604937
0.006365139220692464
0.00650814474753457
0.006660062636198005
0.006821691908111636
0.006993931037132178
0.007177793812885021
0.007374428329293235
0.007585139837772481
0.007811418410649
0.008054972633089578
0.008317770905955982
0.00860209243270043
0.008910590631329174
0.009246372631309542
0.0096130997938837
0.01001511599541646
0.010457612984609194
0.0109468458480394
0.011490417096266626
0.01209765608086084
0.012780132957849077
0.013552365898224518
0.014432811348346852
0.015445278188059717
0.016620993199865354
0.01800169799986099
0.01964444068942696
0.021629284318102612
0.02407235098983458
0.027149466901655244
0.03114339118194307
0.03655206608932644
0.044388351536664386
0.057248949331212405
0.08475068597665485
0.18834255835115746

0.18665879237239955
0.18561761372818616
0.157314691624003
0.11877011761561616
0.09449119709186068
0.10584584875946462
0.15995738582820654
0.23968150911053768
0.30508657487645874
0.316574836881369
0.26529612673563485
0.17945078939730283
0.11060141555941855
0.2329129806474904
0.8768095229870368
1.2257449865656502
0.5426607171673492
0.07533707211400342
0.00328930330337507
4.751520841384098e-05
4.970064321869968e-07
2.4191508948639163e-08
1.4953248563234834e-09
7.520704790709061e-11
3.046530937698721e-12
9.939091827620242e-14
2.6114504784717368e-15
5.525999831168819e-17
9.417462968402754e-19
1.2925607265615562e-20
1.428768846768847e-22
1.2719410079788227e-24
9.119393330586684e-27
5.265733884035514e-29
2.4487578875070876e-31
9.171212781406675e-34
2.7663152603011738e-36
6.720019859938493e-39
1.3147204603473923e-41
2.071525424883281e-44
2.6287004252840598e-47
2.686494179389808e-50
2.211183034988742e-53
1.4657417703888497e-56
7.824997661090447e-60
3.3643792787697175e-63
1.1649832031536551e-66
3.2488402653204514e-70
7.296776357228876e-74
1.319859470960448e-77
1.9227301298215396e-81
2.255812255456354e-85
2.131481427429963e-89
1.6220122691099775e-93
9.940785395876445e-98
4.906606645287398e-102
1.9504542517699298e-106
6.244307406547351e-111
1.6100032897980424e-115
3.343206738662723e-120
5.591053995708614e-125
7.530401384058611e-130
8.168391783635357e-135
7.135904312680191e-140
5.0205996405821506e-145
2.8448317253481704e-150
1.2982342224422207e-155
4.771433263797205e-161
1.412402846582407e-166
3.3677511958997415e-172
6.471894372908139e-178
1.0047467951449095e-183
1.2733608631707705e-189
1.3790969486390038e-195
1.509211953828921e-201
2.2717149784901915e-207
4.7363432901069446e-213
1.0211632943706674e-218
1.9496923584833568e-224
3.1686206688899556e-230
4.348805386419417e-236
5.033112892896607e-242
4.91090567466827e-248
4.0394925525658846e-254
2.8011057943376305e-260
1.637454610674941e-266
8.069488869584562e-273
3.3524304219435024e-279
1.1741146522074763e-285
3.466556085387383e-292
8.628254422737763e-299
1.810442111409261e-305
3.202457179806e-312
4.7755e-319
0.0
0.0
0.0
0.0
0.0
0.0
