1.1361232611136434
0.05897504702495267
0.0048946721135870765
0.0005651687146383148
8.206110312478893e-05
1.4364366048100026e-05
2.9882337057859676e-06
7.352900520929434e-07
2.1351880759737682e-07
7.318844724025412e-08
2.9185772418238738e-08
1.3531248411766391e-08
7.16623773335476e-09
4.256866097853508e-09
2.7803547534311465e-09
1.960049510971049e-09
1.4673986973795798e-09
1.1514689543866854e-09
9.374358968132465e-10
7.856447647245191e-10
6.738081481109727e-10
5.88737441498313e-10
5.222680666965037e-10
4.691418835650878e-10
4.2585311479974614e-10
3.899920201197592e-10
3.5985712831483014e-10
3.3421816304232705e-10
3.1216657467218296e-10
2.9301865995264925e-10
2.762511785790277e-10
2.6145758763443236e-10
2.483176746460928e-10
2.3657609031850556e-10
2.2602691202631354e-10
2.1650236955164832e-10
2.078644922375384e-10
1.9999883866850552e-10
1.92809732267541e-10
1.8621660035771522e-10
1.801511317724052e-10
1.7455504862514622e-10
1.6937834380204445e-10
1.6457787512956862e-10
1.6011623524305574e-10
1.5596083641929184e-10
1.52083164384672e-10
1.4845816596738069e-10
1.4506374353102166e-10
1.4188033517824708e-10
1.3889056428948459e-10
1.360789454510549e-10
1.3343163650743458e-10
1.3093622854647711e-10
1.285815672422424e-10
1.2635760024713016e-10
1.2425524632471153e-10
1.222662827080579e-10
1.2038324780158888e-10
1.1859935685255068e-10
1.1690842862800047e-10
1.1530482146526722e-10
1.1378337733425673e-10
1.1233937277112417e-10
1.1096847572449588e-10
1.0966670750525066e-10
1.0843040915493816e-10
1.0725621165103995e-10
1.0614100945331234e-10
1.0508193696748058e-10
1.0407634756306264e-10
1.0312179483309877e-10
1.0221601582668437e-10
1.0135691602177212e-10
1.0054255583681818e-10
9.977113850638586e-11
9.904099916852459e-11
9.835059503121804e-11
9.769849650195197e-11
9.70833791788999e-11
9.650401661472268e-11
9.595927377480961e-11
9.544810112120666e-11
9.496952926168375e-11
9.452266411056379e-11
9.410668251421927e-11
9.372082829966281e-11
9.336440870952145e-11
9.303679119098464e-11
9.273740051012792e-11
9.246571616640694e-11
9.222127008514827e-11
9.20036445685816e-11
9.181247048840993e-11
9.164742570513457e-11
9.150823370137736e-11
9.139466241829776e-11
9.13065232859213e-11
9.124367043979377e-11
9.120600011787942e-11
9.11934502330498e-11
9.120600011787942e-11
9.124367043979377e-11
9.13065232859213e-11
9.139466241829776e-11
9.150823370137736e-11
9.164742570513457e-11
9.181247048840993e-11
9.20036445685816e-11
9.222127008514827e-11
9.246571616640694e-11
9.273740051012792e-11
9.303679119098464e-11
9.336440870952145e-11
9.372082829966281e-11
9.410668251421927e-11
9.452266411056379e-11
9.496952926168375e-11
9.544810112120666e-11
9.595927377480961e-11
9.650401661472268e-11
9.70833791788999e-11
9.769849650195197e-11
9.835059503121804e-11
9.904099916852459e-11
9.977113850638586e-11
1.0054255583681818e-10
1.0135691602177212e-10
1.0221601582668437e-10
1.0312179483309877e-10
1.0407634756306264e-10
1.0508193696748058e-10
1.0614100945331234e-10
1.0725621165103995e-10
1.0843040915493816e-10
1.0966670750525066e-10
1.1096847572449588e-10
1.1233937277112417e-10
1.1378337733425673e-10
1.1530482146526722e-10
1.1690842862800047e-10
1.1859935685255068e-10
1.2038324780158888e-10
1.222662827080579e-10
1.2425524632471153e-10
1.2635760024713016e-10
1.285815672422424e-10
1.3093622854647711e-10
1.3343163650743458e-10
1.360789454510549e-10
1.3889056428948459e-10
1.4188033517824708e-10
1.4506374353102166e-10
1.4845816596738069e-10
1.52083164384672e-10
1.5596083641929184e-10
1.6011623524305574e-10
1.6457787512956862e-10
1.6937834380204445e-10
1.7455504862514622e-10
1.801511317724052e-10
1.8621660035771522e-10
1.92809732267541e-10
1.9999883866850552e-10
2.078644922375384e-10
2.1650236955164832e-10
2.2602691202631354e-10
2.3657609031850556e-10
2.483176746460928e-10
2.6145758763443236e-10
2.762511785790277e-10
2.9301865995264925e-10
3.1216657467218296e-10
3.3421816304232705e-10
3.5985712831483014e-10
3.899920201197592e-10
4.2585311479974614e-10
4.691418835650878e-10
5.222680666965037e-10
5.88737441498313e-10
6.738081481109727e-10
7.856447647245191e-10
9.374358968132465e-10
1.1514689543866854e-09
1.4673986973795798e-09
1.960049510971049e-09
2.7803547534311465e-09
4.256866097853508e-09
7.16623773335476e-09
1.3531248411766391e-08
2.9185772418238738e-08
7.318844724025412e-08
2.1351880759737682e-07
7.352900520929434e-07
2.9882337057859676e-06
1.4364366048100026e-05
8.206110312478893e-05
0.0005651687146383148
0.0048946721135870765
0.05897504702495267

3.882301426640719e-09
7.004168609149405e-08
9.885687931666719e-07
1.0915413064946628e-05
9.428800944989921e-05
0.0006371708981818819
0.0033685205673570384
0.01393185149625741
0.04507909353675278
0.11412488087792715
0.22615009072564604
0.3513444800134253
0.4308183360818773
0.4282030874826777
0.37877981246371506
0.36898497986176565
0.4538537366698976
0.593693322706484
0.67904018163256
0.6284628500392592
0.46082780009469787
0.26633936685831405
0.12118300294664297
0.04339449504906809
0.012228851568186157
0.0027119911395643444
0.0004733048130135054
6.500448130190322e-05
7.02579249331259e-06
5.975812580029465e-07
3.9998917833102335e-08
2.106925300937501e-09
8.733727915192789e-11
2.8490482266904773e-12
7.313909232940343e-14
1.4775730285167552e-15
2.349080860856495e-17
2.938979798900922e-19
2.8936423931164816e-21
2.2420368110032806e-23
1.3670683922258138e-25
6.559751212498223e-28
2.4770462624765136e-30
7.360892749563993e-33
1.7213789392832868e-35
3.1679046639231367e-38
4.5879359299385126e-41
5.228922541216767e-44
4.689825626943581e-47
3.310173864772152e-50
1.838630831194146e-53
8.036887593937653e-57
2.764590892946495e-60
7.483822438008007e-64
1.59428404395017e-67
2.6727451323624025e-71
3.526135669435859e-75
3.660918929028386e-79
2.9910992787897682e-83
1.923185463247193e-87
9.731081953398288e-92
3.874812709433763e-96
1.2141991484418928e-100
2.9941858615209297e-105
5.810549557793037e-110
8.873711130948907e-115
1.0664561107925153e-119
1.0086263511682612e-124
7.5070145289168e-130
4.3969732700537996e-135
2.0267025667742226e-140
7.351497815526903e-146
2.0985110987200994e-151
4.714073302374048e-157
8.333568609036084e-163
1.1593520174023934e-168
1.269256078282457e-174
1.093535294193726e-180
7.414228735730891e-187
3.95593164649561e-193
1.6610442438046343e-199
5.488621027282893e-206
1.427233111245789e-212
2.9206277216957303e-219
4.703348034583028e-226
5.9605680821891485e-233
5.94453395721509e-240
4.665493562635567e-247
2.881555573576413e-254
1.400573897032912e-261
5.3571607611720904e-269
1.6125491225640001e-276
3.8198019875334014e-284
7.120629191913404e-292
1.0445891567679999e-299
1.2059304999884838e-307
1.09559154e-315
5e-324
0.0
0.0
