0.7809484318242518
0.43294189144424056
0.30921859361384385
0.23799583542251126
0.1903535527328472
0.1565184236912247
0.13159976853808605
0.11273089341774128
0.09810721459743883
0.08654342228662804
0.07723626765585209
0.06962727239510985
0.06331941661318324
0.0580248255500364
0.05353100738504425
0.04967854696754776
0.046346059681068454
0.04343985081741379
0.040886686371852
0.038628658898725146
0.036619487770093204
0.03482181676038686
0.03320521506305931
0.031744681123003965
0.0304195104037608
0.029212429673474427
0.028108928629870945
0.02709673916263422
0.026165426152498807
0.02530606331308198
0.024510974440944952
0.02377352538777366
0.023087955673237615
0.022449241307268664
0.021852982356106457
0.021295310256530746
0.020772810990931253
0.020282461077658735
0.019821573975140915
0.019387754994390993
0.018978863199267067
0.018592979074056055
0.018228376973631843
0.017883501557515922
0.017556947556897174
0.01724744234157097
0.016953830848333868
0.016675062508603865
0.016410179874772085
0.01615830869501079
0.015918649227290152
0.01569046861701309
0.015473094190398844
0.015265907538665514
0.015068339287082315
0.014879864458803245
0.014699998356632046
0.014528292896968411
0.014364333339522917
0.014207735364266616
0.014058142453749513
0.013915223544581874
0.013778670916689825
0.013648198293068544
0.013523539126275136
0.013404445050921927
0.013290684484027822
0.013182041357323728
0.013078313967542948
0.0129793139324031
0.012884865241441
0.012794803392127655
0.012708974602794052
0.012627235094862566
0.012549450437723014
0.012475494950332901
0.012405251154272354
0.012338609273557613
0.012275466777022945
0.01221572795952821
0.012159303558645888
0.012106110403833177
0.012056071095407945
0.0120091137109265
0.011965171536810443
0.011924182823293286
0.011886090560957902
0.011850842277316352
0.011818389852046406
0.011788689349646326
0.011761700868403415
0.011737388404693587
0.011715719731740744
0.011696666292067184
0.011680203102960718
0.011666308674371914
0.011654964938736675
0.01164615719229614
0.011639874047558507
0.011636107396616654
0.011634852385101651
0.011636107396616654
0.011639874047558507
0.01164615719229614
0.011654964938736675
0.011666308674371914
0.011680203102960718
0.011696666292067184
0.011715719731740744
0.011737388404693587
0.011761700868403415
0.011788689349646326
0.011818389852046406
0.011850842277316352
0.011886090560957902
0.011924182823293286
0.011965171536810443
0.0120091137109265
0.012056071095407945
0.012106110403833177
0.012159303558645888
0.01221572795952821
0.012275466777022945
0.012338609273557613
0.012405251154272354
0.012475494950332901
0.012549450437723014
0.012627235094862566
0.012708974602794052
0.012794803392127655
0.012884865241441
0.0129793139324031
0.013078313967542948
0.013182041357323728
0.013290684484027822
0.013404445050921927
0.013523539126275136
0.013648198293068544
0.013778670916689825
0.013915223544581874
0.014058142453749513
0.014207735364266616
0.014364333339522917
0.014528292896968411
0.014699998356632046
0.014879864458803245
0.015068339287082315
0.015265907538665514
0.015473094190398844
0.01569046861701309
0.015918649227290152
0.01615830869501079
0.016410179874772085
0.016675062508603865
0.016953830848333868
0.01724744234157097
0.017556947556897174
0.017883501557515922
0.018228376973631843
0.018592979074056055
0.018978863199267067
0.019387754994390993
0.019821573975140915
0.020282461077658735
0.020772810990931253
0.021295310256530746
0.021852982356106457
0.022449241307268664
0.023087955673237615
0.02377352538777366
0.024510974440944952
0.02530606331308198
0.026165426152498807
0.02709673916263422
0.028108928629870945
0.029212429673474427
0.0304195104037608
0.031744681123003965
0.03320521506305931
0.03482181676038686
0.036619487770093204
0.038628658898725146
0.040886686371852
0.04343985081741379
0.046346059681068454
0.04967854696754776
0.05353100738504425
0.0580248255500364
0.06331941661318324
0.06962727239510985
0.07723626765585209
0.08654342228662804
0.09810721459743883
0.11273089341774128
0.13159976853808605
0.1565184236912247
0.1903535527328472
0.23799583542251126
0.30921859361384385
0.43294189144424056

0.5590981068927633
0.9611313531950771
0.8761843920652538
0.42428839913993466
0.14319707745246382
0.06898476755460702
0.058960366587593
0.06599239908677867
0.08295136139308554
0.10473612697321481
0.12426050614147266
0.13456172541547942
0.1315430445769948
0.11561694469123306
0.0912314746102606
0.06459555657705433
0.041030557989099534
0.02337897813804467
0.011949340618052891
0.005478447759886245
0.0022530156132989794
0.0008311188233004253
0.00027501344032046857
8.162749160895597e-05
2.173254803394682e-05
5.190109031566092e-06
1.1118186056337676e-06
2.136402168730354e-07
3.682338399459132e-08
5.693194169931162e-09
7.895504892538678e-10
9.821898223883039e-11
1.0959798349270265e-11
1.0969865654196454e-12
9.848989296184991e-14
7.931834305135508e-15
5.72990223947678e-16
3.7128927342562815e-17
2.1580882695507524e-18
1.1251686336529263e-19
5.2620823546541555e-21
2.2074418704010096e-22
8.306393904261644e-24
2.8036731328719745e-25
8.488556598112421e-27
2.305323772366212e-28
5.6159291476652725e-30
1.2271648930772026e-31
2.4053364696720977e-33
4.229026056433701e-35
6.6695494532312186e-37
9.435050834704442e-39
1.1972465740359802e-40
1.3627449230585715e-42
1.391352439135133e-44
1.2742403282822327e-46
1.0467841770206327e-48
7.713554705434161e-51
5.098513690219731e-53
3.0229031060723435e-55
1.607668398804738e-57
7.669381377939046e-60
3.2818279192061954e-62
1.2596876955652519e-64
4.337121417810019e-67
1.3394665875043208e-69
3.7106825365777266e-72
9.220772927600972e-75
2.055286952126628e-77
4.1093129273750916e-80
7.369831777309183e-83
1.1855982415319068e-85
1.7108389510449387e-88
2.2144828613197788e-91
2.57114831162442e-94
2.6777716870910754e-97
2.501563739171619e-100
2.0962410048965648e-103
1.5756598263689202e-106
1.0623688389209534e-109
6.425098592154947e-113
3.485586622055031e-116
1.6961473381293627e-119
7.403598886262388e-123
2.898770272813879e-126
1.0180669235707348e-129
3.207232674128942e-133
9.06308846152275e-137
2.2972781486841658e-140
5.22327096158387e-144
1.0652784503100017e-147
1.948836207591657e-151
3.1980050942796745e-155
4.707329275407068e-159
6.215293258100223e-163
7.36105905107116e-167
7.820069813649402e-171
7.45199679663824e-175
6.369810341051094e-179
4.883963583711084e-183
