0.5883570913687545
0.02980293392909801
0.002171796940434962
0.00020050314700393028
2.2278053033385164e-05
2.943375147265231e-06
4.6848026359508e-07
9.37057092691065e-08
2.5290614204851623e-08
9.695165893462989e-09
5.079262145198663e-09
3.2862817140402027e-09
2.4072153086256397e-09
1.8968988619425876e-09
1.5652110961215345e-09
1.3327088372882952e-09
1.1609173879430073e-09
1.0289811316173436e-09
9.246032431257837e-10
8.400585855880357e-10
7.702498418547898e-10
7.116793489508342e-10
6.6186890850463e-10
6.190148858361801e-10
5.817742355234808e-10
5.491269284595178e-10
5.202847718872104e-10
4.94629369921064e-10
4.716689304207277e-10
4.5100757594250875e-10
4.3232314030178164e-10
4.1535084087795114e-10
3.99871093829344e-10
3.857002986577429e-10
3.7268378294064474e-10
3.6069034010644453e-10
3.496079567951614e-10
3.3934043881639107e-10
3.298047231606011e-10
3.2092871898893076e-10
3.1264956025109383e-10
3.0491218136763796e-10
2.976681485039691e-10
2.908746945759415e-10
2.8449391779531143e-10
2.7849211236324656e-10
2.7283920661313417e-10
2.67508289035379e-10
2.624752065808409e-10
2.5771822272355394e-10
2.532177251789744e-10
2.4895597507821416e-10
2.44916890908941e-10
2.4108586173830667e-10
2.3744958519950904e-10
2.339959265026717e-10
2.3071379536201536e-10
2.2759303824529906e-10
2.2462434377191412e-10
2.2179915943137576e-10
2.1910961807885226e-10
2.1654847290034144e-10
2.1410903973628966e-10
2.1178514581617602e-10
2.0957108409369794e-10
2.074615724874219e-10
2.0545171742891404e-10
2.0353698120253599e-10
2.0171315263080846e-10
1.9997632071856705e-10
1.9832285091976063e-10
1.9674936373406636e-10
1.95252715377669e-10
1.9382998030453386e-10
1.9247843538208863e-10
1.911955455490813e-10
1.8997895080405562e-10
1.888264543908523e-10
1.8773601206318485e-10
1.867057223240016e-10
1.857338175472932e-10
1.848186559004861e-10
1.8395871399477708e-10
1.8315258019888327e-10
1.8239894855885105e-10
1.816966132729217e-10
1.810444636760872e-10
1.8044147969398926e-10
1.7988672773030087e-10
1.7937935695573766e-10
1.7891859597046035e-10
1.7850374981488177e-10
1.7813419730683944e-10
1.7780938868577847e-10
1.7752884354704183e-10
1.7729214905162e-10
1.7709895839879907e-10
1.7694898955109094e-10
1.768420242026524e-10
1.7677790698412888e-10
1.7675654489850389e-10
1.7677790698412888e-10
1.768420242026524e-10
1.7694898955109094e-10
1.7709895839879907e-10
1.7729214905162e-10
1.7752884354704183e-10
1.7780938868577847e-10
1.7813419730683944e-10
1.7850374981488177e-10
1.7891859597046035e-10
1.7937935695573766e-10
1.7988672773030087e-10
1.8044147969398926e-10
1.810444636760872e-10
1.816966132729217e-10
1.8239894855885105e-10
1.8315258019888327e-10
1.8395871399477708e-10
1.848186559004861e-10
1.857338175472932e-10
1.867057223240016e-10
1.8773601206318485e-10
1.888264543908523e-10
1.8997895080405562e-10
1.911955455490813e-10
1.9247843538208863e-10
1.9382998030453386e-10
1.95252715377669e-10
1.9674936373406636e-10
1.9832285091976063e-10
1.9997632071856705e-10
2.0171315263080846e-10
2.0353698120253599e-10
2.0545171742891404e-10
2.074615724874219e-10
2.0957108409369794e-10
2.1178514581617602e-10
2.1410903973628966e-10
2.1654847290034144e-10
2.1910961807885226e-10
2.2179915943137576e-10
2.2462434377191412e-10
2.2759303824529906e-10
2.3071379536201536e-10
2.339959265026717e-10
2.3744958519950904e-10
2.4108586173830667e-10
2.44916890908941e-10
2.4895597507821416e-10
2.532177251789744e-10
2.5771822272355394e-10
2.624752065808409e-10
2.67508289035379e-10
2.7283920661313417e-10
2.7849211236324656e-10
2.8449391779531143e-10
2.908746945759415e-10
2.976681485039691e-10
3.0491218136763796e-10
3.1264956025109383e-10
3.2092871898893076e-10
3.298047231606011e-10
3.3934043881639107e-10
3.496079567951614e-10
3.6069034010644453e-10
3.7268378294064474e-10
3.857002986577429e-10
3.99871093829344e-10
4.1535084087795114e-10
4.3232314030178164e-10
4.5100757594250875e-10
4.716689304207277e-10
4.94629369921064e-10
5.202847718872104e-10
5.491269284595178e-10
5.817742355234808e-10
6.190148858361801e-10
6.6186890850463e-10
7.116793489508342e-10
7.702498418547898e-10
8.400585855880357e-10
9.246032431257837e-10
1.0289811316173436e-09
1.1609173879430073e-09
1.3327088372882952e-09
1.5652110961215345e-09
1.8968988619425876e-09
2.4072153086256397e-09
3.2862817140402027e-09
5.079262145198663e-09
9.695165893462989e-09
2.5290614204851623e-08
9.37057092691065e-08
4.6848026359508e-07
2.943375147265231e-06
2.2278053033385164e-05
0.00020050314700393028
0.002171796940434962
0.02980293392909801

8.036286949968848e-09
4.8084039412322726e-08
2.624712281626138e-07
1.3385550241079568e-06
6.802126739263453e-06
3.7663095335440004e-05
0.00022685232674016023
0.0013077468054145801
0.00635257485759186
0.024291611910794222
0.07107467307218952
0.15755650030697155
0.26459640090248465
0.33989143900550145
0.3434027259631688
0.2917953892857719
0.2366038699670317
0.2083644735381704
0.20019860868772332
0.1920066272547497
0.17218598670692267
0.14090191862351267
0.10455532846922086
0.07026598347240796
0.042759087128386795
0.02356053689234395
0.011754773885112207
0.005310257978291034
0.0021721469276500464
0.0008045166077140611
0.0002698069088331511
8.193007567773195e-05
2.2527130914328866e-05
5.608421519061821e-06
1.26429275210591e-06
2.580636803625191e-07
4.7695605024444883e-08
7.981822670697934e-09
1.2094781443018384e-09
1.659457797050287e-10
2.0616105893147313e-11
2.3190990484685352e-12
2.362132180732197e-13
2.178518900093068e-14
1.8192429685177684e-15
1.3756004687336045e-16
9.418162130771142e-18
5.838647375445208e-19
3.277408445412015e-20
1.6657933625565627e-21
7.666266691017634e-23
3.1946181619869203e-24
1.2053862321534292e-25
4.118183878642818e-27
1.2739649475457064e-28
3.5684651569684316e-30
9.050606425358186e-32
2.078481367931293e-33
4.322020565376227e-35
8.137664102041917e-37
1.3873464499426533e-38
2.141619595976008e-40
2.9934497626103915e-42
3.7885572395672194e-44
4.341581615305436e-46
4.5049951009889e-48
4.2326554167447255e-50
3.600839313784788e-52
2.773746751288993e-54
1.9346486683763204e-56
1.2218268035089162e-58
6.986978786109405e-61
3.6177740422365313e-63
1.6961555947247486e-65
7.200492083587002e-68
2.7677757661723743e-70
9.633228565755916e-73
3.0358832385066096e-75
8.663043618684404e-78
2.2383509222467216e-80
5.236704717941645e-83
1.1093286623730129e-85
2.1278186919098393e-88
3.6955683771685897e-91
5.811658703851512e-94
8.275441993536346e-97
1.0669757105439264e-99
1.2456329967983622e-102
1.3167335838740352e-105
1.260311671411258e-108
1.0922705918275122e-111
8.571459172193989e-115
6.0904799514472346e-118
3.918505964776813e-121
2.2827678300789212e-124
1.2041350893386872e-127
5.751232409980872e-131
2.4872466862874658e-134
9.739777618393162e-138
3.4534363687388956e-141
