0.6705585600583508
0.018349222468355752
0.0008203609816777741
4.813713415051802e-05
3.208394627737338e-06
2.2950652100274074e-07
9.599871533925185e-09
8.895662910244759e-10
9.189889291793777e-11
1.1193077224552908e-11
1.8504758215181387e-12
4.796604251546972e-13
1.8892816256268277e-13
9.797871751787229e-14
6.024744395940306e-14
4.134026163811448e-14
3.069161916486558e-14
2.409234022246984e-14
1.970129143415577e-14
1.6612399406490112e-14
1.4341520820901765e-14
1.2611836172459975e-14
1.125586027394092e-14
1.0167317584424788e-14
9.27599319255211e-15
8.533868187413993e-15
7.907113042990717e-15
7.371272926170548e-15
6.908267819179863e-15
6.5044639789306904e-15
6.149399267503344e-15
5.8349195910175744e-15
5.554580779313665e-15
5.3032259999075154e-15
5.076681784617449e-15
4.871535789424171e-15
4.684971886599681e-15
4.5146461321278466e-15
4.358592312723546e-15
4.2151491933692344e-15
4.0829038872504035e-15
3.96064734441446e-15
3.847339048769018e-15
3.742078782657383e-15
3.644083866952806e-15
3.5526706804763182e-15
3.4672395513187747e-15
3.3872623255007497e-15
3.3122720768282338e-15
3.2418545407985493e-15
3.1756409455645273e-15
3.1133019818232275e-15
3.0545427064932297e-15
2.9990982161316735e-15
2.946729958115054e-15
2.897222572807446e-15
2.850381179862176e-15
2.806029037646025e-15
2.7640055174447203e-15
2.7241643442948294e-15
2.686372064518492e-15
2.650506706721587e-15
2.61645660846889e-15
2.5841193853182375e-15
2.553401022573024e-15
2.5242150731510796e-15
2.496481947488732e-15
2.470128283498023e-15
2.4450863863493792e-15
2.421293729323293e-15
2.3986925082127404e-15
2.3772292428032554e-15
2.3568544198428877e-15
2.3375221726661994e-15
2.319189993277203e-15
2.301818473243578e-15
2.285371070223553e-15
2.269813897349873e-15
2.2551155330424534e-15
2.2412468491211995e-15
2.2281808553501443e-15
2.2158925587695605e-15
2.2043588363689198e-15
2.1935583198248764e-15
2.1834712911783055e-15
2.1740795884559133e-15
2.165366520357617e-15
2.1573167892329518e-15
2.1499164216601107e-15
2.1431527060214144e-15
2.137014136540495e-15
2.131490363310407e-15
2.1265721478993113e-15
2.122251324172205e-15
2.118520764014208e-15
2.115374347683813e-15
2.11280693856394e-15
2.1108143621150995e-15
2.10939338886897e-15
2.1085417213327393e-15
2.1082579847049416e-15
2.1085417213327393e-15
2.10939338886897e-15
2.1108143621150995e-15
2.11280693856394e-15
2.115374347683813e-15
2.118520764014208e-15
2.122251324172205e-15
2.1265721478993113e-15
2.131490363310407e-15
2.137014136540495e-15
2.1431527060214144e-15
2.1499164216601107e-15
2.1573167892329518e-15
2.165366520357617e-15
2.1740795884559133e-15
2.1834712911783055e-15
2.1935583198248764e-15
2.2043588363689198e-15
2.2158925587695605e-15
2.2281808553501443e-15
2.2412468491211995e-15
2.2551155330424534e-15
2.269813897349873e-15
2.285371070223553e-15
2.301818473243578e-15
2.319189993277203e-15
2.3375221726661994e-15
2.3568544198428877e-15
2.3772292428032554e-15
2.3986925082127404e-15
2.421293729323293e-15
2.4450863863493792e-15
2.470128283498023e-15
2.496481947488732e-15
2.5242150731510796e-15
2.553401022573024e-15
2.5841193853182375e-15
2.61645660846889e-15
2.650506706721587e-15
2.686372064518492e-15
2.7241643442948294e-15
2.7640055174447203e-15
2.806029037646025e-15
2.850381179862176e-15
2.897222572807446e-15
2.946729958115054e-15
2.9990982161316735e-15
3.0545427064932297e-15
3.1133019818232275e-15
3.1756409455645273e-15
3.2418545407985493e-15
3.3122720768282338e-15
3.3872623255007497e-15
3.4672395513187747e-15
3.5526706804763182e-15
3.644083866952806e-15
3.742078782657383e-15
3.847339048769018e-15
3.96064734441446e-15
4.0829038872504035e-15
4.2151491933692344e-15
4.358592312723546e-15
4.5146461321278466e-15
4.684971886599681e-15
4.871535789424171e-15
5.076681784617449e-15
5.3032259999075154e-15
5.554580779313665e-15
5.8349195910175744e-15
6.149399267503344e-15
6.5044639789306904e-15
6.908267819179863e-15
7.371272926170548e-15
7.907113042990717e-15
8.533868187413993e-15
9.27599319255211e-15
1.0167317584424788e-14
1.125586027394092e-14
1.2611836172459975e-14
1.4341520820901765e-14
1.6612399406490112e-14
1.970129143415577e-14
2.409234022246984e-14
3.069161916486558e-14
4.134026163811448e-14
6.024744395940306e-14
9.797871751787229e-14
1.8892816256268277e-13
4.796604251546972e-13
1.8504758215181387e-12
1.1193077224552908e-11
9.189889291793777e-11
8.895662910244759e-10
9.599871533925185e-09
2.2950652100274074e-07
3.208394627737338e-06
4.813713415051802e-05
0.0008203609816777741
0.018349222468355752

9.081120092414859e-14
1.4042025562853507e-12
1.8963507566458395e-11
2.2366918171941756e-10
2.3040515849709524e-09
2.0728926762748338e-08
1.6287709158673233e-07
1.1177425408618893e-06
6.699349686410207e-06
3.523136929116825e-05
0.00020339528751436164
0.0035815736529059786
0.05449780881233409
0.2484671489181087
0.3088713708092501
0.13306020361560214
0.09265305417220486
0.1511933802754402
0.23374822141362556
0.3159448627736756
0.37297048069486427
0.38453528224020944
0.3462553535655714
0.27230484566683394
0.18703066246172267
0.11219379132747645
0.05877916414561158
0.026895310187528547
0.010748015362420841
0.003751272119308884
0.0011434769896161501
0.00030442117625974706
7.078167886486286e-05
1.4373595829711425e-05
2.549227341527378e-06
3.9486648748431925e-07
5.3418360524855626e-08
6.311453732389036e-09
6.512786185331019e-10
5.869522987642908e-11
4.619950951599763e-12
3.1759268540008847e-13
1.906787023748063e-14
9.998444810283866e-16
4.578901374716607e-17
1.8314231290792874e-18
6.397564447058387e-20
1.9518175294202726e-21
5.2007062981700684e-23
1.2102748602976479e-24
2.4598253101127363e-26
4.366395683990542e-28
6.769248882240283e-30
9.16550596633979e-32
1.0838544789797624e-33
1.1193968449510668e-35
1.009707890234849e-37
7.954373712899448e-40
5.4728658385336493e-42
3.288684280843474e-44
1.7259496915670854e-46
7.911023096191914e-49
3.1669101495258667e-51
1.1072288697763988e-53
3.380941293688537e-56
9.016467637334729e-59
2.1000701225197285e-61
4.271985147105513e-64
7.589693563685694e-67
1.1776529343262308e-69
1.5959120917502509e-72
1.8888574422276372e-75
1.952486176076959e-78
1.762687494463751e-81
1.3898286139494199e-84
9.570744968710868e-88
5.75610633742061e-91
3.023503270807437e-94
1.3870453053267565e-97
5.557371383021584e-101
1.9446738026018103e-104
5.943231903635306e-108
1.5863432292058337e-111
3.6980281398840875e-115
7.529078643605475e-119
1.338788660080778e-122
2.0791258896379196e-126
2.819993564848279e-130
3.34051955067701e-134
3.4560378333855785e-138
3.1227809974518174e-142
2.4643542491834054e-146
1.6984912610359312e-150
1.0224028832798966e-154
5.375011330638713e-159
2.467943837199219e-163
9.896684605985654e-168
3.4661133224323784e-172
1.0602160018540391e-176
2.8323343639532496e-181
