0.8842093849168164
0.3061279354696869
0.24010131245146749
0.20538012195148458
0.1790232951790955
0.15812864098526896
0.14125910090087457
0.12743177923964583
0.11594429108237836
0.10628466969169624
0.0980733940504154
0.09102473502448273
0.08492047916663703
0.07959175920294909
0.07490628886203916
0.07075926014122934
0.06706676113046336
0.06376095388719948
0.060786498215588035
0.05809786880803382
0.05565732076680581
0.053433331104429826
0.05139939344253265
0.04953307747507117
0.04781528881604583
0.04622968188659708
0.04476219068838308
0.043400651124158654
0.04213449495954946
0.04095450025812676
0.03985258664189377
0.03882164636595483
0.03785540418666819
0.03694830051659304
0.03609539351934874
0.03529227669204307
0.034535009177370346
0.03382005658995116
0.03314424056776911
0.032504695596454074
0.031898831921868556
0.03132430358029596
0.03077898074720527
0.03026092574405512
0.02976837215483387
0.029299706595395
0.028853452753337075
0.028428257377489337
0.02802287794659368
0.02763617178857547
0.027267086456505937
0.026914651196280462
0.026577969365220933
0.02625621168109631
0.025948610198128698
0.025654452920964146
0.02537307897978968
0.025103874300139693
0.02484626770975703
0.02459972743240726
0.02436375792499252
0.024137897019845377
0.023921713338844314
0.023714803950098055
0.023516792241495162
0.023327325988489977
0.023146075596165685
0.022972732497938214
0.02280700769529004
0.022648630424692794
0.022497346939426757
0.022352919395364507
0.022215124830980194
0.02208375423289779
0.021958611679219545
0.021839513553695473
0.021726287824521292
0.021618773382195682
0.02151681943144046
0.021420284932696564
0.02132903808916313
0.021242955875753235
0.02116192360670332
0.02108583453889958
0.021014589508277767
0.020948096596917317
0.020886270828688974
0.020829033891531373
0.02077631388462799
0.020728045088934426
0.020684167759668824
0.020644627939527753
0.020609377291527144
0.020578372950494632
0.020551577392357447
0.020528958320479632
0.02051048856840519
0.02049614601846078
0.020485913535763636
0.020479778917268272
0.020477734855570345
0.020479778917268272
0.020485913535763636
0.02049614601846078
0.02051048856840519
0.020528958320479632
0.020551577392357447
0.020578372950494632
0.020609377291527144
0.020644627939527753
0.020684167759668824
0.020728045088934426
0.02077631388462799
0.020829033891531373
0.020886270828688974
0.020948096596917317
0.021014589508277767
0.02108583453889958
0.02116192360670332
0.021242955875753235
0.02132903808916313
0.021420284932696564
0.02151681943144046
0.021618773382195682
0.021726287824521292
0.021839513553695473
0.021958611679219545
0.02208375423289779
0.022215124830980194
0.022352919395364507
0.022497346939426757
0.022648630424692794
0.02280700769529004
0.022972732497938214
0.023146075596165685
0.023327325988489977
0.023516792241495162
0.023714803950098055
0.023921713338844314
0.024137897019845377
0.02436375792499252
0.02459972743240726
0.02484626770975703
0.025103874300139693
0.02537307897978968
0.025654452920964146
0.025948610198128698
0.02625621168109631
0.026577969365220933
0.026914651196280462
0.027267086456505937
0.02763617178857547
0.02802287794659368
0.028428257377489337
0.028853452753337075
0.029299706595395
0.02976837215483387
0.03026092574405512
0.03077898074720527
0.03132430358029596
0.031898831921868556
0.032504695596454074
0.03314424056776911
0.03382005658995116
0.034535009177370346
0.03529227669204307
0.03609539351934874
0.03694830051659304
0.03785540418666819
0.03882164636595483
0.03985258664189377
0.04095450025812676
0.04213449495954946
0.043400651124158654
0.04476219068838308
0.04622968188659708
0.04781528881604583
0.04953307747507117
0.05139939344253265
0.053433331104429826
0.05565732076680581
0.05809786880803382
0.060786498215588035
0.06376095388719948
0.06706676113046336
0.07075926014122934
0.07490628886203916
0.07959175920294909
0.08492047916663703
0.09102473502448273
0.0980733940504154
0.10628466969169624
0.11594429108237836
0.12743177923964583
0.14125910090087457
0.15812864098526896
0.1790232951790955
0.20538012195148458
0.24010131245146749
0.3061279354696869

1.0223707215449884
0.7802390218122004
0.3058150371577599
0.06156046790468112
0.006364391609923317
0.0003379276929969161
9.215153606120517e-06
1.2906048144932003e-07
9.28507612727145e-10
2.2385531978569896e-10
9.647499167231644e-08
1.605544792000705e-05
0.00101598173209006
0.02444584982496266
0.2236557907518494
0.7780561181473442
1.0291945181852715
0.5176542380499138
0.09900060550964916
0.00719932360176202
0.00019906793280676297
2.092987745093857e-06
8.367347997147878e-09
1.271934493577088e-11
7.351863345640623e-15
1.6157935643804582e-18
1.3502994459495797e-22
4.290718987877588e-27
5.184248638343436e-32
2.381756393282681e-37
4.16068296112415e-43
2.763679495298489e-49
6.980177969196405e-56
6.703491798057876e-63
2.4478873967179812e-70
3.3988935066634524e-78
1.794483403976777e-86
3.6024428690525544e-95
2.749859630123926e-104
7.981411746668083e-114
8.808555067510656e-124
3.6964547901997567e-134
5.898232548258015e-145
3.578608187246304e-156
8.255857311660275e-168
7.242124270078893e-180
2.4156028565493713e-192
3.0636620968261733e-205
1.4774471682133268e-218
2.7091860061925055e-232
1.8889543158763267e-246
5.007948487723026e-261
5.048403029486868e-276
1.935102400366147e-291
2.820393154641162e-307
1.5e-323
0.0
0.0
0.0
0.0
0.0
0.0
0.0
0.0
0.0
0.0
0.0
0.0
0.0
0.0
0.0
0.0
0.0
0.0
0.0
0.0
0.0
0.0
0.0
0.0
0.0
0.0
0.0
0.0
0.0
0.0
0.0
0.0
0.0
0.0
0.0
0.0
0.0
0.0
0.0
0.0
0.0
0.0
0.0
0.0
