1.4064218121954357
0.1716205411974778
0.03349788786235757
0.010234975449224507
0.004411118421237888
0.0024058361433487107
0.001534532862831568
0.001087089774482434
0.0008275226580160815
0.0006626552985430391
0.0005504967042865806
0.0004700508833377392
0.000409907450630077
0.00036343018060325396
0.00032653761317038107
0.00029659988986208884
0.0002718547596475343
0.0002510813686041688
0.00023340943780822561
0.0002182030876801651
0.00020498759986812008
0.00019340181291160432
0.00018316633204034903
0.0001740617837002394
0.00016591361843678034
0.00015858128362379522
0.0001519503742913879
0.00014592685260117244
0.00014043272934778395
0.00013540279521377798
0.00013078211674835753
0.00012652409688902256
0.00012258895738571465
0.00011894254011983628
0.00011555535200446183
0.00011240179776358776
0.00010945955894970953
0.00010670908775840061
0.00010413319167706069
0.00010171669054424547
9.944613173799362e-05
9.730955233654487e-05
9.529627947240457e-05
9.339676192400953e-05
9.160242739800271e-05
8.99055610513147e-05
8.829920166096648e-05
8.677705252649154e-05
8.53334047268186e-05
8.396307078178695e-05
8.266132711202429e-05
8.14238639679281e-05
8.024674172295335e-05
7.912635260916297e-05
7.805938712247029e-05
7.704280444778582e-05
7.607380635556491e-05
7.514981410513603e-05
7.426844795992831e-05
7.342750897791032e-05
7.262496278928618e-05
7.185892511443962e-05
7.112764880965319e-05
7.042951225730221e-05
6.97630089420152e-05
6.912673807535144e-05
6.851939614953117e-05
6.793976931613803e-05
6.738672649891228e-05
6.685921316110542e-05
6.63562456576561e-05
6.587690611090932e-05
6.542033775593282e-05
6.498574070785332e-05
6.457236810917661e-05
6.417952261989397e-05
6.380655321740306e-05
6.34528522769781e-05
6.311785290677693e-05
6.280102651423488e-05
6.250188058322112e-05
6.221995664356307e-05
6.195482841652197e-05
6.170610012155582e-05
6.147340493126671e-05
6.125640356282233e-05
6.105478299538428e-05
6.0868255304192494e-05
6.069655660295729e-05
6.053944608711463e-05
6.039670517131796e-05
6.02681367152831e-05
6.015356433277846e-05
6.0052831779173736e-05
5.996580241352895e-05
5.9892358731733875e-05
5.983240196769747e-05
5.978585176004692e-05
5.975264588222778e-05
5.973274003430971e-05
5.9726107695195024e-05
5.973274003430971e-05
5.975264588222778e-05
5.978585176004692e-05
5.983240196769747e-05
5.9892358731733875e-05
5.996580241352895e-05
6.0052831779173736e-05
6.015356433277846e-05
6.02681367152831e-05
6.039670517131796e-05
6.053944608711463e-05
6.069655660295729e-05
6.0868255304192494e-05
6.105478299538428e-05
6.125640356282233e-05
6.147340493126671e-05
6.170610012155582e-05
6.195482841652197e-05
6.221995664356307e-05
6.250188058322112e-05
6.280102651423488e-05
6.311785290677693e-05
6.34528522769781e-05
6.380655321740306e-05
6.417952261989397e-05
6.457236810917661e-05
6.498574070785332e-05
6.542033775593282e-05
6.587690611090932e-05
6.63562456576561e-05
6.685921316110542e-05
6.738672649891228e-05
6.793976931613803e-05
6.851939614953117e-05
6.912673807535144e-05
6.97630089420152e-05
7.042951225730221e-05
7.112764880965319e-05
7.185892511443962e-05
7.262496278928618e-05
7.342750897791032e-05
7.426844795992831e-05
7.514981410513603e-05
7.607380635556491e-05
7.704280444778582e-05
7.805938712247029e-05
7.912635260916297e-05
8.024674172295335e-05
8.14238639679281e-05
8.266132711202429e-05
8.396307078178695e-05
8.53334047268186e-05
8.677705252649154e-05
8.829920166096648e-05
8.99055610513147e-05
9.160242739800271e-05
9.339676192400953e-05
9.529627947240457e-05
9.730955233654487e-05
9.944613173799362e-05
0.00010171669054424547
0.00010413319167706069
0.00010670908775840061
0.00010945955894970953
0.00011240179776358776
0.00011555535200446183
0.00011894254011983628
0.00012258895738571465
0.00012652409688902256
0.00013078211674835753
0.00013540279521377798
0.00014043272934778395
0.00014592685260117244
0.0001519503742913879
0.00015858128362379522
0.00016591361843678034
0.0001740617837002394
0.00018316633204034903
0.00019340181291160432
0.00020498759986812008
0.0002182030876801651
0.00023340943780822561
0.0002510813686041688
0.0002718547596475343
0.00029659988986208884
0.00032653761317038107
0.00036343018060325396
0.000409907450630077
0.0004700508833377392
0.0005504967042865806
0.0006626552985430391
0.0008275226580160815
0.001087089774482434
0.001534532862831568
0.0024058361433487107
0.004411118421237888
0.010234975449224507
0.03349788786235757
0.1716205411974778

0.0028328077033614144
0.007626618233441401
0.018445065704044333
0.0400739139286455
0.07821275426484174
0.1371319612725121
0.21606660669002042
0.3070792520331896
0.4037653599701523
0.5263426534454606
0.6881132796457361
0.8104863589286961
0.8667206495332012
0.8998002001774495
0.8277180350740395
0.602706475577828
0.33246639105762077
0.13822042079289487
0.04415755229974875
0.011437719366742883
0.0026598162772123205
0.0006243442733188036
0.00015321994522822285
3.714872178046679e-05
8.39006941443384e-06
1.718916875649695e-06
3.1698831416004953e-07
5.2529570049151565e-08
7.820156046903136e-09
1.0458323525917978e-09
1.256441156677886e-10
1.3559870032186336e-11
1.314625894679106e-12
1.144938396577725e-13
8.957675789589176e-15
6.295668345171448e-16
3.974858062217468e-17
2.254419284824965e-18
1.1486323369340978e-19
5.257274679700981e-21
2.1615912828642907e-22
7.983986136660097e-24
2.6491054742776984e-25
7.8960885139186e-27
2.1142583188554413e-28
5.0855434604925564e-30
1.0988792536335067e-31
2.1330245809262477e-33
3.7194183419656095e-35
5.826228034474524e-37
8.198477532118046e-39
1.0363637769202472e-40
1.176859239618282e-42
1.200521935398899e-44
1.1001425447723263e-46
9.056514826986038e-49
6.697404458305548e-51
4.449233856995787e-53
2.6551998929517324e-55
1.423450903588254e-57
6.85521444617909e-60
2.9657386679655834e-62
1.1525983573547325e-64
4.0239853877106674e-67
1.2620253417607655e-69
3.555601154127029e-72
8.998938489733144e-75
2.0459867183823867e-77
4.1787618294020494e-80
7.667004354837214e-83
1.2636799151194828e-85
1.8710342516058164e-88
2.4886262336766484e-91
2.97352020562451e-94
3.1916509920908366e-97
3.07746539531279e-100
2.665656858658471e-103
2.0741902599947524e-106
1.4498605057056203e-109
9.104102341465965e-113
5.135483336951198e-116
2.6023086167552906e-119
1.1845940778827577e-122
4.844105538855741e-126
1.7794710136480678e-129
5.8722092328264184e-133
1.7407860873441814e-136
4.635777407894678e-140
1.10900377446188e-143
2.3832892600362923e-147
4.601016276152363e-151
7.979286617778552e-155
1.2431045128104507e-158
1.7397406169178446e-162
2.1872309601636377e-166
2.4702338495836707e-170
2.5061945109231703e-174
2.284150745745477e-178
1.8701137887237355e-182
1.3754492928874648e-186
