1.0239063535158712
0.11510434434772158
0.054223562098386434
0.03702474390023703
0.028178998728930385
0.02268016501253377
0.018942907741233913
0.016251989064625022
0.01423024614661491
0.012660156886395716
0.011408072629768727
0.01038771741643129
0.009541101992698746
0.008827911044713168
0.008219300975893202
0.007694120580513507
0.007236524100223306
0.006834416017236285
0.006478409715009268
0.006161113179179893
0.005876628388187614
0.005620193651444484
0.005387923613253761
0.005176617269377585
0.004983614172784676
0.00480668532528027
0.004643949397905466
0.004493807693466654
0.004354893147301265
0.0042260299619096674
0.004106201381035217
0.003994523754484498
0.0038902255088867775
0.003792629976747673
0.003701141283839822
0.003615232678776024
0.003534436826299397
0.0034583376898887747
0.003386563708586778
0.0033187820338789523
0.003254693639597358
0.003194029154563625
0.003136545296511518
0.0030820218085866515
0.0030302588177961516
0.002981074549219523
0.002934303341388007
0.0028897939176013476
0.002847407875546032
0.0028070183637701612
0.0027685089186395184
0.0027317724395683777
0.0026967102837611783
0.002663231464555325
0.002631251939830628
0.002600693978934889
0.0025714855982381037
0.0025435600568264258
0.0025168554050272298
0.0024913140794554996
0.002466882539120008
0.002443510937849803
0.00242115282891828
0.0023997648982700894
0.002379306723209434
0.0023597405537984792
0.002341031114551222
0.002323145424299347
0.002306052632359005
0.002289723869346785
0.0022741321111841707
0.002259252054996436
0.0022450600057577394
0.0022315337726619543
0.002218652574310915
0.002206396951910565
0.0021947486897524564
0.002183690742334999
0.0021732071675469007
0.0021632830653955993
0.0021539045218171137
0.0021450585571515485
0.002136733078911017
0.002128916838504932
0.0021215993916216805
0.00211477106199639
0.0021084229083220885
0.002102546694086456
0.0020971348601388994
0.002092180499813159
0.002087677336449265
0.002083619703175683
0.002080002524828092
0.0020768213018956374
0.0020740720963987646
0.0020717515196151566
0.0020698567215818395
0.0020683853823124207
0.0020673357046787472
0.0020667064089160987
0.0020664967287205307
0.0020667064089160987
0.0020673357046787472
0.0020683853823124207
0.0020698567215818395
0.0020717515196151566
0.0020740720963987646
0.0020768213018956374
0.002080002524828092
0.002083619703175683
0.002087677336449265
0.002092180499813159
0.0020971348601388994
0.002102546694086456
0.0021084229083220885
0.00211477106199639
0.0021215993916216805
0.002128916838504932
0.002136733078911017
0.0021450585571515485
0.0021539045218171137
0.0021632830653955993
0.0021732071675469007
0.002183690742334999
0.0021947486897524564
0.002206396951910565
0.002218652574310915
0.0022315337726619543
0.0022450600057577394
0.002259252054996436
0.0022741321111841707
0.002289723869346785
0.002306052632359005
0.002323145424299347
0.002341031114551222
0.0023597405537984792
0.002379306723209434
0.0023997648982700894
0.00242115282891828
0.002443510937849803
0.002466882539120008
0.0024913140794554996
0.0025168554050272298
0.0025435600568264258
0.0025714855982381037
0.002600693978934889
0.002631251939830628
0.002663231464555325
0.0026967102837611783
0.0027317724395683777
0.0027685089186395184
0.0028070183637701612
0.002847407875546032
0.0028897939176013476
0.002934303341388007
0.002981074549219523
0.0030302588177961516
0.0030820218085866515
0.003136545296511518
0.003194029154563625
0.003254693639597358
0.0033187820338789523
0.003386563708586778
0.0034583376898887747
0.003534436826299397
0.003615232678776024
0.003701141283839822
0.003792629976747673
0.0038902255088867775
0.003994523754484498
0.004106201381035217
0.0042260299619096674
0.004354893147301265
0.004493807693466654
0.004643949397905466
0.00480668532528027
0.004983614172784676
0.005176617269377585
0.005387923613253761
0.005620193651444484
0.005876628388187614
0.006161113179179893
0.006478409715009268
0.006834416017236285
0.007236524100223306
0.007694120580513507
0.008219300975893202
0.008827911044713168
0.009541101992698746
0.01038771741643129
0.011408072629768727
0.012660156886395716
0.01423024614661491
0.016251989064625022
0.018942907741233913
0.02268016501253377
0.028178998728930385
0.03702474390023703
0.054223562098386434
0.11510434434772158

0.10254929336293454
0.11501705037721706
0.11885723981566429
0.11321470825440479
0.09958673572861648
0.08152690157769739
0.0639713694926944
0.05266658519600862
0.05373021874309407
0.07260231892413044
0.11148484561541862
0.16578122995309075
0.22244349257252835
0.2637706092743873
0.2767563543140068
0.2625211181500128
0.23826427474375145
0.22856450317747745
0.25038620914041865
0.3009892179716669
0.35710258459324884
0.38737893775743276
0.37096170689126634
0.30941298762857805
0.22370421057924786
0.13995915941244838
0.07572905181035464
0.03542967448769351
0.014331221990318894
0.005011864314210471
0.0015153443207073152
0.00039611183146077885
8.95196216230706e-05
1.7490909824572676e-05
2.95461046393612e-06
4.3150089794692173e-07
5.448247241085432e-08
5.9473779622276576e-09
5.612907657723724e-10
4.579772251392529e-11
3.230676637967577e-12
1.9703198224390522e-13
1.0388996205096574e-14
4.735916910417763e-16
1.866500826303447e-17
6.359836112189462e-19
1.8735154886612697e-20
4.771580739470419e-22
1.0506568383590456e-23
2.0001065486280927e-25
3.291842118446951e-27
4.6840172856095634e-29
5.762243492971348e-31
6.12855868072251e-33
5.63532174778095e-35
4.479945295992155e-37
3.079075445341305e-39
1.8296228497233167e-41
9.399320231025987e-44
4.174696832060202e-46
1.6030499843499723e-48
5.3218522322590853e-51
1.5274682252871954e-53
3.7903139457176587e-56
8.131521369282504e-59
1.5082108387128264e-61
2.4184991159774583e-64
3.352921873776601e-67
4.018783040927514e-70
4.164465933440443e-73
3.73093509935485e-76
2.889812805015389e-79
1.935153442950988e-82
1.1203533575124745e-85
5.607766830989423e-89
2.4267715920511695e-92
9.080915094632346e-96
2.941022458010276e-99
8.301501830368068e-103
2.1526493713626487e-106
7.03184615982311e-110
5.325622924229987e-113
6.810282222229963e-116
9.035469056238973e-119
1.1199776879281846e-121
1.2807946867606987e-124
1.34957280069812e-127
1.3101033105493899e-130
1.1716619450986579e-133
9.65353215636704e-137
7.327524527392046e-140
5.124074340071448e-143
3.3011151256973594e-146
1.9592643071160562e-149
1.0713034183592687e-152
5.396585500535874e-156
2.5044521661182295e-159
1.0707634245184079e-162
4.2175614823850675e-166
1.5304404096902572e-169
