1.0514429960852787
0.15330028471027102
0.026439875306458225
0.005383800761570796
0.0013083952568634684
0.00038638441584817087
0.00014047990887251145
6.256508527358287e-05
3.325911822879674e-05
2.0343324906778146e-05
1.3820445609635105e-05
1.0139129706593597e-05
7.869993965931062e-06
6.370671042591329e-06
5.3239659397918195e-06
4.5603601278701174e-06
3.983070329888141e-06
3.533695159569027e-06
3.1753090366886743e-06
2.8836187339550677e-06
2.642087696123251e-06
2.439122689457683e-06
2.2663847189034422e-06
2.1177389838440994e-06
1.988581701731616e-06
1.8753965750091995e-06
1.775455334901081e-06
1.6866110765235528e-06
1.6071527828731991e-06
1.5357010699102325e-06
1.4711322457892528e-06
1.4125221664025367e-06
1.3591041582172139e-06
1.3102370873803812e-06
1.2653808480787717e-06
1.2240773452531501e-06
1.1859355941909326e-06
1.1506199386384671e-06
1.1178406552341414e-06
1.087346401308215e-06
1.0589180992567148e-06
1.0323639497575145e-06
1.0075153389192284e-06
9.842234585128782e-07
9.62356498937229e-07
9.417973051755883e-07
9.224414093214313e-07
9.041953711552592e-07
8.869753721035904e-07
8.707060186964291e-07
8.553193200948045e-07
8.407538109299827e-07
8.269537959890056e-07
8.138686975053733e-07
8.014524892030486e-07
7.896632039755327e-07
7.784625042972809e-07
7.678153062688421e-07
7.576894496728373e-07
7.480554076302252e-07
7.38886030446375e-07
7.301563190647175e-07
7.218432242343411e-07
7.139254680724355e-07
7.063833851836222e-07
6.99198780902426e-07
6.923548045659161e-07
6.858358360116887e-07
6.79627383740788e-07
6.737159933930999e-07
6.68089165360149e-07
6.627352805120034e-07
6.576435331451928e-07
6.528038703705178e-07
6.482069372561878e-07
6.43844027125191e-07
6.397070364781238e-07
6.357884240755321e-07
6.320811737685091e-07
6.285787607140367e-07
6.252751206532957e-07
6.221646219677967e-07
6.192420402603336e-07
6.165025352361202e-07
6.139416296844748e-07
6.115551903835849e-07
6.093394107705371e-07
6.072907952362965e-07
6.054061449209373e-07
6.036825448984158e-07
6.021173526527328e-07
6.007081877586705e-07
5.994529226905384e-07
5.983496746917044e-07
5.973967986462081e-07
5.965928809015929e-07
5.959367339993546e-07
5.954273922761485e-07
5.950641083052369e-07
5.948463501536558e-07
5.947737994363015e-07
5.948463501536558e-07
5.950641083052369e-07
5.954273922761485e-07
5.959367339993546e-07
5.965928809015929e-07
5.973967986462081e-07
5.983496746917044e-07
5.994529226905384e-07
6.007081877586705e-07
6.021173526527328e-07
6.036825448984158e-07
6.054061449209373e-07
6.072907952362965e-07
6.093394107705371e-07
6.115551903835849e-07
6.139416296844748e-07
6.165025352361202e-07
6.192420402603336e-07
6.221646219677967e-07
6.252751206532957e-07
6.285787607140367e-07
6.320811737685091e-07
6.357884240755321e-07
6.397070364781238e-07
6.43844027125191e-07
6.482069372561878e-07
6.528038703705178e-07
6.576435331451928e-07
6.627352805120034e-07
6.68089165360149e-07
6.737159933930999e-07
6.79627383740788e-07
6.858358360116887e-07
6.923548045659161e-07
6.99198780902426e-07
7.063833851836222e-07
7.139254680724355e-07
7.218432242343411e-07
7.301563190647175e-07
7.38886030446375e-07
7.480554076302252e-07
7.576894496728373e-07
7.678153062688421e-07
7.784625042972809e-07
7.896632039755327e-07
8.014524892030486e-07
8.138686975053733e-07
8.269537959890056e-07
8.407538109299827e-07
8.553193200948045e-07
8.707060186964291e-07
8.869753721035904e-07
9.041953711552592e-07
9.224414093214313e-07
9.417973051755883e-07
9.62356498937229e-07
9.842234585128782e-07
1.0075153389192284e-06
1.0323639497575145e-06
1.0589180992567148e-06
1.087346401308215e-06
1.1178406552341414e-06
1.1506199386384671e-06
1.1859355941909326e-06
1.2240773452531501e-06
1.2653808480787717e-06
1.3102370873803812e-06
1.3591041582172139e-06
1.4125221664025367e-06
1.4711322457892528e-06
1.5357010699102325e-06
1.6071527828731991e-06
1.6866110765235528e-06
1.775455334901081e-06
1.8753965750091995e-06
1.988581701731616e-06
2.1177389838440994e-06
2.2663847189034422e-06
2.439122689457683e-06
2.642087696123251e-06
2.8836187339550677e-06
3.1753090366886743e-06
3.533695159569027e-06
3.983070329888141e-06
4.5603601278701174e-06
5.3239659397918195e-06
6.370671042591329e-06
7.869993965931062e-06
1.0139129706593597e-05
1.3820445609635105e-05
2.0343324906778146e-05
3.325911822879674e-05
6.256508527358287e-05
0.00014047990887251145
0.00038638441584817087
0.0013083952568634684
0.005383800761570796
0.026439875306458225
0.15330028471027102

2.690541449282947e-05
0.00016965805980488833
0.0008876506773019547
0.0038621299325122998
0.014144616679751915
0.045267568231866465
0.1326724496168254
0.3449878632679493
0.7027506744847307
1.012847906642611
1.0217235909692197
0.7851355618125582
0.5234317638404977
0.32055229622637155
0.17353552921195975
0.07951728087527919
0.030340813554756253
0.009607485422796545
0.002523567825777029
0.0005498270255677685
9.936697014351051e-05
1.4895765844835967e-05
1.8522024271670637e-06
1.910376135711234e-07
1.6343841531289663e-08
1.1598296965386853e-09
6.827145034556643e-11
3.3334109432391554e-12
1.3500299638880937e-13
4.535266184406321e-15
1.2637669076945002e-16
2.9210298783819383e-18
5.60028130877281e-20
8.906119318029015e-22
1.1748218058572703e-23
1.2854651635210226e-25
1.1666845522255032e-27
8.783172383250159e-30
5.484716556293947e-32
2.840938248787488e-34
1.22060240768004e-36
4.3500222042436836e-39
1.2859188079205056e-41
3.1531196142472763e-44
6.413161355990795e-47
1.0819537859715978e-49
1.5140843762650175e-52
1.7575037818886927e-55
1.692182820106032e-58
1.3514597568640814e-61
8.952900905805458e-65
4.9195939671686515e-68
2.242330199887219e-71
8.477634622999149e-75
2.6586100801840146e-78
6.915752178600198e-82
1.4922068198346273e-85
2.6706897641877473e-89
3.964812797065086e-93
4.882325770428218e-97
4.986957245013862e-101
4.2252203104718226e-105
2.9693944725559184e-109
1.730976834919578e-113
8.369884001747137e-118
3.357008535748703e-122
1.1168382385528464e-126
3.0820020809253405e-131
7.05473010290975e-136
1.3394691086353912e-140
2.109550003808127e-145
2.755825848016731e-150
2.9861975681508045e-155
2.6840470762929556e-160
2.0010896385230627e-165
1.2375073322057272e-170
6.347955030146773e-176
2.701000877590397e-181
9.532798917609456e-187
2.790750185441563e-192
6.776825695514824e-198
1.3650120703851536e-203
2.2806124515882805e-209
3.1606129387437293e-215
3.6332556644216156e-221
3.464379244908105e-227
2.7400577738029834e-233
1.7976239059460423e-239
9.782340445831598e-246
4.415618399564123e-252
1.6532750765396353e-258
5.134563464351449e-265
1.3227164564443685e-271
2.826407719254877e-278
5.009653489519683e-285
7.365214294171019e-292
8.981893690144696e-299
9.085634390446176e-306
7.6233774993e-313
5.306e-320
