0.8413421040134428
0.04730835294539402
0.004013412728423542
0.0004734325337783596
7.3949030173704e-05
1.504464816131158e-05
3.9578729718581885e-06
1.3304724154780385e-06
5.58841817427116e-07
2.8367977088468417e-07
1.6744780127072962e-07
1.1082072573444644e-07
7.981426210667874e-08
6.116592183192308e-08
4.907983216123425e-08
4.0766847573968264e-08
3.477061371741065e-08
3.027640184875129e-08
2.680105106597321e-08
2.4043492029967867e-08
2.1808035148463055e-08
1.9962799647084633e-08
1.8416089718589195e-08
1.710239896589733e-08
1.5973809660015994e-08
1.4994533419372388e-08
1.4137344891945283e-08
1.3381191583635205e-08
1.2709554761701825e-08
1.210930197659854e-08
1.1569868633969533e-08
1.1082664308354822e-08
1.0640635408855028e-08
1.0238255747705641e-08
9.869994431802459e-09
9.532077998542278e-09
9.221026401617148e-09
8.933871983354542e-09
8.668069012028601e-09
8.42142165523435e-09
8.192026166643996e-09
7.97822412990449e-09
7.778564377147195e-09
7.591771766926455e-09
7.416721426604148e-09
7.2524173783502854e-09
7.097974704883223e-09
6.952604591292606e-09
6.815601717439844e-09
6.686333582124599e-09
6.5642314231868935e-09
6.448782462685373e-09
6.339523257485178e-09
6.236033976169588e-09
6.137933455542584e-09
6.044874915924612e-09
5.956542235342385e-09
5.872646699637976e-09
5.792924159293569e-09
5.717132535024741e-09
5.6450496234363705e-09
5.576471161653765e-09
5.511209116147507e-09
5.449090166210124e-09
5.3899543569124565e-09
5.3336539000248614e-09
5.28005210445986e-09
5.2290224203809616e-09
5.18044758330998e-09
5.1342188464202156e-09
5.090235290780244e-09
5.048403204658616e-09
5.008635524150385e-09
4.970851328373269e-09
4.93497538332983e-09
4.900937729263558e-09
4.868673306968991e-09
4.838121619063824e-09
4.809226422706571e-09
4.7819354506577e-09
4.756200157943459e-09
4.7319754916978416e-09
4.709219682035371e-09
4.687894052051073e-09
4.667962845258692e-09
4.649393068967932e-09
4.632154352269431e-09
4.616218817445534e-09
4.601560963757671e-09
4.588157562680135e-09
4.575987563756415e-09
4.565032010350198e-09
4.5552739646497985e-09
4.546698441363418e-09
4.53929234961444e-09
4.533044442611838e-09
4.527945274731639e-09
4.523987165701888e-09
4.5211641716366566e-09
4.51947206271463e-09
4.518908307345666e-09
4.51947206271463e-09
4.5211641716366566e-09
4.523987165701888e-09
4.527945274731639e-09
4.533044442611838e-09
4.53929234961444e-09
4.546698441363418e-09
4.5552739646497985e-09
4.565032010350198e-09
4.575987563756415e-09
4.588157562680135e-09
4.601560963757671e-09
4.616218817445534e-09
4.632154352269431e-09
4.649393068967932e-09
4.667962845258692e-09
4.687894052051073e-09
4.709219682035371e-09
4.7319754916978416e-09
4.756200157943459e-09
4.7819354506577e-09
4.809226422706571e-09
4.838121619063824e-09
4.868673306968991e-09
4.900937729263558e-09
4.93497538332983e-09
4.970851328373269e-09
5.008635524150385e-09
5.048403204658616e-09
5.090235290780244e-09
5.1342188464202156e-09
5.18044758330998e-09
5.2290224203809616e-09
5.28005210445986e-09
5.3336539000248614e-09
5.3899543569124565e-09
5.449090166210124e-09
5.511209116147507e-09
5.576471161653765e-09
5.6450496234363705e-09
5.717132535024741e-09
5.792924159293569e-09
5.872646699637976e-09
5.956542235342385e-09
6.044874915924612e-09
6.137933455542584e-09
6.236033976169588e-09
6.339523257485178e-09
6.448782462685373e-09
6.5642314231868935e-09
6.686333582124599e-09
6.815601717439844e-09
6.952604591292606e-09
7.097974704883223e-09
7.2524173783502854e-09
7.416721426604148e-09
7.591771766926455e-09
7.778564377147195e-09
7.97822412990449e-09
8.192026166643996e-09
8.42142165523435e-09
8.668069012028601e-09
8.933871983354542e-09
9.221026401617148e-09
9.532077998542278e-09
9.869994431802459e-09
1.0238255747705641e-08
1.0640635408855028e-08
1.1082664308354822e-08
1.1569868633969533e-08
1.210930197659854e-08
1.2709554761701825e-08
1.3381191583635205e-08
1.4137344891945283e-08
1.4994533419372388e-08
1.5973809660015994e-08
1.710239896589733e-08
1.8416089718589195e-08
1.9962799647084633e-08
2.1808035148463055e-08
2.4043492029967867e-08
2.680105106597321e-08
3.027640184875129e-08
3.477061371741065e-08
4.0766847573968264e-08
4.907983216123425e-08
6.116592183192308e-08
7.981426210667874e-08
1.1082072573444644e-07
1.6744780127072962e-07
2.8367977088468417e-07
5.58841817427116e-07
1.3304724154780385e-06
3.9578729718581885e-06
1.504464816131158e-05
7.3949030173704e-05
0.0004734325337783596
0.004013412728423542
0.04730835294539402

2.0216089868822963e-07
1.5818926446981595e-06
1.0592448758956296e-05
6.069532687944601e-05
0.0002976142045928661
0.0012487962160342286
0.004484035173423731
0.013777993164910294
0.03622783968106251
0.08151516787387406
0.15695455908012204
0.25861217154938865
0.3646393256875103
0.4399644299427489
0.45426695480636825
0.4013693849071286
0.30347076510800186
0.1964173814050304
0.17417992842337407
1.0302265755962927
0.24891112304139257
0.008073537475316696
0.0021512549493207943
0.0005465522217437484
0.00011882844721602415
2.2107961414344712e-05
3.5197878812595797e-06
4.795388564355792e-07
5.59075721248791e-08
5.577723481218685e-09
4.761928226359109e-10
3.4789503306000495e-11
2.1749692901182508e-12
1.1635834834745394e-13
5.32698513214916e-15
2.0869158579030724e-16
6.996291749469208e-18
2.0071064276631916e-19
4.92733862733092e-21
1.0351277127084921e-22
1.8608654800996337e-24
2.862698044056319e-26
3.7685616197291756e-28
4.245366789601902e-30
4.092553198716278e-32
3.3760818456968385e-34
2.3832583186670315e-36
1.4396893315393828e-38
7.442279447199044e-41
3.292173218981972e-43
1.2462320044027917e-45
4.0369618051645794e-48
1.1190510488194534e-50
2.6545118879732983e-53
5.388389342760624e-56
9.359933867700044e-59
1.3913170583492997e-61
1.7697786732853495e-64
1.9264215269581796e-67
1.794416301034736e-70
1.4303245961347267e-73
9.756308530029252e-77
5.694767037861126e-80
2.844499863452438e-83
1.2158370957085533e-86
4.4471766434835415e-90
1.3919796570157004e-93
3.728386394107771e-97
8.545716051143711e-101
1.6761601845096582e-104
2.8133392152254045e-108
4.0408078335509445e-112
4.9665385733720024e-116
5.223708646815555e-120
4.701577477101387e-124
3.621160431780078e-128
2.3866649381923152e-132
1.3460917352522649e-136
6.496768328974318e-141
2.6832406258461428e-145
9.483341261484044e-150
2.868155248316967e-154
7.423068175815022e-159
1.644007373886021e-163
3.1157570825167085e-168
5.053158706560095e-173
7.012967140200275e-178
8.32875692391934e-183
8.464437225845868e-188
7.361316787050277e-193
5.4783836747426885e-198
3.488903032951767e-203
1.901362271110895e-208
8.86707460329251e-214
3.5386317576620726e-219
1.2084533696283834e-224
3.531538466890145e-230
8.831561612068224e-236
1.8899511668863223e-241
3.4610126015949066e-247
