0.9246787365395936
0.024124658965038386
0.001189971823483621
7.635703641686654e-05
5.4811618482258425e-06
4.26501617822549e-07
3.577545133587412e-08
3.1685459868773865e-09
3.192194879745246e-10
3.39593921657152e-11
3.821857083520802e-12
4.585785157767541e-13
5.919068619351688e-14
8.267711095341605e-15
1.2513196969717084e-15
2.0475889759478948e-16
3.6113204603872676e-17
6.8512893497542234e-18
1.3975838392006216e-18
3.0670383734671856e-19
7.246008114238491e-20
1.843677796303144e-20
5.0524205026417255e-21
1.482105732999783e-21
4.738332031414926e-22
1.6213015045922312e-22
5.972958379970397e-23
2.3689578798807602e-23
1.0112513902379327e-23
4.643770194976793e-24
2.2918047867889213e-24
1.213621563523761e-24
6.878906651349137e-25
4.158998358255936e-25
2.6703510988034774e-25
1.8112733117059718e-25
1.290447920040166e-25
9.601017231871303e-26
7.415715348210128e-26
5.914429359632698e-26
4.8489192238979184e-26
4.069136569990398e-26
3.4829860561204996e-26
3.031810383704297e-26
2.677160497139265e-26
2.3931590757919065e-26
2.1619626948122105e-26
1.9709912245605925e-26
1.8111929515810917e-26
1.675932387226074e-26
1.5602614893558517e-26
1.4604322981182406e-26
1.3735647842894428e-26
1.2974164557224328e-26
1.2302199056233433e-26
1.1705665050417068e-26
1.1173219395998499e-26
1.069564052859413e-26
1.0265365355257313e-26
9.876140195857261e-27
9.522754826864085e-27
9.200837781451389e-27
8.906697295541677e-27
8.637196616579788e-27
8.389655430808081e-27
8.161771323465623e-27
7.951556736212143e-27
7.757288010243005e-27
7.577463926845127e-27
7.410771765616785e-27
7.256059354207021e-27
7.112311924428895e-27
6.978632847951543e-27
6.854227521978681e-27
6.738389826924647e-27
6.630490695441601e-27
6.529968423566778e-27
6.43632042641834e-27
6.349096197376111e-27
6.267891274497165e-27
6.192342053650503e-27
6.122121316499509e-27
6.0569343645386766e-27
5.996515669075492e-27
5.940625962247753e-27
5.8890497065886886e-27
5.8415928908508875e-27
5.798081108211145e-27
5.7583578799466966e-27
5.722283193472951e-27
5.689732228482484e-27
5.660594249000674e-27
5.634771642616438e-27
5.6121790910721196e-27
5.5927428588985516e-27
5.576400188936492e-27
5.563098795457815e-27
5.5527964472420015e-27
5.545460634420384e-27
5.541068314210266e-27
5.539605731856722e-27
5.541068314210266e-27
5.545460634420384e-27
5.5527964472420015e-27
5.563098795457815e-27
5.576400188936492e-27
5.5927428588985516e-27
5.6121790910721196e-27
5.634771642616438e-27
5.660594249000674e-27
5.689732228482484e-27
5.722283193472951e-27
5.7583578799466966e-27
5.798081108211145e-27
5.8415928908508875e-27
5.8890497065886886e-27
5.940625962247753e-27
5.996515669075492e-27
6.0569343645386766e-27
6.122121316499509e-27
6.192342053650503e-27
6.267891274497165e-27
6.349096197376111e-27
6.43632042641834e-27
6.529968423566778e-27
6.630490695441601e-27
6.738389826924647e-27
6.854227521978681e-27
6.978632847951543e-27
7.112311924428895e-27
7.256059354207021e-27
7.410771765616785e-27
7.577463926845127e-27
7.757288010243005e-27
7.951556736212143e-27
8.161771323465623e-27
8.389655430808081e-27
8.637196616579788e-27
8.906697295541677e-27
9.200837781451389e-27
9.522754826864085e-27
9.876140195857261e-27
1.0265365355257313e-26
1.069564052859413e-26
1.1173219395998499e-26
1.1705665050417068e-26
1.2302199056233433e-26
1.2974164557224328e-26
1.3735647842894428e-26
1.4604322981182406e-26
1.5602614893558517e-26
1.675932387226074e-26
1.8111929515810917e-26
1.9709912245605925e-26
2.1619626948122105e-26
2.3931590757919065e-26
2.677160497139265e-26
3.031810383704297e-26
3.4829860561204996e-26
4.069136569990398e-26
4.8489192238979184e-26
5.914429359632698e-26
7.415715348210128e-26
9.601017231871303e-26
1.290447920040166e-25
1.8112733117059718e-25
2.6703510988034774e-25
4.158998358255936e-25
6.878906651349137e-25
1.213621563523761e-24
2.2918047867889213e-24
4.643770194976793e-24
1.0112513902379327e-23
2.3689578798807602e-23
5.972958379970397e-23
1.6213015045922312e-22
4.738332031414926e-22
1.482105732999783e-21
5.0524205026417255e-21
1.843677796303144e-20
7.246008114238491e-20
3.0670383734671856e-19
1.3975838392006216e-18
6.8512893497542234e-18
3.6113204603872676e-17
2.0475889759478948e-16
1.2513196969717084e-15
8.267711095341605e-15
5.919068619351688e-14
4.585785157767541e-13
3.821857083520802e-12
3.39593921657152e-11
3.192194879745246e-10
3.1685459868773865e-09
3.577545133587412e-08
4.26501617822549e-07
5.4811618482258425e-06
7.635703641686654e-05
0.001189971823483621
0.024124658965038386

1.6957922050173731e-25
3.3956423647253444e-22
3.9164926064582124e-19
2.601948748255445e-16
9.95694764798208e-14
2.1947232712853935e-11
2.786502086726762e-09
2.0378163185755085e-07
8.584139324916565e-06
0.00020828334273482207
0.0029109743543007027
0.02343409999003682
0.10866363704709163
0.2902326415367323
0.4465132297351471
0.3956839816674949
0.20197107553228227
0.05939560219421006
0.010469283452306612
0.007716142689973996
0.059088578757505394
0.27795138589235374
0.7029926784698277
0.9551078257873239
0.6970612203653611
0.27327904931363795
0.057551765519629546
0.006510702646090649
0.00039565254871486453
1.2915670933568093e-05
2.2648365874849052e-07
2.133406775283846e-09
1.0795117273815357e-11
2.9342556964239356e-14
4.284354959557157e-17
3.3603911374340205e-20
1.41583000942878e-23
3.2044189606687297e-27
3.8958692171360975e-31
2.5443470142381203e-35
8.926171224383916e-40
1.6821742504112406e-44
1.7029176439377477e-49
9.260473784588802e-55
2.705139494224585e-60
4.2448565696188023e-66
3.5781065804273575e-72
1.6201693870849686e-78
3.9408006691050156e-85
5.149029873004261e-92
3.6139592534235436e-99
1.3625673837264336e-106
2.759622155592289e-114
3.0023281216637024e-122
1.754622047940129e-130
5.508405551555966e-139
9.289345786638957e-148
8.415138116303773e-157
4.0950033781455856e-166
1.0704445548361887e-175
1.50311077231111e-185
1.1337954091767582e-195
4.5940455619827156e-206
9.999373691095077e-217
1.1691418234828626e-227
7.3430839195528625e-239
2.4774601825744537e-250
4.490056149592341e-262
4.3713316537464953e-274
2.2860864021091025e-286
6.422267932786021e-299
9.691725313856e-312
0.0
0.0
0.0
0.0
0.0
0.0
0.0
0.0
0.0
0.0
0.0
0.0
0.0
0.0
0.0
0.0
0.0
0.0
0.0
0.0
0.0
0.0
0.0
0.0
0.0
0.0
0.0
0.0
