0.7352035272981787
0.09177374970103175
0.05805366178283647
0.0450190756446489
0.037191501566645205
0.031708262146008
0.027583673761632628
0.02435808823080758
0.021770716609321637
0.01965559065651688
0.017899789647774934
0.016423198360105622
0.015167299054326462
0.014088392670185681
0.0131532525673176
0.012336223461938111
0.011617226940711526
0.010980358233029324
0.0104128800415721
0.009904489263487325
0.00944677489507212
0.009032812098769182
0.008656854661904738
0.0083140994857748
0.008000504435707385
0.007712646155402526
0.00744760811653857
0.007202891759799305
0.006976345427718278
0.006766107120104002
0.006570558072443198
0.006388284871242737
0.0062180483501676695
0.00605875790770961
0.005909450186776412
0.005769271284580902
0.0056374618359277566
0.005513344447824662
0.005396313068071064
0.005285823952335978
0.005181387958602774
0.005082563948761048
0.0049889531176009
0.004900194101817555
0.004815958747624335
0.004735948436551581
0.004659890886022074
0.0045875373551514794
0.004518660197558192
0.0044530507122781055
0.00439051725155777
0.0043308835506549615
0.004273987250055703
0.004219678584918877
0.004167819220242112
0.004118281213333492
0.004070946087776062
0.004025704005269933
0.003982453023598606
0.003941098430547722
0.003901552144951629
0.003863732177194074
0.0038275621424747486
0.0037929708209995866
0.003759891759980957
0.003728262912962111
0.0036980263125235683
0.003669127772899934
0.0036415166194446336
0.0036151454422360253
0.003589969871428874
0.003565948372226605
0.0035430420575874345
0.0035212145169861123
0.003500431659736421
0.003480661571541147
0.003461874383078862
0.0034440421495629788
0.003427138740320255
0.0034111397375351047
0.0033960223433942794
0.0033817652949450624
0.003368348786050312
0.0033557543958864103
0.0033439650234865477
0.0033329648278822184
0.003322739173441505
0.0033132745800436916
0.0033045586777671067
0.0032965801658008474
0.003289328775321817
0.0032827952361066796
0.003276971246674146
0.0032718494477767908
0.0032674233990836075
0.0032636875589150184
0.003260637266911191
0.0032582687295325506
0.0032565790083084814
0.0032555660107664837
0.0032552284839897755
0.0032555660107664837
0.0032565790083084814
0.0032582687295325506
0.003260637266911191
0.0032636875589150184
0.0032674233990836075
0.0032718494477767908
0.003276971246674146
0.0032827952361066796
0.003289328775321817
0.0032965801658008474
0.0033045586777671067
0.0033132745800436916
0.003322739173441505
0.0033329648278822184
0.0033439650234865477
0.0033557543958864103
0.003368348786050312
0.0033817652949450624
0.0033960223433942794
0.0034111397375351047
0.003427138740320255
0.0034440421495629788
0.003461874383078862
0.003480661571541147
0.003500431659736421
0.0035212145169861123
0.0035430420575874345
0.003565948372226605
0.003589969871428874
0.0036151454422360253
0.0036415166194446336
0.003669127772899934
0.0036980263125235683
0.003728262912962111
0.003759891759980957
0.0037929708209995866
0.0038275621424747486
0.003863732177194074
0.003901552144951629
0.003941098430547722
0.003982453023598606
0.004025704005269933
0.004070946087776062
0.004118281213333492
0.004167819220242112
0.004219678584918877
0.004273987250055703
0.0043308835506549615
0.00439051725155777
0.0044530507122781055
0.004518660197558192
0.0045875373551514794
0.004659890886022074
0.004735948436551581
0.004815958747624335
0.004900194101817555
0.0049889531176009
0.005082563948761048
0.005181387958602774
0.005285823952335978
0.005396313068071064
0.005513344447824662
0.0056374618359277566
0.005769271284580902
0.005909450186776412
0.00605875790770961
0.0062180483501676695
0.006388284871242737
0.006570558072443198
0.006766107120104002
0.006976345427718278
0.007202891759799305
0.00744760811653857
0.007712646155402526
0.008000504435707385
0.0083140994857748
0.008656854661904738
0.009032812098769182
0.00944677489507212
0.009904489263487325
0.0104128800415721
0.010980358233029324
0.011617226940711526
0.012336223461938111
0.0131532525673176
0.014088392670185681
0.015167299054326462
0.016423198360105622
0.017899789647774934
0.01965559065651688
0.021770716609321637
0.02435808823080758
0.027583673761632628
0.031708262146008
0.037191501566645205
0.0450190756446489
0.05805366178283647
0.09177374970103175

0.15943272405521
0.1772549777947673
0.10193421788768595
0.038113869603177794
0.02595372956397373
0.038494148172222846
0.057314465964144586
0.07483787625146099
0.08516088399100306
0.08444129828460022
0.07295663409823314
0.054924968493124206
0.036030475979716536
0.020595195895776835
0.010258332971333167
0.004458170813184297
0.0017455311433612732
0.0010259291188883287
0.0029304750344056603
0.012652652936149521
0.04443294218711225
0.12108720471687591
0.2554045370102547
0.41689589302100116
0.5266118603084773
0.5147748401698703
0.3894104626081374
0.22796151969105888
0.10327116944162104
0.036204309617820736
0.009822116238878437
0.0020621179013629296
0.00033503142085731006
4.212318580751394e-05
4.098458144206818e-06
3.085911183968814e-07
1.798083950033206e-08
8.107745920157958e-10
2.829136619035579e-11
7.639612551351215e-13
1.5964391548337083e-14
2.581648028836323e-16
3.230764610696857e-18
3.12879584234496e-20
2.3448375404004317e-22
1.3599154721412183e-24
6.103440218791478e-27
2.1198303182738322e-29
5.697589121657371e-32
1.1850721140633088e-34
1.9074890537168793e-37
2.3759809472562744e-40
2.29027417978649e-43
1.7084238432904776e-46
9.862054421741127e-50
4.405576931355251e-53
1.5230066789177358e-56
4.074407383266988e-60
8.43510933542003e-64
1.3513897052659727e-67
1.6754602163115238e-71
1.6075010233207252e-75
1.1935263842675261e-79
6.857668009977245e-84
3.049193693548798e-88
1.0492132888177704e-92
2.7944970725824197e-97
5.78128077241923e-102
9.895566635699884e-107
2.963261631946481e-111
4.1891520735947625e-115
7.936228676128885e-119
1.3421460000419394e-122
1.9796530187337716e-126
2.544412089708688e-130
2.849583479554563e-134
2.7808045719285886e-138
2.364583707655324e-142
1.7519998166156655e-146
1.1311196815396062e-150
6.363238501181783e-155
3.1191982815039634e-159
1.3323026870391095e-163
4.958587303303716e-168
1.6080818997541135e-172
4.544158829037969e-177
1.1189069743305183e-181
2.4006541531567255e-186
4.488077581198869e-191
7.311159388233259e-196
1.0377847573856306e-200
1.283581540334404e-205
1.3833586089549496e-210
1.2990959562560822e-215
1.0630233986547231e-220
7.579482534742104e-226
4.709029687463573e-231
2.5492852876989626e-236
1.2025429322308496e-241
4.942855108880746e-247
