0.8594504700210931
0.09536640975468041
0.058632909073904234
0.0440021247182223
0.03483670221308556
0.02863576366325313
0.02422164209763165
0.020949010000805932
0.018441021563522893
0.016465969811296964
0.014874993726162019
0.013568789236939986
0.012478926424205321
0.011556904341127976
0.010767492053422326
0.010084539893195505
0.009488265365725914
0.008963447510978422
0.008498196917326915
0.008083099875281845
0.007710611336091617
0.007374616799244354
0.007070111083843072
0.006792959380060394
0.006539717143293511
0.006307492684499894
0.006093841157460984
0.0058966819206373085
0.005714233501081162
0.005544961954802804
0.005387539523958671
0.005240811281608118
0.005103768026217045
0.004975524105733359
0.004855299159430892
0.004742402995592992
0.004636222996014741
0.004536213569467601
0.004441887276569124
0.004352807325778416
0.004268581200206989
0.004188855221788045
0.004113309896190108
0.0040416559110096695
0.00397363068297385
0.003908995368445795
0.0038475322664577403
0.0037890425555694345
0.003733344315658034
0.0036802707937509276
0.0036296688795756944
0.003581397761904293
0.003535327741234679
0.0034913391780591603
0.003449321559055803
0.0034091726661197646
0.0033707978353161375
0.003334109294657696
0.003299025571149351
0.0032654709588438922
0.0032333750407604464
0.003202672258460019
0.0031733015238780107
0.0031452058687037325
0.003118332127189614
0.0030926306487831373
0.0030680550374150434
0.003044561914658501
0.003022110704304445
0.003000663436185601
0.0029801845673319886
0.0029606408187591235
0.002942001026381311
0.002924236004709914
0.0029073184221436823
0.0028912226867876738
0.0028759248418516016
0.002861402469779294
0.0028476346043502937
0.002834601650073931
0.0028222853082665524
0.0028106685092653683
0.0027997353502883433
0.002789471038499547
0.002779861838884327
0.002770895026578844
0.0027625588433348542
0.0027548424578333138
0.002747735929590017
0.0027412301762233726
0.002735316943878924
0.0027299887806275375
0.0027252390126748
0.002721061723237972
0.0027174517339644214
0.0027144045887816807
0.0027119165400845144
0.0027099845371787094
0.0027086062169148573
0.0027077798964583693
0.0027075045681543898
0.0027077798964583693
0.0027086062169148573
0.0027099845371787094
0.0027119165400845144
0.0027144045887816807
0.0027174517339644214
0.002721061723237972
0.0027252390126748
0.0027299887806275375
0.002735316943878924
0.0027412301762233726
0.002747735929590017
0.0027548424578333138
0.0027625588433348542
0.002770895026578844
0.002779861838884327
0.002789471038499547
0.0027997353502883433
0.0028106685092653683
0.0028222853082665524
0.002834601650073931
0.0028476346043502937
0.002861402469779294
0.0028759248418516016
0.0028912226867876738
0.0029073184221436823
0.002924236004709914
0.002942001026381311
0.0029606408187591235
0.0029801845673319886
0.003000663436185601
0.003022110704304445
0.003044561914658501
0.0030680550374150434
0.0030926306487831373
0.003118332127189614
0.0031452058687037325
0.0031733015238780107
0.003202672258460019
0.0032333750407604464
0.0032654709588438922
0.003299025571149351
0.003334109294657696
0.0033707978353161375
0.0034091726661197646
0.003449321559055803
0.0034913391780591603
0.003535327741234679
0.003581397761904293
0.0036296688795756944
0.0036802707937509276
0.003733344315658034
0.0037890425555694345
0.0038475322664577403
0.003908995368445795
0.00397363068297385
0.0040416559110096695
0.004113309896190108
0.004188855221788045
0.004268581200206989
0.004352807325778416
0.004441887276569124
0.004536213569467601
0.004636222996014741
0.004742402995592992
0.004855299159430892
0.004975524105733359
0.005103768026217045
0.005240811281608118
0.005387539523958671
0.005544961954802804
0.005714233501081162
0.0058966819206373085
0.006093841157460984
0.006307492684499894
0.006539717143293511
0.006792959380060394
0.007070111083843072
0.007374616799244354
0.007710611336091617
0.008083099875281845
0.008498196917326915
0.008963447510978422
0.009488265365725914
0.010084539893195505
0.010767492053422326
0.011556904341127976
0.012478926424205321
0.013568789236939986
0.014874993726162019
0.016465969811296964
0.018441021563522893
0.020949010000805932
0.02422164209763165
0.02863576366325313
0.03483670221308556
0.0440021247182223
0.058632909073904234
0.09536640975468041

0.13417112841916884
0.1493492002094619
0.14150537486607953
0.1141219482639366
0.07834145339397118
0.045776256874559745
0.022767489071355
0.009638649816238874
0.0034733094147071635
0.0010653613849037928
0.0002781485098819037
6.181745807949935e-05
1.185749041192786e-05
6.254122473373846e-06
7.62919223508574e-05
0.0008671678357535783
0.006484387651114259
0.0317943039629076
0.1022212942175077
0.2479726290511212
2.1754475490892067
0.7988110230031347
0.1611429711956288
0.06250716516949281
0.015970163823091913
0.0026754007081399127
0.00029387873985021296
2.1166417827902465e-05
9.996004100956175e-07
3.09531855483671e-08
6.284694064179007e-10
8.366865666026173e-12
7.303672919152864e-14
4.180417916244654e-16
1.5689097051253021e-18
3.86078896651549e-21
6.2295122197612624e-24
6.590705188383248e-27
4.5720354972501846e-30
2.079635232347465e-33
6.202469024820143e-37
1.2129472283198692e-40
1.5553175535058746e-44
1.3076638120852298e-48
7.208966409905629e-53
2.6058521022467814e-57
6.1762716515263915e-62
9.598489237090315e-67
9.780912090080788e-72
6.535279989749289e-77
2.868524183142813e-82
1.0151130769855454e-87
5.945029566963844e-92
1.4813240313977783e-95
3.224979313765256e-99
5.977033391867378e-103
9.429113088282714e-107
1.2661414118221898e-110
1.447170792032616e-114
1.4079381271908012e-118
1.1659328995741843e-122
8.218446842889932e-127
4.930967611109417e-131
2.5182610911534887e-135
1.0947011314407768e-139
4.0505741294923714e-144
1.2757448044421084e-148
3.420087664239354e-153
7.80435244575026e-158
1.515872645120318e-162
2.506194450145502e-167
3.5268989600605734e-172
4.2247155980793e-177
4.307528349733711e-182
3.738393532886417e-187
2.7616465537734187e-192
1.7365103636708525e-197
9.29421832679993e-203
4.23423118805788e-208
1.6419596082568098e-213
5.419716606466157e-219
1.522708924026353e-224
3.6415259897838913e-230
7.412695165502551e-236
1.2843845534579697e-241
1.8942627235925793e-247
2.3779984009666267e-253
2.541026004186405e-259
2.3111751904325072e-265
1.7892986336879502e-271
1.1791226986215042e-277
6.613957126619449e-284
3.1578388033896623e-290
1.2833489060751642e-296
4.439414932871431e-303
1.307172607516315e-309
3.27616936e-316
7e-323
0.0
0.0
