0.9860652331656722
0.06870081815264309
0.005161119486399938
0.00042038096215758704
3.835240320238662e-05
4.173648160482132e-06
5.855704044231941e-07
1.1082383270511608e-07
2.7889839450981863e-08
8.9137667834032e-09
3.5242550349056595e-09
1.6598577459599444e-09
9.076336883692276e-10
5.604833522462819e-10
3.8064061324293566e-10
2.7808984612760946e-10
2.1474522153879695e-10
1.7298056682017797e-10
1.4393933919806494e-10
1.2284814205040678e-10
1.0697392161987943e-10
9.466817132716095e-11
8.489085880918408e-11
7.695983313089951e-11
7.041232414513024e-11
6.492501809243541e-11
6.026613652079595e-11
5.626570933706976e-11
5.279656608053157e-11
4.976184630229018e-11
4.708659073048e-11
4.471195410858914e-11
4.259114240029985e-11
4.068650867232699e-11
3.896744285738527e-11
3.7408815222612195e-11
3.5989812383458984e-11
3.4693055815858744e-11
3.3503926500662445e-11
3.241004191172471e-11
3.140084693502437e-11
3.046729093305912e-11
2.960157061460013e-11
2.879692365396997e-11
2.8047461798958865e-11
2.7348034962581303e-11
2.6694119816559497e-11
2.6081727903533933e-11
2.5507329406403112e-11
2.4967789559397813e-11
2.4460315329314295e-11
2.398241048899403e-11
2.353183758646305e-11
2.3106585609758132e-11
2.2704842379720624e-11
2.2324970886045515e-11
2.1965488926940587e-11
2.1625051528400726e-11
2.130243571180375e-11
2.099652725322608e-11
2.0706309138356618e-11
2.043085146609303e-11
2.0169302594118524e-11
1.9920881352766403e-11
1.9684870180687715e-11
1.9460609058353727e-11
1.9247490134130354e-11
1.9044952953258685e-11
1.8852480213127652e-11
1.86695939791836e-11
1.8495852305054485e-11
1.8330846208269063e-11
1.8174196959566904e-11
1.8025553649419525e-11
1.7884591000180424e-11
1.775100739638363e-11
1.7624523109228537e-11
1.750487869431396e-11
1.7391833544292135e-11
1.7285164580367734e-11
1.7184665068520702e-11
1.7090143548028822e-11
1.7001422861344354e-11
1.6918339275670346e-11
1.6840741687712063e-11
1.6768490904071808e-11
1.6701458990628538e-11
1.6639528685014973e-11
1.6582592866987706e-11
1.6530554082092677e-11
1.6483324114568903e-11
1.6440823605917683e-11
1.6402981715999478e-11
1.6369735823913317e-11
1.6341031266270346e-11
1.6316821110798457e-11
1.6297065963514095e-11
1.628173380797431e-11
1.627079987538016e-11
1.6264246544546092e-11
1.6262063270980636e-11
1.6264246544546092e-11
1.627079987538016e-11
1.628173380797431e-11
1.6297065963514095e-11
1.6316821110798457e-11
1.6341031266270346e-11
1.6369735823913317e-11
1.6402981715999478e-11
1.6440823605917683e-11
1.6483324114568903e-11
1.6530554082092677e-11
1.6582592866987706e-11
1.6639528685014973e-11
1.6701458990628538e-11
1.6768490904071808e-11
1.6840741687712063e-11
1.6918339275670346e-11
1.7001422861344354e-11
1.7090143548028822e-11
1.7184665068520702e-11
1.7285164580367734e-11
1.7391833544292135e-11
1.750487869431396e-11
1.7624523109228537e-11
1.775100739638363e-11
1.7884591000180424e-11
1.8025553649419525e-11
1.8174196959566904e-11
1.8330846208269063e-11
1.8495852305054485e-11
1.86695939791836e-11
1.8852480213127652e-11
1.9044952953258685e-11
1.9247490134130354e-11
1.9460609058353727e-11
1.9684870180687715e-11
1.9920881352766403e-11
2.0169302594118524e-11
2.043085146609303e-11
2.0706309138356618e-11
2.099652725322608e-11
2.130243571180375e-11
2.1625051528400726e-11
2.1965488926940587e-11
2.2324970886045515e-11
2.2704842379720624e-11
2.3106585609758132e-11
2.353183758646305e-11
2.398241048899403e-11
2.4460315329314295e-11
2.4967789559397813e-11
2.5507329406403112e-11
2.6081727903533933e-11
2.6694119816559497e-11
2.7348034962581303e-11
2.8047461798958865e-11
2.879692365396997e-11
2.960157061460013e-11
3.046729093305912e-11
3.140084693502437e-11
3.241004191172471e-11
3.3503926500662445e-11
3.4693055815858744e-11
3.5989812383458984e-11
3.7408815222612195e-11
3.896744285738527e-11
4.068650867232699e-11
4.259114240029985e-11
4.471195410858914e-11
4.708659073048e-11
4.976184630229018e-11
5.279656608053157e-11
5.626570933706976e-11
6.026613652079595e-11
6.492501809243541e-11
7.041232414513024e-11
7.695983313089951e-11
8.489085880918408e-11
9.466817132716095e-11
1.0697392161987943e-10
1.2284814205040678e-10
1.4393933919806494e-10
1.7298056682017797e-10
2.1474522153879695e-10
2.7808984612760946e-10
3.8064061324293566e-10
5.604833522462819e-10
9.076336883692276e-10
1.6598577459599444e-09
3.5242550349056595e-09
8.9137667834032e-09
2.7889839450981863e-08
1.1082383270511608e-07
5.855704044231941e-07
4.173648160482132e-06
3.835240320238662e-05
0.00042038096215758704
0.005161119486399938
0.06870081815264309

7.011170817055992e-10
1.0383849211556901e-08
1.2633965244809106e-07
1.2627996794292956e-06
1.0369139763913843e-05
6.994625612556306e-05
0.0003876142185568781
0.0017646086569877448
0.006599493290083594
0.02027618568217265
0.05118019050121511
0.11196253407949529
0.7046261947680205
2.49819018078645
0.7511149712712794
0.2791293271579739
0.21305792154364
0.13579284149796175
0.07110069798239181
0.0305832991298202
0.010807077877334429
0.0031372253081992114
0.0007481636756651678
0.000146575372979363
2.359059405409241e-05
3.1191066665714793e-06
3.3879349003079636e-07
3.023105940497441e-08
2.216078584469281e-09
1.3345364104969336e-10
6.602207625278666e-12
2.6832516718593375e-13
8.958743855738855e-15
2.457232839692144e-16
5.5368018610849344e-18
1.0249085917462546e-19
1.5585644486169681e-21
1.947053467006965e-23
1.9982253756697057e-25
1.6847076278717566e-27
1.1668582330863396e-29
6.639343336582593e-32
3.1034563445487607e-34
1.191734834201261e-36
3.759474187411435e-39
9.742895869895889e-42
2.0742566674175638e-44
3.6278590777006993e-47
5.212568833438373e-50
6.152713283479228e-53
5.966161868406836e-56
4.752661317977659e-59
3.1102276786145904e-62
1.6720951114629375e-65
7.384876768229997e-69
2.6794089780969524e-72
7.98634825253098e-76
1.9555591658439105e-79
3.933753627513398e-83
6.500650732543839e-87
8.825107199546181e-91
9.842300631861848e-95
9.01751230120578e-99
6.787195215575817e-103
4.1966951032869664e-107
2.1317583649938185e-111
8.895738619442128e-116
3.0495764962211826e-120
8.588365724671993e-125
1.986986921290165e-129
3.776530245188193e-134
5.896637174639029e-139
7.563613444704525e-144
7.970172562777966e-149
6.899531534245929e-154
4.906648684020941e-159
2.866578264151143e-164
1.375802592883311e-169
5.42452760830822e-175
1.7570382030044963e-180
4.675348246080434e-186
1.0220219093855254e-191
1.8353543568661574e-197
2.7076537603536426e-203
3.2815559244030096e-209
3.2672319821424765e-215
2.6723516988756256e-221
1.7956460547474877e-227
9.912001018190027e-234
4.4948522485828694e-240
1.674491638395762e-246
5.1246478355322135e-253
1.2884232383676411e-259
2.66113282863932e-266
4.515314822537918e-273
6.293945817176631e-280
7.207280817363613e-287
6.780057358269561e-294
5.239728354970938e-301
3.3265775848730804e-308
