1.0027643428012458
0.39368847400370993
0.2101027523012636
0.12509771798410502
0.08194935816902353
0.05832596740353582
0.04440440440753983
0.03561158296722969
0.02970047675317524
0.0255062907580802
0.022392613327202587
0.019993575127283586
0.018088438030857384
0.016537914777634482
0.015250445801916819
0.014163598107779632
0.013233396400492755
0.012427972754246033
0.011723653004924704
0.011102465739860307
0.01055050901443958
0.010056850068603615
0.009612765683206485
0.00921120595632778
0.00884640814801669
0.008513613543868414
0.00820885645834473
0.007928804677454989
0.00767063719019284
0.0074319493601341545
0.007210678568615565
0.007005045323341035
0.006813506185522452
0.006634715824513287
0.006467496190561463
0.006310811288797029
0.006163746397695965
0.006025490841560707
0.005895323625535402
0.005772601391796979
0.00565674826985578
0.005547247281653087
0.005443633030055647
0.005345485452297938
0.005252424461497691
0.0051641053322290225
0.0050802147122699925
0.005000467163547039
0.004924602152116594
0.00485238142062536
0.004783586687745839
0.004718017628112578
0.0046554900936922085
0.004595834543624364
0.004538894654621426
0.0044845260882108665
0.004432595394603135
0.004382979035896542
0.004335562513790389
0.004290239589050451
0.0042469115817235495
0.004205486742584233
0.004165879687561062
0.004128010887968551
0.004091806210293703
0.004057196500077639
0.004024117205113619
0.003992508033769853
0.003962312644752851
0.003933478365066695
0.0039059559333054464
0.0038796992657481586
0.0038546652430158754
0.0038308135153033705
0.003808106324420403
0.003786508341072126
0.003765986515979711
0.003746509943593366
0.003728049737283355
0.0037105789150127686
0.00369407229460049
0.003678506397775898
0.0036638593623097146
0.003650110861579343
0.0036372420309931895
0.0036252354007577383
0.0036140748345244314
0.003603745473501359
0.0035942336856581636
0.003585527019691793
0.003577614163456468
0.0035704849065937654
0.003564130107128573
0.00355854166182406
0.003553712480114143
0.0035496364614554855
0.003546308475962998
0.003543724348213505
0.0035418808441217346
0.0035407756608114554
0.003540407419422466
0.0035407756608114554
0.0035418808441217346
0.003543724348213505
0.003546308475962998
0.0035496364614554855
0.003553712480114143
0.00355854166182406
0.003564130107128573
0.0035704849065937654
0.003577614163456468
0.003585527019691793
0.0035942336856581636
0.003603745473501359
0.0036140748345244314
0.0036252354007577383
0.0036372420309931895
0.003650110861579343
0.0036638593623097146
0.003678506397775898
0.00369407229460049
0.0037105789150127686
0.003728049737283355
0.003746509943593366
0.003765986515979711
0.003786508341072126
0.003808106324420403
0.0038308135153033705
0.0038546652430158754
0.0038796992657481586
0.0039059559333054464
0.003933478365066695
0.003962312644752851
0.003992508033769853
0.004024117205113619
0.004057196500077639
0.004091806210293703
0.004128010887968551
0.004165879687561062
0.004205486742584233
0.0042469115817235495
0.004290239589050451
0.004335562513790389
0.004382979035896542
0.004432595394603135
0.0044845260882108665
0.004538894654621426
0.004595834543624364
0.0046554900936922085
0.004718017628112578
0.004783586687745839
0.00485238142062536
0.004924602152116594
0.005000467163547039
0.0050802147122699925
0.0051641053322290225
0.005252424461497691
0.005345485452297938
0.005443633030055647
0.005547247281653087
0.00565674826985578
0.005772601391796979
0.005895323625535402
0.006025490841560707
0.006163746397695965
0.006310811288797029
0.006467496190561463
0.006634715824513287
0.006813506185522452
0.007005045323341035
0.007210678568615565
0.0074319493601341545
0.00767063719019284
0.007928804677454989
0.00820885645834473
0.008513613543868414
0.00884640814801669
0.00921120595632778
0.009612765683206485
0.010056850068603615
0.01055050901443958
0.011102465739860307
0.011723653004924704
0.012427972754246033
0.013233396400492755
0.014163598107779632
0.015250445801916819
0.016537914777634482
0.018088438030857384
0.019993575127283586
0.022392613327202587
0.0255062907580802
0.02970047675317524
0.03561158296722969
0.04440440440753983
0.05832596740353582
0.08194935816902353
0.12509771798410502
0.2101027523012636
0.39368847400370993

0.17348828420343446
0.24835639604713444
0.3917830211757678
0.7704852423334226
1.1414520298185389
0.8851721301114734
0.3358024778903443
0.07125226797978393
0.013492467770667302
0.003293412262937711
0.0008078950377706441
0.00016851916552072322
3.0093477590103612e-05
2.0516456850321294e-05
0.00020073253907815174
0.0016836175525463473
0.009703615296290581
0.03833929799322642
0.10383960138930874
0.192792425023968
0.245372006855092
0.21407608743800985
0.12803225586220246
0.052490260901428
0.014751838875843566
0.0028419843629745828
0.0003753231070007672
3.397793777266483e-05
2.1086127365230573e-06
8.970253764491811e-08
2.6158975312150654e-09
5.229315221616105e-11
7.166003410627133e-13
6.731584384229918e-15
4.3347661472193934e-17
1.9134721553202296e-19
5.790108680621814e-22
1.2010452756855724e-24
1.7078123035040004e-27
1.6646732151340396e-30
1.1123102529453329e-33
5.094845095097525e-37
1.5997205465680082e-40
3.4432246324223765e-44
5.080362307751271e-48
5.138449692106964e-52
3.562686659925793e-56
1.6932896011442192e-60
5.51687253593231e-65
1.2321476515592859e-69
1.886429816965501e-74
1.979824279611275e-79
1.4243631668860763e-84
7.024621332067075e-90
2.374833665569367e-95
5.5036596686698236e-101
8.743353530435315e-107
9.521658533413077e-113
7.108128356061998e-119
3.6375253327994654e-125
1.276043808501385e-131
3.0689218356968296e-138
5.115354953467526e-145
1.2781930073510149e-151
7.304761819121868e-157
6.187177651943543e-162
4.372226682621288e-167
2.5623893012975373e-172
1.2453850915107341e-177
5.019705481432529e-183
1.6779106663201397e-188
4.651311835663487e-194
1.0692963942021486e-199
2.038622305753834e-205
3.2232312500746057e-211
4.226318102579903e-217
4.5956709201740774e-223
4.14430478651019e-229
3.0993489529386887e-235
1.9222297214024778e-241
9.886808538524361e-248
4.217188210454551e-254
1.4917837335719195e-260
4.376276711964711e-267
1.0646814950300056e-273
2.1480810343501184e-280
3.59416192712877e-287
4.987244291606121e-294
5.739045503878473e-301
5.476898825371544e-308
4.334567717e-315
2.8e-322
0.0
0.0
0.0
0.0
0.0
0.0
0.0
0.0
