0.5713774557819613
0.024075919461146185
0.0019905043396283807
0.0002644879695348159
4.7530649061581155e-05
1.0992037205982308e-05
3.228016378227115e-06
1.187351591130469e-06
5.346265621290797e-07
2.85469747282725e-07
1.7455152461419683e-07
1.1830806895507588e-07
8.65983014960056e-08
6.710715864268388e-08
5.426903717894214e-08
4.533114403894613e-08
3.882448591596014e-08
3.391287894689296e-08
3.0093479191503205e-08
2.70493944326313e-08
2.457273964771335e-08
2.252234267131869e-08
2.0799421199560226e-08
1.933302748757712e-08
1.8071026912282938e-08
1.697432961125938e-08
1.601309847479014e-08
1.5164193789894104e-08
1.4409412485485605e-08
1.3734250308445396e-08
1.312701568260037e-08
1.2578184786285893e-08
1.207992507876086e-08
1.1625738406432142e-08
1.1210190286134918e-08
1.0828702160350795e-08
1.0477390260246036e-08
1.0152939375592966e-08
9.852503056760506e-09
9.57388918218614e-09
9.314421047959927e-09
9.072520115905668e-09
8.846558946417366e-09
8.635106627164443e-09
8.436900146634933e-09
8.250820617181343e-09
8.075873418325672e-09
7.911171528607281e-09
7.755921465892127e-09
7.609411373324346e-09
7.471000879416466e-09
7.340112432354016e-09
7.2162238650531305e-09
7.098861992313869e-09
6.987597077167584e-09
6.882038032205577e-09
6.7818282448144045e-09
6.6866419339966465e-09
6.5961809617274555e-09
6.5101720342894135e-09
6.428364239291246e-09
6.350526872542486e-09
6.2764475159686545e-09
6.205930333581716e-09
6.138794557385737e-09
6.07487313917195e-09
6.014011547580846e-09
5.956066692695106e-09
5.900905962868069e-09
5.848406360562935e-09
5.798453725739691e-09
5.750942036829906e-09
5.705772780625698e-09
5.662854383512683e-09
5.622101697425945e-09
5.583435534726639e-09
5.546782246904636e-09
5.512073342626032e-09
5.479245141177238e-09
5.448238457821599e-09
5.418998317989504e-09
5.391473697577633e-09
5.365617286943816e-09
5.341385276457486e-09
5.318737161706606e-09
5.297635566674971e-09
5.278046083392366e-09
5.259937126727728e-09
5.243279803144794e-09
5.228047792373218e-09
5.214217241067868e-09
5.201766667636846e-09
5.190676877516211e-09
5.18093088825788e-09
5.1725138638779805e-09
5.165413057987051e-09
5.159617765291978e-09
5.155119281123265e-09
5.1519108687008795e-09
5.149987733908413e-09
5.149347007399009e-09
5.149987733908413e-09
5.1519108687008795e-09
5.155119281123265e-09
5.159617765291978e-09
5.165413057987051e-09
5.1725138638779805e-09
5.18093088825788e-09
5.190676877516211e-09
5.201766667636846e-09
5.214217241067868e-09
5.228047792373218e-09
5.243279803144794e-09
5.259937126727728e-09
5.278046083392366e-09
5.297635566674971e-09
5.318737161706606e-09
5.341385276457486e-09
5.365617286943816e-09
5.391473697577633e-09
5.418998317989504e-09
5.448238457821599e-09
5.479245141177238e-09
5.512073342626032e-09
5.546782246904636e-09
5.583435534726639e-09
5.622101697425945e-09
5.662854383512683e-09
5.705772780625698e-09
5.750942036829906e-09
5.798453725739691e-09
5.848406360562935e-09
5.900905962868069e-09
5.956066692695106e-09
6.014011547580846e-09
6.07487313917195e-09
6.138794557385737e-09
6.205930333581716e-09
6.2764475159686545e-09
6.350526872542486e-09
6.428364239291246e-09
6.5101720342894135e-09
6.5961809617274555e-09
6.6866419339966465e-09
6.7818282448144045e-09
6.882038032205577e-09
6.987597077167584e-09
7.098861992313869e-09
7.2162238650531305e-09
7.340112432354016e-09
7.471000879416466e-09
7.609411373324346e-09
7.755921465892127e-09
7.911171528607281e-09
8.075873418325672e-09
8.250820617181343e-09
8.436900146634933e-09
8.635106627164443e-09
8.846558946417366e-09
9.072520115905668e-09
9.314421047959927e-09
9.57388918218614e-09
9.852503056760506e-09
1.0152939375592966e-08
1.0477390260246036e-08
1.0828702160350795e-08
1.1210190286134918e-08
1.1625738406432142e-08
1.207992507876086e-08
1.2578184786285893e-08
1.312701568260037e-08
1.3734250308445396e-08
1.4409412485485605e-08
1.5164193789894104e-08
1.601309847479014e-08
1.697432961125938e-08
1.8071026912282938e-08
1.933302748757712e-08
2.0799421199560226e-08
2.252234267131869e-08
2.457273964771335e-08
2.70493944326313e-08
3.0093479191503205e-08
3.391287894689296e-08
3.882448591596014e-08
4.533114403894613e-08
5.426903717894214e-08
6.710715864268388e-08
8.65983014960056e-08
1.1830806895507588e-07
1.7455152461419683e-07
2.85469747282725e-07
5.346265621290797e-07
1.187351591130469e-06
3.228016378227115e-06
1.0992037205982308e-05
4.7530649061581155e-05
0.0002644879695348159
0.0019905043396283807
0.024075919461146185

2.306553787652198e-07
1.755707168847573e-06
1.1313754727196367e-05
6.172024159339697e-05
0.0002850458066688044
0.001114468702142232
0.003688818419887424
0.010336484557684406
0.02452023474197532
0.0492427805635464
0.08371951303571078
0.12049721244837226
0.1468227951970728
0.15145239889918877
0.13225893049834134
0.09777775031833352
0.06119910292844571
0.03422121406699688
0.129579246745434
0.8854654201671112
0.8061019713486783
0.08833795252847722
0.0012580350125423036
2.350267621587978e-05
3.5858642002785163e-06
5.012222161316216e-07
5.931620107589444e-08
5.942682565325225e-09
5.040317768055006e-10
3.6190908348545754e-11
2.1999217354116868e-12
1.1320905332638727e-13
4.931979559522531e-15
1.8189784686260576e-16
5.679368256290065e-18
1.501200437067851e-19
3.3592592038029275e-21
6.363770811956525e-23
1.0205909808146478e-24
1.3856549668898524e-26
1.5926658231941898e-28
1.549745555890155e-30
1.2766219861550415e-32
8.902877971957078e-35
5.256113114192731e-37
2.6270308092570268e-39
1.1115571854878612e-41
3.981664250653965e-44
1.2074346710785515e-46
3.0997654254137176e-49
6.736901513925623e-52
1.239532014603936e-54
1.9307297074888162e-57
2.545958913935382e-60
2.842153199098816e-63
2.6860231894903807e-66
2.1490088939198383e-69
1.455569172334442e-72
8.346293760183151e-76
4.051544978352524e-79
1.664998490091566e-82
5.792595525758458e-86
1.706077462907997e-89
4.253931268546043e-93
8.979421794718759e-97
1.6046209465858478e-100
2.4275194763718493e-104
3.108988888954594e-108
3.370868401017188e-112
3.094073363637482e-116
2.404283063936853e-120
1.5816368265747069e-124
8.808341030910652e-129
4.152863477242229e-133
1.6575527895800064e-137
5.6008412629012675e-142
1.602157993271305e-146
3.879927393505251e-151
7.954411189758035e-156
1.3805707163258346e-160
2.0285020836737723e-165
2.523239299392962e-170
2.6570981881591006e-175
2.3687702905264744e-180
1.787740474419194e-185
1.1422263613765343e-190
6.1782583728250155e-196
2.829085904374522e-201
1.0967114671216933e-206
3.5991903444189243e-212
9.999618394878136e-218
2.3519507295650495e-223
4.683162132357784e-229
7.894349476968469e-235
1.1265738972423343e-240
1.361034711522827e-246
1.3920181556185153e-252
1.2052767496985192e-258
8.834761689154163e-265
5.482379320398616e-271
