0.650183055652906
0.3359354973107467
0.2031371515525233
0.13788444194543598
0.10166677248476433
0.07952969104693956
0.06493753994429534
0.05473307487305297
0.04725679132608784
0.04157235231337649
0.03711904748392435
0.033543845238793835
0.030614843753045958
0.02817411184846226
0.02611071636605374
0.02434462887939917
0.022816761364515
0.021482592412423607
0.02030797109838591
0.019266282965284716
0.018336491803854067
0.017501758633150597
0.016748449651388525
0.016065411639796936
0.015443434655585947
0.014874848078732348
0.01435321306520173
0.013873085675391413
0.013429832483866703
0.013019485624622299
0.012638627795701575
0.012284300256805275
0.01195392864115859
0.01164526269161042
0.011356326970470256
0.011085380284794123
0.010830882083868126
0.010591464472412633
0.01036590877602083
0.01015312581911919
0.009952139247972077
0.009762071364791009
0.009582131043263274
0.00941160337774172
0.009249840783120526
0.009096255313952414
0.008950312012582413
0.008811523129222783
0.008679443083689481
0.008553664060285723
0.008433812145080745
0.008319543929391564
0.008210543515261877
0.008106519868639701
0.00800720447417741
0.00791234925242624
0.007821724705922895
0.007735118265468867
0.007652332811946135
0.007573185352426737
0.007497505832225883
0.007425136067005063
0.007355928781125437
0.007289746740240658
0.007226461967650978
0.0071659550352573395
0.007108114421087967
0.007052835926349114
0.0070000221457988294
0.006949581985977552
0.006901430226468296
0.006855487119915974
0.006811678027021458
0.006769933083151474
0.006730186893578395
0.00669237825469173
0.00665644989881174
0.006622348260490103
0.00659002326240762
0.006559428119178241
0.00653051915754551
0.006503255651614947
0.006477599671905862
0.006453515947131383
0.006430971737727467
0.00640993672025207
0.00639038288186607
0.006372284424188896
0.006355617675895517
0.006340361013488077
0.006326494789736223
0.006314001269335577
0.006302864571384507
0.006293070618326101
0.0062846070910453945
0.006277463389852028
0.006271630601115974
0.006267101469359248
0.006263870374639866
0.006261933315096082
0.006261287894549618
0.006261933315096082
0.006263870374639866
0.006267101469359248
0.006271630601115974
0.006277463389852028
0.0062846070910453945
0.006293070618326101
0.006302864571384507
0.006314001269335577
0.006326494789736223
0.006340361013488077
0.006355617675895517
0.006372284424188896
0.00639038288186607
0.00640993672025207
0.006430971737727467
0.006453515947131383
0.006477599671905862
0.006503255651614947
0.00653051915754551
0.006559428119178241
0.00659002326240762
0.006622348260490103
0.00665644989881174
0.00669237825469173
0.006730186893578395
0.006769933083151474
0.006811678027021458
0.006855487119915974
0.006901430226468296
0.006949581985977552
0.0070000221457988294
0.007052835926349114
0.007108114421087967
0.0071659550352573395
0.007226461967650978
0.007289746740240658
0.007355928781125437
0.007425136067005063
0.007497505832225883
0.007573185352426737
0.007652332811946135
0.007735118265468867
0.007821724705922895
0.00791234925242624
0.00800720447417741
0.008106519868639701
0.008210543515261877
0.008319543929391564
0.008433812145080745
0.008553664060285723
0.008679443083689481
0.008811523129222783
0.008950312012582413
0.009096255313952414
0.009249840783120526
0.00941160337774172
0.009582131043263274
0.009762071364791009
0.009952139247972077
0.01015312581911919
0.01036590877602083
0.010591464472412633
0.010830882083868126
0.011085380284794123
0.011356326970470256
0.01164526269161042
0.01195392864115859
0.012284300256805275
0.012638627795701575
0.013019485624622299
0.013429832483866703
0.013873085675391413
0.01435321306520173
0.014874848078732348
0.015443434655585947
0.016065411639796936
0.016748449651388525
0.017501758633150597
0.018336491803854067
0.019266282965284716
0.02030797109838591
0.021482592412423607
0.022816761364515
0.02434462887939917
0.02611071636605374
0.02817411184846226
0.030614843753045958
0.033543845238793835
0.03711904748392435
0.04157235231337649
0.04725679132608784
0.05473307487305297
0.06493753994429534
0.07952969104693956
0.10166677248476433
0.13788444194543598
0.2031371515525233
0.3359354973107467

0.30826266625580795
0.40395650110851783
0.4843885807145376
0.5266299946524189
0.5099680963218847
0.4312097900574861
0.3136464395863449
0.19506542646182967
0.10416692112376302
0.04841429339142682
0.019968237655228045
0.007446714271410015
0.0025389357302816984
0.0007920984068175494
0.0002248091977293818
5.763068654149497e-05
1.3273986203517836e-05
2.738903539989154e-06
5.055936970918082e-07
8.345589030970705e-08
1.2316063029508022e-08
1.624899931438686e-09
1.9165333071144205e-10
2.020878250950164e-11
1.9050122463537017e-12
1.6054219893856647e-13
1.209523892584697e-14
8.146545827191761e-16
4.9053089623936727e-17
2.640541741692754e-18
1.270730682379555e-19
5.466984014275371e-21
2.102693152092848e-22
7.229991809068975e-24
2.2224577770360485e-25
6.107493888350373e-27
1.5004667357617575e-28
3.295516658742808e-30
6.470747592150043e-32
1.1358453805180803e-33
1.7824517452660678e-35
2.500634135697821e-37
3.1362908998587074e-39
3.516546213059743e-41
3.524927012927154e-43
3.158768055534602e-45
2.530574657223974e-47
1.812401362983706e-49
1.160441934636948e-51
6.642418849757291e-54
3.399091918040588e-56
1.5550106546753252e-58
6.35971476551125e-61
2.3252824581428303e-63
7.600595170311475e-66
2.2210242278716828e-68
5.802201397757103e-71
1.355083668739038e-73
2.829262424962425e-76
5.280975600967043e-79
8.812292395120303e-82
1.3146115547579613e-84
1.7532336609152808e-87
2.09033534444129e-90
2.228055148234276e-93
2.12309641549055e-96
1.808619906699159e-99
1.3773956426763155e-102
9.377863597439197e-106
5.70798636435763e-109
3.1059592320339482e-112
1.5109231786975966e-115
6.570869241429857e-119
2.554683334208931e-122
8.879430929918146e-126
2.75909720020224e-129
7.664479664420466e-133
1.9034091849121076e-136
4.225863392312494e-140
8.387500427900235e-144
1.4882759562663564e-147
2.36084885874975e-151
3.3480097341042916e-155
4.2446222682095087e-159
4.810887407202631e-163
4.874669165402762e-167
4.415693373612859e-171
3.57590916980523e-175
2.5888557845117726e-179
1.6755718135918995e-183
9.695094410229462e-188
5.0150451547001174e-192
2.319164002821153e-196
9.587864413013045e-201
3.543611601160164e-205
1.1708578026373933e-209
3.4585654817856116e-214
9.133172483721535e-219
2.156160695477387e-223
4.550660110170085e-228
