0.9876039156490142
0.2896449938380702
0.189791483305341
0.1345140420107464
0.09875280398855521
0.07476111030852918
0.05819729668918187
0.04645474460175317
0.03792277627709431
0.03158088850853452
0.02676708057222358
0.02304223157331152
0.02010886777516918
0.017761437311879364
0.01585523403693323
0.01428658917588673
0.012980006073441956
0.011879654162105225
0.010943649217524883
0.010140145093783757
0.009444622403402186
0.008837980357696848
0.008305175479916617
0.007834237897816955
0.007415551794725883
0.007041323000084332
0.006705180743768231
0.006401876687952489
0.006127055252361015
0.005877076724502736
0.005648879831447448
0.005439874085130754
0.005247854788773295
0.0050709354349221195
0.0049074935568503945
0.00475612706540916
0.004615618816888059
0.004484907686382897
0.004363064816428165
0.004249274008264752
0.0041428154488329285
0.004043052138968667
0.003949418520818027
0.0038614109050347316
0.0037785793781617153
0.0037005209331156855
0.003626873614927797
0.0035573115128765486
0.0034915404611763384
0.0034292943352041477
0.0033703318501955193
0.003314433785449453
0.003261400570147375
0.0032110501775343757
0.0031632162829165265
0.003117746648077353
0.0030745017006104354
0.0030333532815419915
0.0029941835386672437
0.002956883946399249
0.0029213544357505577
0.0028875026204350103
0.002855243107068553
0.0028244968791288935
0.002795190745756648
0.0027672568476885258
0.002740632213641205
0.0027152583613421783
0.002691080938154779
0.0026680493968889015
0.0026461167029429946
0.0026252390694006303
0.0026053757171177003
0.0025864886571938302
0.0025685424935319337
0.00255150424345982
0.002535343174623157
0.0025200306565647747
0.002505540025585373
0.002491846461638702
0.0024789268761532418
0.0024667598097948377
0.0024553253392928663
0.0024446049925481964
0.0024345816713261053
0.002425239580912784
0.0024165641661813187
0.0024085420535732
0.0024011609985552613
0.0023944098381604014
0.0023882784482641296
0.002382757705288504
0.002377839452060988
0.0023735164675885104
0.002369782440537125
0.002366631946235402
0.002364060427045403
0.0023620641759691282
0.002360640323380976
0.0023597868267981117
0.002359502463621258
0.0023597868267981117
0.002360640323380976
0.0023620641759691282
0.002364060427045403
0.002366631946235402
0.002369782440537125
0.0023735164675885104
0.002377839452060988
0.002382757705288504
0.0023882784482641296
0.0023944098381604014
0.0024011609985552613
0.0024085420535732
0.0024165641661813187
0.002425239580912784
0.0024345816713261053
0.0024446049925481964
0.0024553253392928663
0.0024667598097948377
0.0024789268761532418
0.002491846461638702
0.002505540025585373
0.0025200306565647747
0.002535343174623157
0.00255150424345982
0.0025685424935319337
0.0025864886571938302
0.0026053757171177003
0.0026252390694006303
0.0026461167029429946
0.0026680493968889015
0.002691080938154779
0.0027152583613421783
0.002740632213641205
0.0027672568476885258
0.002795190745756648
0.0028244968791288935
0.002855243107068553
0.0028875026204350103
0.0029213544357505577
0.002956883946399249
0.0029941835386672437
0.0030333532815419915
0.0030745017006104354
0.003117746648077353
0.0031632162829165265
0.0032110501775343757
0.003261400570147375
0.003314433785449453
0.0033703318501955193
0.0034292943352041477
0.0034915404611763384
0.0035573115128765486
0.003626873614927797
0.0037005209331156855
0.0037785793781617153
0.0038614109050347316
0.003949418520818027
0.004043052138968667
0.0041428154488329285
0.004249274008264752
0.004363064816428165
0.004484907686382897
0.004615618816888059
0.00475612706540916
0.0049074935568503945
0.0050709354349221195
0.005247854788773295
0.005439874085130754
0.005648879831447448
0.005877076724502736
0.006127055252361015
0.006401876687952489
0.006705180743768231
0.007041323000084332
0.007415551794725883
0.007834237897816955
0.008305175479916617
0.008837980357696848
0.009444622403402186
0.010140145093783757
0.010943649217524883
0.011879654162105225
0.012980006073441956
0.01428658917588673
0.01585523403693323
0.017761437311879364
0.02010886777516918
0.02304223157331152
0.02676708057222358
0.03158088850853452
0.03792277627709431
0.04645474460175317
0.05819729668918187
0.07476111030852918
0.09875280398855521
0.1345140420107464
0.189791483305341
0.2896449938380702

0.10703803715098774
0.4634145085800432
0.8040870105513845
0.5591629623305902
0.15583884221600836
0.01740675779287933
0.0007801371463548262
2.010613899501717e-05
3.511875185308903e-05
0.00017264275955574326
0.0007341173550053933
0.002692450881302664
0.008517154690342074
0.023238373557228457
0.05468665629318995
0.11099961162877209
0.1943238007341858
0.293423559225859
0.38214520372380373
0.42926580401608855
0.4158997134586064
0.34754848263894744
0.25049935970991777
0.15572641696162512
0.08349921836519282
0.03861597251266585
0.015403378633040853
0.005299433577183688
0.0015725605006915455
0.0004024850194558589
8.884981458274505e-05
1.6917172545902053e-05
2.778199825560378e-06
3.935171174057061e-07
4.8075988715936244e-08
5.065907651746901e-09
4.604163741716136e-10
3.609181311850581e-11
2.440231827399146e-12
1.4230426688216375e-13
7.157629347725538e-15
3.1051668103788627e-16
1.1618902673311322e-17
3.749814117773928e-19
1.0438036557875727e-20
2.5060650227888147e-22
5.189557213884561e-24
9.268996567251963e-26
1.4279058933670773e-27
1.8972776840551974e-29
2.174336011657955e-31
2.1492496601342004e-33
1.8323630369279195e-35
1.3474126672597642e-37
8.54582858051129e-40
4.674898392731194e-42
2.2057415429565116e-44
8.97638594818725e-47
3.15074212465618e-49
9.538688123266441e-52
2.4907428197324534e-54
5.60962167440424e-57
1.0896893480861161e-59
1.8257288845926512e-62
2.6383615864582782e-65
3.288492014477262e-68
3.535279181135519e-71
3.2780463322014526e-74
2.6216270368368603e-77
1.8083861601825195e-80
1.0759098655503615e-83
5.521092872858527e-87
2.44364809005175e-90
9.328605375317152e-94
3.071561587809499e-97
8.723006209482903e-101
2.1366706440432793e-104
4.514123458383646e-108
8.225716352972878e-112
1.2928212278488088e-115
1.7525389023783964e-119
2.0490912906657558e-123
2.0664238015506877e-127
1.7973883867902209e-131
1.3484315794559629e-135
8.725299559155956e-140
4.8696329261546253e-144
2.344102251708706e-148
9.73243084785538e-153
3.485222819268604e-157
1.0764756709242782e-161
2.867756921978821e-166
6.589385292620634e-171
1.3059059947379135e-175
2.232252800671846e-180
3.291086410783529e-185
4.1850402748100135e-190
4.5901242968886795e-195
4.3422387438436093e-200
3.5429693703059136e-205
