0.48967005838304595
0.011831350120912961
0.0003631767521533305
1.2295339038802099e-05
4.389609785869384e-07
1.6332819681113053e-08
5.252273341864804e-10
2.6141043380926473e-11
1.301370899475651e-12
6.479270145340874e-14
3.2261841161701134e-15
1.606603245447776e-16
8.002646104748493e-18
3.9880987482563077e-19
1.9893401986186492e-20
9.94182438279596e-22
4.9868814008380384e-23
2.5196194006627847e-24
1.2909045592675372e-25
6.788301949765031e-27
3.73767792811583e-28
2.2156332297705656e-29
1.4546949744532116e-30
1.072784529268389e-31
8.79713628592082e-33
7.80852521796406e-34
7.291819139998794e-35
7.01441208931584e-36
6.862853793827572e-37
6.784393025063899e-38
6.758678578407984e-39
6.784950565757043e-40
6.877706185067949e-41
7.067812574566211e-42
7.408323212177077e-43
7.985896159867718e-44
8.940401939185656e-45
1.0497692858304193e-45
1.302449706033191e-46
1.712163746464938e-47
2.3785510057650108e-48
3.469474992751217e-49
5.2733745396370985e-50
8.29788678407682e-51
1.3461804035403582e-51
2.2481204961797206e-52
3.867160029147684e-53
6.866655720362057e-54
1.2620991842812253e-54
2.407636126630833e-55
4.7759433004948565e-56
9.859594485998142e-57
2.1179915752882232e-57
4.730598957048308e-58
1.0975300492594545e-58
2.642897673074618e-59
6.602559210565952e-60
1.711063151322374e-60
4.600419527313621e-61
1.2835225373688563e-61
3.7168344834504642e-62
1.117280620634431e-62
3.486504166982342e-63
1.129409458772039e-63
3.79778009793045e-64
1.3255916721785178e-64
4.802655863568457e-65
1.8060977705703336e-65
7.050005968586672e-66
2.8564592012734996e-66
1.2013195583807345e-66
5.244229938865947e-67
2.3762766082123096e-67
1.1176409676111095e-67
5.456240241597258e-68
2.7647928488809616e-68
1.4541032456552557e-68
7.937176677336885e-69
4.496059417003706e-69
2.6425517833744883e-69
1.6111359249347816e-69
1.0185851096913301e-69
6.674070617493111e-70
4.5290089244285895e-70
3.1800452094125725e-70
2.3077232400803584e-70
1.7284783704277485e-70
1.3341411492431656e-70
1.0594051241923289e-70
8.639141135876124e-71
7.2216014049673814e-71
6.177298490533358e-71
5.397638872725228e-71
4.81022799716194e-71
4.365833459027173e-71
4.030571667652212e-71
3.7809689967533466e-71
3.6008010078524e-71
3.4790586023764827e-71
3.408650376801383e-71
3.3856068965170614e-71
3.408650376801383e-71
3.4790586023764827e-71
3.6008010078524e-71
3.7809689967533466e-71
4.030571667652212e-71
4.365833459027173e-71
4.81022799716194e-71
5.397638872725228e-71
6.177298490533358e-71
7.2216014049673814e-71
8.639141135876124e-71
1.0594051241923289e-70
1.3341411492431656e-70
1.7284783704277485e-70
2.3077232400803584e-70
3.1800452094125725e-70
4.5290089244285895e-70
6.674070617493111e-70
1.0185851096913301e-69
1.6111359249347816e-69
2.6425517833744883e-69
4.496059417003706e-69
7.937176677336885e-69
1.4541032456552557e-68
2.7647928488809616e-68
5.456240241597258e-68
1.1176409676111095e-67
2.3762766082123096e-67
5.244229938865947e-67
1.2013195583807345e-66
2.8564592012734996e-66
7.050005968586672e-66
1.8060977705703336e-65
4.802655863568457e-65
1.3255916721785178e-64
3.79778009793045e-64
1.129409458772039e-63
3.486504166982342e-63
1.117280620634431e-62
3.7168344834504642e-62
1.2835225373688563e-61
4.600419527313621e-61
1.711063151322374e-60
6.602559210565952e-60
2.642897673074618e-59
1.0975300492594545e-58
4.730598957048308e-58
2.1179915752882232e-57
9.859594485998142e-57
4.7759433004948565e-56
2.407636126630833e-55
1.2620991842812253e-54
6.866655720362057e-54
3.867160029147684e-53
2.2481204961797206e-52
1.3461804035403582e-51
8.29788678407682e-51
5.2733745396370985e-50
3.469474992751217e-49
2.3785510057650108e-48
1.712163746464938e-47
1.302449706033191e-46
1.0497692858304193e-45
8.940401939185656e-45
7.985896159867718e-44
7.408323212177077e-43
7.067812574566211e-42
6.877706185067949e-41
6.784950565757043e-40
6.758678578407984e-39
6.784393025063899e-38
6.862853793827572e-37
7.01441208931584e-36
7.291819139998794e-35
7.80852521796406e-34
8.79713628592082e-33
1.072784529268389e-31
1.4546949744532116e-30
2.2156332297705656e-29
3.73767792811583e-28
6.788301949765031e-27
1.2909045592675372e-25
2.5196194006627847e-24
4.9868814008380384e-23
9.94182438279596e-22
1.9893401986186492e-20
3.9880987482563077e-19
8.002646104748493e-18
1.606603245447776e-16
3.2261841161701134e-15
6.479270145340874e-14
1.301370899475651e-12
2.6141043380926473e-11
5.252273341864804e-10
1.6332819681113053e-08
4.389609785869384e-07
1.2295339038802099e-05
0.0003631767521533305
0.011831350120912961

1.628235595504066e-70
1.2876442899479766e-62
3.4081375368904234e-55
3.019123371829174e-48
8.951321359809617e-42
8.88251560051106e-36
2.9500362329828247e-30
3.27914984298273e-25
1.2199378783553697e-20
1.5189962822016698e-16
6.330211884271856e-13
8.829219710516413e-10
4.1216294317811487e-07
6.439588293398551e-05
0.0033673619719106953
0.05893374574257429
0.34520798175128403
0.6767685597680022
0.4440623822760225
0.09758275975768163
0.008291983673592901
0.010879457359765147
0.055542165524714235
0.1571151808002552
0.24228756300535806
0.20368094763481995
0.0933417618473838
0.02331889050271885
0.003175748299352623
0.0002357710986340975
9.542042842788918e-06
2.105224710929453e-07
2.5319892527913084e-09
1.6600897144365697e-11
5.933453751112431e-14
1.1560852661198107e-16
1.2279437500400915e-19
7.110061898868793e-23
2.244267354730946e-26
3.8617317675593924e-30
3.6223959473248873e-34
1.8523200844735774e-38
5.163479464808891e-43
7.846485464118457e-48
6.500012575421414e-53
2.9353474913972883e-58
7.226219467260468e-64
9.697707381084473e-70
7.094688069750945e-76
2.8294618183243514e-82
6.151494950518015e-89
7.290609008142854e-96
4.71035073178945e-103
1.6590099308684207e-110
3.185305031362953e-118
3.3339522192548394e-126
1.9022781397700184e-134
5.916910020379671e-143
1.0032801380786144e-151
9.273758160511604e-161
4.67299826569805e-170
1.2836356656050635e-179
1.9221807910372817e-189
1.5691085626081333e-199
6.982614304271194e-210
1.6939064321085536e-220
2.240098330860506e-231
1.614920136194863e-242
6.346602799403016e-254
1.3596836965875118e-265
1.5879644049737669e-277
1.0109971663976751e-289
3.5088549484133425e-302
6.638763453e-315
0.0
0.0
0.0
0.0
0.0
0.0
0.0
0.0
0.0
0.0
0.0
0.0
0.0
0.0
0.0
0.0
0.0
0.0
0.0
0.0
0.0
0.0
0.0
0.0
0.0
0.0
