1.354973945850561
0.11962362075803283
0.01408738991030332
0.0022377271989982637
0.00047994570160125687
0.00013729565626563657
5.100080643776573e-05
2.3653768509614574e-05
1.3090498354630991e-05
8.279696118845638e-06
5.775998751594392e-06
4.327004652812341e-06
3.4150854655070515e-06
2.8019305182542604e-06
2.367450755377408e-06
2.04637544307225e-06
1.8009026534331364e-06
1.607935085761951e-06
1.4527048050773276e-06
1.3253967396549333e-06
1.219267044311547e-06
1.129546944560013e-06
1.0527788574319904e-06
9.864003204766414e-07
9.284752129950297e-07
8.775153897603261e-07
8.323594335382874e-07
7.920884376367335e-07
7.559663608376165e-07
7.233970355151592e-07
6.938926801845925e-07
6.670504995683435e-07
6.425350616374418e-07
6.200648620992757e-07
5.994019653683746e-07
5.803439341118948e-07
5.62717480972794e-07
5.463734301743359e-07
5.311826853664102e-07
5.170329776545724e-07
5.038262237964586e-07
4.914763654812479e-07
4.799075908094326e-07
4.690528615903224e-07
4.588526869897224e-07
4.4925409688529545e-07
4.4020977808972857e-07
4.3167734415139963e-07
4.2361871529859857e-07
4.1599958966731136e-07
4.0878899054811426e-07
4.0195887723156376e-07
3.954838092939346e-07
3.893406559751522e-07
3.835083437564772e-07
3.7796763642222426e-07
3.7270094284560133e-07
3.6769214851873027e-07
3.629264674862145e-07
3.5839031186785803e-07
3.540711765910696e-07
3.4995753731436866e-07
3.4603875982395595e-07
3.423050194365428e-07
3.387472291523443e-07
3.353569754794795e-07
3.3212646100074266e-07
3.290484528805191e-07
3.2611623661733324e-07
3.233235744392931e-07
3.206646678180978e-07
3.181341236444489e-07
3.157269236654023e-07
3.1343839683388523e-07
3.112641942635059e-07
3.092002665189087e-07
3.072428430041423e-07
3.0538841323951855e-07
3.0363370984185803e-07
3.0197569304435123e-07
3.004115366109415e-07
2.989386150165356e-07
2.9755449177876834e-07
2.962569088397667e-07
2.950437769076037e-07
2.9391316667709195e-07
2.9286330085841696e-07
2.918925469500015e-07
2.9099941069902535e-07
2.9018253019935025e-07
2.894406705822712e-07
2.887727192627728e-07
2.88177681693237e-07
2.8765467762835015e-07
2.872029378269773e-07
2.8682180120491727e-07
2.865107124032303e-07
2.8626921975803896e-07
2.860969736578986e-07
2.8599372527756036e-07
2.8595932567955695e-07
2.8599372527756036e-07
2.860969736578986e-07
2.8626921975803896e-07
2.865107124032303e-07
2.8682180120491727e-07
2.872029378269773e-07
2.8765467762835015e-07
2.88177681693237e-07
2.887727192627728e-07
2.894406705822712e-07
2.9018253019935025e-07
2.9099941069902535e-07
2.918925469500015e-07
2.9286330085841696e-07
2.9391316667709195e-07
2.950437769076037e-07
2.962569088397667e-07
2.9755449177876834e-07
2.989386150165356e-07
3.004115366109415e-07
3.0197569304435123e-07
3.0363370984185803e-07
3.0538841323951855e-07
3.072428430041423e-07
3.092002665189087e-07
3.112641942635059e-07
3.1343839683388523e-07
3.157269236654023e-07
3.181341236444489e-07
3.206646678180978e-07
3.233235744392931e-07
3.2611623661733324e-07
3.290484528805191e-07
3.3212646100074266e-07
3.353569754794795e-07
3.387472291523443e-07
3.423050194365428e-07
3.4603875982395595e-07
3.4995753731436866e-07
3.540711765910696e-07
3.5839031186785803e-07
3.629264674862145e-07
3.6769214851873027e-07
3.7270094284560133e-07
3.7796763642222426e-07
3.835083437564772e-07
3.893406559751522e-07
3.954838092939346e-07
4.0195887723156376e-07
4.0878899054811426e-07
4.1599958966731136e-07
4.2361871529859857e-07
4.3167734415139963e-07
4.4020977808972857e-07
4.4925409688529545e-07
4.588526869897224e-07
4.690528615903224e-07
4.799075908094326e-07
4.914763654812479e-07
5.038262237964586e-07
5.170329776545724e-07
5.311826853664102e-07
5.463734301743359e-07
5.62717480972794e-07
5.803439341118948e-07
5.994019653683746e-07
6.200648620992757e-07
6.425350616374418e-07
6.670504995683435e-07
6.938926801845925e-07
7.233970355151592e-07
7.559663608376165e-07
7.920884376367335e-07
8.323594335382874e-07
8.775153897603261e-07
9.284752129950297e-07
9.864003204766414e-07
1.0527788574319904e-06
1.129546944560013e-06
1.219267044311547e-06
1.3253967396549333e-06
1.4527048050773276e-06
1.607935085761951e-06
1.8009026534331364e-06
2.04637544307225e-06
2.367450755377408e-06
2.8019305182542604e-06
3.4150854655070515e-06
4.327004652812341e-06
5.775998751594392e-06
8.279696118845638e-06
1.3090498354630991e-05
2.3653768509614574e-05
5.100080643776573e-05
0.00013729565626563657
0.00047994570160125687
0.0022377271989982637
0.01408738991030332
0.11962362075803283

1.3028170193785488e-05
7.321206273091336e-05
0.0003533821433029847
0.001466113431360445
0.0052349254878935655
0.016122973942751424
0.04298508676064236
0.09970772771001822
0.2024722085669628
0.3620927087004472
0.5722954597142594
0.7985242902670426
0.9773128203442508
1.0383478916652051
0.9463803647800797
0.7317929312778513
0.4757374616213137
0.25826459192515056
0.11653648063178507
0.04358224325925583
0.013489661486079371
0.0034554125441557757
0.0007333912341888196
0.0001293204177601313
1.9028457829120882e-05
2.3515582292920087e-06
2.462272485623201e-07
2.2083352410853837e-08
1.7167062573100445e-09
1.1692063180990162e-10
7.026126702864703e-12
3.73210382300664e-13
1.746999191093029e-14
7.165054860577527e-16
2.5586819069857995e-17
7.91410821270633e-19
2.1122527697922586e-20
4.852994289108834e-22
9.584955100702377e-24
1.6261541217585464e-25
2.368977997421465e-27
2.962857124005122e-29
3.1810925631581303e-31
2.9318607323955356e-33
2.3195623185742325e-35
1.5752963470634554e-37
9.183563398289273e-40
4.595710596714935e-42
1.9741789370150995e-44
7.279687363879528e-47
2.3042590825521316e-49
6.2609790555099694e-52
1.4603116729391423e-54
2.9237566673084047e-57
5.024921207547896e-60
7.413267133235644e-63
9.388201586339211e-66
1.0205811091247434e-68
9.523684658738934e-72
7.628775790482454e-75
5.245622796934193e-78
3.096218687798557e-81
1.5687674140512592e-84
6.823039012892896e-88
2.54735523082415e-91
8.163822093246626e-95
2.2458974117205127e-98
5.3036964513452774e-102
1.075126998333669e-105
1.8708253174030348e-109
2.7944675553326015e-113
3.583086292447747e-117
3.943735919413638e-121
3.7260677485105353e-125
3.021941347039283e-129
2.1038446950366375e-133
1.257284860984544e-137
6.449797177326567e-142
2.840212223247089e-146
1.073613315113706e-150
3.4836727273615905e-155
9.703293564034178e-160
2.3200286902463076e-164
4.761676676836758e-169
8.389166483050105e-174
1.268732560799652e-178
1.6470763112987452e-183
1.8354802637722568e-188
1.7558122700618215e-193
1.4417793562325546e-198
1.0162765129324227e-203
6.149181858670154e-209
3.193854654111985e-214
1.4239846970459276e-219
5.449891530125976e-225
1.7904523092650074e-230
5.049286565953154e-236
1.2223333003737943e-241
2.540046285024782e-247
4.530915679488287e-253
