0.8410455842692226
0.24999354482919114
0.12341786996639258
0.07558834277107052
0.052409541632773136
0.03940801883932311
0.03132502714756536
0.02590291641504323
0.022050416269061977
0.01918883186575394
0.016987591096642635
0.015246076452726937
0.0138363133846458
0.012673203191754343
0.011698141668327253
0.010869548869753144
0.010157157552008805
0.009538439866073814
0.008996299124693278
0.008517536243680998
0.008091805205071884
0.0077108856763930715
0.007368166350326446
0.007058271359041053
0.006776785754571911
0.0065200508123478985
0.006285009349239919
0.00606908740051085
0.005870102689199532
0.005686193086343901
0.005515760159869915
0.005357424234147195
0.005209988317999176
0.005072408928679162
0.004943772324303504
0.0048232750123073515
0.004710207664136638
0.00460394176254927
0.004503918455730319
0.00440963920478795
0.00432065789728623
0.00423657416593164
0.004157027703205617
0.0040816934031879006
0.004010277193686192
0.003942512447050732
0.003878156878194114
0.003816989854483943
0.0037588100551893223
0.0037034334287023092
0.00365069140433366
0.003600429322495478
0.0035525050528424393
0.003506787774692315
0.0034631568979784544
0.003421501106254817
0.003381717506000451
0.00334371086875264
0.0033073929545154065
0.0032726819065061006
0.003239501708669278
0.003207781698545982
0.0031774561290724207
0.0031484637737229687
0.0031207475701319
0.003094254297945297
0.003068934287185214
0.003044741153865678
0.0030216315599954683
0.0029995649954450625
0.002978503579452538
0.0029584118798020053
0.002939256747933761
0.002921007168442688
0.0029036341215941007
0.002887110457637911
0.0028714107818352966
0.0028565113492295823
0.002842389968296776
0.0028290259127030245
0.0028163998404776235
0.0028044937199825357
0.0027932907621237117
0.0027827753583069726
0.0027729330236924933
0.0027637503453479964
0.002755214934942062
0.0027473153856561894
0.002740041233027861
0.0027333829194673355
0.0027273317622185343
0.002721879924559626
0.0027170203900620553
0.0027127469397479373
0.0027090541320054077
0.0027059372851397025
0.0027033924624547713
0.0027014164597761914
0.0027000067953412803
0.0026991617019967032
0.0026988801216577345
0.0026991617019967032
0.0027000067953412803
0.0027014164597761914
0.0027033924624547713
0.0027059372851397025
0.0027090541320054077
0.0027127469397479373
0.0027170203900620553
0.002721879924559626
0.0027273317622185343
0.0027333829194673355
0.002740041233027861
0.0027473153856561894
0.002755214934942062
0.0027637503453479964
0.0027729330236924933
0.0027827753583069726
0.0027932907621237117
0.0028044937199825357
0.0028163998404776235
0.0028290259127030245
0.002842389968296776
0.0028565113492295823
0.0028714107818352966
0.002887110457637911
0.0029036341215941007
0.002921007168442688
0.002939256747933761
0.0029584118798020053
0.002978503579452538
0.0029995649954450625
0.0030216315599954683
0.003044741153865678
0.003068934287185214
0.003094254297945297
0.0031207475701319
0.0031484637737229687
0.0031774561290724207
0.003207781698545982
0.003239501708669278
0.0032726819065061006
0.0033073929545154065
0.00334371086875264
0.003381717506000451
0.003421501106254817
0.0034631568979784544
0.003506787774692315
0.0035525050528424393
0.003600429322495478
0.00365069140433366
0.0037034334287023092
0.0037588100551893223
0.003816989854483943
0.003878156878194114
0.003942512447050732
0.004010277193686192
0.0040816934031879006
0.004157027703205617
0.00423657416593164
0.00432065789728623
0.00440963920478795
0.004503918455730319
0.00460394176254927
0.004710207664136638
0.0048232750123073515
0.004943772324303504
0.005072408928679162
0.005209988317999176
0.005357424234147195
0.005515760159869915
0.005686193086343901
0.005870102689199532
0.00606908740051085
0.006285009349239919
0.0065200508123478985
0.006776785754571911
0.007058271359041053
0.007368166350326446
0.0077108856763930715
0.008091805205071884
0.008517536243680998
0.008996299124693278
0.009538439866073814
0.010157157552008805
0.010869548869753144
0.011698141668327253
0.012673203191754343
0.0138363133846458
0.015246076452726937
0.016987591096642635
0.01918883186575394
0.022050416269061977
0.02590291641504323
0.03132502714756536
0.03940801883932311
0.052409541632773136
0.07558834277107052
0.12341786996639258
0.24999354482919114

0.1320748144477437
0.19504982921133285
0.263728049559679
0.32647674721913983
0.3700269619795051
0.38397209970035956
0.36479690978237417
0.3173129688170417
0.25270280949301877
0.1842612994057291
0.1231443516239014
0.07689274913048902
0.05476405847341881
0.07963147647387266
0.17432631146004815
0.29133612936588443
0.31172542831369593
0.20760907526970857
0.08562816188917231
0.02185201547334049
0.0034526217691631905
0.00033909952042771675
2.11580537720862e-05
9.606609208704797e-07
5.799532000314644e-08
7.482075291503257e-09
1.1796839536016912e-09
1.7544407453234206e-10
2.3929623335940918e-11
2.9884490643039336e-12
3.416974431627891e-13
3.577031751317841e-14
3.42838072473844e-15
3.008433926652991e-16
2.4170024684724367e-17
1.7778654640257224e-18
1.1973079788676263e-19
7.382407993042076e-21
4.1674979304280045e-22
2.1539614481068912e-23
1.019261552386536e-24
4.415893007598571e-26
1.7516068124167712e-27
6.361212332023829e-29
2.115087517460233e-30
6.438756117854261e-32
1.794571607083751e-33
4.5793600634134036e-35
1.0698773068185904e-36
2.2884864356327596e-38
4.481752741350125e-40
8.03586489320975e-42
1.3191753978647875e-43
1.9827029080390788e-45
2.7283364631635233e-47
3.437347141716798e-49
3.9649164910902e-51
4.187259517901512e-53
4.048656164877896e-55
3.58407505748659e-57
2.904881895872036e-59
2.1555844755456437e-61
1.46449130580441e-63
9.109483042629084e-66
5.1878313477744025e-68
2.704974340869143e-70
1.2912954889820043e-72
5.643821911420046e-75
2.2584274933038253e-77
8.274165173988984e-80
2.7754116302376265e-82
8.523457593558583e-85
2.3965659743220393e-87
6.1694742611140305e-90
1.4540927454359362e-92
3.1377709803068144e-95
6.199198743657435e-98
1.1213341817379922e-100
1.85703353083668e-103
2.8157209577042754e-106
3.9088109349680266e-109
4.968037886985833e-112
5.781097808716975e-115
6.159151949190745e-118
6.007817106836069e-121
5.365345225273346e-124
4.386961496254433e-127
3.284090809869266e-130
2.250876544898815e-133
1.4124509569400891e-136
8.114845621047188e-140
4.268470952976716e-143
2.0556519380781697e-146
9.063835544862344e-150
3.658976628170791e-153
1.3523603749790343e-156
4.576257169549359e-160
1.4177954908096436e-163
4.021628432341689e-167
1.0444207170112442e-170
