1.180934730746916
0.13084954641700508
0.021440066534039674
0.005285975094047635
0.0018911087703611718
0.000904658555951187
0.0005301344850568093
0.00035568477750878976
0.00026121203314840604
0.00020407514290979106
0.00016657003847398366
0.0001403811958841766
0.000121201858101138
0.0001066198691412504
9.519563758994579e-05
8.602397261200154e-05
7.851044019860265e-05
7.225014203606932e-05
6.695856796662045e-05
6.243038668439133e-05
5.851393821074832e-05
5.5094915045514707e-05
5.208561452222927e-05
4.941767640627602e-05
4.703706224068307e-05
4.490051285629544e-05
4.297300252935335e-05
4.122587878168931e-05
3.9635482548496925e-05
3.818211052840089e-05
3.684922500596904e-05
3.562284515650493e-05
3.449107315279028e-05
3.344372158914067e-05
3.247201789194324e-05
3.156836782464808e-05
3.072616478306309e-05
2.993963488532366e-05
2.9203710273714652e-05
2.8513924823641716e-05
2.7866327778362545e-05
2.7257411822043698e-05
2.6684052856779508e-05
2.614345932445048e-05
2.5633129357103683e-05
2.5150814382889526e-05
2.469448808265204e-05
2.4262319802983858e-05
2.3852651698088995e-05
2.3463979005382183e-05
2.3094932965718403e-05
2.2744265984411133e-05
2.2410838698105778e-05
2.2093608668548343e-05
2.179162046996665e-05
2.150399697422253e-05
2.1229931668715425e-05
2.0968681867493292e-05
2.0719562697167276e-05
2.048194175683519e-05
2.02552343659386e-05
2.003889932632692e-05
1.983243513519492e-05
1.9635376594336578e-05
1.9447291768591884e-05
1.9267779252678993e-05
1.9096465710985616e-05
1.8933003659491574e-05
1.8777069462934147e-05
1.862836152371237e-05
1.8486598641940807e-05
1.8351518528580344e-05
1.8222876455751223e-05
1.810044403022329e-05
1.798400807772127e-05
1.7873369627114902e-05
1.7768342984814188e-05
1.766875489078508e-05
1.7574443748560976e-05
1.7485258922469903e-05
1.740106009604123e-05
1.732171668621224e-05
1.7247107308536524e-05
1.717711928911122e-05
1.711164821939876e-05
1.7050597550526646e-05
1.6993878224013943e-05
1.694140833619945e-05
1.6893112833940283e-05
1.684892323941381e-05
1.6808777402094703e-05
1.677261927619597e-05
1.674039872206004e-05
1.671207133016659e-05
1.668759826659006e-05
1.6666946138893048e-05
1.6650086881584424e-05
1.663699766040475e-05
1.6627660794827116e-05
1.662206369828118e-05
1.662019883572266e-05
1.662206369828118e-05
1.6627660794827116e-05
1.663699766040475e-05
1.6650086881584424e-05
1.6666946138893048e-05
1.668759826659006e-05
1.671207133016659e-05
1.674039872206004e-05
1.677261927619597e-05
1.6808777402094703e-05
1.684892323941381e-05
1.6893112833940283e-05
1.694140833619945e-05
1.6993878224013943e-05
1.7050597550526646e-05
1.711164821939876e-05
1.717711928911122e-05
1.7247107308536524e-05
1.732171668621224e-05
1.740106009604123e-05
1.7485258922469903e-05
1.7574443748560976e-05
1.766875489078508e-05
1.7768342984814188e-05
1.7873369627114902e-05
1.798400807772127e-05
1.810044403022329e-05
1.8222876455751223e-05
1.8351518528580344e-05
1.8486598641940807e-05
1.862836152371237e-05
1.8777069462934147e-05
1.8933003659491574e-05
1.9096465710985616e-05
1.9267779252678993e-05
1.9447291768591884e-05
1.9635376594336578e-05
1.983243513519492e-05
2.003889932632692e-05
2.02552343659386e-05
2.048194175683519e-05
2.0719562697167276e-05
2.0968681867493292e-05
2.1229931668715425e-05
2.150399697422253e-05
2.179162046996665e-05
2.2093608668548343e-05
2.2410838698105778e-05
2.2744265984411133e-05
2.3094932965718403e-05
2.3463979005382183e-05
2.3852651698088995e-05
2.4262319802983858e-05
2.469448808265204e-05
2.5150814382889526e-05
2.5633129357103683e-05
2.614345932445048e-05
2.6684052856779508e-05
2.7257411822043698e-05
2.7866327778362545e-05
2.8513924823641716e-05
2.9203710273714652e-05
2.993963488532366e-05
3.072616478306309e-05
3.156836782464808e-05
3.247201789194324e-05
3.344372158914067e-05
3.449107315279028e-05
3.562284515650493e-05
3.684922500596904e-05
3.818211052840089e-05
3.9635482548496925e-05
4.122587878168931e-05
4.297300252935335e-05
4.490051285629544e-05
4.703706224068307e-05
4.941767640627602e-05
5.208561452222927e-05
5.5094915045514707e-05
5.851393821074832e-05
6.243038668439133e-05
6.695856796662045e-05
7.225014203606932e-05
7.851044019860265e-05
8.602397261200154e-05
9.519563758994579e-05
0.0001066198691412504
0.000121201858101138
0.0001403811958841766
0.00016657003847398366
0.00020407514290979106
0.00026121203314840604
0.00035568477750878976
0.0005301344850568093
0.000904658555951187
0.0018911087703611718
0.005285975094047635
0.021440066534039674
0.13084954641700508

0.0007842147260735601
0.002332802306600589
0.006246732802524199
0.015091298357070742
0.03301758988018945
0.06579547763812461
0.12030059293556022
0.20329956685715994
0.31890098479640977
0.4635045410999318
0.618846163061032
0.7489495212347935
0.8097788503390917
0.7722132979077101
0.643037818331482
0.4643414557399934
0.2894955615686214
0.15548457449582467
0.0719159364461879
0.028688033984764653
0.009904633069481512
0.002977234903961825
0.0007860468490679491
0.00018445306523494798
3.901768067478177e-05
7.546332633596899e-06
1.348947362790198e-06
2.2385653312420292e-07
3.4409566331327686e-08
4.8671407091085225e-09
6.287072757100343e-10
7.368994710222853e-11
7.801853836102434e-12
7.440807664241536e-13
6.382845436924266e-14
4.92091897362267e-15
3.408467316394112e-16
2.1207272413191868e-17
1.1852104238393058e-18
5.949500233727519e-20
2.68247759862433e-21
1.0863281889080076e-22
3.9514357334432534e-24
1.2909743319456839e-25
3.7883410480705624e-27
9.985028329736527e-29
2.36384121308068e-30
5.026388646252994e-32
9.599809121271482e-34
1.6467887688028583e-35
2.5373592546109306e-37
3.5115171460960313e-39
4.3649210375337053e-41
4.873340498710864e-43
4.8870399339842347e-45
4.401835268635686e-47
3.561151502062055e-49
2.587711651481697e-51
1.6889238899811997e-53
9.900862814556806e-56
5.2132046467694986e-58
2.4655014990780274e-60
1.0473082743100972e-62
3.995881173706237e-65
1.369365436757442e-67
4.214974245891141e-70
1.1653040486830246e-72
2.893692321560299e-75
6.454078078116877e-78
1.2929592711470893e-80
2.326506342236464e-83
3.760039467280373e-86
5.458198588838974e-89
7.116640513593543e-92
8.334306943919576e-95
8.766630860795328e-98
8.282562380107916e-101
7.028545772913051e-104
5.357164793788563e-107
3.6675268433409077e-110
2.255175594202243e-113
1.2455357320542353e-116
6.1787523112283314e-120
2.7530503060371408e-123
1.10178352772987e-126
3.960474027657876e-130
1.2786945983431956e-133
3.7081326197592307e-137
9.658561560151139e-141
2.259635623455476e-144
4.748245223291828e-148
8.961828604578328e-152
1.5192487722036848e-155
2.3132891499768615e-159
3.163732196707736e-163
3.886317464086907e-167
4.287909401912712e-171
4.2493420771764706e-175
3.78239214814485e-179
3.023988807836696e-183
