1.131284958953041
0.2173978514358845
0.05303551463548841
0.015622301921570724
0.005281000764409998
0.001986877125020235
0.0008199750756758193
0.00036879168340898266
0.00018011548286430806
9.521754449935388e-05
5.427046399201736e-05
3.318037078468044e-05
2.162667256797468e-05
1.492402322915005e-05
1.0825541779090504e-05
8.196764921532413e-06
6.436619859887346e-06
5.2120359663518774e-06
4.3306264683533055e-06
3.6769308425632026e-06
3.1791774121701166e-06
2.7912934882217117e-06
2.4828216143562367e-06
2.233080485943472e-06
2.027680131070681e-06
1.856383100621118e-06
1.7117572977403257e-06
1.5883068290156174e-06
1.4818986676318858e-06
1.3893765964526095e-06
1.308296262473183e-06
1.2367401148528372e-06
1.1731860111773789e-06
1.1164125027345464e-06
1.0654295912819018e-06
1.0194274398860533e-06
9.777379163851913e-07
9.398054290405154e-07
9.051645731447596e-07
8.734228271729403e-07
8.442470328554753e-07
8.173527393997067e-07
7.924957362325137e-07
7.694652729441314e-07
7.480785908922933e-07
7.281764826061449e-07
7.096196625956295e-07
6.922857832702011e-07
6.760669671921419e-07
6.608677552212917e-07
6.466033916664866e-07
6.331983840846653e-07
6.205852881253349e-07
6.087036777312785e-07
5.974992687590519e-07
5.869231701826758e-07
5.769312418712737e-07
5.674835417728983e-07
5.58543848410014e-07
5.500792470632056e-07
5.420597700163314e-07
5.344580828571481e-07
5.272492101490669e-07
5.204102948720153e-07
5.139203869203708e-07
5.077602566807041e-07
5.019122303210065e-07
4.963600439295924e-07
4.910887140646927e-07
4.860844226299316e-07
4.81334414288526e-07
4.7682690488000197e-07
4.7255099951546333e-07
4.6849661920748385e-07
4.6465443504386145e-07
4.610158090451582e-07
4.575727409577461e-07
4.543178203299974e-07
4.512441833017525e-07
4.48345473608346e-07
4.4561580736198744e-07
4.43049741226614e-07
4.406422436486773e-07
4.3838866884670026e-07
4.3628473330005984e-07
4.3432649449143686e-07
4.325103317368866e-07
4.308329288711497e-07
4.292912586703532e-07
4.278825688548845e-07
4.2660436955197436e-07
4.254544221094191e-07
4.244307291652049e-07
4.2353152588982135e-07
4.22755272328934e-07
4.2210064678400376e-07
4.2156654017753893e-07
4.2115205135806397e-07
4.208564833077217e-07
4.2067934022277625e-07
4.206203254442688e-07
4.2067934022277625e-07
4.208564833077217e-07
4.2115205135806397e-07
4.2156654017753893e-07
4.2210064678400376e-07
4.22755272328934e-07
4.2353152588982135e-07
4.244307291652049e-07
4.254544221094191e-07
4.2660436955197436e-07
4.278825688548845e-07
4.292912586703532e-07
4.308329288711497e-07
4.325103317368866e-07
4.3432649449143686e-07
4.3628473330005984e-07
4.3838866884670026e-07
4.406422436486773e-07
4.43049741226614e-07
4.4561580736198744e-07
4.48345473608346e-07
4.512441833017525e-07
4.543178203299974e-07
4.575727409577461e-07
4.610158090451582e-07
4.6465443504386145e-07
4.6849661920748385e-07
4.7255099951546333e-07
4.7682690488000197e-07
4.81334414288526e-07
4.860844226299316e-07
4.910887140646927e-07
4.963600439295924e-07
5.019122303210065e-07
5.077602566807041e-07
5.139203869203708e-07
5.204102948720153e-07
5.272492101490669e-07
5.344580828571481e-07
5.420597700163314e-07
5.500792470632056e-07
5.58543848410014e-07
5.674835417728983e-07
5.769312418712737e-07
5.869231701826758e-07
5.974992687590519e-07
6.087036777312785e-07
6.205852881253349e-07
6.331983840846653e-07
6.466033916664866e-07
6.608677552212917e-07
6.760669671921419e-07
6.922857832702011e-07
7.096196625956295e-07
7.281764826061449e-07
7.480785908922933e-07
7.694652729441314e-07
7.924957362325137e-07
8.173527393997067e-07
8.442470328554753e-07
8.734228271729403e-07
9.051645731447596e-07
9.398054290405154e-07
9.777379163851913e-07
1.0194274398860533e-06
1.0654295912819018e-06
1.1164125027345464e-06
1.1731860111773789e-06
1.2367401148528372e-06
1.308296262473183e-06
1.3893765964526095e-06
1.4818986676318858e-06
1.5883068290156174e-06
1.7117572977403257e-06
1.856383100621118e-06
2.027680131070681e-06
2.233080485943472e-06
2.4828216143562367e-06
2.7912934882217117e-06
3.1791774121701166e-06
3.6769308425632026e-06
4.3306264683533055e-06
5.2120359663518774e-06
6.436619859887346e-06
8.196764921532413e-06
1.0825541779090504e-05
1.492402322915005e-05
2.162667256797468e-05
3.318037078468044e-05
5.427046399201736e-05
9.521754449935388e-05
0.00018011548286430806
0.00036879168340898266
0.0008199750756758193
0.001986877125020235
0.005281000764409998
0.015622301921570724
0.05303551463548841
0.2173978514358845

1.771229407716748e-05
0.00034678136683087075
0.0041856832189948855
0.031146311516337455
0.142881681338543
0.4040881780106698
0.7045400425959871
0.7573928589343797
0.508244395376556
0.32883261289470656
0.7638446660079903
1.2294128234653119
0.6252882445105927
0.09525493478914192
0.0043293616287067
5.868853427263114e-05
2.3750880500487424e-07
2.898857085503328e-10
1.2545234305053524e-13
8.513055115355499e-17
1.484421012905792e-19
1.8235251305397428e-22
1.3842282011156905e-25
6.478003688459145e-29
1.8689788280400845e-32
3.3242772352419854e-36
3.645186494152197e-40
2.464177186458226e-44
1.0269605851243365e-48
2.6385497172205146e-53
4.1793279476021696e-58
4.0811004415453775e-63
2.456845117817818e-68
9.118175301688556e-74
2.086256770531595e-79
2.9427762598132393e-85
2.559035977042687e-91
1.3719086755939612e-97
4.5342313612483535e-104
9.238720179281716e-111
1.1605119413874877e-117
8.987048321540935e-125
4.2905622080290006e-132
1.2628186654577869e-139
2.2913817245083375e-147
2.5632062920468104e-155
1.7676624610310643e-163
7.51527333633989e-172
1.9697898063047687e-180
3.182912160874641e-189
3.170728705935595e-198
1.9472565732549314e-207
7.372536573650431e-217
1.720839458964905e-226
2.4762440168638542e-236
2.1967274937088255e-246
1.2014026762799752e-256
4.050705481004252e-267
8.419812168700596e-278
1.0789561677863468e-288
8.52383165391444e-300
4.151409632526e-311
1.24e-322
0.0
0.0
0.0
0.0
0.0
0.0
0.0
0.0
0.0
0.0
0.0
0.0
0.0
0.0
0.0
0.0
0.0
0.0
0.0
0.0
0.0
0.0
0.0
0.0
0.0
0.0
0.0
0.0
0.0
0.0
0.0
0.0
0.0
0.0
0.0
0.0
0.0
