0.5303904121529142
0.23084762048758473
0.15889271317955236
0.12422499385132521
0.10197153440332539
0.08624638690993346
0.07458665877777743
0.06564334069934423
0.05859583568929681
0.05291672781139217
0.048253414676891974
0.04436242706801727
0.041070929241691236
0.03825322751849612
0.03581594940705904
0.03368841622197653
0.03181622510500866
0.03015687007237307
0.02867669117181823
0.027348708389300813
0.02615105711978539
0.025065840344581664
0.024078274418973068
0.023176044991185404
0.02234881548253983
0.02158784780708547
0.02088570668271669
0.020236026908079664
0.019633328571326616
0.01907286910617014
0.01855052393466381
0.018062689478763546
0.017606203816200976
0.017178281359258692
0.016776458757517473
0.016398549844425497
0.016042607917011356
0.015706893997100967
0.015389849999055218
0.015090075943749077
0.014806310526266107
0.01453741447669718
0.014282356257798902
0.014040199726319603
0.013810093451258821
0.013591261435786057
0.013382995032766262
0.013184645878951753
0.01299561970155679
0.012815370874421559
0.012643397620309992
0.012479237771869378
0.01232246501704228
0.012172685565767366
0.012029535184038879
0.011892676549138956
0.011761796886374213
0.011636605853150739
0.011516833640881288
0.011402229269176764
0.01129255905014591
0.01118760520350743
0.011087164605686019
0.010991047658182474
0.010899077262332212
0.010811087889140996
0.010726924734248584
0.010646442949252209
0.01056950694164807
0.010495989736543214
0.01042577239407036
0.010358743477120808
0.010294798564608834
0.01023383980600619
0.010175775513347814
0.010120519787317187
0.010067992174380086
0.010018117352253832
0.009970824841281934
0.009926048739534989
0.009883727479681971
0.009843803605875683
0.009806223569073914
0.009770937539377553
0.009737899234109965
0.009707065760490682
0.009678397471872557
0.009651857836616439
0.009627413318772473
0.00960503326982359
0.009584689830825539
0.0095663578443499
0.00955001477570271
0.009535640642952493
0.00952321795535794
0.009512731659838286
0.009504169095178703
0.009497519953709515
0.009492776250242143
0.009489932298086728
0.009488984692016948
0.009489932298086728
0.009492776250242143
0.009497519953709515
0.009504169095178703
0.009512731659838286
0.00952321795535794
0.009535640642952493
0.00955001477570271
0.0095663578443499
0.009584689830825539
0.00960503326982359
0.009627413318772473
0.009651857836616439
0.009678397471872557
0.009707065760490682
0.009737899234109965
0.009770937539377553
0.009806223569073914
0.009843803605875683
0.009883727479681971
0.009926048739534989
0.009970824841281934
0.010018117352253832
0.010067992174380086
0.010120519787317187
0.010175775513347814
0.01023383980600619
0.010294798564608834
0.010358743477120808
0.01042577239407036
0.010495989736543214
0.01056950694164807
0.010646442949252209
0.010726924734248584
0.010811087889140996
0.010899077262332212
0.010991047658182474
0.011087164605686019
0.01118760520350743
0.01129255905014591
0.011402229269176764
0.011516833640881288
0.011636605853150739
0.011761796886374213
0.011892676549138956
0.012029535184038879
0.012172685565767366
0.01232246501704228
0.012479237771869378
0.012643397620309992
0.012815370874421559
0.01299561970155679
0.013184645878951753
0.013382995032766262
0.013591261435786057
0.013810093451258821
0.014040199726319603
0.014282356257798902
0.01453741447669718
0.014806310526266107
0.015090075943749077
0.015389849999055218
0.015706893997100967
0.016042607917011356
0.016398549844425497
0.016776458757517473
0.017178281359258692
0.017606203816200976
0.018062689478763546
0.01855052393466381
0.01907286910617014
0.019633328571326616
0.020236026908079664
0.02088570668271669
0.02158784780708547
0.02234881548253983
0.023176044991185404
0.024078274418973068
0.025065840344581664
0.02615105711978539
0.027348708389300813
0.02867669117181823
0.03015687007237307
0.03181622510500866
0.03368841622197653
0.03581594940705904
0.03825322751849612
0.041070929241691236
0.04436242706801727
0.048253414676891974
0.05291672781139217
0.05859583568929681
0.06564334069934423
0.07458665877777743
0.08624638690993346
0.10197153440332539
0.12422499385132521
0.15889271317955236
0.23084762048758473

0.47448651770756967
0.43723260021147775
0.3372170005477496
0.21767816036065543
0.11760845340197769
0.05322954815010485
0.02070159487127054
0.010835660486665986
0.02478298685936045
0.08012386467915965
0.18376331253244868
0.28222874271448956
0.2891994718252405
0.19766368693613404
0.09011107491402491
0.02739996709760399
0.005557024666124146
0.0007517180688027796
6.782472314668884e-05
4.081703407473999e-06
1.6383822409863458e-07
4.386411718761465e-09
7.832924272357124e-11
9.3295100336574e-13
7.411636615925457e-15
3.9272610951733374e-17
1.3879883221409257e-19
3.2719167971069477e-22
5.14445320299222e-25
5.395076499159178e-28
3.773851987339331e-31
1.7610751806937867e-34
5.494819631333051e-38
1.1866446467270946e-41
2.857143977619883e-45
2.929843394771933e-48
5.06744830740206e-51
7.691804754136561e-54
9.788188552991028e-57
1.0425683684172642e-59
9.294273684303098e-63
6.934811167938252e-66
4.330739750547867e-69
2.2635901510944363e-72
9.902429706014048e-76
3.625717842787734e-79
1.1111034665608544e-82
2.8498582853144107e-86
6.117870634660311e-90
1.0992224191623887e-93
1.653023884111542e-97
2.0805633450670645e-101
2.1917500256125136e-105
1.9324548721452304e-109
1.4260539779029695e-113
8.807868683664939e-118
4.553170998568214e-122
1.9699960432447848e-126
7.133867026159245e-131
2.1621853929429495e-135
5.4849050181235535e-140
1.164537710744079e-144
2.0694086741468955e-149
3.077848484739433e-154
3.831390970610467e-159
3.991847753315552e-164
3.480965589009812e-169
2.5405851432475733e-174
1.5519439821392307e-179
7.93462838276598e-185
3.3953566910279766e-190
1.2160529376576837e-195
3.645254214587374e-201
9.145583587793152e-207
1.9204512586218258e-212
3.3752303537637095e-218
4.964914912003962e-224
6.112635018259934e-230
6.298735669649949e-236
5.432335256708707e-242
3.921281396671051e-248
2.3690690361352426e-254
1.1979417118563897e-260
5.069929506820082e-267
1.795876294043562e-273
5.32425904861404e-280
1.3211441337189023e-286
2.743781268338692e-293
4.7693262981633786e-300
6.938615924538966e-307
8.448836853e-314
8.61e-321
0.0
0.0
0.0
0.0
0.0
0.0
0.0
0.0
