0.5730345701141413
0.3306147230052914
0.2007032436394797
0.1277427852974496
0.08494527682069501
0.05880958687271134
0.042244149210647154
0.031378097197108976
0.024021751647585275
0.01889471090534493
0.015224876927056714
0.01253317313103621
0.01051434378132832
0.008969029011985891
0.0077640063393862365
0.006808328313061914
0.006038661170448313
0.005410076910739116
0.004890150224137377
0.004455100433078856
0.004087223922825517
0.0037731560879795166
0.0035026758298085364
0.003267870772338742
0.0030625460391973235
0.0028817999016304188
0.002721715341940059
0.00257913319254951
0.0024514833961475514
0.0023366581620869495
0.00223291565915226
0.00213880619936478
0.0020531151525711756
0.0019748184247217414
0.0019030474554528076
0.0018370614898807892
0.0017762254541217842
0.0017199921809838126
0.0016678880374974725
0.0016195012312874776
0.0015744722405001581
0.0015324859377957366
0.0014932650739672049
0.0014565648590827264
0.0014221684344700087
0.0013898830716007617
0.0013595369670990805
0.0013309765289883876
0.001304064069619417
0.0012786758367700755
0.0012547003271450587
0.0012320368366635687
0.0012105942100683943
0.0011902897589495542
0.0011710483225831486
0.0011528014502988698
0.0011354866876090246
0.0011190469512154918
0.0011034299803829388
0.0010885878541249943
0.0010744765652729647
0.001061055643846243
0.001048287823269688
0.0010361387439260566
0.0010245766893233373
0.0010135723508239184
0.0010030986174461313
0.0009931303877263652
0.0009836444010358394
0.0009746190860920007
0.0009660344247000205
0.0009578718290130179
0.0009501140308170028
0.0009427449815336866
0.0009357497617957901
0.0009291144995891655
0.00092282629607715
0.0009168731583278005
0.0009112439382563068
0.0009059282771748655
0.0009009165554122872
0.0008961998465269468
0.0008917698756906117
0.0008876189818681579
0.0008837400834601022
0.0008801266471119833
0.0008767726594275227
0.0008736726013517924
0.0008708214250167264
0.00086821453286469
0.0008658477588868171
0.000863717351831736
0.0008618199602574169
0.0008601526193144414
0.0008587127391631906
0.0008574980949405168
0.0008565068182035129
0.0008557373897892328
0.0008551886340397361
0.0008548597143517928
0.000854750130020071
0.0008548597143517928
0.0008551886340397361
0.0008557373897892328
0.0008565068182035129
0.0008574980949405168
0.0008587127391631906
0.0008601526193144414
0.0008618199602574169
0.000863717351831736
0.0008658477588868171
0.00086821453286469
0.0008708214250167264
0.0008736726013517924
0.0008767726594275227
0.0008801266471119833
0.0008837400834601022
0.0008876189818681579
0.0008917698756906117
0.0008961998465269468
0.0009009165554122872
0.0009059282771748655
0.0009112439382563068
0.0009168731583278005
0.00092282629607715
0.0009291144995891655
0.0009357497617957901
0.0009427449815336866
0.0009501140308170028
0.0009578718290130179
0.0009660344247000205
0.0009746190860920007
0.0009836444010358394
0.0009931303877263652
0.0010030986174461313
0.0010135723508239184
0.0010245766893233373
0.0010361387439260566
0.001048287823269688
0.001061055643846243
0.0010744765652729647
0.0010885878541249943
0.0011034299803829388
0.0011190469512154918
0.0011354866876090246
0.0011528014502988698
0.0011710483225831486
0.0011902897589495542
0.0012105942100683943
0.0012320368366635687
0.0012547003271450587
0.0012786758367700755
0.001304064069619417
0.0013309765289883876
0.0013595369670990805
0.0013898830716007617
0.0014221684344700087
0.0014565648590827264
0.0014932650739672049
0.0015324859377957366
0.0015744722405001581
0.0016195012312874776
0.0016678880374974725
0.0017199921809838126
0.0017762254541217842
0.0018370614898807892
0.0019030474554528076
0.0019748184247217414
0.0020531151525711756
0.00213880619936478
0.00223291565915226
0.0023366581620869495
0.0024514833961475514
0.00257913319254951
0.002721715341940059
0.0028817999016304188
0.0030625460391973235
0.003267870772338742
0.0035026758298085364
0.0037731560879795166
0.004087223922825517
0.004455100433078856
0.004890150224137377
0.005410076910739116
0.006038661170448313
0.006808328313061914
0.0077640063393862365
0.008969029011985891
0.01051434378132832
0.01253317313103621
0.015224876927056714
0.01889471090534493
0.024021751647585275
0.031378097197108976
0.042244149210647154
0.05880958687271134
0.08494527682069501
0.1277427852974496
0.2007032436394797
0.3306147230052914

0.0375801048529551
0.2816035409562556
0.8092520833741406
0.9504479291152241
0.5435298167930307
0.1836016291088903
0.0367898544726843
0.00395100407714481
0.0002158651953752051
5.9288134799266695e-06
8.172551890851219e-08
5.653147042824706e-10
1.9622843766712757e-12
3.4180037639372813e-15
2.9875972414548603e-18
1.310419917445842e-21
2.8842828232837516e-25
3.185694489853973e-29
1.76566914413647e-33
4.910813639097142e-38
6.853880083301154e-43
4.800190493390918e-48
1.6870166382668068e-53
2.9752206643201636e-59
2.6330428094278134e-65
1.1693259320392157e-71
2.6058665106335797e-78
2.914121603920691e-85
1.6353175557709113e-92
4.605061665715329e-100
6.5074033076992766e-108
4.6144391123939557e-116
1.641984444510888e-124
2.9319602606028638e-133
2.6271570977037166e-142
1.1812802134522207e-151
2.665377567723669e-161
3.0178904418410415e-171
1.7146959551493647e-181
4.888883628106888e-192
6.994733920257814e-203
5.021941160065303e-214
1.8093015859787615e-225
3.271065422984599e-237
2.967607221876257e-249
1.3510223411914466e-261
3.0864380532165145e-274
3.5382744906314073e-287
2.035468568620497e-300
5.8759244345e-314
0.0
0.0
0.0
0.0
0.0
0.0
0.0
0.0
0.0
0.0
0.0
0.0
0.0
0.0
0.0
0.0
0.0
0.0
0.0
0.0
0.0
0.0
0.0
0.0
0.0
0.0
0.0
0.0
0.0
0.0
0.0
0.0
0.0
0.0
0.0
0.0
0.0
0.0
0.0
0.0
0.0
0.0
0.0
0.0
0.0
0.0
0.0
0.0
0.0
0.0
