0.7708287133490076
0.2828310917451519
0.15563412367965027
0.10230775617515356
0.07444654316671166
0.057891259797759
0.047136357180686046
0.03967430854667338
0.03423117219821333
0.030102960526179664
0.026873582500443357
0.0242832477951361
0.02216223300198073
0.020395369549399755
0.018901958264772402
0.017623878832245237
0.016518268429213726
0.015552857189518054
0.014702906236183729
0.013949144069547248
0.0132763429315435
0.012672315991386776
0.01212719762775696
0.011632918106649986
0.011182814247955364
0.010771336840792987
0.010393827957748198
0.010046349486006552
0.00972554967541288
0.009428558244096556
0.009152903173847706
0.008896444148344288
0.008657318883595395
0.008433899534023459
0.008224757038329943
0.008028631770661635
0.007844409235545148
0.00767109982506999
0.007507821868878498
0.007353787369472405
0.007208289939981356
0.007070694558161563
0.0069404288258201954
0.006816975482130529
0.006699865966166592
0.006588674861260992
0.006483015083604943
0.006382533701486462
0.0062869082909434125
0.006195843749350113
0.0061090695013026695
0.006026337041698577
0.00594741776957468
0.0058721010734330776
0.00580019263473075
0.005731512921161651
0.005665895845500675
0.005603187569252689
0.005543245433273551
0.005485936999999269
0.005431139194010863
0.005378737529439505
0.0053286254142307105
0.005280703522580161
0.005234879227962286
0.00519106609012507
0.005149183390244627
0.005109155709141282
0.005070912544071563
0.005034387960142214
0.0049995202728543514
0.0049662517586886645
0.004934528390994167
0.00490429959875065
0.00487551804604486
0.004848139430337503
0.004822122297806805
0.004797427874238636
0.004774019910095855
0.004751864538543774
0.004730930145336526
0.004711187249582965
0.004692608394512026
0.004675168047448095
0.0046588425082879055
0.004643609825843198
0.004629449721478696
0.0046163435195339
0.004604274084070423
0.004593225761534893
0.004583184328971349
0.004574136947457106
0.004566072120472897
0.004558979656951676
0.004552850638781964
0.004547677392570409
0.0045434534654954966
0.00454017360510979
0.0045378337429722295
0.004536430982015007
0.004535963587571746
0.004536430982015007
0.0045378337429722295
0.00454017360510979
0.0045434534654954966
0.004547677392570409
0.004552850638781964
0.004558979656951676
0.004566072120472897
0.004574136947457106
0.004583184328971349
0.004593225761534893
0.004604274084070423
0.0046163435195339
0.004629449721478696
0.004643609825843198
0.0046588425082879055
0.004675168047448095
0.004692608394512026
0.004711187249582965
0.004730930145336526
0.004751864538543774
0.004774019910095855
0.004797427874238636
0.004822122297806805
0.004848139430337503
0.00487551804604486
0.00490429959875065
0.004934528390994167
0.0049662517586886645
0.0049995202728543514
0.005034387960142214
0.005070912544071563
0.005109155709141282
0.005149183390244627
0.00519106609012507
0.005234879227962286
0.005280703522580161
0.0053286254142307105
0.005378737529439505
0.005431139194010863
0.005485936999999269
0.005543245433273551
0.005603187569252689
0.005665895845500675
0.005731512921161651
0.00580019263473075
0.0058721010734330776
0.00594741776957468
0.006026337041698577
0.0061090695013026695
0.006195843749350113
0.0062869082909434125
0.006382533701486462
0.006483015083604943
0.006588674861260992
0.006699865966166592
0.006816975482130529
0.0069404288258201954
0.007070694558161563
0.007208289939981356
0.007353787369472405
0.007507821868878498
0.00767109982506999
0.007844409235545148
0.008028631770661635
0.008224757038329943
0.008433899534023459
0.008657318883595395
0.008896444148344288
0.009152903173847706
0.009428558244096556
0.00972554967541288
0.010046349486006552
0.010393827957748198
0.010771336840792987
0.011182814247955364
0.011632918106649986
0.01212719762775696
0.012672315991386776
0.0132763429315435
0.013949144069547248
0.014702906236183729
0.015552857189518054
0.016518268429213726
0.017623878832245237
0.018901958264772402
0.020395369549399755
0.02216223300198073
0.0242832477951361
0.026873582500443357
0.030102960526179664
0.03423117219821333
0.03967430854667338
0.047136357180686046
0.057891259797759
0.07444654316671166
0.10230775617515356
0.15563412367965027
0.2828310917451519

0.22336644536801642
0.2920774327521047
0.3513904164271964
0.3889498990158232
0.3961040273566104
0.37113919268177664
0.3199476944388725
0.2537930528590757
0.18547939713835274
0.1264180844385905
0.08710565520345576
0.07970177892452035
0.11233186948215004
0.16868667017133104
0.20206337819173936
0.1769876892933843
0.11096780983669524
0.049526709024349753
0.015711841760822694
0.003542904166392001
0.0005686931221147032
6.534116597665963e-05
5.489235304339158e-06
3.6773456917371537e-07
2.622734833925234e-08
2.8804250738816136e-09
4.2036091683187235e-10
6.203613172102438e-11
8.538634859160567e-12
1.0828047447764046e-12
1.263486703937233e-13
1.3564563505686149e-14
1.339839992040018e-15
1.2176203414375332e-16
1.0180818458154194e-17
7.831867511394525e-19
5.543190590571199e-20
3.609658616482459e-21
2.162640291929855e-22
1.19210439708256e-23
6.045832766306322e-25
2.821043678149844e-26
1.2110869683740851e-27
4.783576150373301e-29
1.7383686975328056e-30
5.812231911447315e-32
1.787951839023689e-33
5.060349794202401e-35
1.317701682663953e-36
3.1569340040803556e-38
6.958662057632667e-40
1.4112300933141125e-41
2.633187302236908e-43
4.5204067603570917e-45
7.139784761742729e-47
1.0375393185489903e-48
1.3871896763900034e-50
1.7063926536452053e-52
1.9312297262283623e-54
2.0109475473713485e-56
1.9265460228826294e-58
1.698125853160438e-60
1.3771213137505623e-62
1.0275107309162534e-64
7.053625091466247e-67
4.4550257587584113e-69
2.5888083844116343e-71
1.3840807670163625e-73
6.808239130448543e-76
3.0812008514782067e-78
1.2829716425920436e-80
4.915027427446222e-83
1.7323940135506725e-85
5.617967768328726e-88
1.67619157092873e-90
4.6012931353961605e-93
1.1621120154573115e-95
2.7003988942921266e-98
5.773241060091963e-101
1.135594556934042e-103
2.0551274164092897e-106
3.4218899953774853e-109
5.24209847778637e-112
7.388497775210054e-115
9.581179105561146e-118
1.1431247051810404e-120
1.2548161603042003e-123
1.267297084671059e-126
1.1775750859887786e-129
1.0067244628677192e-132
7.918528338458365e-136
5.730469019903753e-139
3.8154670110382406e-142
2.33731409024642e-145
1.3173412516266e-148
6.8311110645221355e-152
3.259089157627007e-155
1.4305827260740548e-158
5.777521260529402e-162
2.1467524545093909e-165
