0.6793435784775607
0.19681355123854816
0.13724574214618293
0.10560470912776437
0.08424259561789582
0.06912493921132808
0.05807238262123285
0.04976077652061482
0.04335382950964453
0.03830664936846181
0.03425406723826027
0.030945004393661102
0.028202751289274585
0.025900269769868586
0.02394444741489242
0.022265824131176726
0.02081174410174815
0.019541699664707805
0.018424106919786486
0.017434034543732137
0.01655157861343888
0.015760682553878802
0.01504826856883187
0.014403590201205654
0.013817744007266194
0.013283297172340256
0.012794000611520164
0.01234456579984512
0.011930489608347226
0.011547915655761912
0.01119352369157048
0.010864440683848082
0.010558168850544135
0.01027252701928661
0.010005602548415215
0.00975571167415363
0.00952136662432544
0.009301248199495158
0.009094182797764484
0.008899123071291794
0.008715131566695986
0.008541366829444732
0.008377071552699315
0.008221562430301121
0.008074221436454152
0.007934488304826678
0.00780185402003715
0.007675855166929238
0.007556069009316096
0.007442109191253264
0.007333621971371609
0.0072302829151407325
0.007131793981748859
0.007037880952059146
0.006948291152218032
0.006862791434254127
0.006781166380661421
0.006703216704705537
0.006628757822185752
0.006557618573758015
0.006489640079780384
0.006424674712068342
0.006362585169014062
0.006303243642288708
0.006246531064858482
0.006192336431342993
0.006140556182861604
0.006091093649477307
0.006043858544181247
0.0059987665030836156
0.005955738667104412
0.00591470130100412
0.00587558544607128
0.0058383266032009055
0.00580286444346301
0.005769142543581246
0.005737108144023849
0.005706711927657673
0.005677907817135778
0.005650652789383423
0.0056249067057194775
0.005600632156303554
0.005577794317735292
0.0055563608227539064
0.005536301641094768
0.005517588970657246
0.005500197138225509
0.005484102509062789
0.0054692834047708
0.005455720028870421
0.005443394399618302
0.005432290289627489
0.005422393171908955
0.005413690171995933
0.00540617002585432
0.0053998230433210505
0.005394641076848162
0.005390617495364138
0.005387747163096046
0.0053860264232263345
0.005385453086287543
0.0053860264232263345
0.005387747163096046
0.005390617495364138
0.005394641076848162
0.0053998230433210505
0.00540617002585432
0.005413690171995933
0.005422393171908955
0.005432290289627489
0.005443394399618302
0.005455720028870421
0.0054692834047708
0.005484102509062789
0.005500197138225509
0.005517588970657246
0.005536301641094768
0.0055563608227539064
0.005577794317735292
0.005600632156303554
0.0056249067057194775
0.005650652789383423
0.005677907817135778
0.005706711927657673
0.005737108144023849
0.005769142543581246
0.00580286444346301
0.0058383266032009055
0.00587558544607128
0.00591470130100412
0.005955738667104412
0.0059987665030836156
0.006043858544181247
0.006091093649477307
0.006140556182861604
0.006192336431342993
0.006246531064858482
0.006303243642288708
0.006362585169014062
0.006424674712068342
0.006489640079780384
0.006557618573758015
0.006628757822185752
0.006703216704705537
0.006781166380661421
0.006862791434254127
0.006948291152218032
0.007037880952059146
0.007131793981748859
0.0072302829151407325
0.007333621971371609
0.007442109191253264
0.007556069009316096
0.007675855166929238
0.00780185402003715
0.007934488304826678
0.008074221436454152
0.008221562430301121
0.008377071552699315
0.008541366829444732
0.008715131566695986
0.008899123071291794
0.009094182797764484
0.009301248199495158
0.00952136662432544
0.00975571167415363
0.010005602548415215
0.01027252701928661
0.010558168850544135
0.010864440683848082
0.01119352369157048
0.011547915655761912
0.011930489608347226
0.01234456579984512
0.012794000611520164
0.013283297172340256
0.013817744007266194
0.014403590201205654
0.01504826856883187
0.015760682553878802
0.01655157861343888
0.017434034543732137
0.018424106919786486
0.019541699664707805
0.02081174410174815
0.022265824131176726
0.02394444741489242
0.025900269769868586
0.028202751289274585
0.030945004393661102
0.03425406723826027
0.03830664936846181
0.04335382950964453
0.04976077652061482
0.05807238262123285
0.06912493921132808
0.08424259561789582
0.10560470912776437
0.13724574214618293
0.19681355123854816

0.2604999962896161
0.40561084711685524
0.3908816740405183
0.2331390208818212
0.0860634073976673
0.01966328231243603
0.0027805288291588006
0.00024335075742469307
1.3181884279541297e-05
4.5434160735974213e-07
5.791230861632293e-07
1.6389790795369897e-05
0.00029533973210623006
0.003334986990499009
0.02359864659043346
0.10464072309755618
0.29076026178091186
0.5062791633147316
0.5524153522740375
0.37771315348230355
0.1618375002577832
0.04345271307454533
0.007310975312765081
0.0007708225662490709
5.0927716859039694e-05
2.1085052006198282e-06
5.470359016091912e-08
8.893601508892573e-10
9.06066735370979e-12
5.784467559059126e-14
2.3141274641924813e-16
5.801387125678063e-19
9.1137497742864e-22
8.971871351055866e-25
5.5346435748270115e-28
2.139523011578714e-31
5.182805955900214e-35
7.867443267250707e-39
7.483813807053977e-43
4.461008096651284e-47
1.666340432973402e-51
3.900453787267013e-56
5.721201244904236e-61
5.258719372181107e-66
3.0289593864632227e-71
1.0932703956692491e-76
2.4727625203903051e-82
3.504757019929485e-88
3.112820676071675e-94
1.7324909476944248e-100
6.042386885664965e-107
1.3205862392163318e-113
1.8086131715759186e-120
1.5521914776046475e-127
8.347675978323202e-135
2.8132385198264786e-142
5.941118444847797e-150
7.862316991227962e-158
6.520089720153153e-166
3.388264281925332e-174
1.1033712579609392e-182
2.2515766658634244e-191
2.8792043854192845e-200
2.3071664857769941e-209
1.1585267266369942e-218
3.645472809802834e-228
7.18823642579013e-238
8.882015482408312e-248
6.877354043665303e-258
3.336967078203964e-268
1.0146193608352478e-278
1.9331922784453256e-289
2.3081692014775388e-300
1.7269545789724e-311
8e-323
0.0
0.0
0.0
0.0
0.0
0.0
0.0
0.0
0.0
0.0
0.0
0.0
0.0
0.0
0.0
0.0
0.0
0.0
0.0
0.0
0.0
0.0
0.0
0.0
0.0
