0.8685330222169927
0.4548308811929204
0.26585438690314245
0.1702211866347112
0.11743531337084509
0.08606464212695081
0.06621059159661569
0.052955236505654965
0.043694661236820274
0.03697104251141002
0.03192711921214201
0.028036452922657815
0.024963124637863456
0.02248537527339165
0.020452322714604575
0.01875851278566345
0.01732845314183774
0.016106928660154028
0.015052770316910196
0.01413474595408469
0.013328788801729816
0.012616089525968127
0.011981757878221784
0.011413867613935327
0.010902764070270524
0.010440554814949569
0.010020729903335192
0.009637875231140122
0.009287453660124408
0.00896563610164591
0.00866916985634009
0.008395275040414011
0.008141562401401382
0.007905967578288596
0.007686698117040881
0.007482190463003119
0.007291074818365625
0.007112146245873174
0.006944340767833086
0.006786715486379604
0.006638431961086861
0.006498742240730712
0.006366977069813257
0.006242535886520894
0.006124878303805659
0.00601351682423916
0.005908010585905654
0.005807959973671518
0.005713001959809034
0.005622806061776524
0.005537070824201633
0.005455520747734853
0.005377903600176775
0.005303988055713424
0.00523356161667252
0.005166428779297374
0.005102409410907308
0.005041337310699702
0.004983058930528939
0.0049274322354166955
0.004874325686422603
0.0048236173309289775
0.004775193987444838
0.004728950513775343
0.004684789148884522
0.004642618920043777
0.00460235510794089
0.004563918763352929
0.0045272362697852805
0.004492238947167975
0.004458862692296052
0.004427047652216657
0.004396737927213877
0.004367881300432291
0.004340428991520609
0.0043143354319742115
0.004289558060116067
0.0042660571338842945
0.004243795559795965
0.004222738736634134
0.0042028544125619315
0.004184112554506259
0.004166485228776771
0.004149946491995304
0.004134472291508421
0.004120040374542871
0.004106630205441761
0.0040942228903892855
0.004082801109094835
0.004072349052964302
0.0040628523693378845
0.004054298111420598
0.004046674693574491
0.0040399718516807345
0.004034180608315894
0.004029293242520152
0.004025303263966313
0.004022205391367719
0.004019995534990651
0.004018670783163059
0.0040182293926965765
0.004018670783163059
0.004019995534990651
0.004022205391367719
0.004025303263966313
0.004029293242520152
0.004034180608315894
0.0040399718516807345
0.004046674693574491
0.004054298111420598
0.0040628523693378845
0.004072349052964302
0.004082801109094835
0.0040942228903892855
0.004106630205441761
0.004120040374542871
0.004134472291508421
0.004149946491995304
0.004166485228776771
0.004184112554506259
0.0042028544125619315
0.004222738736634134
0.004243795559795965
0.0042660571338842945
0.004289558060116067
0.0043143354319742115
0.004340428991520609
0.004367881300432291
0.004396737927213877
0.004427047652216657
0.004458862692296052
0.004492238947167975
0.0045272362697852805
0.004563918763352929
0.00460235510794089
0.004642618920043777
0.004684789148884522
0.004728950513775343
0.004775193987444838
0.0048236173309289775
0.004874325686422603
0.0049274322354166955
0.004983058930528939
0.005041337310699702
0.005102409410907308
0.005166428779297374
0.00523356161667252
0.005303988055713424
0.005377903600176775
0.005455520747734853
0.005537070824201633
0.005622806061776524
0.005713001959809034
0.005807959973671518
0.005908010585905654
0.00601351682423916
0.006124878303805659
0.006242535886520894
0.006366977069813257
0.006498742240730712
0.006638431961086861
0.006786715486379604
0.006944340767833086
0.007112146245873174
0.007291074818365625
0.007482190463003119
0.007686698117040881
0.007905967578288596
0.008141562401401382
0.008395275040414011
0.00866916985634009
0.00896563610164591
0.009287453660124408
0.009637875231140122
0.010020729903335192
0.010440554814949569
0.010902764070270524
0.011413867613935327
0.011981757878221784
0.012616089525968127
0.013328788801729816
0.01413474595408469
0.015052770316910196
0.016106928660154028
0.01732845314183774
0.01875851278566345
0.020452322714604575
0.02248537527339165
0.024963124637863456
0.028036452922657815
0.03192711921214201
0.03697104251141002
0.043694661236820274
0.052955236505654965
0.06621059159661569
0.08606464212695081
0.11743531337084509
0.1702211866347112
0.26585438690314245
0.4548308811929204

0.19151050589604451
0.438618421488882
0.7565094125108875
0.9519458826288225
0.8708760830540302
0.5986280803373618
0.3260019560828703
0.14818799057188092
0.05924347661401021
0.021995290987056406
0.00778834552664724
0.002573877714244794
0.0007612442187507203
0.00019530900513387245
4.2810541441823205e-05
7.970403270860566e-06
1.2580746301574066e-06
1.6827099869595446e-07
1.9069387356957764e-08
1.8309563723425749e-09
1.489467646278855e-10
1.0265867649923051e-11
5.99475878476175e-13
2.965918576606455e-14
1.2432492173058919e-15
4.415385465458555e-17
1.328588569876541e-18
3.387067555323039e-20
7.315915229752526e-22
1.3388284402691428e-23
2.0758341529395908e-25
2.726916472966778e-27
3.035026425937167e-29
2.861966705223052e-31
2.2865364883502063e-33
1.547758344831227e-35
8.87645654081414e-38
4.313080528948567e-40
1.7756074621770805e-42
6.193238644828696e-45
1.830206643470974e-47
4.582409522210368e-50
9.720735561095495e-53
1.7470921725859026e-55
2.660381786455203e-58
3.43228682059541e-61
3.751756454725991e-64
3.474538777406295e-67
2.7262843240578624e-70
1.8124105800700414e-73
1.0208301537238753e-76
4.871490388646628e-80
1.9696164782152788e-83
6.747034748286215e-87
1.958193855884745e-90
4.81515064866597e-94
1.0031723044517201e-97
1.77073123048013e-101
2.648141694674775e-105
3.355376437091904e-109
3.602074910745629e-113
3.276239856082498e-117
2.5247018428926235e-121
1.6483747893642914e-125
9.118287664164398e-130
4.2734839147541136e-134
1.6969237064508018e-138
5.708920813225909e-143
1.6272608656408557e-147
3.929812231422209e-152
8.040774428868313e-157
1.3939121914210394e-161
2.04731379655824e-166
2.547679945880832e-171
2.686066638494877e-176
2.399386196500565e-181
1.815912792658783e-186
1.1643975396249685e-191
6.325852029483708e-197
2.9117108022464196e-202
1.1355046192246311e-207
3.751811685626206e-213
1.0502788430933684e-218
2.49103403502998e-224
5.00571551885055e-230
8.522443416337416e-236
1.229344343702108e-241
1.5024306235977504e-247
1.5557032741999956e-253
1.3648048692390142e-259
1.0144387253098158e-265
6.388406383109348e-272
3.408558162884963e-278
1.5408499270556793e-284
5.901486718405076e-291
1.915022958174691e-297
5.264995381263744e-304
1.22640373106105e-310
2.4203624e-317
5e-324
