0.7649202627839605
0.12149353676834528
0.024319603287368388
0.005838105129570392
0.0016565430528781785
0.0005528046636683533
0.00021584857504111467
9.77551195346955e-05
5.0662675782509396e-05
2.952573901980878e-05
1.8979043871114104e-05
1.3205373563236854e-05
9.782633663796077e-06
7.612029382851553e-06
6.155390704501949e-06
5.130605843031095e-06
4.380666287050662e-06
3.8134724392056648e-06
3.3724516322360954e-06
3.0214216010282755e-06
2.7364065419405213e-06
2.501016452298224e-06
2.3037350706160636e-06
2.136271657638038e-06
1.9925274788481183e-06
1.8679292204403653e-06
1.758987994777642e-06
1.6630008012975903e-06
1.5778441637372642e-06
1.5018287501891874e-06
1.4335951663302007e-06
1.3720380691364084e-06
1.31625009620383e-06
1.265479879679964e-06
1.2191002176576475e-06
1.1765836698511659e-06
1.1374836477472933e-06
1.1014196182977534e-06
1.0680654205893375e-06
1.037139962047458e-06
1.0083997506602388e-06
9.816328563373438e-07
9.566539938782816e-07
9.333004930281071e-07
9.114289752558488e-07
8.909125974345383e-07
8.716387532150597e-07
8.53507146189524e-07
8.364281668155992e-07
8.203215188854316e-07
8.051150520691067e-07
7.907437654784731e-07
7.771489538292021e-07
7.642774730363431e-07
7.520811062699235e-07
7.405160148566129e-07
7.295422611200646e-07
7.19123392443956e-07
7.092260776243765e-07
6.998197880348854e-07
6.908765173230282e-07
6.823705343422866e-07
6.742781648385713e-07
6.665775980873673e-07
6.592487152420274e-07
6.522729366258453e-07
6.456330855968832e-07
6.393132669483278e-07
6.332987580891755e-07
6.275759114890671e-07
6.221320670742547e-07
6.169554734348844e-07
6.12035216851823e-07
6.073611572781824e-07
6.029238705197445e-07
5.987145959524925e-07
5.947251891966223e-07
5.909480792367186e-07
5.873762295388087e-07
5.840031027681025e-07
5.80822628757561e-07
5.77829175417917e-07
5.750175223152797e-07
5.723828366736217e-07
5.699206515869268e-07
5.676268462500018e-07
5.654976280384438e-07
5.635295162872948e-07
5.617193276348922e-07
5.60064162813573e-07
5.585613947824761e-07
5.57208658109907e-07
5.560038395237641e-07
5.549450695585459e-07
5.540307152365934e-07
5.532593737296031e-07
5.526298669541793e-07
5.52141237062387e-07
5.517927427949973e-07
5.515838566718175e-07
5.515142629971983e-07
5.515838566718175e-07
5.517927427949973e-07
5.52141237062387e-07
5.526298669541793e-07
5.532593737296031e-07
5.540307152365934e-07
5.549450695585459e-07
5.560038395237641e-07
5.57208658109907e-07
5.585613947824761e-07
5.60064162813573e-07
5.617193276348922e-07
5.635295162872948e-07
5.654976280384438e-07
5.676268462500018e-07
5.699206515869268e-07
5.723828366736217e-07
5.750175223152797e-07
5.77829175417917e-07
5.80822628757561e-07
5.840031027681025e-07
5.873762295388087e-07
5.909480792367186e-07
5.947251891966223e-07
5.987145959524925e-07
6.029238705197445e-07
6.073611572781824e-07
6.12035216851823e-07
6.169554734348844e-07
6.221320670742547e-07
6.275759114890671e-07
6.332987580891755e-07
6.393132669483278e-07
6.456330855968832e-07
6.522729366258453e-07
6.592487152420274e-07
6.665775980873673e-07
6.742781648385713e-07
6.823705343422866e-07
6.908765173230282e-07
6.998197880348854e-07
7.092260776243765e-07
7.19123392443956e-07
7.295422611200646e-07
7.405160148566129e-07
7.520811062699235e-07
7.642774730363431e-07
7.771489538292021e-07
7.907437654784731e-07
8.051150520691067e-07
8.203215188854316e-07
8.364281668155992e-07
8.53507146189524e-07
8.716387532150597e-07
8.909125974345383e-07
9.114289752558488e-07
9.333004930281071e-07
9.566539938782816e-07
9.816328563373438e-07
1.0083997506602388e-06
1.037139962047458e-06
1.0680654205893375e-06
1.1014196182977534e-06
1.1374836477472933e-06
1.1765836698511659e-06
1.2191002176576475e-06
1.265479879679964e-06
1.31625009620383e-06
1.3720380691364084e-06
1.4335951663302007e-06
1.5018287501891874e-06
1.5778441637372642e-06
1.6630008012975903e-06
1.758987994777642e-06
1.8679292204403653e-06
1.9925274788481183e-06
2.136271657638038e-06
2.3037350706160636e-06
2.501016452298224e-06
2.7364065419405213e-06
3.0214216010282755e-06
3.3724516322360954e-06
3.8134724392056648e-06
4.380666287050662e-06
5.130605843031095e-06
6.155390704501949e-06
7.612029382851553e-06
9.782633663796077e-06
1.3205373563236854e-05
1.8979043871114104e-05
2.952573901980878e-05
5.0662675782509396e-05
9.77551195346955e-05
0.00021584857504111467
0.0005528046636683533
0.0016565430528781785
0.005838105129570392
0.024319603287368388
0.12149353676834528

2.4521585462986855e-05
0.00020577417933843322
0.001347411483595487
0.006884567219187255
0.027448592454775173
0.08539462733398087
0.20730417579381039
0.39269248227955117
0.5804491215174714
0.6694879482008512
0.6025434958600965
0.4231565584794479
0.23188934000314562
0.09915965494894459
0.03416030320407425
0.06571623617497797
0.2580803397367398
0.09747738426869096
0.0031478227670842032
1.173755071334445e-05
2.5146071786486094e-07
1.4666138827050563e-08
6.72612199471421e-10
2.407031775561537e-11
6.721495947817542e-13
1.4645934682782757e-14
2.490206021464736e-16
3.303851351335705e-18
3.420367359972599e-20
2.7630709817519453e-22
1.7417201028303575e-24
8.567058278619448e-27
3.288153718183119e-29
9.847807198253712e-32
2.301410004051802e-34
4.196773104673639e-37
5.971782993279499e-40
6.630703058435912e-43
5.74489605680928e-46
3.8839336792962925e-49
2.0489363612990058e-52
8.43436066492641e-56
2.7092114392805004e-59
6.790483017762446e-63
1.328083766788951e-66
2.026829904578209e-70
2.4136604413723223e-74
2.242859537222271e-78
1.6262788485391045e-82
9.201422769537255e-87
4.062393523765935e-91
1.3995100812792091e-95
3.7621586470501967e-100
7.891602719539916e-105
1.2916961238307e-109
1.649766699098058e-114
1.64418902095385e-119
1.278639123977864e-124
7.759098552051175e-130
3.6740205525724894e-135
1.357497157684304e-140
3.9138421910792846e-146
8.805108795207846e-152
1.5457283646039832e-157
2.1173792882957268e-163
2.263242964080466e-169
1.8876902444601735e-175
1.2285626783386263e-181
6.23922918556448e-188
2.47247320572986e-194
7.645383641376931e-201
1.8447350789607336e-207
3.473247755422949e-214
5.102753101467447e-221
5.849791419541727e-228
5.232909706474246e-235
3.6526926875022832e-242
1.9895280357947302e-249
8.455786830150945e-257
2.8043035547741867e-264
7.257099093152836e-272
1.4654402581730901e-279
2.309086580151686e-287
2.839091245435164e-295
2.7238646151060253e-303
2.0391948211734e-311
1.19124e-319
0.0
0.0
0.0
0.0
0.0
0.0
0.0
0.0
0.0
0.0
0.0
0.0
0.0
