1.357993333756874
0.19062176600393582
0.04744845403518275
0.018786129959941708
0.009948850964363551
0.006283765300517144
0.004438515086917502
0.003377333120923693
0.002705805305694833
0.0022495768139164287
0.001922406797860308
0.001677716293490584
0.0014885096773582598
0.0013382151189473778
0.0012161643730075936
0.0011152109698570442
0.0010304037435084146
0.0009582123497119991
0.0008960562853435277
0.0008420081667002174
0.0007946009182763906
0.0007526990204363951
0.0007154104295041142
0.0006820250086043134
0.0006519706496080773
0.0006247814531603641
0.0006000742861592277
0.0005775312615650315
0.0005568864717868009
0.0005379158217220043
0.0005204291508426279
0.0005042640665697146
0.0004892810715882733
0.0004753596798664097
0.0004623952955539164
0.00045029668588823237
0.00043898392055739544
0.0004283866802765708
0.00041844285978936215
0.0004090974073006756
0.0004003013550232511
0.00039201100516656086
0.00038418724309670756
0.00037679495511510334
0.00036980253275521215
0.0003631814489847895
0.0003569058944517428
0.0003509524640940273
0.00034529988617530905
0.00033992878720518296
0.0003348214873294553
0.0003299618216892298
0.000325334983991239
0.00032092738914027777
0.0003167265522844992
0.00031272098203678436
0.00030890008597707407
0.00030525408682466516
0.00030177394790660805
0.00029845130674696955
0.00029527841576864553
0.0002922480892401747
0.0002893536557190642
0.0002865889153441608
0.00028394810141556856
0.0002814258457739754
0.0002790171475540359
0.0002767173449403199
0.00027452208960068015
0.0002724273235118576
0.00027042925792668737
0.0002685243542622149
0.00026670930671403114
0.0002649810264247786
0.0002633366270545287
0.0002617734116179991
0.00026028886046871994
0.0002588806203235324
0.00025754649423250815
0.000256284432409679
0.0002550925238490788
0.0002539689886586664
0.000252912171051854
0.00025192053294273344
0.0002509926480967647
0.0002501271967937601
0.00024932296096453875
0.00024857881976670076
0.0002478937455686446
0.00024726680031426186
0.0002466971322437536
0.00024618397294874053
0.00024572663474233566
0.0002453245083271332
0.00024497706074617936
0.00024468383360393386
0.0002444444415460591
0.0002442585709885704
0.000244125979088493
0.00024404649294970538
0.00024402000905911095
0.00024404649294970538
0.000244125979088493
0.0002442585709885704
0.0002444444415460591
0.00024468383360393386
0.00024497706074617936
0.0002453245083271332
0.00024572663474233566
0.00024618397294874053
0.0002466971322437536
0.00024726680031426186
0.0002478937455686446
0.00024857881976670076
0.00024932296096453875
0.0002501271967937601
0.0002509926480967647
0.00025192053294273344
0.000252912171051854
0.0002539689886586664
0.0002550925238490788
0.000256284432409679
0.00025754649423250815
0.0002588806203235324
0.00026028886046871994
0.0002617734116179991
0.0002633366270545287
0.0002649810264247786
0.00026670930671403114
0.0002685243542622149
0.00027042925792668737
0.0002724273235118576
0.00027452208960068015
0.0002767173449403199
0.0002790171475540359
0.0002814258457739754
0.00028394810141556856
0.0002865889153441608
0.0002893536557190642
0.0002922480892401747
0.00029527841576864553
0.00029845130674696955
0.00030177394790660805
0.00030525408682466516
0.00030890008597707407
0.00031272098203678436
0.0003167265522844992
0.00032092738914027777
0.000325334983991239
0.0003299618216892298
0.0003348214873294553
0.00033992878720518296
0.00034529988617530905
0.0003509524640940273
0.0003569058944517428
0.0003631814489847895
0.00036980253275521215
0.00037679495511510334
0.00038418724309670756
0.00039201100516656086
0.0004003013550232511
0.0004090974073006756
0.00041844285978936215
0.0004283866802765708
0.00043898392055739544
0.00045029668588823237
0.0004623952955539164
0.0004753596798664097
0.0004892810715882733
0.0005042640665697146
0.0005204291508426279
0.0005379158217220043
0.0005568864717868009
0.0005775312615650315
0.0006000742861592277
0.0006247814531603641
0.0006519706496080773
0.0006820250086043134
0.0007154104295041142
0.0007526990204363951
0.0007946009182763906
0.0008420081667002174
0.0008960562853435277
0.0009582123497119991
0.0010304037435084146
0.0011152109698570442
0.0012161643730075936
0.0013382151189473778
0.0014885096773582598
0.001677716293490584
0.001922406797860308
0.0022495768139164287
0.002705805305694833
0.003377333120923693
0.004438515086917502
0.006283765300517144
0.009948850964363551
0.018786129959941708
0.04744845403518275
0.19062176600393582

0.011707636301383047
0.02534878158938152
0.04972312214674473
0.08843662030291467
0.14286155901549716
0.21024915182018591
0.283235452172987
0.3515723227085494
0.40648792348903345
0.45039731857685616
0.5127276745569029
0.6435473178185196
0.8367974695005227
0.9551616317852035
0.8452829197194499
0.5475834766777579
0.2545972717720245
0.0850962541708791
0.020974309946040243
0.004102450293419028
0.0007442813851327499
0.000149609547110342
3.3817390060493506e-05
7.724754334011563e-06
1.6608838188625642e-06
3.279161041179051e-07
5.8979661073796016e-08
9.632333347396725e-09
1.4261424689175527e-09
1.9128259907750402e-10
2.3234476377522096e-11
2.555542167038179e-12
2.5451180112155035e-13
2.2951013051951214e-14
1.87397265596818e-15
1.3854526139768762e-16
9.274426030377017e-18
5.621462585940799e-19
3.0851658852905014e-20
1.533114632686078e-21
6.898229664444414e-23
2.8103964111978726e-24
1.0367270431794293e-25
3.462806186178019e-27
1.0472704615061686e-28
2.867850026267109e-30
7.11084038704862e-32
1.5964390295036708e-33
3.2452686580196e-35
5.973321447288893e-37
9.955155076051946e-39
1.5022668539919567e-40
2.0526412525217744e-42
2.539486642263301e-44
2.8447606043884055e-46
2.8854425347820866e-48
2.6500010515433094e-50
2.2036700807727796e-52
1.6592583680123947e-54
1.1312233737639474e-56
6.983122102353355e-59
3.903173117309459e-61
1.9753902427182123e-63
9.052215968785296e-66
3.7559847621913e-68
1.4111060334978872e-70
4.8002337726455483e-73
1.4785364643435753e-75
4.1235247313451976e-78
1.0412909161533027e-80
2.3809071990400858e-83
4.929237784257949e-86
9.240255538245875e-89
1.5683937642578612e-91
2.410422343358722e-94
3.3542705878189204e-97
4.2263937556345867e-100
4.821794866337794e-103
4.980975627895303e-106
4.658938905978945e-109
3.9457223918920413e-112
3.0257493572951646e-115
2.100904373884001e-118
1.3208288093611375e-121
7.518889339018005e-125
3.875500215206961e-128
1.8087092094511024e-131
7.64322503966764e-135
2.92449885587363e-138
1.0131953247513685e-141
3.1783506638018658e-145
9.027704947431655e-149
2.3217733113842884e-152
5.406661561537542e-156
1.1400016179742222e-159
2.1764498403294473e-163
3.7623463232271995e-167
5.888921825831301e-171
8.346025760816629e-175
1.0710026978218956e-178
