0.719613429304741
0.10193069823256845
0.024503657207630047
0.006762171006386675
0.0020476803604033496
0.0006777570862421747
0.00024508914084695247
9.679543856861649e-05
4.1720848583076115e-05
1.9598291081350573e-05
1.0009553524802413e-05
5.537852722575344e-06
3.301968436056187e-06
2.108219600525282e-06
1.430796969315665e-06
1.0242402874675258e-06
7.675304537516251e-07
5.978753715591228e-07
4.811109328631074e-07
3.978152304995648e-07
3.3649226939740265e-07
2.900810352490158e-07
2.5409550755502065e-07
2.2559651716092435e-07
2.0260368668565343e-07
1.837482768389038e-07
1.6806216542645592e-07
1.5484606107621528e-07
1.435851193205274e-07
1.338936502383933e-07
1.2547810820137134e-07
1.1811182636419036e-07
1.1161745203239914e-07
1.0585452825925358e-07
1.0071057580332932e-07
9.60945954448893e-08
9.19322697248568e-08
8.816237508370345e-08
8.4734067675408e-08
8.160480771813682e-08
7.873875600445653e-08
7.610552338235209e-08
7.367918682499467e-08
7.143750879570784e-08
6.936131305203197e-08
6.743398186312434e-08
6.564104821721562e-08
6.396986291227316e-08
6.240932110378535e-08
6.094963638262015e-08
5.95821531641472e-08
5.8299189668812234e-08
5.709390684852534e-08
5.5960197181087266e-08
5.4892590834693665e-08
5.3886175793587746e-08
5.2936529651978595e-08
5.2039661147971537e-08
5.1191959863148685e-08
5.039015279627914e-08
4.96312667468614e-08
4.891259562763664e-08
4.823167197400133e-08
4.758624203948026e-08
4.6974243965629335e-08
4.63937885962634e-08
4.5843142573167066e-08
4.5320713406156636e-08
4.482503625667553e-08
4.4354762212745466e-08
4.3908647865445746e-08
4.3485546024267405e-08
4.30843974315895e-08
4.2704223355884266e-08
4.2344118959673946e-08
4.20032473522226e-08
4.168083424885337e-08
4.137616316896606e-08
4.1088571113563756e-08
4.081744467060854e-08
4.056221650300297e-08
4.0322362179592596e-08
4.009739731443873e-08
3.9886874983827827e-08
3.969038339416015e-08
3.950754377707156e-08
3.93380084909568e-08
3.918145931053556e-08
3.9037605888283324e-08
3.8906184373476894e-08
3.878695617631619e-08
3.867970686610927e-08
3.8584245193871997e-08
3.8500402230920865e-08
3.842803061614714e-08
3.836700390566816e-08
3.8317216019475836e-08
3.827858078055259e-08
3.825103154271777e-08
3.82345209042094e-08
3.8229020504711216e-08
3.82345209042094e-08
3.825103154271777e-08
3.827858078055259e-08
3.8317216019475836e-08
3.836700390566816e-08
3.842803061614714e-08
3.8500402230920865e-08
3.8584245193871997e-08
3.867970686610927e-08
3.878695617631619e-08
3.8906184373476894e-08
3.9037605888283324e-08
3.918145931053556e-08
3.93380084909568e-08
3.950754377707156e-08
3.969038339416015e-08
3.9886874983827827e-08
4.009739731443873e-08
4.0322362179592596e-08
4.056221650300297e-08
4.081744467060854e-08
4.1088571113563756e-08
4.137616316896606e-08
4.168083424885337e-08
4.20032473522226e-08
4.2344118959673946e-08
4.2704223355884266e-08
4.30843974315895e-08
4.3485546024267405e-08
4.3908647865445746e-08
4.4354762212745466e-08
4.482503625667553e-08
4.5320713406156636e-08
4.5843142573167066e-08
4.63937885962634e-08
4.6974243965629335e-08
4.758624203948026e-08
4.823167197400133e-08
4.891259562763664e-08
4.96312667468614e-08
5.039015279627914e-08
5.1191959863148685e-08
5.2039661147971537e-08
5.2936529651978595e-08
5.3886175793587746e-08
5.4892590834693665e-08
5.5960197181087266e-08
5.709390684852534e-08
5.8299189668812234e-08
5.95821531641472e-08
6.094963638262015e-08
6.240932110378535e-08
6.396986291227316e-08
6.564104821721562e-08
6.743398186312434e-08
6.936131305203197e-08
7.143750879570784e-08
7.367918682499467e-08
7.610552338235209e-08
7.873875600445653e-08
8.160480771813682e-08
8.4734067675408e-08
8.816237508370345e-08
9.19322697248568e-08
9.60945954448893e-08
1.0071057580332932e-07
1.0585452825925358e-07
1.1161745203239914e-07
1.1811182636419036e-07
1.2547810820137134e-07
1.338936502383933e-07
1.435851193205274e-07
1.5484606107621528e-07
1.6806216542645592e-07
1.837482768389038e-07
2.0260368668565343e-07
2.2559651716092435e-07
2.5409550755502065e-07
2.900810352490158e-07
3.3649226939740265e-07
3.978152304995648e-07
4.811109328631074e-07
5.978753715591228e-07
7.675304537516251e-07
1.0242402874675258e-06
1.430796969315665e-06
2.108219600525282e-06
3.301968436056187e-06
5.537852722575344e-06
1.0009553524802413e-05
1.9598291081350573e-05
4.1720848583076115e-05
9.679543856861649e-05
0.00024508914084695247
0.0006777570862421747
0.0020476803604033496
0.006762171006386675
0.024503657207630047
0.10193069823256845

1.589789752569993e-06
3.888106901750379e-05
0.0006002258470565717
0.0058488324627802195
0.035975071165644495
0.139672894805041
0.3422950343854411
0.529501330616576
0.5170249542281207
0.31866469174967166
0.12397507497414907
0.030444782248867732
0.004719444625945976
0.000469099312199682
0.00017201067443109553
0.0017514933844485808
0.013346283277380019
0.06360780882976
0.1894897401224021
0.3528460434521079
0.4106852334283949
0.29878391069823096
0.13587188823421867
0.03862124755885347
0.006861945586202337
0.0007620658938021731
5.2900778657928105e-05
2.295386842103797e-06
6.225496523969692e-08
1.055398289734862e-09
1.1183636970727508e-11
7.407540251810314e-14
3.066826893268001e-16
7.936495782371893e-19
1.2837858973268902e-21
1.298017940962462e-24
8.203384614548853e-28
3.240632151025866e-31
8.001855102255286e-35
1.2350254675796903e-38
1.1914763536948384e-42
7.184875150740955e-47
2.7081786384938204e-51
6.380572889840565e-56
9.39650446281395e-61
8.649624583791413e-66
4.976826218990736e-71
1.78991323023546e-76
4.023794233936372e-82
5.654104535976376e-88
4.966108311514486e-94
2.726420414426442e-100
9.35607611855521e-107
2.0068686646099365e-113
2.6907195939068204e-120
2.254977508984389e-127
1.181245785032862e-134
3.867787567017722e-142
7.916062931799183e-150
1.0126984544662458e-157
8.097954646991119e-166
4.047574182128092e-174
1.2645574889105094e-182
2.4694863084628493e-191
3.01438660570003e-200
2.2999350088471273e-209
1.0968732885914435e-218
3.2698033995620343e-228
6.0927183938147414e-238
7.096183768292274e-248
5.166100922367538e-258
2.3508515329033336e-268
6.686699438087504e-279
1.1888380221666234e-289
1.3211674172045982e-300
9.177350245057e-312
4e-323
0.0
0.0
0.0
0.0
0.0
0.0
0.0
0.0
0.0
0.0
0.0
0.0
0.0
0.0
0.0
0.0
0.0
0.0
0.0
0.0
0.0
0.0
0.0
