0.979398852715051
0.019442580884815073
0.0005441089580897464
2.2446239408864557e-05
1.433795551585145e-06
1.4455690236589637e-07
2.2666211395401608e-08
5.349870042294978e-09
1.8090683879500304e-09
8.176218835369244e-10
4.5757786418310195e-10
2.96831431876032e-10
2.1294507284293256e-10
1.6366898400617087e-10
1.3204726748053057e-10
1.1034927872395441e-10
9.467369207902339e-11
8.288298134086055e-11
7.372478534093431e-11
6.642371352916939e-11
6.047713435854435e-11
5.5546411530340046e-11
5.139580268915247e-11
4.785652602627414e-11
4.4804774613220756e-11
4.2147792596947254e-11
3.9814786283726045e-11
3.7750830707431174e-11
3.591268641910721e-11
3.4265866202114545e-11
3.27825387647394e-11
3.144000467565721e-11
3.021957098134282e-11
2.910570838122724e-11
2.808541181242146e-11
2.714770957584759e-11
2.6283282370945407e-11
2.5484164644977004e-11
2.474350828508896e-11
2.4055394019787833e-11
2.3414679685299834e-11
2.2816877234534376e-11
2.2258052344850563e-11
2.1734741934226174e-11
2.124388597386835e-11
2.078277079307987e-11
2.0348981682610825e-11
1.9940363067857688e-11
1.955498488049274e-11
1.919111403349465e-11
1.8847190119902487e-11
1.852180462452917e-11
1.8213683071197747e-11
1.792166963393561e-11
1.7644713825110877e-11
1.738185894138497e-11
1.7132232003149693e-11
1.689503496756251e-11
1.66695370315137e-11
1.6455067870510746e-11
1.6251011683844085e-11
1.6056801936525555e-11
1.587191670517376e-11
1.5695874548901733e-11
1.5528230837854354e-11
1.5368574481757907e-11
1.5216525009013313e-11
1.5071729953756936e-11
1.4933862514145435e-11
1.4802619450073365e-11
1.4677719192747862e-11
1.4558900142144756e-11
1.4445919131452866e-11
1.4338550040259364e-11
1.4236582540507025e-11
1.4139820961219993e-11
1.404808325969535e-11
1.3961200088332655e-11
1.3879013947556015e-11
1.3801378416400496e-11
1.3728157453310858e-11
1.3659224760555138e-11
1.3594463206405638e-11
1.3533764299899794e-11
1.3477027713575252e-11
1.3424160850088106e-11
1.3375078449079405e-11
1.3329702231060406e-11
1.328796057544873e-11
1.3249788230210877e-11
1.321512605085663e-11
1.318392076679254e-11
1.3156124773277868e-11
1.3131695947441426e-11
1.311059748701377e-11
1.3092797770609615e-11
1.3078270238561617e-11
1.3066993293461812e-11
1.3058950219712164e-11
1.3054129121523093e-11
1.3052522878929872e-11
1.3054129121523093e-11
1.3058950219712164e-11
1.3066993293461812e-11
1.3078270238561617e-11
1.3092797770609615e-11
1.311059748701377e-11
1.3131695947441426e-11
1.3156124773277868e-11
1.318392076679254e-11
1.321512605085663e-11
1.3249788230210877e-11
1.328796057544873e-11
1.3329702231060406e-11
1.3375078449079405e-11
1.3424160850088106e-11
1.3477027713575252e-11
1.3533764299899794e-11
1.3594463206405638e-11
1.3659224760555138e-11
1.3728157453310858e-11
1.3801378416400496e-11
1.3879013947556015e-11
1.3961200088332655e-11
1.404808325969535e-11
1.4139820961219993e-11
1.4236582540507025e-11
1.4338550040259364e-11
1.4445919131452866e-11
1.4558900142144756e-11
1.4677719192747862e-11
1.4802619450073365e-11
1.4933862514145435e-11
1.5071729953756936e-11
1.5216525009013313e-11
1.5368574481757907e-11
1.5528230837854354e-11
1.5695874548901733e-11
1.587191670517376e-11
1.6056801936525555e-11
1.6251011683844085e-11
1.6455067870510746e-11
1.66695370315137e-11
1.689503496756251e-11
1.7132232003149693e-11
1.738185894138497e-11
1.7644713825110877e-11
1.792166963393561e-11
1.8213683071197747e-11
1.852180462452917e-11
1.8847190119902487e-11
1.919111403349465e-11
1.955498488049274e-11
1.9940363067857688e-11
2.0348981682610825e-11
2.078277079307987e-11
2.124388597386835e-11
2.1734741934226174e-11
2.2258052344850563e-11
2.2816877234534376e-11
2.3414679685299834e-11
2.4055394019787833e-11
2.474350828508896e-11
2.5484164644977004e-11
2.6283282370945407e-11
2.714770957584759e-11
2.808541181242146e-11
2.910570838122724e-11
3.021957098134282e-11
3.144000467565721e-11
3.27825387647394e-11
3.4265866202114545e-11
3.591268641910721e-11
3.7750830707431174e-11
3.9814786283726045e-11
4.2147792596947254e-11
4.4804774613220756e-11
4.785652602627414e-11
5.139580268915247e-11
5.5546411530340046e-11
6.047713435854435e-11
6.642371352916939e-11
7.372478534093431e-11
8.288298134086055e-11
9.467369207902339e-11
1.1034927872395441e-10
1.3204726748053057e-10
1.6366898400617087e-10
2.1294507284293256e-10
2.96831431876032e-10
4.5757786418310195e-10
8.176218835369244e-10
1.8090683879500304e-09
5.349870042294978e-09
2.2666211395401608e-08
1.4455690236589637e-07
1.433795551585145e-06
2.2446239408864557e-05
0.0005441089580897464
0.019442580884815073

5.880916248758325e-10
4.149135471990454e-09
2.6524488828782924e-08
1.5364315571541096e-07
8.064105530095934e-07
3.835093720935152e-06
1.6526185413540123e-05
6.452776565424794e-05
0.00022829759069264047
0.0007319055815260155
0.0021266314298545655
0.0056044763272656214
0.013427351885107092
0.029415089550146212
0.05956802989864206
0.11303873150034903
0.20221772269642185
0.3364702675967984
0.5045384387374023
0.6585932658066362
0.7309670498850929
0.6855164491348333
0.5498138734433882
0.38788795642402407
0.24941410765023264
0.15017211359206858
0.0852183047050903
0.045126745089818704
0.02200097410340324
0.009784705743455116
0.003952081118060093
0.0014473074888377146
0.00048032849945655427
0.00014444605096013797
3.9359714367839826e-05
9.717964189496579e-06
2.174079766958332e-06
4.4070953357791775e-07
8.094801516451706e-08
1.3472145074673643e-08
2.031627509951341e-09
2.776055896398347e-10
3.437075843881935e-11
3.855909321683023e-12
3.91959591444096e-13
3.610210857399524e-14
3.013010375346601e-15
2.27848132788496e-16
1.5612307916596646e-17
9.693163313299447e-19
5.453065813121415e-20
2.7796667750678253e-21
1.2838713880297483e-22
5.3731268336774916e-24
2.037555521537647e-25
7.001137363078722e-27
2.179739192832209e-28
6.149180695376299e-30
1.5718343110592193e-31
3.640600812344906e-33
7.640400885240723e-35
1.4529009854378147e-36
2.503414007606433e-38
3.908464080871152e-40
5.529124381261094e-42
7.087341866610817e-44
8.231655596488923e-46
8.662989519443265e-48
8.260858320525244e-50
7.137717349494873e-52
5.588178961208961e-54
3.964222784275507e-56
2.548135909603564e-58
1.4841025476733141e-60
7.832168469792022e-63
3.745216413620875e-65
1.6227387353146316e-67
6.370845536340799e-70
2.2663257623021795e-72
7.305070022555652e-75
2.1335519319658493e-77
5.646233584820373e-80
1.353914536466495e-82
2.9417140097919527e-85
5.791438301986285e-88
1.0331162835621651e-90
1.6698934723387923e-93
2.445710875959751e-96
3.245624329120922e-99
3.902727000445847e-102
4.252211751786094e-105
4.197960823453442e-108
3.755248373974316e-111
3.0437973857892137e-114
2.235473882015325e-117
1.4876482242794535e-120
8.970314789786598e-124
4.901081300959257e-127
2.426347036464459e-130
1.088405469448646e-133
