0.9014488347373292
0.16264412826242647
0.08519043840664703
0.0550840930649121
0.03941484994402017
0.030192879827481527
0.024276141322320494
0.020222524253068256
0.01730021984933602
0.015107134212849562
0.013407463540084623
0.012055247364577335
0.01095595861855084
0.010045996519612663
0.009281152920754824
0.008629827603522858
0.008068878397104247
0.007580994841673847
0.007152985439042532
0.0067746306443083725
0.006437896365271343
0.006136383142802595
0.005864932989940116
0.005619343907568465
0.005396159335983043
0.005192510656755933
0.005005997842528917
0.004834597934178495
0.0046765940859146175
0.004530519998367506
0.004395115994267503
0.0042692939951529335
0.004152109369322386
0.00404273813219538
0.003940458351258714
0.0038446348800839905
0.0037547067477823283
0.003670176681347702
0.0035906023524175158
0.003515589026835281
0.0034447833620534813
0.0033778681489462915
0.0033145578347236883
0.0032545946950860273
0.003197745548563161
0.003143798925665778
0.0030925626211857193
0.003043861570587702
0.002997536001602857
0.002953439820376863
0.0029114391982387393
0.0028714113306489235
0.0028332433443986767
0.0027968313328570705
0.002762079502147106
0.0027288994136983303
0.002697209310764859
0.002666933518291662
0.0026380019070196123
0.0026103494139912203
0.0025839156126944048
0.002558644326994158
0.0025344832837784896
0.0025113837999077284
0.0024893004996233096
0.0024681910590588
0.002448015974914425
0.0024287383547173694
0.002410323726402124
0.0023927398652155737
0.0023759566361863265
0.002359945850602206
0.002344681135118137
0.0023301378122725412
0.002316292791326915
0.0023031244684631417
0.0022906126354785483
0.0022787383962116596
0.002267484090013673
0.0022568332216533573
0.0022467703971074467
0.002237281264745882
0.002228352461472178
0.002219971563424683
0.002212127040885167
0.0022048082170775946
0.0021980052305727183
0.0021917090010435884
0.0021859111981437683
0.0021806042133041058
0.002175781134265939
0.002171435722188538
0.0021675623911869674
0.0021641561901733545
0.002161212786890132
0.002158728454038261
0.002156700057416951
0.002155125046004044
0.002154001443918263
0.0021533278442159246
0.002153103404485742
0.0021533278442159246
0.002154001443918263
0.002155125046004044
0.002156700057416951
0.002158728454038261
0.002161212786890132
0.0021641561901733545
0.0021675623911869674
0.002171435722188538
0.002175781134265939
0.0021806042133041058
0.0021859111981437683
0.0021917090010435884
0.0021980052305727183
0.0022048082170775946
0.002212127040885167
0.002219971563424683
0.002228352461472178
0.002237281264745882
0.0022467703971074467
0.0022568332216533573
0.002267484090013673
0.0022787383962116596
0.0022906126354785483
0.0023031244684631417
0.002316292791326915
0.0023301378122725412
0.002344681135118137
0.002359945850602206
0.0023759566361863265
0.0023927398652155737
0.002410323726402124
0.0024287383547173694
0.002448015974914425
0.0024681910590588
0.0024893004996233096
0.0025113837999077284
0.0025344832837784896
0.002558644326994158
0.0025839156126944048
0.0026103494139912203
0.0026380019070196123
0.002666933518291662
0.002697209310764859
0.0027288994136983303
0.002762079502147106
0.0027968313328570705
0.0028332433443986767
0.0028714113306489235
0.0029114391982387393
0.002953439820376863
0.002997536001602857
0.003043861570587702
0.0030925626211857193
0.003143798925665778
0.003197745548563161
0.0032545946950860273
0.0033145578347236883
0.0033778681489462915
0.0034447833620534813
0.003515589026835281
0.0035906023524175158
0.003670176681347702
0.0037547067477823283
0.0038446348800839905
0.003940458351258714
0.00404273813219538
0.004152109369322386
0.0042692939951529335
0.004395115994267503
0.004530519998367506
0.0046765940859146175
0.004834597934178495
0.005005997842528917
0.005192510656755933
0.005396159335983043
0.005619343907568465
0.005864932989940116
0.006136383142802595
0.006437896365271343
0.0067746306443083725
0.007152985439042532
0.007580994841673847
0.008068878397104247
0.008629827603522858
0.009281152920754824
0.010045996519612663
0.01095595861855084
0.012055247364577335
0.013407463540084623
0.015107134212849562
0.01730021984933602
0.020222524253068256
0.024276141322320494
0.030192879827481527
0.03941484994402017
0.0550840930649121
0.08519043840664703
0.16264412826242647

0.10540282568557632
0.1528856487131991
0.19807564589361012
0.2292165151369215
0.23692654399048962
0.21874893155476616
0.18042441875144524
0.13301807487943632
0.08789973757106354
0.05276071824674765
0.03058801857040392
0.021250417289166372
0.023957269068824803
0.03892132554863733
0.06742549750902714
0.11037491658844656
0.1660746463816201
0.2284465631403811
0.28700029288762063
0.32924476988684215
0.34489003755368536
0.3298870738508633
0.2881193593115887
0.22977459558422167
0.16732236654261345
0.11125727096432944
0.06754997980502529
0.03744936518613181
0.018957720372830732
0.00876294694120547
0.003698594054331904
0.0014254289285164817
0.0005016223584031559
0.00016118722522556045
4.7294078588199104e-05
1.2670837882877315e-05
3.0997474839222433e-06
6.924201760530877e-07
1.4123278660337155e-07
2.6304118854335787e-08
4.473365710657975e-09
6.946522821226231e-10
9.849698690423216e-11
1.2752661727769514e-11
1.5076521474032585e-12
1.6275107935242877e-13
1.6042388164722253e-14
1.4438982148718215e-15
1.1866606865341745e-16
8.905102977258256e-18
6.102021778813096e-19
3.817956508308809e-20
2.1812759777259926e-21
1.1379224673282543e-22
5.4204724842015216e-24
2.3576755089699002e-25
9.363826027848977e-27
3.395823086008064e-28
1.1244993088274473e-29
3.4001317473603775e-31
9.387602973677688e-33
2.3666612420365265e-34
5.4480351303625724e-36
1.1451598586814399e-37
2.1979345168036975e-39
3.8519957427914627e-41
6.164236088808563e-43
9.00731073079694e-45
1.2018034395655774e-46
1.4641789412032898e-48
1.628835724663418e-50
1.6545611850348566e-52
1.534655124103977e-54
1.2997540276357317e-56
1.0051571495562864e-58
7.097888559197808e-61
4.576640535406004e-63
2.694553714067982e-65
1.448602745733409e-67
7.111057311106341e-70
3.1874359729625107e-72
1.3045813832702158e-74
4.875546466637326e-77
1.6637874309453503e-79
5.184355742034395e-82
1.4750752153967736e-84
3.8322687127711487e-87
9.091177919611749e-90
1.969276856895502e-92
3.895074897238926e-95
7.034727272788823e-98
1.1601152433254716e-100
1.7469377010279858e-103
2.402017227801134e-106
3.015763179515383e-109
3.4573294621298643e-112
3.619151104284667e-115
3.4593545937096253e-118
3.0192971822765754e-121
2.406240647243811e-124
