1.1249745706306176
0.2338562435220812
0.08887434059636459
0.03937871809925308
0.019127375970802475
0.010089388038808387
0.005750887913243424
0.0035222546237162235
0.0023025844423505792
0.0015947936961996415
0.0011614242058477068
0.0008828884775032637
0.0006959175791537611
0.0005654715788949838
0.00047130708318576906
0.00040126585312889195
0.0003477811867748668
0.00030598845527626475
0.0002726662445164269
0.00024562307215643636
0.00022333115799106956
0.00020470145419329653
0.00018894178981999942
0.00017546523645707893
0.00016382957916995805
0.00015369650069893198
0.00014480352860878797
0.00013694441113171288
0.00012995516299526172
0.0001237039915046802
0.00011808392088228693
0.00011300732110541508
0.0001084017998187487
0.00010420708257779307
0.00010037261846969627
9.685572421232362e-05
9.362013227626465e-05
9.063484519835691e-05
8.787322413875992e-05
8.531225823369471e-05
8.293197466028996e-05
8.071495908188632e-05
7.864596332616256e-05
7.671158248868129e-05
7.489998765819872e-05
7.320070348627556e-05
7.160442212873732e-05
7.01028468551441e-05
6.868855998896398e-05
6.735491090404313e-05
6.609592063494638e-05
6.490620031394061e-05
6.378088116629914e-05
6.271555420893661e-05
6.170621812826616e-05
6.074923407945773e-05
5.9841286364586725e-05
5.897934812207516e-05
5.816065130255345e-05
5.7382660323231675e-05
5.6643048889112844e-05
5.593967954888703e-05
5.5270585619278024e-05
5.4633955166489384e-05
5.4028116779231953e-05
5.345152690622779e-05
5.290275856338639e-05
5.238049124309459e-05
5.188350188111521e-05
5.141065675615318e-05
5.096090421379871e-05
5.053326812076724e-05
5.012684196751724e-05
4.974078354776193e-05
4.9374310152367e-05
4.902669422286835e-05
4.869725941653647e-05
4.8385377040714295e-05
4.80904628191942e-05
4.781197395778657e-05
4.7549406480062305e-05
4.730229280760074e-05
4.707019956201234e-05
4.685272556858757e-05
4.664950004369776e-05
4.646018095008415e-05
4.628445350595066e-05
4.612202883535687e-05
4.5972642748815136e-05
4.5836054644254494e-05
4.5712046519640976e-05
4.5600422089559516e-05
4.550100599897917e-05
4.5413643128256325e-05
4.5338197984189446e-05
4.527455417263579e-05
4.522261394884419e-05
4.518229784225505e-05
4.51535443530796e-05
4.513630971849982e-05
4.513056774683393e-05
4.513630971849982e-05
4.51535443530796e-05
4.518229784225505e-05
4.522261394884419e-05
4.527455417263579e-05
4.5338197984189446e-05
4.5413643128256325e-05
4.550100599897917e-05
4.5600422089559516e-05
4.5712046519640976e-05
4.5836054644254494e-05
4.5972642748815136e-05
4.612202883535687e-05
4.628445350595066e-05
4.646018095008415e-05
4.664950004369776e-05
4.685272556858757e-05
4.707019956201234e-05
4.730229280760074e-05
4.7549406480062305e-05
4.781197395778657e-05
4.80904628191942e-05
4.8385377040714295e-05
4.869725941653647e-05
4.902669422286835e-05
4.9374310152367e-05
4.974078354776193e-05
5.012684196751724e-05
5.053326812076724e-05
5.096090421379871e-05
5.141065675615318e-05
5.188350188111521e-05
5.238049124309459e-05
5.290275856338639e-05
5.345152690622779e-05
5.4028116779231953e-05
5.4633955166489384e-05
5.5270585619278024e-05
5.593967954888703e-05
5.6643048889112844e-05
5.7382660323231675e-05
5.816065130255345e-05
5.897934812207516e-05
5.9841286364586725e-05
6.074923407945773e-05
6.170621812826616e-05
6.271555420893661e-05
6.378088116629914e-05
6.490620031394061e-05
6.609592063494638e-05
6.735491090404313e-05
6.868855998896398e-05
7.01028468551441e-05
7.160442212873732e-05
7.320070348627556e-05
7.489998765819872e-05
7.671158248868129e-05
7.864596332616256e-05
8.071495908188632e-05
8.293197466028996e-05
8.531225823369471e-05
8.787322413875992e-05
9.063484519835691e-05
9.362013227626465e-05
9.685572421232362e-05
0.00010037261846969627
0.00010420708257779307
0.0001084017998187487
0.00011300732110541508
0.00011808392088228693
0.0001237039915046802
0.00012995516299526172
0.00013694441113171288
0.00014480352860878797
0.00015369650069893198
0.00016382957916995805
0.00017546523645707893
0.00018894178981999942
0.00020470145419329653
0.00022333115799106956
0.00024562307215643636
0.0002726662445164269
0.00030598845527626475
0.0003477811867748668
0.00040126585312889195
0.00047130708318576906
0.0005654715788949838
0.0006959175791537611
0.0008828884775032637
0.0011614242058477068
0.0015947936961996415
0.0023025844423505792
0.0035222546237162235
0.005750887913243424
0.010089388038808387
0.019127375970802475
0.03937871809925308
0.08887434059636459
0.2338562435220812

0.0019963139267138823
0.01667546794709925
0.08740272484452394
0.2874549424834185
0.5932162082458983
0.7681710311798872
0.6242080918866506
0.31847588814297156
0.10280602214130823
0.023835539899728534
0.012602435535188236
0.025961384075156475
0.05762116304447448
0.11220617955634976
0.19030050199149362
0.28104706056962
0.36143727770368983
0.4047637451089078
0.3947162775728275
0.33518396588303057
0.2478541538569483
0.15959671065717307
0.08948833718299622
0.04369419156715031
0.018577862588645307
0.006878322777463745
0.0022176046599899114
0.000622587600390211
0.00015220593107949292
3.2402420456296264e-05
6.006729820087243e-06
9.69646670886826e-07
1.363024591078403e-07
1.6684324945358156e-08
1.7783955206373851e-09
1.650679811931681e-10
1.3341728286075888e-11
9.390227439252986e-13
5.755126829349068e-14
3.071485392623328e-15
1.427436433652808e-16
5.776700723887669e-18
2.0357185182122322e-19
6.246983429512721e-21
1.6693128959945575e-22
3.884363913620737e-24
7.870763101679099e-26
1.388764284344058e-27
2.1338063578273355e-29
2.8549350895081744e-31
3.326229722212033e-33
3.3746054945017e-35
2.9813196767807554e-37
2.2935533753337244e-39
1.5364694314912714e-41
8.96300760497374e-44
4.553007580657244e-46
2.0139920398961317e-48
7.757680582954828e-51
2.60208096573814e-53
7.600190632510491e-56
1.9330493132878727e-58
4.281304809800004e-61
8.257035125045867e-64
1.3867139459575746e-66
2.0279834298863513e-69
2.5825972780931844e-72
2.8639388684344553e-75
2.765575798576321e-78
2.325531124208392e-81
1.702838710802227e-84
1.0857745065837606e-87
6.028656428139242e-91
2.9148499008871823e-94
1.2272318709531276e-97
4.499371183934137e-101
1.4364542139128448e-104
3.993434086789772e-108
9.667540973525441e-112
2.03798174718399e-115
3.7411000805851393e-119
5.980164502230785e-123
8.32418460202296e-127
1.0089857733500678e-130
1.0649841652778107e-134
9.788497316711295e-139
7.834362623182468e-143
5.460168947807008e-147
3.313776851835778e-151
1.7512784629838726e-155
8.059385350185508e-160
3.2297090774342714e-164
1.1270408423840885e-168
3.4247641822737594e-173
9.062258764071774e-178
2.0881274992844122e-182
4.1897907588589057e-187
7.320528303678574e-192
1.113800174276135e-196
1.4756620438467095e-201
