0.9775966049093916
0.21009989855444444
0.11550149183120743
0.0756875263927204
0.054799784855691605
0.04242833265429743
0.03442578166561203
0.02889555665833166
0.024875651648060035
0.0218359997852812
0.01946428466367648
0.017566100145999658
0.016014799437499578
0.01472466877723663
0.01363579132785283
0.012705108009655752
0.011900926026785302
0.011199427798918034
0.010582383997282972
0.010035615203716227
0.009547932548249462
0.009110392737243993
0.008715764221537275
0.0083581381185758
0.00803264024505739
0.0077352149831285775
0.007462460976138255
0.007211504754125258
0.006979902480552336
0.006765562799858116
0.006566685694607939
0.006381713614964532
0.0062092921059582265
0.0060482378510383775
0.0058975125549218695
0.005756201460000664
0.005623495566471529
0.005498676833316934
0.005381105793888277
0.0052702111393502695
0.0051654809151463026
0.005066455046838404
0.0049727189672130225
0.004883898160154992
0.004799653471252927
0.004719677062492125
0.004643688910289088
0.0045714337637218026
0.004502678494028178
0.004437209777988112
0.004374832067219464
0.004315365803132003
0.0042586458436304035
0.004204520072901447
0.004152848169970309
0.004103500515332719
0.004056357217996172
0.004011307247801498
0.003968247660031507
0.003927082901116174
0.0038877241857701887
0.0038500889371952227
0.003814100283083604
0.003779686601103402
0.0037467811083529267
0.00371532148996656
0.0036852495626512375
0.0036565109694485674
0.0036290549024636932
0.003602833850688885
0.0035778033703861337
0.0035539218757859384
0.0035311504481152062
0.0035094526611908856
0.0034887944220121266
0.00346914382495599
0.0034504710183334278
0.0034327480821959937
0.003415948916401961
0.0034000491380552014
0.0033850259875230436
0.0033708582423219342
0.00335752613823326
0.0033450112970774145
0.0033332966606329107
0.0033223664302401176
0.003312206011676517
0.003302801964933128
0.003294141958560332
0.003286214728286306
0.0032790100396430976
0.0032725186543644076
0.0032667323003457345
0.003261643644982013
0.0032572462717204717
0.0032535346596874776
0.0032505041662677287
0.003248151012532627
0.003246472271432149
0.003245465858681135
0.0032451305262869755
0.003245465858681135
0.003246472271432149
0.003248151012532627
0.0032505041662677287
0.0032535346596874776
0.0032572462717204717
0.003261643644982013
0.0032667323003457345
0.0032725186543644076
0.0032790100396430976
0.003286214728286306
0.003294141958560332
0.003302801964933128
0.003312206011676517
0.0033223664302401176
0.0033332966606329107
0.0033450112970774145
0.00335752613823326
0.0033708582423219342
0.0033850259875230436
0.0034000491380552014
0.003415948916401961
0.0034327480821959937
0.0034504710183334278
0.00346914382495599
0.0034887944220121266
0.0035094526611908856
0.0035311504481152062
0.0035539218757859384
0.0035778033703861337
0.003602833850688885
0.0036290549024636932
0.0036565109694485674
0.0036852495626512375
0.00371532148996656
0.0037467811083529267
0.003779686601103402
0.003814100283083604
0.0038500889371952227
0.0038877241857701887
0.003927082901116174
0.003968247660031507
0.004011307247801498
0.004056357217996172
0.004103500515332719
0.004152848169970309
0.004204520072901447
0.0042586458436304035
0.004315365803132003
0.004374832067219464
0.004437209777988112
0.004502678494028178
0.0045714337637218026
0.004643688910289088
0.004719677062492125
0.004799653471252927
0.004883898160154992
0.0049727189672130225
0.005066455046838404
0.0051654809151463026
0.0052702111393502695
0.005381105793888277
0.005498676833316934
0.005623495566471529
0.005756201460000664
0.0058975125549218695
0.0060482378510383775
0.0062092921059582265
0.006381713614964532
0.006566685694607939
0.006765562799858116
0.006979902480552336
0.007211504754125258
0.007462460976138255
0.0077352149831285775
0.00803264024505739
0.0083581381185758
0.008715764221537275
0.009110392737243993
0.009547932548249462
0.010035615203716227
0.010582383997282972
0.011199427798918034
0.011900926026785302
0.012705108009655752
0.01363579132785283
0.01472466877723663
0.016014799437499578
0.017566100145999658
0.01946428466367648
0.0218359997852812
0.024875651648060035
0.02889555665833166
0.03442578166561203
0.04242833265429743
0.054799784855691605
0.0756875263927204
0.11550149183120743
0.21009989855444444

0.1595716890982141
0.2141459015784892
0.2628574192271615
0.29511227202914214
0.3030476402633823
0.2846370283752714
0.24452877862273034
0.19214670035795528
0.13811228563388733
0.09084331779449172
0.05478572232032502
0.030601954790188523
0.016640123540601362
0.010686972034495944
0.011287245860573801
0.018361552355569202
0.033131224200208156
0.05742266460937013
0.09245588364508504
0.13739384909881722
0.18821537505437105
0.2376299719023324
0.2764954704880011
0.2964915528974246
0.2930040044951614
0.26685270711567394
0.22397857526490872
0.17325195633749305
0.12350559179583023
0.08113941996296274
0.049126291464905734
0.027411504098318284
0.014095761934510547
0.00668007056496266
0.002917496529589732
0.001174292940660896
0.00043559145952233065
0.00014890835506814362
4.6913256453839735e-05
1.3620997035107985e-05
3.644676785357178e-06
8.987645760286972e-07
2.0425357988733849e-07
4.27789589230587e-08
8.257100101317804e-09
1.4687967130053533e-09
2.407867796272303e-10
3.637813152185565e-11
5.0650640693422516e-12
6.499295776653085e-13
7.68571833166228e-14
8.376053272803644e-15
8.412618630200067e-16
7.786813553183994e-17
6.6424019864745106e-18
5.221885411959928e-19
3.7832611811805e-20
2.5260510030649986e-21
1.5543710891189714e-22
8.814630437624018e-24
4.606704040021639e-25
2.218775279964732e-26
9.848568946637874e-28
4.0287446762853454e-29
1.5188090059910666e-30
5.276833447564645e-32
1.689586434272694e-33
4.985678217070236e-35
1.3558288795715589e-36
3.397991745381455e-38
7.848317479929181e-40
1.670581278379573e-41
3.277143520512944e-43
5.924614768969438e-45
9.871009645401133e-47
1.5156531963996788e-48
2.144741262584458e-50
2.796963370242395e-52
3.3615181023667545e-54
3.723239161749258e-56
3.80052170894827e-58
3.575216165119073e-60
3.099546791954375e-62
2.4764575774557444e-64
1.8234774314427767e-66
1.2373902691508114e-68
7.738375580128718e-71
4.4599471889055894e-73
2.368898386437347e-75
1.1595779598383381e-77
5.2310669225807035e-80
2.174790384535901e-82
8.332615385888732e-85
2.94226694292548e-87
9.57457736175728e-90
2.871401723773338e-92
7.936062967501097e-95
2.0214037045524893e-97
4.745017446640939e-100
1.026500993279352e-102
