0.7574610821615726
0.1414647559991324
0.04119583619120418
0.01632505762870921
0.008196770628060514
0.0048977241113341095
0.003308124479583132
0.002433399626956193
0.0019006222943202871
0.0015499400917855148
0.0013048924112639818
0.0011254724963938349
0.000989146986822691
0.0008824279473499252
0.0007968223333441114
0.0007267498959193143
0.0006684096655243149
0.0006191316346752759
0.0005769897804649735
0.0005405623340036891
0.0005087783533710852
0.0004808166713552996
0.0004560376234091523
0.00043393586377169706
0.00041410708613661817
0.0003962241176716175
0.00038001945958988746
0.00036527234265058286
0.0003517989975303199
0.0003394452492689434
0.0003280808153169107
0.0003175948684292297
0.00030789254979876477
0.0002988922039169834
0.0002905231671899948
0.0002827239854595256
0.000275440966664351
0.0002686269975393928
0.0002622405699440779
0.00025624497483127737
0.00025060763119330945
0.0002452995243841458
0.0002402947336099236
0.00023557003252976184
0.00023110455012560256
0.00022687948151045063
0.000222877840316823
0.00021908424586646752
0.00021548473956233206
0.00021206662593530712
0.0002088183345754377
0.00020572929982149183
0.00020278985560587837
0.0001999911432786741
0.00019732503058424557
0.0001947840402517719
0.00019236128689881197
0.00019005042114437833
0.00018784557999229067
0.00018574134268290843
0.0001837326913265173
0.00018181497572856118
0.00017998388189873472
0.0001782354038052405
0.00017656581799437588
0.00017497166074574957
0.0001734497074762655
0.00017199695414270088
0.00017061060042421967
0.00016928803449329821
0.00016802681920695959
0.00016682467957049158
0.0001656794913433864
0.00016458927067253856
0.00016355216465104285
0.0001625664427125647
0.00016163048878142997
0.0001607427941075037
0.00015990195072277064
0.00015910664546343512
0.0001583556545074558
0.00015764783838282005
0.00015698213740664244
0.00015635756751941583
0.00015577321648252486
0.0001552282404105026
0.0001547218606125304
0.0001542533607203872
0.00015382208408249118
0.00015342743140587108
0.00015306885862989656
0.00015274587501740231
0.00015245804145048815
0.0001522049689197888
0.00015198631719739523
0.0001518017936848963
0.0001516511524292057
0.00015153419329996077
0.00015145076132333854
0.0001514007461681389
0.00015138408178094935
0.0001514007461681389
0.00015145076132333854
0.00015153419329996077
0.0001516511524292057
0.0001518017936848963
0.00015198631719739523
0.0001522049689197888
0.00015245804145048815
0.00015274587501740231
0.00015306885862989656
0.00015342743140587108
0.00015382208408249118
0.0001542533607203872
0.0001547218606125304
0.0001552282404105026
0.00015577321648252486
0.00015635756751941583
0.00015698213740664244
0.00015764783838282005
0.0001583556545074558
0.00015910664546343512
0.00015990195072277064
0.0001607427941075037
0.00016163048878142997
0.0001625664427125647
0.00016355216465104285
0.00016458927067253856
0.0001656794913433864
0.00016682467957049158
0.00016802681920695959
0.00016928803449329821
0.00017061060042421967
0.00017199695414270088
0.0001734497074762655
0.00017497166074574957
0.00017656581799437588
0.0001782354038052405
0.00017998388189873472
0.00018181497572856118
0.0001837326913265173
0.00018574134268290843
0.00018784557999229067
0.00019005042114437833
0.00019236128689881197
0.0001947840402517719
0.00019732503058424557
0.0001999911432786741
0.00020278985560587837
0.00020572929982149183
0.0002088183345754377
0.00021206662593530712
0.00021548473956233206
0.00021908424586646752
0.000222877840316823
0.00022687948151045063
0.00023110455012560256
0.00023557003252976184
0.0002402947336099236
0.0002452995243841458
0.00025060763119330945
0.00025624497483127737
0.0002622405699440779
0.0002686269975393928
0.000275440966664351
0.0002827239854595256
0.0002905231671899948
0.0002988922039169834
0.00030789254979876477
0.0003175948684292297
0.0003280808153169107
0.0003394452492689434
0.0003517989975303199
0.00036527234265058286
0.00038001945958988746
0.0003962241176716175
0.00041410708613661817
0.00043393586377169706
0.0004560376234091523
0.0004808166713552996
0.0005087783533710852
0.0005405623340036891
0.0005769897804649735
0.0006191316346752759
0.0006684096655243149
0.0007267498959193143
0.0007968223333441114
0.0008824279473499252
0.000989146986822691
0.0011254724963938349
0.0013048924112639818
0.0015499400917855148
0.0019006222943202871
0.002433399626956193
0.003308124479583132
0.0048977241113341095
0.008196770628060514
0.01632505762870921
0.04119583619120418
0.1414647559991324

0.007211440980619017
0.01781689584585839
0.0393375550284286
0.0776154214923603
0.13685290216312126
0.21563802110162514
0.30364210831577176
0.38208852358839784
0.42966633080773164
0.4317814570070682
0.38775908900559025
0.3111897759296452
0.22317934338418038
0.14303735055833178
0.08195109830160746
0.04267196788137776
0.02831763412403497
0.05996680459548571
0.14043029210123187
0.16890389954718843
0.09516145873041751
0.02487210160460222
0.0030156768617072005
0.00017124534055192845
4.984944960937851e-06
1.586495372828666e-07
1.613045817919074e-08
2.104150103645528e-09
2.495742104394447e-10
2.646290662247496e-11
2.50750742124519e-12
2.1233043631004067e-13
1.6067474225218146e-14
1.0865464725844406e-15
6.566203452476523e-17
3.546056888626552e-18
1.7113640184713788e-19
7.380816860170276e-21
2.8446693703181824e-22
9.797708142219889e-24
3.0156611059924325e-25
8.294799747380947e-27
2.038893828631165e-28
4.478665749265316e-30
8.791602143331287e-32
1.5422427436571132e-33
2.4177020539163363e-35
3.387023094652078e-37
4.2403223304926095e-39
4.744002602843325e-41
4.743034688094636e-43
4.23772741210845e-45
3.3835692473449365e-47
2.4142511951022474e-49
1.5394130916878772e-51
8.771891086873875e-54
4.466801162608521e-56
2.0326628264438552e-58
8.266076185693567e-61
3.003992175954887e-63
9.755814305486303e-66
2.831350192289891e-68
7.343261348456404e-71
1.7019614421507677e-73
3.525135241657096e-76
6.524799702757922e-79
1.0792546285578442e-81
1.5953133151713487e-84
2.107334099812622e-87
2.48763199582277e-90
2.624243969981596e-93
2.4739311925318154e-96
2.084185448972106e-99
1.5690993305960038e-102
1.0556740579119963e-105
6.347089117657884e-109
3.410237906993168e-112
1.6374200106404945e-115
7.025881879686933e-119
2.694057924772521e-122
9.231629131388096e-126
2.8269303161323006e-129
7.736013022451688e-133
1.891840923121699e-136
4.134446473083062e-140
8.074496791807998e-144
1.4092203094615638e-147
2.1978986149781355e-151
3.0633862008767367e-155
3.815585438433566e-159
4.247036058234715e-163
4.224507139320897e-167
3.7551862592801753e-171
2.982993124930511e-175
2.1175728314276025e-179
1.3433519026787537e-183
7.615642833153621e-188
3.858234991559225e-192
1.7467715814362263e-196
7.067224613902607e-201
