1.1164120675760039
0.3244889553439195
0.15667618209155654
0.09441518877458654
0.06384719755328512
0.04654840894432161
0.03584254137951021
0.028766692369824133
0.023841346690935065
0.020265573227492385
0.017577912252148928
0.015498519565325063
0.01385015755570634
0.012516295729713262
0.011417784121116163
0.010499309169207096
0.00972123367335859
0.009054516756931018
0.00847745737029047
0.007973551199317941
0.007530046524979996
0.007136950020874575
0.006786328878864207
0.006471812199126405
0.006188228948006155
0.005931341160640975
0.0056976446424765285
0.005484218218509348
0.005288608379763823
0.0051087400669861255
0.004942846981729242
0.004789416646616517
0.004647146719633487
0.0045149099774920145
0.004391726036454163
0.004276738353191403
0.004169195396005455
0.004068435134266536
0.003973872186402229
0.0038849871118818184
0.0038013174429431776
0.0037224501363051273
0.0036480151903124274
0.0035776802236297017
0.0035111458512360034
0.0034481417246718243
0.003388423128197772
0.0033317680422019526
0.003277974600950643
0.0032268588844607746
0.003178252994533507
0.003132003373328073
0.003087969329664649
0.0030460217438293496
0.0030060419262530696
0.0029679206092381974
0.0029315570540629915
0.0028968582584225043
0.0028637382513629637
0.002832117464710467
0.0028019221715469105
0.0027730839835966273
0.0027455394004972117
0.002719229404870938
0.0026940990979165717
0.0026700973709276555
0.0026471766087312683
0.002625292421546189
0.0026044034021941395
0.0025844709059730563
0.0025654588508260013
0.0025473335357208784
0.002530063475400907
0.0025136192498789274
0.0024979733672348165
0.0024831001384380616
0.0024689755630603605
0.0024555772248685166
0.0024428841963983192
0.0024308769517075468
0.002419537286592301
0.002408848245627211
0.0023987940554577505
0.0023893600638331485
0.0023805326839221397
0.0023722993435017796
0.0023646484386525848
0.0023575692916318956
0.0023510521126321867
0.0023450879651624656
0.0023396687348194384
0.002334787101241024
0.0023304365130585023
0.002326611165685282
0.002323305981800281
0.0023205165944024755
0.0023182393323304316
0.0023164712081568404
0.002315209908383353
0.0023144537858756213
0.0023142018544923316
0.0023144537858756213
0.002315209908383353
0.0023164712081568404
0.0023182393323304316
0.0023205165944024755
0.002323305981800281
0.002326611165685282
0.0023304365130585023
0.002334787101241024
0.0023396687348194384
0.0023450879651624656
0.0023510521126321867
0.0023575692916318956
0.0023646484386525848
0.0023722993435017796
0.0023805326839221397
0.0023893600638331485
0.0023987940554577505
0.002408848245627211
0.002419537286592301
0.0024308769517075468
0.0024428841963983192
0.0024555772248685166
0.0024689755630603605
0.0024831001384380616
0.0024979733672348165
0.0025136192498789274
0.002530063475400907
0.0025473335357208784
0.0025654588508260013
0.0025844709059730563
0.0026044034021941395
0.002625292421546189
0.0026471766087312683
0.0026700973709276555
0.0026940990979165717
0.002719229404870938
0.0027455394004972117
0.0027730839835966273
0.0028019221715469105
0.002832117464710467
0.0028637382513629637
0.0028968582584225043
0.0029315570540629915
0.0029679206092381974
0.0030060419262530696
0.0030460217438293496
0.003087969329664649
0.003132003373328073
0.003178252994533507
0.0032268588844607746
0.003277974600950643
0.0033317680422019526
0.003388423128197772
0.0034481417246718243
0.0035111458512360034
0.0035776802236297017
0.0036480151903124274
0.0037224501363051273
0.0038013174429431776
0.0038849871118818184
0.003973872186402229
0.004068435134266536
0.004169195396005455
0.004276738353191403
0.004391726036454163
0.0045149099774920145
0.004647146719633487
0.004789416646616517
0.004942846981729242
0.0051087400669861255
0.005288608379763823
0.005484218218509348
0.0056976446424765285
0.005931341160640975
0.006188228948006155
0.006471812199126405
0.006786328878864207
0.007136950020874575
0.007530046524979996
0.007973551199317941
0.00847745737029047
0.009054516756931018
0.00972123367335859
0.010499309169207096
0.011417784121116163
0.012516295729713262
0.01385015755570634
0.015498519565325063
0.017577912252148928
0.020265573227492385
0.023841346690935065
0.028766692369824133
0.03584254137951021
0.04654840894432161
0.06384719755328512
0.09441518877458654
0.15667618209155654
0.3244889553439195

0.11079650117088967
0.23393502203302183
0.38633965532656184
0.500521285416721
0.5130810316114698
0.4273992283425578
0.3136449397711512
0.2445144986767419
0.24396486829671962
0.290968866935458
0.34933710227998904
0.3886518312598876
0.39173824955576986
0.35606123060998673
0.2916072799693916
0.21516218173293217
0.14302798147421691
0.08565700417260308
0.0462159079453507
0.02246502105045519
0.009838047199473133
0.003881483151059314
0.0013796637078726302
0.0004418099647060481
0.00012746310829806235
3.3129908355073573e-05
7.757873534915565e-06
1.6366352029698882e-06
3.110626106251799e-07
5.3263594103696363e-08
8.216745876691122e-09
1.141973364091956e-09
1.4298774748320325e-10
1.6129778611624355e-11
1.6392482169416538e-12
1.5008862013958104e-13
1.2380481665473507e-14
9.20055549770704e-16
6.159951444359301e-17
3.7155855046303175e-18
2.0191285168423257e-19
9.885244069697681e-21
4.36011116662471e-22
1.7325846383882698e-23
6.20266160442436e-25
2.0005455697563784e-26
5.81306983371335e-28
1.5217712101756974e-29
3.589053386577739e-31
7.62600709209606e-33
1.4598264316978251e-34
2.51763038968693e-36
3.9117352458424476e-38
5.475624596780329e-40
6.905332731037658e-42
7.84552996232639e-44
8.030575924167445e-46
7.405558740473216e-48
6.152557784530839e-50
4.605113123233911e-52
3.1053577236524654e-54
1.8865559991097212e-56
1.0325580985772155e-58
5.09150324798282e-61
2.2618525220671526e-63
9.052515465150422e-66
3.2640815290602337e-68
1.0603261002774017e-70
3.1031633497877414e-73
8.181944973404174e-76
1.9435476958515177e-78
4.159303227241685e-81
8.019230461744893e-84
1.3929372031295387e-86
2.179802330434233e-89
3.073190052628245e-92
3.9034485238855194e-95
4.466776533160679e-98
4.6049691669001606e-101
4.2770660696146996e-104
3.578919441808736e-107
2.698016605857384e-110
1.8324158738071346e-113
1.1212183679253923e-116
6.180777272271487e-120
3.0696065675950095e-123
1.3734380293573106e-126
5.5363323482060725e-130
2.0105828291318794e-133
6.578221865159424e-137
1.9390178012535798e-140
5.149224262328579e-144
1.231937142331772e-147
2.6553515269665453e-151
5.156348098777173e-155
9.020885391735833e-159
1.4218141552837145e-162
2.0189391682351386e-166
2.5827975459292083e-170
2.9767627886164784e-174
