1.2038208536019757
0.5136080799130956
0.3240751808655229
0.24173044544455777
0.19271372505726472
0.1587202205602342
0.13347078578767307
0.11404205606879171
0.0987536182038713
0.08651872456457241
0.07658899374290777
0.0684300614339465
0.06165118066920801
0.05596148954020928
0.0511412896977553
0.04702250920629067
0.043475087299436124
0.040397310800245514
0.03770885202198295
0.03534568786722488
0.03325634880190417
0.03139912022081019
0.02973993379731192
0.02825076401428935
0.026908398210969367
0.025693485344043157
0.02458979453363198
0.023583632815182744
0.022663384661503364
0.021819145338898328
0.021042427087070735
0.02032592220298704
0.01966331087976656
0.019049104465812122
0.018478516924574494
0.017947358876044383
0.017451949820396162
0.016989045078902924
0.016555774708102638
0.01614959220239571
0.01576823123649366
0.015409669041303158
0.015072095276612215
0.014753885477731175
0.014453578323479545
0.01416985610910759
0.013901527917201187
0.01364751506797421
0.013406838501976083
0.013178607806539337
0.012962011644930424
0.012756309386244665
0.012560823766260252
0.012374934436050889
0.012198072277200035
0.01202971438079804
0.011869379602710143
0.011716624620419077
0.01157104042750973
0.01143224921092994
0.011299901563820903
0.011173673993199223
0.011053266687284348
0.010938401511959376
0.01082882020986148
0.010724282779029407
0.010624566010979686
0.010529462170615497
0.01043877780255558
0.010352332650356578
0.010269958676736073
0.010191499174320995
0.010116807957678834
0.010045748628463575
0.009978193906446243
0.00991402502002082
0.009853131150495954
0.009795408925114971
0.009740761954303097
0.009689100409131499
0.00964034063542124
0.009594404801294225
0.009551220575318644
0.009510720832699366
0.009472843387233337
0.009437530746991095
0.009404729891901034
0.009374392071606638
0.00934647262214098
0.009320930800119984
0.009297729633298146
0.00927683578645976
0.009258219441736567
0.00924185419255068
0.009227716950481179
0.009215787864444627
0.009206050251665342
0.009198490539991578
0.00919309822118917
0.009189865814916327
0.009188788843151906
0.009189865814916327
0.00919309822118917
0.009198490539991578
0.009206050251665342
0.009215787864444627
0.009227716950481179
0.00924185419255068
0.009258219441736567
0.00927683578645976
0.009297729633298146
0.009320930800119984
0.00934647262214098
0.009374392071606638
0.009404729891901034
0.009437530746991095
0.009472843387233337
0.009510720832699366
0.009551220575318644
0.009594404801294225
0.00964034063542124
0.009689100409131499
0.009740761954303097
0.009795408925114971
0.009853131150495954
0.00991402502002082
0.009978193906446243
0.010045748628463575
0.010116807957678834
0.010191499174320995
0.010269958676736073
0.010352332650356578
0.01043877780255558
0.010529462170615497
0.010624566010979686
0.010724282779029407
0.01082882020986148
0.010938401511959376
0.011053266687284348
0.011173673993199223
0.011299901563820903
0.01143224921092994
0.01157104042750973
0.011716624620419077
0.011869379602710143
0.01202971438079804
0.012198072277200035
0.012374934436050889
0.012560823766260252
0.012756309386244665
0.012962011644930424
0.013178607806539337
0.013406838501976083
0.01364751506797421
0.013901527917201187
0.01416985610910759
0.014453578323479545
0.014753885477731175
0.015072095276612215
0.015409669041303158
0.01576823123649366
0.01614959220239571
0.016555774708102638
0.016989045078902924
0.017451949820396162
0.017947358876044383
0.018478516924574494
0.019049104465812122
0.01966331087976656
0.02032592220298704
0.021042427087070735
0.021819145338898328
0.022663384661503364
0.023583632815182744
0.02458979453363198
0.025693485344043157
0.026908398210969367
0.02825076401428935
0.02973993379731192
0.03139912022081019
0.03325634880190417
0.03534568786722488
0.03770885202198295
0.040397310800245514
0.043475087299436124
0.04702250920629067
0.0511412896977553
0.05596148954020928
0.06165118066920801
0.0684300614339465
0.07658899374290777
0.08651872456457241
0.0987536182038713
0.11404205606879171
0.13347078578767307
0.1587202205602342
0.19271372505726472
0.24173044544455777
0.3240751808655229
0.5136080799130956

0.4217947534341603
1.1601089161181677
0.7631170705678455
0.15917421220477726
0.10572870820303346
0.20751695804194403
0.37757170871076673
0.5686630562878552
0.6721399434061032
0.6154662455546592
0.44947940519604646
0.279548217100267
0.1591202124794517
0.08535818154961827
0.04230640043122671
0.01880732633107366
0.0073755977631674305
0.002536927626740513
0.000764259386656587
0.00020159579839938016
4.6560131827076465e-05
9.41536655506591e-06
1.667056908599349e-06
2.5843645283429995e-07
3.507900525809923e-08
4.168990635679732e-09
4.3381515718486574e-10
3.952470855666246e-11
3.1529913752506287e-12
2.202252143752094e-13
1.346794866023742e-14
7.211506762347699e-16
3.380965429641981e-17
1.3878598028374408e-18
4.988162769744518e-20
1.5697329985873057e-21
4.3251493804742476e-23
1.0434378520280429e-24
2.2040539208856237e-26
4.07631742145324e-28
6.600911758237366e-30
9.359012154591975e-32
1.1618397947573943e-33
1.262852522606643e-35
1.2018469805184217e-37
1.001465215835137e-39
7.306555950447295e-42
4.667450397591526e-44
2.610579121676035e-46
1.2784512191007746e-48
5.481780163765533e-51
2.0580182445818495e-53
6.764987183596246e-56
1.9470400634967504e-58
4.906512954343543e-61
1.0825829024027865e-63
2.0914116843108432e-66
3.537594485927596e-69
5.239221006518378e-72
6.793843544329662e-75
7.713553853045599e-78
7.668027165006463e-81
6.674256939165413e-84
5.086421575577569e-87
3.394000765734242e-90
1.982903919846725e-93
1.0143353445503024e-96
4.543092698272241e-100
1.781606506404785e-103
6.117333165437803e-107
1.8390885050172094e-110
4.840979884162644e-114
1.1157170715427312e-117
2.2514641216353474e-121
3.9780124236404954e-125
6.153998580813386e-129
8.335637130368977e-133
9.885766798718541e-137
1.0265310126698441e-140
9.333057459345201e-145
7.429608969887035e-149
5.178430194184983e-153
3.160242780223119e-157
1.6886238600200823e-161
7.900153819970064e-166
3.236147628079525e-170
1.1606766706480832e-174
3.6448892557508516e-179
1.0021842467494158e-183
2.412686856208531e-188
5.085626914847385e-193
9.385948945945888e-198
1.5167081848397556e-202
2.1459323429802708e-207
2.658399046508956e-212
2.883463589126623e-217
2.738412843960755e-222
2.2770550309658693e-227
1.6578234643665774e-232
1.0568009377622176e-237
