0.5660359697386673
0.14415366960651393
0.060151585083661446
0.03167590581341022
0.01952545581374258
0.01344954266689752
0.010017992175437737
0.007889430947977024
0.006470064469457207
0.005468837461419553
0.004730586897814099
0.004166647026966112
0.0037233404608059723
0.0033665624610062722
0.0030737420265933937
0.0028294138056727974
0.0026226608593368254
0.002445575938678634
0.0022923017903764137
0.0021584134227809067
0.002040509244129745
0.001935933659008964
0.0018425846435405073
0.0017587775879870891
0.001683147210981311
0.0016145757433658594
0.0015521395638321107
0.001495069007368198
0.0014427177187223033
0.0013945390173027454
0.0013500674776626836
0.0013089044350713566
0.001270706476981585
0.0012351762287791926
0.0012020549189020535
0.001171116336034739
0.0011421618842776054
0.0011150165109505396
0.0010895253329208914
0.0010655508258619185
0.0010429704700563869
0.0010216747686892986
0.0010015655717749235
0.000982554652210195
0.0009645624908738027
0.0009475172358895856
0.0009313538076600653
0.0009160131264386999
0.0009014414433411325
0.0008875897590198298
0.0008744133169145236
0.0008618711601750178
0.0008499257431359213
0.0008385425896848186
0.0008276899920692138
0.0008173387446828938
0.0008074619081984804
0.0007980346001012124
0.0007890338082545013
0.000780438224610657
0.0007722280965866925
0.0007643850939684219
0.0007568921894969089
0.00074973355153847
0.0007428944474500322
0.0007363611564316291
0.0007301208908120226
0.0007241617248459445
0.0007184725302155486
0.0007130429175272112
0.0007078631831800832
0.0007029242610567907
0.0006982176785509989
0.0006937355165026173
0.0006894703726603855
0.0006854153283344182
0.0006815639179388798
0.0006779101011579806
0.000674448237497585
0.0006711730630103853
0.0006680796690053073
0.000665163482571932
0.0006624202487685826
0.0006598460143386378
0.0006574371128338133
0.0006551901510358399
0.0006531019965793362
0.0006511697666888889
0.0006493908179525651
0.0006477627370623961
0.0006462833324599223
0.0006449506268317558
0.000643762850406387
0.0006427184350092232
0.0006418160088381481
0.0006410543919268098
0.0006404325922674367
0.000639949802569265
0.000639605397632741
0.0006393989323235153
0.0006393301401339574
0.0006393989323235153
0.000639605397632741
0.000639949802569265
0.0006404325922674367
0.0006410543919268098
0.0006418160088381481
0.0006427184350092232
0.000643762850406387
0.0006449506268317558
0.0006462833324599223
0.0006477627370623961
0.0006493908179525651
0.0006511697666888889
0.0006531019965793362
0.0006551901510358399
0.0006574371128338133
0.0006598460143386378
0.0006624202487685826
0.000665163482571932
0.0006680796690053073
0.0006711730630103853
0.000674448237497585
0.0006779101011579806
0.0006815639179388798
0.0006854153283344182
0.0006894703726603855
0.0006937355165026173
0.0006982176785509989
0.0007029242610567907
0.0007078631831800832
0.0007130429175272112
0.0007184725302155486
0.0007241617248459445
0.0007301208908120226
0.0007363611564316291
0.0007428944474500322
0.00074973355153847
0.0007568921894969089
0.0007643850939684219
0.0007722280965866925
0.000780438224610657
0.0007890338082545013
0.0007980346001012124
0.0008074619081984804
0.0008173387446828938
0.0008276899920692138
0.0008385425896848186
0.0008499257431359213
0.0008618711601750178
0.0008744133169145236
0.0008875897590198298
0.0009014414433411325
0.0009160131264386999
0.0009313538076600653
0.0009475172358895856
0.0009645624908738027
0.000982554652210195
0.0010015655717749235
0.0010216747686892986
0.0010429704700563869
0.0010655508258619185
0.0010895253329208914
0.0011150165109505396
0.0011421618842776054
0.001171116336034739
0.0012020549189020535
0.0012351762287791926
0.001270706476981585
0.0013089044350713566
0.0013500674776626836
0.0013945390173027454
0.0014427177187223033
0.001495069007368198
0.0015521395638321107
0.0016145757433658594
0.001683147210981311
0.0017587775879870891
0.0018425846435405073
0.001935933659008964
0.002040509244129745
0.0021584134227809067
0.0022923017903764137
0.002445575938678634
0.0026226608593368254
0.0028294138056727974
0.0030737420265933937
0.0033665624610062722
0.0037233404608059723
0.004166647026966112
0.004730586897814099
0.005468837461419553
0.006470064469457207
0.007889430947977024
0.010017992175437737
0.01344954266689752
0.01952545581374258
0.03167590581341022
0.060151585083661446
0.14415366960651393

0.030803795546765572
0.06084059984638309
0.10649557648206114
0.16520320818343776
0.22711938917271945
0.27671886814412416
0.29879419813304636
0.28592647780420266
0.24248529959200826
0.1822490538654479
0.12139309621868218
0.07165933259672792
0.03749576909724063
0.01753095844328367
0.008959154648202503
0.015558728133035415
0.05520897860869991
0.1344930430245285
0.19515472961937352
0.16685975476907655
0.08397600252229274
0.02487295262987526
0.0043356783094789225
0.0004447776936784857
2.6852798109376856e-05
9.541594232040432e-07
1.996139845035197e-08
2.4661310908494043e-10
1.8644342669547222e-12
1.3403959010194101e-14
3.657556608055395e-16
1.831222696838588e-17
8.544580205273774e-19
3.53858965379612e-20
1.2987650163441696e-21
4.22454496837867e-23
1.2178060310683146e-24
3.1111799421049145e-26
7.044026262000038e-28
1.4134017646775558e-29
2.513385576480661e-31
3.960968915982435e-33
5.532132540990399e-35
6.847507953679091e-37
7.511407798628825e-39
7.302288087095871e-41
6.291372663183426e-43
4.803753189651375e-45
3.250609402623678e-47
1.9493854274100572e-49
1.0360470289093556e-51
4.8798902036968206e-54
2.0369926318263157e-56
7.535597477717485e-59
2.4705562851816367e-61
7.178284049247453e-64
1.8483974180673422e-66
4.2181196366535537e-69
8.530829456505471e-72
1.5290174892069632e-74
2.4287480930542434e-77
3.419017461117355e-80
4.265490621733367e-83
4.716126988932713e-86
4.621157987046057e-89
4.0129612725165883e-92
3.0883602019225974e-95
2.1063946961341557e-98
1.2732110065882621e-101
6.82039995133911e-105
3.2379350088922242e-108
1.362307786077361e-111
5.079619440384514e-115
1.6785564106038548e-118
4.915747102336299e-122
1.275827471554989e-125
2.934561349351797e-129
5.981956680257221e-133
1.080667674016926e-136
1.730174409085143e-140
2.454914856282683e-144
3.0869657473185976e-148
3.4401391814688795e-152
3.3975749282864095e-156
2.9737941260043135e-160
2.306755590800639e-164
1.585773262419626e-168
9.661163381670429e-173
5.216348382225868e-177
2.496045957763017e-181
1.058491543231917e-185
3.9780572988662e-190
1.3249622430190682e-194
3.910972815438964e-199
1.0230925412645509e-203
2.371886298131138e-208
4.873283092264863e-213
8.873567175345918e-218
1.4319362010607218e-222
2.0478489630708878e-227
