1.1758036870031188
0.41686343527551084
0.22651523205224033
0.15190408006414552
0.11394301338669112
0.09125415382802674
0.07620877535289132
0.06550656060046534
0.057505106689941306
0.05129767948495258
0.04634293420135231
0.04229757549196102
0.038933286560462244
0.03609227021385479
0.03366195907750281
0.03155989055590403
0.02972427483941988
0.028107901389053218
0.02667408114040311
0.025393872445067973
0.02424414052571589
0.02320617216014625
0.022264668697467883
0.021407002130353004
0.020622657418205095
0.019902808857864232
0.019239994374818045
0.01862786232067482
0.01806097262948507
0.01753463919562876
0.01704480384216288
0.01658793473617145
0.01616094389522949
0.015761119728828522
0.015386071514061905
0.015033683414446969
0.014702076182801171
0.014389575091600037
0.014094682941333139
0.01381605723352374
0.01355249077803525
0.01330289514703717
0.013066286500125868
0.012841773393720078
0.0126285462583235
0.012425868283604738
0.012233067496559837
0.012049529854647351
0.011874693205532418
0.011708041989350552
0.011549102579299352
0.011397439172746637
0.011252650158583849
0.01111436489779064
0.010982240863537242
0.010855961094977813
0.010735231925453897
0.0106197809513551
0.010509355212552012
0.01040371955927182
0.010302655183647268
0.01020595829703392
0.010113438936638039
0.010024919887094861
0.009940235704438893
0.009859231831460072
0.009781763794779772
0.00970769647514077
0.00963690344341144
0.009569266355679765
0.009504674401575028
0.009443023800621153
0.009384217342008394
0.00932816396368107
0.009274778367088165
0.009223980664339056
0.009175696054855308
0.00912985452891791
0.009086390595782342
0.009045243034276194
0.009006354664009439
0.008969672135519455
0.008935145737844166
0.008902729222170029
0.008872379640338815
0.008844057197120855
0.008817725115273336
0.008793349512502855
0.008770899289542222
0.008750346028634117
0.008731663901789342
0.008714829588256225
0.00869982220070078
0.008686623219655288
0.008675216435846962
0.008665587900068161
0.008657725880296738
0.008651620825819035
0.008647265338149896
0.00864465414858393
0.00864378410225076
0.00864465414858393
0.008647265338149896
0.008651620825819035
0.008657725880296738
0.008665587900068161
0.008675216435846962
0.008686623219655288
0.00869982220070078
0.008714829588256225
0.008731663901789342
0.008750346028634117
0.008770899289542222
0.008793349512502855
0.008817725115273336
0.008844057197120855
0.008872379640338815
0.008902729222170029
0.008935145737844166
0.008969672135519455
0.009006354664009439
0.009045243034276194
0.009086390595782342
0.00912985452891791
0.009175696054855308
0.009223980664339056
0.009274778367088165
0.00932816396368107
0.009384217342008394
0.009443023800621153
0.009504674401575028
0.009569266355679765
0.00963690344341144
0.00970769647514077
0.009781763794779772
0.009859231831460072
0.009940235704438893
0.010024919887094861
0.010113438936638039
0.01020595829703392
0.010302655183647268
0.01040371955927182
0.010509355212552012
0.0106197809513551
0.010735231925453897
0.010855961094977813
0.010982240863537242
0.01111436489779064
0.011252650158583849
0.011397439172746637
0.011549102579299352
0.011708041989350552
0.011874693205532418
0.012049529854647351
0.012233067496559837
0.012425868283604738
0.0126285462583235
0.012841773393720078
0.013066286500125868
0.01330289514703717
0.01355249077803525
0.01381605723352374
0.014094682941333139
0.014389575091600037
0.014702076182801171
0.015033683414446969
0.015386071514061905
0.015761119728828522
0.01616094389522949
0.01658793473617145
0.01704480384216288
0.01753463919562876
0.01806097262948507
0.01862786232067482
0.019239994374818045
0.019902808857864232
0.020622657418205095
0.021407002130353004
0.022264668697467883
0.02320617216014625
0.02424414052571589
0.025393872445067973
0.02667408114040311
0.028107901389053218
0.02972427483941988
0.03155989055590403
0.03366195907750281
0.03609227021385479
0.038933286560462244
0.04229757549196102
0.04634293420135231
0.05129767948495258
0.057505106689941306
0.06550656060046534
0.07620877535289132
0.09125415382802674
0.11394301338669112
0.15190408006414552
0.22651523205224033
0.41686343527551084

0.43069733908150304
0.44978906866891233
0.4518340178240904
0.4524787370750914
0.4641289639234262
0.48655811550864275
0.5053853281455305
0.5005940589924451
0.4598070682201258
0.387137390814229
0.30159265966978255
0.22648772073688792
0.17701399615758034
0.15349833610256744
0.14384832880870102
0.1329278144733217
0.11218532481103517
0.08305205318695032
0.05299563021394823
0.028939036659190943
0.013483672012167894
0.005354043039790853
0.0018108304566078239
0.0005215493510183383
0.00012790535423436516
2.6707669654503744e-05
4.748173745886415e-06
7.187124819133327e-07
9.262302544109994e-08
1.0162871461213447e-08
9.493946309763088e-10
7.551087623965815e-11
5.113336522757359e-12
2.948025306895621e-13
1.4470712256007012e-14
6.047563262283843e-16
2.1518040108613193e-17
6.518636627331736e-19
1.6812898935267304e-20
3.691987492115417e-22
6.902551694036085e-24
1.0987300728238824e-25
1.489033154579308e-27
1.7181059026133172e-29
1.6878273723462873e-31
1.4116896287957054e-33
1.0052741985153238e-35
6.094889141511973e-38
3.146201479983962e-40
1.3827811820179099e-42
5.174640190135151e-45
1.648901409221321e-47
4.474629825319175e-50
1.0344279962740795e-52
2.03858009834504e-55
3.430486111884908e-58
4.949000046315948e-61
6.181136746623108e-64
6.843333616575168e-67
7.073333433555982e-70
7.448576483413465e-73
8.641947651935565e-76
1.0935797513449834e-78
1.3936848167046684e-81
1.6689556201374568e-84
1.8129224666117465e-87
1.7615261465180323e-90
1.5234984820125709e-93
1.170975546097869e-96
7.994757730710399e-100
4.848173848598679e-103
2.611555706124167e-106
1.249853066506928e-109
5.316634279658372e-113
2.0117819808489155e-116
6.78219525761268e-120
2.0433211577999533e-123
5.534556275672302e-127
1.363265477565265e-130
3.1171962222959835e-134
6.83443954573228e-138
1.4942791540007034e-141
3.348464146266222e-145
7.661851436179775e-149
1.73671037978942e-152
3.7651049494920007e-156
7.608531084413339e-160
1.4118806624032393e-163
2.387467296810642e-167
3.6654692319858534e-171
5.100920965287267e-175
6.429440693627423e-179
7.337780242866462e-183
7.581664961314422e-187
7.091672650306762e-191
6.0049195574078125e-195
4.602949939350678e-199
3.193995851605706e-203
2.006323264946139e-207
1.1408688495563257e-211
