0.8217172278689938
0.27202547103787333
0.1277231869683843
0.06610512144660056
0.036048491205808844
0.020570800239537182
0.012263872098672579
0.007629781949343864
0.0049464109823123764
0.003335701235137611
0.0023349006023743305
0.0016922385484028923
0.0012664656197482454
0.0009759660946673651
0.0007722303398718292
0.0006256375656159392
0.0005176303639095662
0.00043629568148216146
0.00037380737623456627
0.0003249109539206344
0.00028600541644996244
0.0002545748915624256
0.00022882955183761708
0.00020747432281752998
0.0001895571396708617
0.00017436764294921227
0.00016136842166143827
0.00015014761159703145
0.0001403857293012281
0.00013183213966040316
0.000124288136660735
0.00011759462591356894
0.00011162305082089129
0.00010626863319336498
0.00010144528457477381
9.708173692407607e-05
9.311857258342056e-05
8.950592408498375e-05
8.620167761082368e-05
8.317005855211685e-05
8.038050942430312e-05
7.780679328718488e-05
7.542627244712391e-05
7.321932440374965e-05
7.116886600886964e-05
6.925996351457768e-05
6.747951122497553e-05
6.58159652762393e-05
6.425912197235475e-05
6.279993233002761e-05
6.143034620480664e-05
6.0143180705400096e-05
5.893200864635494e-05
5.77910636091575e-05
5.671515882975894e-05
5.5699617645305916e-05
5.4740213643918286e-05
5.3833118991205484e-05
5.29748596731447e-05
5.2162276610313505e-05
5.139249177365429e-05
5.066287857504265e-05
4.997103592329155e-05
4.9314765432849417e-05
4.8692051352309524e-05
4.810104284608689e-05
4.754003831775686e-05
4.700747150960061e-05
4.6501899151492954e-05
4.602198996470823e-05
4.5566514853574464e-05
4.513433814104225e-05
4.4724409723858744e-05
4.433575803973033e-05
4.39674837530961e-05
4.361875407831164e-05
4.328879766948564e-05
4.2976900015188505e-05
4.2682399283990876e-05
4.2404682573474395e-05
4.214318252114887e-05
4.189737424073796e-05
4.16667725516726e-05
4.145092947345033e-05
4.1249431959861114e-05
4.1061899851009426e-05
4.088798402364134e-05
4.0727364722557546e-05
4.057975005790461e-05
4.044487465492105e-05
4.032249844430389e-05
4.021240558278232e-05
4.011440349475906e-05
4.0028322027031326e-05
3.995401270964444e-05
3.989134811688238e-05
3.984022132327133e-05
3.9800545450279106e-05
3.977225330014438e-05
3.9755297073977e-05
3.974964817194103e-05
3.9755297073977e-05
3.977225330014438e-05
3.9800545450279106e-05
3.984022132327133e-05
3.989134811688238e-05
3.995401270964444e-05
4.0028322027031326e-05
4.011440349475906e-05
4.021240558278232e-05
4.032249844430389e-05
4.044487465492105e-05
4.057975005790461e-05
4.0727364722557546e-05
4.088798402364134e-05
4.1061899851009426e-05
4.1249431959861114e-05
4.145092947345033e-05
4.16667725516726e-05
4.189737424073796e-05
4.214318252114887e-05
4.2404682573474395e-05
4.2682399283990876e-05
4.2976900015188505e-05
4.328879766948564e-05
4.361875407831164e-05
4.39674837530961e-05
4.433575803973033e-05
4.4724409723858744e-05
4.513433814104225e-05
4.5566514853574464e-05
4.602198996470823e-05
4.6501899151492954e-05
4.700747150960061e-05
4.754003831775686e-05
4.810104284608689e-05
4.8692051352309524e-05
4.9314765432849417e-05
4.997103592329155e-05
5.066287857504265e-05
5.139249177365429e-05
5.2162276610313505e-05
5.29748596731447e-05
5.3833118991205484e-05
5.4740213643918286e-05
5.5699617645305916e-05
5.671515882975894e-05
5.77910636091575e-05
5.893200864635494e-05
6.0143180705400096e-05
6.143034620480664e-05
6.279993233002761e-05
6.425912197235475e-05
6.58159652762393e-05
6.747951122497553e-05
6.925996351457768e-05
7.116886600886964e-05
7.321932440374965e-05
7.542627244712391e-05
7.780679328718488e-05
8.038050942430312e-05
8.317005855211685e-05
8.620167761082368e-05
8.950592408498375e-05
9.311857258342056e-05
9.708173692407607e-05
0.00010144528457477381
0.00010626863319336498
0.00011162305082089129
0.00011759462591356894
0.000124288136660735
0.00013183213966040316
0.0001403857293012281
0.00015014761159703145
0.00016136842166143827
0.00017436764294921227
0.0001895571396708617
0.00020747432281752998
0.00022882955183761708
0.0002545748915624256
0.00028600541644996244
0.0003249109539206344
0.00037380737623456627
0.00043629568148216146
0.0005176303639095662
0.0006256375656159392
0.0007722303398718292
0.0009759660946673651
0.0012664656197482454
0.0016922385484028923
0.0023349006023743305
0.003335701235137611
0.0049464109823123764
0.007629781949343864
0.012263872098672579
0.020570800239537182
0.036048491205808844
0.06610512144660056
0.1277231869683843
0.27202547103787333

0.0016595657137633438
0.03132591504442127
0.24125508566755666
0.7580757209523996
0.9718787747268315
0.5083642556762107
0.10849290076796027
0.009447103392700188
0.00034533739288778625
0.0003013274661919263
0.004718472924498736
0.03918897058310982
0.16984985796915097
0.3841517527075972
0.45339502219392525
0.2792460085327433
0.08974980182666384
0.015052766337888967
0.0013174539375259426
6.017150264674249e-05
1.4341103569073741e-06
1.7836538887332596e-08
1.1576436544352413e-10
3.9208073515183034e-13
6.929667708143724e-16
6.391247171161511e-19
3.076062214288745e-22
7.725754688623756e-26
1.0125652317653398e-29
6.925344874536064e-34
2.4717019375644283e-38
4.60348877064799e-43
4.474189516989873e-48
2.2692271001658117e-53
6.005896514405542e-59
8.294954836144158e-65
5.97842113367405e-71
2.2485123689328e-77
4.413065314122155e-84
4.519826114180554e-91
2.4156799610618766e-98
6.737416007531195e-106
9.805813503854136e-114
7.447494514446027e-122
2.9517056905617275e-130
6.10481082806089e-139
6.588820358856499e-148
3.710901446805429e-157
1.090655194398896e-166
1.6727530148654898e-176
1.3387900260963639e-186
5.591513952007184e-197
1.218660277063979e-207
1.3860286114452852e-218
8.226176685600448e-230
2.5477697027950836e-241
4.1177369750314e-253
3.472908435788031e-265
1.5284961949507103e-277
3.5105219140811735e-290
4.2074146290045345e-303
2.6314507e-316
0.0
0.0
0.0
0.0
0.0
0.0
0.0
0.0
0.0
0.0
0.0
0.0
0.0
0.0
0.0
0.0
0.0
0.0
0.0
0.0
0.0
0.0
0.0
0.0
0.0
0.0
0.0
0.0
0.0
0.0
0.0
0.0
0.0
0.0
0.0
0.0
0.0
0.0
