0.6075236367486924
0.015502741685651512
0.0005980153460933344
2.915785511281386e-05
1.7073382829781408e-06
1.294164580129086e-07
1.6277832589346587e-08
3.3068246533583084e-09
1.1519973953000166e-09
5.572850226664059e-10
3.306455256684274e-10
2.239606857401539e-10
1.6572678324374036e-10
1.3026682526164354e-10
1.0685497868996866e-10
9.042403303401195e-11
7.833731611507998e-11
6.911199790126336e-11
6.185975849469249e-11
5.602004532162616e-11
5.122350910331336e-11
4.721777313807765e-11
4.382497545473019e-11
4.091639893074319e-11
3.8396727783365995e-11
3.61939504356905e-11
3.425269361466121e-11
3.252970772737489e-11
3.099073895272837e-11
2.960831762007156e-11
2.8360165639938466e-11
2.7228030639410985e-11
2.6196819608928458e-11
2.5253946283110733e-11
2.4388833362542245e-11
2.3592528473004646e-11
2.2857404739058257e-11
2.217692504885464e-11
2.1545454784085135e-11
2.0958111802210753e-11
2.041064532179308e-11
1.989933742972372e-11
1.9420922439276046e-11
1.8972520442222224e-11
1.8551582228586592e-11
1.8155843372019472e-11
1.7783285752406686e-11
1.7432105149520584e-11
1.710068382061993e-11
1.678756719154473e-11
1.649144396016359e-11
1.6211129044217906e-11
1.5945548911025303e-11
1.5693728910434418e-11
1.545478229961866e-11
1.5227900702380744e-11
1.5012345789393113e-11
1.4807442001365835e-11
1.4612570166179986e-11
1.4427161884851146e-11
1.425069458081535e-11
1.4082687123264718e-11
1.3922695948741063e-11
1.3770311616431654e-11
1.3625155742010559e-11
1.3486878262758333e-11
1.3355154993337266e-11
1.3229685437213727e-11
1.3110190823477183e-11
1.2996412342850572e-11
1.2888109560135183e-11
1.2785058983281817e-11
1.2687052771807578e-11
1.2593897569450648e-11
1.2505413447827724e-11
1.242143294947685e-11
1.2341800220069445e-11
1.226637022079203e-11
1.2195008012956827e-11
1.2127588107824072e-11
1.2063993875426367e-11
1.2004117006893349e-11
1.1947857025396539e-11
1.1895120841381936e-11
1.1845822348241253e-11
1.1799882055000302e-11
1.175722675298284e-11
1.1717789213745605e-11
1.1681507915881814e-11
1.164832679856009e-11
1.161819503990802e-11
1.1591066858568123e-11
1.1566901336951665e-11
1.1545662264895576e-11
1.1527318002592175e-11
1.1511841361812377e-11
1.1499209504582728e-11
1.14894038586068e-11
1.1482410048843361e-11
1.1478217844769301e-11
1.1476821122965397e-11
1.1478217844769301e-11
1.1482410048843361e-11
1.14894038586068e-11
1.1499209504582728e-11
1.1511841361812377e-11
1.1527318002592175e-11
1.1545662264895576e-11
1.1566901336951665e-11
1.1591066858568123e-11
1.161819503990802e-11
1.164832679856009e-11
1.1681507915881814e-11
1.1717789213745605e-11
1.175722675298284e-11
1.1799882055000302e-11
1.1845822348241253e-11
1.1895120841381936e-11
1.1947857025396539e-11
1.2004117006893349e-11
1.2063993875426367e-11
1.2127588107824072e-11
1.2195008012956827e-11
1.226637022079203e-11
1.2341800220069445e-11
1.242143294947685e-11
1.2505413447827724e-11
1.2593897569450648e-11
1.2687052771807578e-11
1.2785058983281817e-11
1.2888109560135183e-11
1.2996412342850572e-11
1.3110190823477183e-11
1.3229685437213727e-11
1.3355154993337266e-11
1.3486878262758333e-11
1.3625155742010559e-11
1.3770311616431654e-11
1.3922695948741063e-11
1.4082687123264718e-11
1.425069458081535e-11
1.4427161884851146e-11
1.4612570166179986e-11
1.4807442001365835e-11
1.5012345789393113e-11
1.5227900702380744e-11
1.545478229961866e-11
1.5693728910434418e-11
1.5945548911025303e-11
1.6211129044217906e-11
1.649144396016359e-11
1.678756719154473e-11
1.710068382061993e-11
1.7432105149520584e-11
1.7783285752406686e-11
1.8155843372019472e-11
1.8551582228586592e-11
1.8972520442222224e-11
1.9420922439276046e-11
1.989933742972372e-11
2.041064532179308e-11
2.0958111802210753e-11
2.1545454784085135e-11
2.217692504885464e-11
2.2857404739058257e-11
2.3592528473004646e-11
2.4388833362542245e-11
2.5253946283110733e-11
2.6196819608928458e-11
2.7228030639410985e-11
2.8360165639938466e-11
2.960831762007156e-11
3.099073895272837e-11
3.252970772737489e-11
3.425269361466121e-11
3.61939504356905e-11
3.8396727783365995e-11
4.091639893074319e-11
4.382497545473019e-11
4.721777313807765e-11
5.122350910331336e-11
5.602004532162616e-11
6.185975849469249e-11
6.911199790126336e-11
7.833731611507998e-11
9.042403303401195e-11
1.0685497868996866e-10
1.3026682526164354e-10
1.6572678324374036e-10
2.239606857401539e-10
3.306455256684274e-10
5.572850226664059e-10
1.1519973953000166e-09
3.3068246533583084e-09
1.6277832589346587e-08
1.294164580129086e-07
1.7073382829781408e-06
2.915785511281386e-05
0.0005980153460933344
0.015502741685651512

5.20002376802229e-10
3.3246581979257377e-09
1.9426530348529006e-08
1.0374090747227235e-07
5.06304057941549e-07
2.2582880557006974e-06
9.205636681165718e-06
3.4295322208368374e-05
0.00011676764147631722
0.0003633430028599713
0.0010333486854654157
0.0027019270418633117
0.007549991491424936
0.039230871800937234
0.19473629152770766
0.3849096854676744
0.2866494095833203
0.16279777926903455
0.17513362716207428
0.2188728220213464
0.25298003925342266
0.2672753336226665
0.25807051786681506
0.2277322151591702
0.1836610706023782
0.13536809473462025
0.09118472338214216
0.056135089229765164
0.03158299513690436
0.016239728837378953
0.00763151561212744
0.0032775504434313044
0.001286454811683866
0.00046147295155275986
0.00015128801666138814
4.5328293788187365e-05
1.2411971746281692e-05
3.1061237077863235e-06
7.104005389969153e-07
1.4848903330970043e-07
2.8365604374743983e-08
4.952178228676173e-09
7.901454716639283e-10
1.1521908134914142e-10
1.5354947106386448e-11
1.870160177467741e-12
2.081689008529913e-13
2.1176757183629894e-14
1.968836393300152e-15
1.6728860665720604e-16
1.2990613541437392e-17
9.219333513293653e-19
5.979652589700219e-20
3.544532340591177e-21
1.9202089850030012e-22
9.507024553203074e-24
4.301771097693518e-25
1.778920512458832e-26
6.723143055266369e-28
2.322173824636519e-29
7.330332295232095e-31
2.114750629967417e-32
5.575723480602805e-34
1.3435376948602386e-35
2.9587280408507576e-37
5.954794841413194e-39
1.0953051332214552e-40
1.8412383262076288e-42
2.828729720424804e-44
3.971727686601369e-46
5.096523592728646e-48
5.976888821251239e-50
6.405940191655003e-52
6.274760378679175e-54
5.617175272056676e-56
4.595633312384509e-58
3.4362070627811166e-60
2.348117618766049e-62
1.46644889306394e-64
8.369906001935994e-67
4.36597046118431e-69
2.0813617507189404e-71
9.068196225416323e-74
3.610778209642179e-76
1.3139755388224444e-78
4.369988676917177e-81
1.3282502511891202e-83
3.6896576000069044e-86
9.366962641352288e-89
2.1732919656618176e-91
4.608333751045874e-94
8.930511592084935e-97
1.5816679565662417e-99
2.560123155529445e-102
3.7871539772268816e-105
5.120019699373596e-108
6.3261118274076095e-111
7.143460724587801e-114
7.372028773272469e-117
6.952995458633981e-120
