0.4404346385376074
0.08171360807058793
0.022900521230689988
0.006600373589945373
0.001930975029571068
0.0005731644262020988
0.0001726109830666466
5.2740453352703997e-05
1.634953861878141e-05
5.142251962625049e-06
1.640920013520106e-06
5.3126068682543e-07
1.745075233779556e-07
5.815764856906813e-08
1.9664625453076998e-08
6.742850881300565e-09
2.3469363190790323e-09
8.288382064962164e-10
2.969860239242165e-10
1.0796673136478585e-10
3.9822161422999116e-11
1.4901743098956017e-11
5.6575151611126206e-12
2.179172725880221e-12
8.516021436263698e-13
3.3764726958985284e-13
1.3582297888436947e-13
5.5433009837589933e-14
2.2953558369863758e-14
9.6431422334838e-15
4.110307681247842e-15
1.7775312200380015e-15
7.799146368247836e-16
3.4718709709302257e-16
1.5680739165922258e-16
7.18547993427119e-17
3.3406521148375476e-17
1.5757703709326094e-17
7.541206570218153e-18
3.661634587579499e-18
1.8038293112363446e-18
9.01575589950265e-19
4.571882816682492e-19
2.352199970075967e-19
1.2278337357521314e-19
6.502659900287129e-20
3.494046546801955e-20
1.9048138480145433e-20
1.0535682400324722e-20
5.9123369524734836e-21
3.3662176621698446e-21
1.944517718649237e-21
1.1396423176510901e-21
6.776611018310415e-22
4.0883157158931973e-22
2.5024474820839745e-22
1.5540870026914812e-22
9.792127667458582e-23
6.259970789590016e-23
4.060353291984296e-23
2.672115002998848e-23
1.7842290690013723e-23
1.2088024908267297e-23
8.309504508814342e-24
5.795835580692829e-24
4.10188978282135e-24
2.945666880517966e-24
2.146432759300362e-24
1.587022653900108e-24
1.1933410051827237e-24
9.062960278911323e-25
6.999154135215131e-25
5.483476797313664e-25
4.357527637892978e-25
3.5116898634671372e-25
2.8693233301860107e-25
2.3763016202742015e-25
1.9940194006381411e-25
1.694674545788398e-25
1.4580552543054475e-25
1.2693319907684974e-25
1.1175263436079882e-25
9.944399241295249e-26
8.93898625153949e-26
8.112148978115035e-26
7.428020086134632e-26
6.858951091840216e-26
6.383479781299492e-26
5.984837973476207e-26
5.649848132685125e-26
5.368101976076008e-26
5.131345169463271e-26
4.933013821656566e-26
4.7678837009325207e-26
4.6318038866881585e-26
4.5214942828175586e-26
4.4343919823227594e-26
4.368535525458148e-26
4.322479083527622e-26
4.295230843176509e-26
4.2862115881573366e-26
4.295230843176509e-26
4.322479083527622e-26
4.368535525458148e-26
4.4343919823227594e-26
4.5214942828175586e-26
4.6318038866881585e-26
4.7678837009325207e-26
4.933013821656566e-26
5.131345169463271e-26
5.368101976076008e-26
5.649848132685125e-26
5.984837973476207e-26
6.383479781299492e-26
6.858951091840216e-26
7.428020086134632e-26
8.112148978115035e-26
8.93898625153949e-26
9.944399241295249e-26
1.1175263436079882e-25
1.2693319907684974e-25
1.4580552543054475e-25
1.694674545788398e-25
1.9940194006381411e-25
2.3763016202742015e-25
2.8693233301860107e-25
3.5116898634671372e-25
4.357527637892978e-25
5.483476797313664e-25
6.999154135215131e-25
9.062960278911323e-25
1.1933410051827237e-24
1.587022653900108e-24
2.146432759300362e-24
2.945666880517966e-24
4.10188978282135e-24
5.795835580692829e-24
8.309504508814342e-24
1.2088024908267297e-23
1.7842290690013723e-23
2.672115002998848e-23
4.060353291984296e-23
6.259970789590016e-23
9.792127667458582e-23
1.5540870026914812e-22
2.5024474820839745e-22
4.0883157158931973e-22
6.776611018310415e-22
1.1396423176510901e-21
1.944517718649237e-21
3.3662176621698446e-21
5.9123369524734836e-21
1.0535682400324722e-20
1.9048138480145433e-20
3.494046546801955e-20
6.502659900287129e-20
1.2278337357521314e-19
2.352199970075967e-19
4.571882816682492e-19
9.01575589950265e-19
1.8038293112363446e-18
3.661634587579499e-18
7.541206570218153e-18
1.5757703709326094e-17
3.3406521148375476e-17
7.18547993427119e-17
1.5680739165922258e-16
3.4718709709302257e-16
7.799146368247836e-16
1.7775312200380015e-15
4.110307681247842e-15
9.6431422334838e-15
2.2953558369863758e-14
5.5433009837589933e-14
1.3582297888436947e-13
3.3764726958985284e-13
8.516021436263698e-13
2.179172725880221e-12
5.6575151611126206e-12
1.4901743098956017e-11
3.9822161422999116e-11
1.0796673136478585e-10
2.969860239242165e-10
8.288382064962164e-10
2.3469363190790323e-09
6.742850881300565e-09
1.9664625453076998e-08
5.815764856906813e-08
1.745075233779556e-07
5.3126068682543e-07
1.640920013520106e-06
5.142251962625049e-06
1.634953861878141e-05
5.2740453352703997e-05
0.0001726109830666466
0.0005731644262020988
0.001930975029571068
0.006600373589945373
0.022900521230689988
0.08171360807058793

6.259041528878224e-25
3.5860775933720164e-18
2.984561385930095e-12
1.4812029318719503e-07
0.0004383474702956845
0.07735570352897124
0.8140218644007983
0.510798594968275
0.019113191542228052
4.2646858561567054e-05
6.292006690697612e-09
7.710917902765734e-09
8.052554335414318e-08
7.035490320149655e-07
5.1426345277321584e-06
3.144905054200587e-05
0.00016090146605795245
0.0006887205625443183
0.0024663612221220775
0.007389259235057406
0.018521480904564416
0.03884016793178352
0.068142345061271
0.100019260068438
0.1228233065595805
0.12618522840959706
0.10845930994942689
0.077993020765834
0.04692186130602783
0.023617031405806635
0.009945027042075767
0.003503621762307606
0.0010326640249754223
0.0002546428379693462
5.25332741913768e-05
9.067092761075252e-06
1.3092790952624764e-06
1.581710487633553e-07
1.5986461289423984e-08
1.351787020437947e-09
9.563013953920476e-11
5.6599408484939266e-12
2.8025900836123224e-13
1.1610150653654985e-14
4.023895697863213e-16
1.1667724350504139e-17
2.8304545877613354e-19
5.74456050462827e-21
9.75411811433271e-23
1.3856380416725073e-24
1.6468049794994384e-26
1.637439001920203e-28
1.362130367450296e-30
9.479879249269451e-33
5.519726019984087e-35
2.6888267672931597e-37
1.0958187066887068e-39
3.7363296189495526e-42
1.0658160133797131e-44
2.543606258882955e-47
5.078648017275738e-50
8.483536440002652e-53
1.1855949216681033e-55
1.386201347773504e-58
1.3559600326202817e-61
1.1096807348721866e-64
7.597658859707278e-68
4.3520323838994035e-71
2.0856192792109457e-74
8.361968607087029e-78
2.8048692314766703e-81
7.871314945393602e-85
1.8480450186670068e-88
3.630014743547596e-92
5.9653347159300846e-96
8.201472456309485e-100
9.433642845825243e-104
9.078155445224012e-108
7.308805175085814e-112
4.9229535892797955e-116
2.7741866868296265e-120
1.3079050317203194e-124
5.158783754424204e-129
1.7023506546555727e-133
4.6998208785266517e-138
1.0855358633561471e-142
2.097672242356663e-147
3.3912645680081194e-152
4.586868599099968e-157
5.190408162876905e-162
4.913798110972472e-167
3.891918098958613e-172
2.5789365751854795e-177
1.4297108602498105e-182
6.63111189549794e-188
2.5730906238545784e-193
8.353229118947815e-199
2.268737715537196e-204
5.1551911540500575e-210
9.80022037851504e-216
