0.5237713065116768
0.0548824950985982
0.009463408307006302
0.0021793901327850107
0.0006293132769953083
0.00022276501840468786
9.497662423205349e-05
4.771337274302849e-05
2.750742164481783e-05
1.7707617738648898e-05
1.2416856189664706e-05
9.293506557333664e-06
7.309100364566658e-06
5.970332141868769e-06
5.021802348187385e-06
4.322265296714593e-06
3.7890368747442834e-06
3.3712833207628775e-06
3.0364013112707147e-06
2.7626991911830438e-06
2.5352775180398682e-06
2.3436131877966603e-06
2.180090037931929e-06
2.039075643174095e-06
1.916324218574056e-06
1.8085802742479549e-06
1.7133093078479917e-06
1.6285109173159025e-06
1.552586609700592e-06
1.4842446620275994e-06
1.422430557463259e-06
1.366275380779319e-06
1.3150570254601688e-06
1.2681706738206125e-06
1.2251060793319785e-06
1.1854299008655463e-06
1.1487718322547458e-06
1.114813613722941e-06
1.0832802534253377e-06
1.0539329597288913e-06
1.026563409223617e-06
1.0009890661732783e-06
9.770493359591116e-07
9.546023848023008e-07
9.33522495386508e-07
9.136978562706498e-07
8.950287045589503e-07
8.774257578900582e-07
8.608088846623099e-07
8.451059714389707e-07
8.302519543487331e-07
8.161879875143886e-07
8.028607264828e-07
7.902217085765204e-07
7.782268152580723e-07
7.668358041578226e-07
7.560119004932278e-07
7.457214393000466e-07
7.359335512820733e-07
7.266198862255029e-07
7.177543688648701e-07
7.093129828673116e-07
7.012735792506914e-07
6.936157060928748e-07
6.863204568434066e-07
6.793703349305046e-07
6.727491326782377e-07
6.664418228211646e-07
6.60434461134911e-07
6.547140988979713e-07
6.492687040680142e-07
6.440870901997766e-07
6.39158852255047e-07
6.344743085614518e-07
6.300244482683724e-07
6.258008837275598e-07
6.217958072947051e-07
6.180019521079149e-07
6.144125564510332e-07
6.110213313551417e-07
6.078224311312975e-07
6.048104265623958e-07
6.019802805126837e-07
5.993273257404324e-07
5.968472447231239e-07
5.945360513256131e-07
5.923900741604795e-07
5.904059415064617e-07
5.885805676657797e-07
5.869111406544838e-07
5.853951111319771e-07
5.840301824866649e-07
5.828143020044959e-07
5.817456530560675e-07
5.80822648246125e-07
5.800439234767793e-07
5.794083328827052e-07
5.789149446030371e-07
5.785630373607507e-07
5.783520978260514e-07
5.782818187457705e-07
5.783520978260514e-07
5.785630373607507e-07
5.789149446030371e-07
5.794083328827052e-07
5.800439234767793e-07
5.80822648246125e-07
5.817456530560675e-07
5.828143020044959e-07
5.840301824866649e-07
5.853951111319771e-07
5.869111406544838e-07
5.885805676657797e-07
5.904059415064617e-07
5.923900741604795e-07
5.945360513256131e-07
5.968472447231239e-07
5.993273257404324e-07
6.019802805126837e-07
6.048104265623958e-07
6.078224311312975e-07
6.110213313551417e-07
6.144125564510332e-07
6.180019521079149e-07
6.217958072947051e-07
6.258008837275598e-07
6.300244482683724e-07
6.344743085614518e-07
6.39158852255047e-07
6.440870901997766e-07
6.492687040680142e-07
6.547140988979713e-07
6.60434461134911e-07
6.664418228211646e-07
6.727491326782377e-07
6.793703349305046e-07
6.863204568434066e-07
6.936157060928748e-07
7.012735792506914e-07
7.093129828673116e-07
7.177543688648701e-07
7.266198862255029e-07
7.359335512820733e-07
7.457214393000466e-07
7.560119004932278e-07
7.668358041578226e-07
7.782268152580723e-07
7.902217085765204e-07
8.028607264828e-07
8.161879875143886e-07
8.302519543487331e-07
8.451059714389707e-07
8.608088846623099e-07
8.774257578900582e-07
8.950287045589503e-07
9.136978562706498e-07
9.33522495386508e-07
9.546023848023008e-07
9.770493359591116e-07
1.0009890661732783e-06
1.026563409223617e-06
1.0539329597288913e-06
1.0832802534253377e-06
1.114813613722941e-06
1.1487718322547458e-06
1.1854299008655463e-06
1.2251060793319785e-06
1.2681706738206125e-06
1.3150570254601688e-06
1.366275380779319e-06
1.422430557463259e-06
1.4842446620275994e-06
1.552586609700592e-06
1.6285109173159025e-06
1.7133093078479917e-06
1.8085802742479549e-06
1.916324218574056e-06
2.039075643174095e-06
2.180090037931929e-06
2.3436131877966603e-06
2.5352775180398682e-06
2.7626991911830438e-06
3.0364013112707147e-06
3.3712833207628775e-06
3.7890368747442834e-06
4.322265296714593e-06
5.021802348187385e-06
5.970332141868769e-06
7.309100364566658e-06
9.293506557333664e-06
1.2416856189664706e-05
1.7707617738648898e-05
2.750742164481783e-05
4.771337274302849e-05
9.497662423205349e-05
0.00022276501840468786
0.0006293132769953083
0.0021793901327850107
0.009463408307006302
0.0548824950985982

2.6206942489489433e-05
0.00015929384322101918
0.0007960457403437059
0.0032674151087019702
0.011010885036718468
0.030461882040208433
0.06919776933108311
0.1291468601904029
0.19830305782711838
0.2513133531841133
0.2649007386008948
0.23671641815791272
0.18784884721192086
0.14573783794851453
0.12533522323114332
0.12453900955385477
0.13208797584545456
0.13693985346658333
0.13289333657264454
0.11895935558029795
0.09782584987038931
0.07383273579570376
0.051132494881126735
0.03249237989502251
0.018945232178293005
0.010135655220612112
0.0049755049610158576
0.002241072623172518
0.0009262071483349886
0.0003512317423499103
0.00012221170951863677
3.901802759810787e-05
1.1430131726331034e-05
3.072349306874558e-06
7.57745520099697e-07
1.7147846828514414e-07
3.5606496641256405e-08
6.783945121857286e-09
1.1859567150155926e-09
1.9023428142081403e-10
2.7998976593778365e-11
3.781194035298442e-12
4.685427284175355e-13
5.327247468506152e-14
5.557634381738992e-15
5.319986189927741e-16
4.672663091755586e-17
3.7657532868243434e-18
2.784663295287197e-19
1.8894132142474312e-20
1.1762906307404331e-21
6.719481439691074e-23
3.522007779774662e-24
1.6938630508801904e-25
7.47480228587251e-27
3.026596714244285e-28
1.1244569529462249e-29
3.8332270445447136e-31
1.1990013838408999e-32
3.441186865129348e-34
9.062129418831135e-36
2.189705429410539e-37
4.854835977364333e-39
9.876358810172146e-41
1.843540100848152e-42
3.1574882972103806e-44
4.962086625872154e-46
7.155176732516656e-48
9.466944264359321e-50
1.1492981474421737e-51
1.280233020228533e-53
1.308515205598559e-55
1.2271621577497e-57
1.055986987179071e-59
8.337745025912398e-62
6.040488820426941e-64
4.015401632505198e-66
2.449172243813605e-68
1.370702163185639e-70
7.038827121525283e-73
3.3165834617230594e-75
1.433887220821908e-77
5.688168972899222e-80
2.0704436513516224e-82
6.914929760515743e-85
2.1190712638376325e-87
5.958497791476676e-90
1.5373099378680193e-92
3.639313915491183e-95
7.905166705521723e-98
1.575563745999111e-100
2.8813389939375146e-103
4.83488519046328e-106
7.444086418690827e-109
1.0516472200058429e-111
1.363208173741e-114
1.621390843824707e-117
1.7694841724042293e-120
1.7718994768241826e-123
1.6280393921785427e-126
