0.9328847348100271
0.44701466626389574
0.33907691580517263
0.275954876523735
0.23148199960164673
0.19835066516023214
0.17280277941428554
0.1525823760564825
0.13624275729848373
0.12281257132226142
0.11161532872630707
0.10216551766896609
0.09410585419696291
0.08716780925245485
0.08114589651106391
0.075880411519925
0.07124553791552404
0.06714096386978496
0.06348585457484532
0.060214442603058575
0.057272751893384675
0.05461613039819743
0.05220736884873062
0.050015250447263536
0.048013421482511386
0.04617950374114124
0.04449439103644371
0.04294168729852663
0.04150725448021283
0.04017884635605347
0.03894581001849076
0.03779884111121844
0.036729782003617095
0.03573145449441067
0.034797520444498686
0.033922365126442734
0.033100999148433605
0.032328975641895664
0.031602320051732934
0.030917470379298546
0.030271226132423848
0.029660704558350987
0.029083302992439504
0.02853666636201213
0.02801865905138694
0.02752734046929482
0.02706094376994205
0.026617857268976565
0.026196608169503685
0.025795848274188293
0.02541434140984705
0.02505095233274214
0.024704636917611142
0.024374433462567353
0.024059454966400846
0.02375888225532427
0.02347195785350989
0.023197980506398545
0.022936300278174747
0.02268631415535926
0.022447462097473066
0.022219223483422867
0.022001113908853998
0.021792682295383024
0.021593508277501033
0.021403199837149906
0.02122139115961564
0.021047740687540038
0.020881929352594628
0.02072365896674742
0.020572650757135554
0.02042864403037591
0.020291394953739387
0.020160675442011847
0.020036272140093386
0.019917985492469165
0.019805628891639563
0.019699027898440448
0.01959801952793154
0.019502451595193045
0.019412182115959558
0.019327078757544434
0.01924701833597553
0.019171886355681244
0.01910157658844042
0.019035990688645636
0.018975037842232294
0.01891863444689856
0.018866703821488157
0.01881917594263191
0.01877598720694771
0.018737080217284433
0.018702403591666018
0.018671911793748684
0.018645564983749408
0.018623328888938525
0.0186051746929154
0.018591078943004505
0.018581023475221517
0.018574995356365784
0.018572986842898574
0.018574995356365784
0.018581023475221517
0.018591078943004505
0.0186051746929154
0.018623328888938525
0.018645564983749408
0.018671911793748684
0.018702403591666018
0.018737080217284433
0.01877598720694771
0.01881917594263191
0.018866703821488157
0.01891863444689856
0.018975037842232294
0.019035990688645636
0.01910157658844042
0.019171886355681244
0.01924701833597553
0.019327078757544434
0.019412182115959558
0.019502451595193045
0.01959801952793154
0.019699027898440448
0.019805628891639563
0.019917985492469165
0.020036272140093386
0.020160675442011847
0.020291394953739387
0.02042864403037591
0.020572650757135554
0.02072365896674742
0.020881929352594628
0.021047740687540038
0.02122139115961564
0.021403199837149906
0.021593508277501033
0.021792682295383024
0.022001113908853998
0.022219223483422867
0.022447462097473066
0.02268631415535926
0.022936300278174747
0.023197980506398545
0.02347195785350989
0.02375888225532427
0.024059454966400846
0.024374433462567353
0.024704636917611142
0.02505095233274214
0.02541434140984705
0.025795848274188293
0.026196608169503685
0.026617857268976565
0.02706094376994205
0.02752734046929482
0.02801865905138694
0.02853666636201213
0.029083302992439504
0.029660704558350987
0.030271226132423848
0.030917470379298546
0.031602320051732934
0.032328975641895664
0.033100999148433605
0.033922365126442734
0.034797520444498686
0.03573145449441067
0.036729782003617095
0.03779884111121844
0.03894581001849076
0.04017884635605347
0.04150725448021283
0.04294168729852663
0.04449439103644371
0.04617950374114124
0.048013421482511386
0.050015250447263536
0.05220736884873062
0.05461613039819743
0.057272751893384675
0.060214442603058575
0.06348585457484532
0.06714096386978496
0.07124553791552404
0.075880411519925
0.08114589651106391
0.08716780925245485
0.09410585419696291
0.10216551766896609
0.11161532872630707
0.12281257132226142
0.13624275729848373
0.1525823760564825
0.17280277941428554
0.19835066516023214
0.23148199960164673
0.275954876523735
0.33907691580517263
0.44701466626389574

0.889858674512975
1.1827928152969822
0.5260393213918605
0.30316614139000075
0.1749941609706584
0.08334139653601248
0.03304203585809864
0.012299400596302407
0.008150175404978498
0.014136977930591885
0.029975417901499147
0.05813032119387161
0.09977678149481196
0.1511657188101871
0.20210804537017404
0.23845914182210376
0.24828130565564946
0.22812543416966224
0.1849707419366675
0.1323524579592741
0.08357196737580848
0.04656813907958474
0.022899014018375262
0.00993674911847026
0.003805147615561516
0.001285873765796646
0.0003834641826603285
0.00010091388277459626
2.343563202059757e-05
4.802883654129147e-06
8.686145598867171e-07
1.3862826429068434e-07
1.9524328621643358e-08
2.4266105105941954e-09
2.661482912730844e-10
2.5760063693124172e-11
2.200238831167217e-12
1.6584117269056928e-13
1.1030991180913067e-14
6.474949074591463e-16
3.353959538559827e-17
1.5331297935779033e-18
6.18442988552437e-20
2.201506942036906e-21
6.915762823552399e-23
1.917166203567379e-24
4.690067364758254e-26
1.0125070110842415e-27
1.928930765910385e-29
3.2429099052315687e-31
4.8111928883934546e-33
6.298980976403452e-35
7.277588023815468e-37
7.420006396255404e-39
6.67606773942568e-41
5.300744018991107e-43
3.71409126839924e-45
2.2965079529577143e-47
1.2530920599869584e-49
6.033893561717506e-52
2.563964182886357e-54
9.614482328152825e-57
3.181555468857249e-59
9.290791962110044e-62
2.3942285986720682e-64
5.4447523995136506e-67
1.0926732174982043e-69
1.9350941669661289e-72
3.024221188021871e-75
4.1708506808309307e-78
5.076160844085402e-81
5.451873242187937e-84
5.167205897057769e-87
4.321807580385097e-90
3.189882815642753e-93
2.077703988301824e-96
1.1942417787214672e-99
6.057598564873217e-103
2.711492208991266e-106
1.071065115893842e-109
3.733559105547214e-113
1.1484969059900026e-116
3.117713980795462e-120
7.468654230562468e-124
1.5788762043021173e-127
2.9454621574483665e-131
4.8490700471164856e-135
7.04470984834952e-139
9.031656370130845e-143
1.0218128099836802e-146
1.0201755778962089e-150
8.988312117701562e-155
6.988452365587535e-159
4.79494374276083e-163
2.90325822656545e-167
1.5512702253918737e-171
7.314571521113887e-176
3.0436167605703776e-180
1.1176110462577581e-184
3.621521322720199e-189
