0.4722464857485605
0.25040730705103215
0.17743123662228272
0.13588813431474114
0.10866909898934018
0.08969029523038119
0.07588432900449503
0.06550070114283052
0.05747292926678242
0.051120569164338193
0.04599314701568091
0.041783001024604
0.038274264756540534
0.03531184944550515
0.03278196724307024
0.03059955207480193
0.028699929824054185
0.02703317738248446
0.025560224429377432
0.024250109465391682
0.02307801556702936
0.022023842448825305
0.021071153576449793
0.020206389601258534
0.019418273600949536
0.01869735628290891
0.018035664571698907
0.017426427433419104
0.016863860017174954
0.01634299226676358
0.015859531759650044
0.015409753119970648
0.014990408233120847
0.014598652869304885
0.01423198634534796
0.013888201617744272
0.013565343775456446
0.013261675338233966
0.012975647100946163
0.0127058735225251
0.01245111185849822
0.012210244392684765
0.011982263246766501
0.011766257343846101
0.011561401179590388
0.011366945116527914
0.011182206966892623
0.01100656466965794
0.010839449900081193
0.010680342476722936
0.010528765452727924
0.010384280796101129
0.010246485578531462
0.010115008604599235
0.009989507423423468
0.009869665673338027
0.009755190717335101
0.009645811533024184
0.009541276825922916
0.00944135333918333
0.009345824336494245
0.009254488237995788
0.009167157391682527
0.00908365696503131
0.00900382394352777
0.008927506224432337
0.008854561795563272
0.008784857990116017
0.00871827080961351
0.008654684308015885
0.008593990030830114
0.008536086503768569
0.008480878766124177
0.008428277944571743
0.008378200863580394
0.0083305696890399
0.008285311602071738
0.008242358500320705
0.008201646724309989
0.008163116806697186
0.008126713242494758
0.008092384278519263
0.008060081720512964
0.008029760756541297
0.008001379795413032
0.007974900318998364
0.007950286747435748
0.007927506316322504
0.007906528965078388
0.007887327235756705
0.007869876181655236
0.00785415328515022
0.007840138384241422
0.007827813607356291
0.007817163316016437
0.007808174055020838
0.007800834509848456
0.007795135471027816
0.00779106980526396
0.007788632433153852
0.007787820313360491
0.007788632433153852
0.00779106980526396
0.007795135471027816
0.007800834509848456
0.007808174055020838
0.007817163316016437
0.007827813607356291
0.007840138384241422
0.00785415328515022
0.007869876181655236
0.007887327235756705
0.007906528965078388
0.007927506316322504
0.007950286747435748
0.007974900318998364
0.008001379795413032
0.008029760756541297
0.008060081720512964
0.008092384278519263
0.008126713242494758
0.008163116806697186
0.008201646724309989
0.008242358500320705
0.008285311602071738
0.0083305696890399
0.008378200863580394
0.008428277944571743
0.008480878766124177
0.008536086503768569
0.008593990030830114
0.008654684308015885
0.00871827080961351
0.008784857990116017
0.008854561795563272
0.008927506224432337
0.00900382394352777
0.00908365696503131
0.009167157391682527
0.009254488237995788
0.009345824336494245
0.00944135333918333
0.009541276825922916
0.009645811533024184
0.009755190717335101
0.009869665673338027
0.009989507423423468
0.010115008604599235
0.010246485578531462
0.010384280796101129
0.010528765452727924
0.010680342476722936
0.010839449900081193
0.01100656466965794
0.011182206966892623
0.011366945116527914
0.011561401179590388
0.011766257343846101
0.011982263246766501
0.012210244392684765
0.01245111185849822
0.0127058735225251
0.012975647100946163
0.013261675338233966
0.013565343775456446
0.013888201617744272
0.01423198634534796
0.014598652869304885
0.014990408233120847
0.015409753119970648
0.015859531759650044
0.01634299226676358
0.016863860017174954
0.017426427433419104
0.018035664571698907
0.01869735628290891
0.019418273600949536
0.020206389601258534
0.021071153576449793
0.022023842448825305
0.02307801556702936
0.024250109465391682
0.025560224429377432
0.02703317738248446
0.028699929824054185
0.03059955207480193
0.03278196724307024
0.03531184944550515
0.038274264756540534
0.041783001024604
0.04599314701568091
0.051120569164338193
0.05747292926678242
0.06550070114283052
0.07588432900449503
0.08969029523038119
0.10866909898934018
0.13588813431474114
0.17743123662228272
0.25040730705103215

0.3807916743141328
0.5028571161248329
0.4579754326390438
0.29540181348140865
0.14759690576318024
0.07073004727824081
0.04160946943439028
0.03080217332896678
0.02728296962034609
0.029169437468349116
0.0357444863017802
0.04535326251377786
0.05545573507517576
0.06324468338822223
0.0664510835499907
0.06405135975269614
0.05655669625935592
0.045726391401889256
0.03384637265059135
0.02293501985545393
0.014227267813809308
0.008079366900917687
0.00420016160213172
0.0019988828361207365
0.0008708458662308665
0.00034731844887397596
0.00012680810395485336
4.238368976294127e-05
1.2968301881156512e-05
3.6324534512462907e-06
9.31428666608451e-07
2.186410674200545e-07
4.698361987986889e-08
9.242592503499963e-09
1.6644614226088964e-09
2.744013592947939e-10
4.141249336133712e-11
5.7214893852214435e-12
7.236347434951068e-13
8.378423725500846e-14
8.880508347484978e-15
8.616798350416074e-16
7.653967768708173e-17
6.2238615725983984e-18
4.633037515783947e-19
3.1572160755083806e-20
1.9695880034726406e-21
1.1248097486679808e-22
5.8805148285672316e-24
2.814389641014283e-25
1.2330642149069674e-26
4.945608807254397e-28
1.8158769858789848e-29
6.103594658302002e-31
1.878094930684061e-32
5.290320617279238e-34
1.3642031312462738e-35
3.220391616766709e-37
6.959386065271011e-39
1.3767838641756445e-40
2.4934071589036575e-42
4.133835905183237e-44
6.274019447065229e-46
8.717081056845062e-48
1.1087379288716346e-49
1.2909794264328956e-51
1.3760757270283754e-53
1.3427586035413065e-55
1.1994610496625998e-57
9.808598367967677e-60
7.342777197009914e-62
5.0320661969105366e-64
3.156929890351235e-66
1.8130764838351625e-68
9.532348448466057e-71
4.587924791283398e-73
2.021460535462335e-75
8.153551912386832e-78
3.010655133770624e-80
1.0176718858310321e-82
3.149104986485713e-85
8.920703374944648e-88
2.31336230279852e-90
5.491877054885553e-93
1.1935223460058833e-95
2.3745039663619342e-98
4.3246188854343235e-101
7.210333922866222e-104
1.1005138488596567e-106
1.5376880612227343e-109
1.9668605483503037e-112
2.3030930907775287e-115
2.4687778490557224e-118
2.422619050783752e-121
2.176310415245763e-124
1.7897367228905859e-127
1.3473798695898146e-130
9.285890457985241e-134
5.858543436136081e-137
3.3836727093827593e-140
