0.8491788703481046
0.040785483257036396
0.005868507695794406
0.0015285329026903513
0.0005877239597386439
0.0002985570818652296
0.00018307004558534948
0.00012700270343291936
9.560802888434513e-05
7.609985339045065e-05
6.300878412952369e-05
5.370023689010049e-05
4.677977134757656e-05
4.1451471058059746e-05
3.723237485467025e-05
3.38143215672711e-05
3.099229762689145e-05
2.86250351311992e-05
2.6612239747302396e-05
2.4880856506477564e-05
2.3376475490140494e-05
2.2057778312184642e-05
2.0892846893055053e-05
1.9856648123483438e-05
1.8929281409321953e-05
1.809473327574089e-05
1.7339976398792406e-05
1.6654307225903897e-05
1.6028851832366796e-05
1.545619233969603e-05
1.4930081017346558e-05
1.4445219025386804e-05
1.3997083408742991e-05
1.3581790525800642e-05
1.3195987282764773e-05
1.2836763799494596e-05
1.2501582746284367e-05
1.2188221760338021e-05
1.1894726206871618e-05
1.161937018341744e-05
1.13606241392743e-05
1.1117127838918896e-05
1.0887667669526616e-05
1.0671157500706746e-05
1.0466622465148291e-05
1.0273185153775515e-05
1.009005381681701e-05
9.916512239269992e-06
9.75191102035601e-06
9.595660035302447e-06
9.447221896867156e-06
9.306106265528664e-06
9.171864882788889e-06
9.044087222812586e-06
8.922396674619416e-06
8.80644718100026e-06
8.695920271839978e-06
8.59052243906132e-06
8.489982808328792e-06
8.394051069263372e-06
8.302495631455542e-06
8.21510197821641e-06
8.131671193928432e-06
8.05201864417391e-06
7.975972790633123e-06
7.903374125137485e-06
7.834074209305911e-06
7.767934807939777e-06
7.704827105851429e-06
7.644630999090488e-06
7.587234452644356e-06
7.532532917650426e-06
7.480428801990507e-06
7.43083098886127e-06
7.383654398544246e-06
7.338819589148257e-06
7.296252392577586e-06
7.255883582399959e-06
7.217648570658147e-06
7.18148713099418e-06
7.147343145742082e-06
7.1151643748984316e-06
7.084902245104771e-06
7.056511656974998e-06
7.029950809278446e-06
7.005181038647298e-06
6.982166673618588e-06
6.9608749019476935e-06
6.941275650244188e-06
6.923341475083757e-06
6.907047464842758e-06
6.892371151586441e-06
6.879292432418809e-06
6.86779349977247e-06
6.85785878018171e-06
6.849474881141879e-06
6.8426305457139426e-06
6.837316614585346e-06
6.833525995347396e-06
6.831253638796385e-06
6.830496522110285e-06
6.831253638796385e-06
6.833525995347396e-06
6.837316614585346e-06
6.8426305457139426e-06
6.849474881141879e-06
6.85785878018171e-06
6.86779349977247e-06
6.879292432418809e-06
6.892371151586441e-06
6.907047464842758e-06
6.923341475083757e-06
6.941275650244188e-06
6.9608749019476935e-06
6.982166673618588e-06
7.005181038647298e-06
7.029950809278446e-06
7.056511656974998e-06
7.084902245104771e-06
7.1151643748984316e-06
7.147343145742082e-06
7.18148713099418e-06
7.217648570658147e-06
7.255883582399959e-06
7.296252392577586e-06
7.338819589148257e-06
7.383654398544246e-06
7.43083098886127e-06
7.480428801990507e-06
7.532532917650426e-06
7.587234452644356e-06
7.644630999090488e-06
7.704827105851429e-06
7.767934807939777e-06
7.834074209305911e-06
7.903374125137485e-06
7.975972790633123e-06
8.05201864417391e-06
8.131671193928432e-06
8.21510197821641e-06
8.302495631455542e-06
8.394051069263372e-06
8.489982808328792e-06
8.59052243906132e-06
8.695920271839978e-06
8.80644718100026e-06
8.922396674619416e-06
9.044087222812586e-06
9.171864882788889e-06
9.306106265528664e-06
9.447221896867156e-06
9.595660035302447e-06
9.75191102035601e-06
9.916512239269992e-06
1.009005381681701e-05
1.0273185153775515e-05
1.0466622465148291e-05
1.0671157500706746e-05
1.0887667669526616e-05
1.1117127838918896e-05
1.13606241392743e-05
1.161937018341744e-05
1.1894726206871618e-05
1.2188221760338021e-05
1.2501582746284367e-05
1.2836763799494596e-05
1.3195987282764773e-05
1.3581790525800642e-05
1.3997083408742991e-05
1.4445219025386804e-05
1.4930081017346558e-05
1.545619233969603e-05
1.6028851832366796e-05
1.6654307225903897e-05
1.7339976398792406e-05
1.809473327574089e-05
1.8929281409321953e-05
1.9856648123483438e-05
2.0892846893055053e-05
2.2057778312184642e-05
2.3376475490140494e-05
2.4880856506477564e-05
2.6612239747302396e-05
2.86250351311992e-05
3.099229762689145e-05
3.38143215672711e-05
3.723237485467025e-05
4.1451471058059746e-05
4.677977134757656e-05
5.370023689010049e-05
6.300878412952369e-05
7.609985339045065e-05
9.560802888434513e-05
0.00012700270343291936
0.00018307004558534948
0.0002985570818652296
0.0005877239597386439
0.0015285329026903513
0.005868507695794406
0.040785483257036396

0.00032429881806338937
0.0008658649710885158
0.0021290108264439174
0.004820903788338236
0.010053145160501143
0.019306268314698085
0.0341442530686257
0.05561088294652024
0.0834112941193239
0.11521600779019564
0.1465627757712389
0.1716949170734354
0.18523121917921687
0.1840331197908025
0.16839867469620523
0.1420757260725004
0.11175858702504941
0.08882074217486267
0.0961903336028117
0.17092039432833392
0.3321484976676503
0.5181375366461882
0.595525590337434
0.49463587799418773
0.29548828733269944
0.12679462895493002
0.039069174276497726
0.008646210729492232
0.0013756659699009782
0.00015793523485663522
1.3274946647413212e-05
8.708788898364653e-07
5.732213891482775e-08
5.906315134544488e-09
8.938388625744685e-10
1.419761870386504e-10
2.1164859569497326e-11
2.9112224778748125e-12
3.6882745018857274e-13
4.303262702723799e-14
4.62376291876618e-15
4.575263987609763e-16
4.169266461750508e-17
3.498855781902523e-18
2.704053789040276e-19
1.924542498265431e-20
1.2614283287980365e-21
7.614134588487426e-23
4.2325433340737764e-24
2.1667318742716646e-25
1.021484605725304e-26
4.434874910438116e-28
1.7731840587504642e-29
6.529037405334585e-31
2.2139478667744897e-32
6.913667964175558e-34
1.9882570972809119e-35
5.265740578345349e-37
1.2843082497153051e-38
2.8847088040230126e-40
5.967021224583283e-42
1.1366744029984016e-43
1.9940565596826462e-45
3.2215268831243098e-47
4.793016697764718e-49
6.567181496729936e-51
8.286516337600258e-53
9.629147908840787e-55
1.0304492783771608e-56
1.0155195207427471e-58
9.216644310086505e-61
7.70336141270314e-63
5.929398170271651e-65
4.203043173813652e-67
2.743721219865677e-69
1.6494494405863483e-71
9.13189540894344e-74
4.6559225178721506e-76
2.1861172686154897e-78
9.452878160284753e-81
3.7642422116984825e-83
1.3804286227311164e-85
4.662010482597071e-88
1.4499580271572145e-90
4.15298641452446e-93
1.095439722440109e-95
2.660966178938379e-98
5.9526879832633e-101
1.226336849851445e-103
2.3266407627481554e-106
4.065105131358982e-109
6.540894219982636e-112
9.692266891361045e-115
1.3226243023966128e-117
1.6621511980087107e-120
1.923656172850659e-123
2.050252116254145e-126
2.0123799521075746e-129
1.819012109543944e-132
1.514202968633826e-135
