0.6030917406182258
0.2799455101274712
0.21265220908648183
0.16964308517928672
0.1398853577953372
0.11840145344217642
0.10233539600732844
0.08996114544913152
0.08019031214859434
0.07231059860911924
0.0658403701740758
0.060444460425424076
0.055883629447477705
0.05198322052611687
0.048613145373611014
0.04567476157403581
0.04309206115657634
0.040805624667280924
0.03876839047767853
0.036942640853076636
0.035297819434366356
0.03380892692595143
0.03245532546761051
0.031219836218574916
0.03008805023291504
0.02904779648611764
0.028088727071633735
0.027201990727487385
0.02637997364009478
0.025616091984773263
0.024904624611245776
0.02424057714299079
0.02361957085331346
0.023037751229107582
0.022491712288447006
0.021978433587703454
0.0214952275138901
0.021039694962814815
0.020609687892724386
0.02020327754510084
0.019818727360208205
0.019454469800499558
0.0191090864417408
0.018781290808458702
0.018469913523719447
0.018173889418352553
0.017892246305438453
0.017624095175174832
0.017368621605453476
0.017125078216433113
0.016892778024510034
0.01667108857349133
0.016459426739356634
0.01625725412046289
0.016064072937970394
0.015879422382103693
0.01570287534897438
0.015534035520384466
0.015372534745538865
0.01521803068912314
0.015070204714908714
0.014928759978066418
0.01479341970280938
0.014663925624939605
0.014540036581413746
0.014421527231236114
0.014308186893882625
0.014199818493102609
0.014096237595372771
0.01399727153352028
0.0139027586071161
0.013812547352187687
0.01372649587363045
0.013644471234426473
0.013566348896420086
0.013492012207965089
0.013421351934257189
0.013354265826606794
0.013290658227298488
0.013230439707030932
0.013173526732240216
0.01311984135988515
0.013069310957519406
0.013021867946695662
0.012977449567944674
0.012935997665750092
0.01289745849209982
0.012861782527339745
0.012828924317186501
0.012798842324875374
0.01277149879752782
0.012746859645922452
0.012724894336944691
0.012705575798074038
0.012688880333346118
0.012674787550298881
0.0126632802974803
0.012654344612158822
0.012647969677938287
0.012644147792036993
0.01264287434204617
0.012644147792036993
0.012647969677938287
0.012654344612158822
0.0126632802974803
0.012674787550298881
0.012688880333346118
0.012705575798074038
0.012724894336944691
0.012746859645922452
0.01277149879752782
0.012798842324875374
0.012828924317186501
0.012861782527339745
0.01289745849209982
0.012935997665750092
0.012977449567944674
0.013021867946695662
0.013069310957519406
0.01311984135988515
0.013173526732240216
0.013230439707030932
0.013290658227298488
0.013354265826606794
0.013421351934257189
0.013492012207965089
0.013566348896420086
0.013644471234426473
0.01372649587363045
0.013812547352187687
0.0139027586071161
0.01399727153352028
0.014096237595372771
0.014199818493102609
0.014308186893882625
0.014421527231236114
0.014540036581413746
0.014663925624939605
0.01479341970280938
0.014928759978066418
0.015070204714908714
0.01521803068912314
0.015372534745538865
0.015534035520384466
0.01570287534897438
0.015879422382103693
0.016064072937970394
0.01625725412046289
0.016459426739356634
0.01667108857349133
0.016892778024510034
0.017125078216433113
0.017368621605453476
0.017624095175174832
0.017892246305438453
0.018173889418352553
0.018469913523719447
0.018781290808458702
0.0191090864417408
0.019454469800499558
0.019818727360208205
0.02020327754510084
0.020609687892724386
0.021039694962814815
0.0214952275138901
0.021978433587703454
0.022491712288447006
0.023037751229107582
0.02361957085331346
0.02424057714299079
0.024904624611245776
0.025616091984773263
0.02637997364009478
0.027201990727487385
0.028088727071633735
0.02904779648611764
0.03008805023291504
0.031219836218574916
0.03245532546761051
0.03380892692595143
0.035297819434366356
0.036942640853076636
0.03876839047767853
0.040805624667280924
0.04309206115657634
0.04567476157403581
0.048613145373611014
0.05198322052611687
0.055883629447477705
0.060444460425424076
0.0658403701740758
0.07231059860911924
0.08019031214859434
0.08996114544913152
0.10233539600732844
0.11840145344217642
0.1398853577953372
0.16964308517928672
0.21265220908648183
0.2799455101274712

0.6293198762381285
0.6160036633053924
0.4705805833335867
0.28055859320059584
0.13054252515802436
0.04740447114693161
0.01343462241939964
0.0029714640945812175
0.0005129255953894984
6.909985216039155e-05
7.265052010181848e-06
5.961275591644195e-07
3.817495506871403e-08
1.9079049372321913e-09
7.441732528829124e-11
2.338494747715543e-12
5.157128390879555e-11
1.58339895525256e-08
2.1245352035035205e-06
0.00012444438641655213
0.00318217796139167
0.035523143523673285
0.1731155545630632
0.3682973263033239
0.34205726172140016
0.13868734600646881
0.02454780325784709
0.0018968203678350474
6.398490785115495e-05
9.422511305333372e-07
6.0575019066106864e-09
1.7000364213705878e-11
2.082862811513845e-14
1.1140402448156358e-17
2.6012306829661568e-21
2.651518307757386e-25
1.1799080551649634e-29
2.292131216858595e-34
1.9438760086451217e-39
7.196733445551205e-45
1.1631615811942494e-50
8.206962609176523e-57
2.5279159746833194e-63
3.399230288616776e-70
1.995429163873948e-77
5.113636069761585e-85
5.720856997574865e-93
2.794024057607261e-101
5.957128447165644e-110
5.544744795938358e-119
2.2530423750307408e-128
5.1373809470123247e-138
3.6079166550387543e-144
8.903319168042493e-150
1.7148396044021243e-155
2.577709254932209e-161
3.0240099736121696e-167
2.7686711171160475e-173
1.9783283914211336e-179
1.1032254193049965e-185
4.801412276135125e-192
1.6308446746459494e-198
4.323097831318024e-205
8.943682844948562e-212
1.4440312080063318e-218
1.8195987541863926e-225
1.7894251831700736e-232
1.3733787450892286e-239
8.226326853721114e-247
3.845567715643284e-254
1.4029875840220051e-261
3.994717340669426e-269
8.876814501008546e-277
1.5394553484301205e-284
2.0836074983704173e-292
2.200916615826511e-300
1.8143878508155477e-308
1.1673351e-316
0.0
0.0
0.0
0.0
0.0
0.0
0.0
0.0
0.0
0.0
0.0
0.0
0.0
0.0
0.0
0.0
0.0
0.0
0.0
0.0
0.0
0.0
