0.9131290174500554
0.08683020368050376
0.013418045488999173
0.002616795788088364
0.0006097897589467992
0.00016803463005388212
5.4557761874970955e-05
2.0776097725157965e-05
9.203128180691924e-06
4.680484160830786e-06
2.6859343052244923e-06
1.7055345589367043e-06
1.1755316094885758e-06
8.645843965363352e-07
6.690625260536868e-07
5.387613087693488e-07
4.476094565240875e-07
3.812136920044718e-07
3.3118930483801983e-07
2.924164604972695e-07
2.616373634956573e-07
2.3670278139751158e-07
2.161490999343963e-07
1.9895134871797293e-07
1.8437378451063658e-07
1.7187657491338463e-07
1.610558271171517e-07
1.5160403879196664e-07
1.4328340095653826e-07
1.3590739110197836e-07
1.2932783576630906e-07
1.2342565653720302e-07
1.1810414384243431e-07
1.1328399571158618e-07
1.0889960865108681e-07
1.0489626992794362e-07
1.01228007648079e-07
9.785592692415394e-08
9.474690946371446e-08
9.187258783078414e-08
8.92085294175986e-08
8.673358204851911e-08
8.44293452675013e-08
8.227974016979984e-08
8.02706571030815e-08
7.838966535326746e-08
7.662577251256046e-08
7.496922392913257e-08
7.341133469281002e-08
7.194434818591307e-08
7.056131644420626e-08
6.925599851807328e-08
6.802277376366095e-08
6.685656757616972e-08
6.575278753886033e-08
6.470726832893775e-08
6.371622401592487e-08
6.27762066252286e-08
6.188407003145334e-08
6.103693840199606e-08
6.023217853885126e-08
5.946737561281283e-08
5.8740311572478075e-08
5.8048946492496906e-08
5.7391401636558726e-08
5.676594463911745e-08
5.617097628395648e-08
5.560501872140433e-08
5.5066704947071804e-08
5.455476938955376e-08
5.406803947535762e-08
5.3605428057012425e-08
5.316592660538777e-08
5.2748599080137733e-08
5.2352576403226557e-08
5.197705146997999e-08
5.1621274640280216e-08
5.128454965958157e-08
5.096622996553606e-08
5.0665715341323504e-08
5.038244888139746e-08
5.01159142393842e-08
4.986563313139305e-08
4.9631163071082454e-08
4.941209531553781e-08
4.9208053003406317e-08
4.9018689468844886e-08
4.88436867167068e-08
4.868275404605393e-08
4.853562681056251e-08
4.840206530571495e-08
4.8281853773859006e-08
4.817479951928853e-08
4.808073212647063e-08
4.799950277542819e-08
4.793098364909666e-08
4.7875067428219527e-08
4.783166687003906e-08
4.7800714467686714e-08
4.778216218778815e-08
4.7775981284379044e-08
4.778216218778815e-08
4.7800714467686714e-08
4.783166687003906e-08
4.7875067428219527e-08
4.793098364909666e-08
4.799950277542819e-08
4.808073212647063e-08
4.817479951928853e-08
4.8281853773859006e-08
4.840206530571495e-08
4.853562681056251e-08
4.868275404605393e-08
4.88436867167068e-08
4.9018689468844886e-08
4.9208053003406317e-08
4.941209531553781e-08
4.9631163071082454e-08
4.986563313139305e-08
5.01159142393842e-08
5.038244888139746e-08
5.0665715341323504e-08
5.096622996553606e-08
5.128454965958157e-08
5.1621274640280216e-08
5.197705146997999e-08
5.2352576403226557e-08
5.2748599080137733e-08
5.316592660538777e-08
5.3605428057012425e-08
5.406803947535762e-08
5.455476938955376e-08
5.5066704947071804e-08
5.560501872140433e-08
5.617097628395648e-08
5.676594463911745e-08
5.7391401636558726e-08
5.8048946492496906e-08
5.8740311572478075e-08
5.946737561281283e-08
6.023217853885126e-08
6.103693840199606e-08
6.188407003145334e-08
6.27762066252286e-08
6.371622401592487e-08
6.470726832893775e-08
6.575278753886033e-08
6.685656757616972e-08
6.802277376366095e-08
6.925599851807328e-08
7.056131644420626e-08
7.194434818591307e-08
7.341133469281002e-08
7.496922392913257e-08
7.662577251256046e-08
7.838966535326746e-08
8.02706571030815e-08
8.227974016979984e-08
8.44293452675013e-08
8.673358204851911e-08
8.92085294175986e-08
9.187258783078414e-08
9.474690946371446e-08
9.785592692415394e-08
1.01228007648079e-07
1.0489626992794362e-07
1.0889960865108681e-07
1.1328399571158618e-07
1.1810414384243431e-07
1.2342565653720302e-07
1.2932783576630906e-07
1.3590739110197836e-07
1.4328340095653826e-07
1.5160403879196664e-07
1.610558271171517e-07
1.7187657491338463e-07
1.8437378451063658e-07
1.9895134871797293e-07
2.161490999343963e-07
2.3670278139751158e-07
2.616373634956573e-07
2.924164604972695e-07
3.3118930483801983e-07
3.812136920044718e-07
4.476094565240875e-07
5.387613087693488e-07
6.690625260536868e-07
8.645843965363352e-07
1.1755316094885758e-06
1.7055345589367043e-06
2.6859343052244923e-06
4.680484160830786e-06
9.203128180691924e-06
2.0776097725157965e-05
5.4557761874970955e-05
0.00016803463005388212
0.0006097897589467992
0.002616795788088364
0.013418045488999173
0.08683020368050376

2.097876165113165e-06
2.2026971939528876e-05
0.00018090429820172594
0.0011621500130125715
0.005839758761545951
0.022953425334306318
0.07057018237050751
0.16971481024143428
0.31926733623194437
0.46985665740398613
0.5411352218998838
0.48845957504913284
0.3480162910645306
0.2027822383966341
0.11395625894091754
0.09400280079437529
0.1256679572327992
0.18395111651568863
0.242428648815278
0.2759349490004424
0.26914448654052797
0.22467217308883666
0.1606726788991956
0.09871150020719652
0.052323683981166796
0.02406153156515817
0.009657940434151812
0.003403282690072785
0.0010576479411408776
0.0002906349300000382
7.065411562053523e-05
1.5177259847612749e-05
2.874644801665448e-06
4.789399182442119e-07
7.004430201349371e-08
8.9776129084957e-09
1.0073133125760414e-09
9.887382685448921e-11
8.486621944886639e-12
6.368384289190849e-13
4.177493025503428e-14
2.3953604881235285e-15
1.2005607750377042e-16
5.2595797096541616e-18
2.0140476673084555e-19
6.741236619246838e-21
1.9722423104285794e-22
5.0434969277640005e-24
1.127337649211533e-25
2.2025562818528554e-27
3.761410813868919e-29
5.614683404377748e-31
7.325723558635942e-33
8.354616692443993e-35
8.328240960736426e-37
7.25655989842473e-39
5.526612772343963e-41
3.679069888622158e-43
2.140759051625012e-45
1.0888004450037556e-47
4.840380915947145e-50
1.880881954933747e-52
6.3884321901930496e-55
1.8966089184525508e-57
4.9216648590830717e-60
1.1163414110347217e-62
2.2132617736851322e-65
3.835476097694136e-68
5.809737733169195e-71
7.69209296269099e-74
8.901911461495799e-77
9.004772938767583e-80
7.961832040897406e-83
6.153242154818717e-86
4.156671954493136e-89
2.4543598926791112e-92
1.2667225129936172e-95
5.714463755777255e-99
2.253306271646356e-102
7.766327814008888e-106
2.3397096169243834e-109
6.161109846044045e-113
1.4180994650292048e-116
2.853022417329621e-120
5.017119259971568e-124
7.71177614802713e-128
1.0361083038865981e-131
1.2167648173638777e-135
1.2489897736328084e-139
1.1206290358152922e-143
8.788517240471085e-148
6.024487348109334e-152
3.6097351122646325e-156
1.8905201939677706e-160
8.65442178171856e-165
3.462944594982015e-169
1.2111663011907838e-173
3.7026508736434943e-178
9.894013503048907e-183
2.3109097403952996e-187
