1.5533527124744233
0.3454672152926747
0.10973355221292562
0.04124378925606241
0.01682175503825564
0.0072058751660415594
0.0032056503178174572
0.0014774601163785863
0.0007071433578935767
0.00035360541972479615
0.00018649150625134952
0.00010498034433952624
6.381767477153063e-05
4.21925966407261e-05
3.030186205088912e-05
2.341334155451611e-05
1.9184365910430277e-05
1.6423990650886717e-05
1.4509395752124801e-05
1.310477616394605e-05
1.2022980969443628e-05
1.1155898248298671e-05
1.0438627497012681e-05
9.830603695407302e-06
9.305406282149042e-06
8.845114175926833e-06
8.437093535657608e-06
8.072117464983803e-06
7.743232487441969e-06
7.445054168653319e-06
7.173315751260395e-06
6.924569950122792e-06
6.695985998303246e-06
6.485207564754411e-06
6.290250639751565e-06
6.1094283650754086e-06
5.9412944952640695e-06
5.78460005247963e-06
5.63825953337938e-06
5.501324172707758e-06
5.37296051624592e-06
5.252433054319822e-06
5.139090006385219e-06
5.032351582777814e-06
4.931700216360452e-06
4.8366723767739174e-06
4.74685166779117e-06
4.661862973488764e-06
4.581367468059086e-06
4.50505834153427e-06
4.4326571225725655e-06
4.3639105019611864e-06
4.298587578189236e-06
4.236477460484461e-06
4.177387175931965e-06
4.121139836330192e-06
4.067573027763345e-06
4.016537391840574e-06
3.96789537244776e-06
3.921520105891998e-06
3.877294435659693e-06
3.835110035788062e-06
3.794866629171196e-06
3.756471289068742e-06
3.7198378137242964e-06
3.6848861653853396e-06
3.6515419661905287e-06
3.6197360443885655e-06
3.589404025204713e-06
3.5604859613999108e-06
3.5329259991929033e-06
3.506672075754019e-06
3.4816756449436097e-06
3.4578914283697733e-06
3.435277189188326e-06
3.4137935263707004e-06
3.3934036874292635e-06
3.374073397819917e-06
3.3557707054434786e-06
3.3384658388442808e-06
3.3221310778599632e-06
3.3067406356135235e-06
3.2922705508597955e-06
3.2786985898056964e-06
3.2660041566187347e-06
3.254168211922909e-06
3.2431731986565684e-06
3.2330029747343502e-06
3.2236427520158107e-06
3.215079041137851e-06
3.2072996018171648e-06
3.2002933982735227e-06
3.194050559465134e-06
3.1885623438644354e-06
3.1838211085365274e-06
3.1798202823139186e-06
3.1765543428903404e-06
3.174018797683597e-06
3.172210168343081e-06
3.171125978801894e-06
3.1707647467968293e-06
3.171125978801894e-06
3.172210168343081e-06
3.174018797683597e-06
3.1765543428903404e-06
3.1798202823139186e-06
3.1838211085365274e-06
3.1885623438644354e-06
3.194050559465134e-06
3.2002933982735227e-06
3.2072996018171648e-06
3.215079041137851e-06
3.2236427520158107e-06
3.2330029747343502e-06
3.2431731986565684e-06
3.254168211922909e-06
3.2660041566187347e-06
3.2786985898056964e-06
3.2922705508597955e-06
3.3067406356135235e-06
3.3221310778599632e-06
3.3384658388442808e-06
3.3557707054434786e-06
3.374073397819917e-06
3.3934036874292635e-06
3.4137935263707004e-06
3.435277189188326e-06
3.4578914283697733e-06
3.4816756449436097e-06
3.506672075754019e-06
3.5329259991929033e-06
3.5604859613999108e-06
3.589404025204713e-06
3.6197360443885655e-06
3.6515419661905287e-06
3.6848861653853396e-06
3.7198378137242964e-06
3.756471289068742e-06
3.794866629171196e-06
3.835110035788062e-06
3.877294435659693e-06
3.921520105891998e-06
3.96789537244776e-06
4.016537391840574e-06
4.067573027763345e-06
4.121139836330192e-06
4.177387175931965e-06
4.236477460484461e-06
4.298587578189236e-06
4.3639105019611864e-06
4.4326571225725655e-06
4.50505834153427e-06
4.581367468059086e-06
4.661862973488764e-06
4.74685166779117e-06
4.8366723767739174e-06
4.931700216360452e-06
5.032351582777814e-06
5.139090006385219e-06
5.252433054319822e-06
5.37296051624592e-06
5.501324172707758e-06
5.63825953337938e-06
5.78460005247963e-06
5.9412944952640695e-06
6.1094283650754086e-06
6.290250639751565e-06
6.485207564754411e-06
6.695985998303246e-06
6.924569950122792e-06
7.173315751260395e-06
7.445054168653319e-06
7.743232487441969e-06
8.072117464983803e-06
8.437093535657608e-06
8.845114175926833e-06
9.305406282149042e-06
9.830603695407302e-06
1.0438627497012681e-05
1.1155898248298671e-05
1.2022980969443628e-05
1.310477616394605e-05
1.4509395752124801e-05
1.6423990650886717e-05
1.9184365910430277e-05
2.341334155451611e-05
3.030186205088912e-05
4.21925966407261e-05
6.381767477153063e-05
0.00010498034433952624
0.00018649150625134952
0.00035360541972479615
0.0007071433578935767
0.0014774601163785863
0.0032056503178174572
0.0072058751660415594
0.01682175503825564
0.04124378925606241
0.10973355221292562
0.3454672152926747

0.0001484823215590868
0.0005240250574299051
0.004789696117491476
0.1401457417685239
1.0197435324032786
1.345818200993456
0.40419149253560577
0.26336799977946873
0.4691684515444858
0.6772308467809899
0.7602041887004768
0.6905511155552305
0.5495802957033553
0.4204266287278851
0.3218261765436127
0.2393762825327148
0.1656900090294432
0.10424469185327426
0.059142319264289755
0.030198800160198457
0.013873092705482053
0.005733596205939654
0.0021318108984084458
0.0007130792436668107
0.0002145825689836199
5.80923055355073e-05
1.414849718180525e-05
3.1000560042130087e-06
6.110775011083452e-07
1.0836538432353508e-07
1.7288303753204318e-08
2.4813139694679017e-09
3.2038972817543887e-10
3.721713815837015e-11
3.889330887383618e-12
3.656573755309439e-13
3.092725038141672e-14
2.3532919548433185e-15
1.6109343316427772e-16
9.92081592103114e-18
5.496477734473678e-19
2.7396121391942635e-20
1.2284605603089836e-21
4.955652913467396e-23
1.7984901851933273e-24
5.871955965004822e-26
1.7247455586493806e-27
4.5575853219540724e-29
1.0834580670662849e-30
2.3171648643425727e-32
4.458299999899823e-34
7.71701190925856e-36
1.2017014337543222e-37
1.6834937773632917e-39
2.1217488666268676e-41
2.405713855787075e-43
2.453926143373393e-45
2.251886683359187e-47
1.859084393893254e-49
1.38076320387288e-51
9.225859404718641e-54
5.545771688229214e-56
2.9990566399389322e-58
1.4590657962258624e-60
6.386054386546545e-63
2.5145361075678727e-65
8.90739408386604e-68
2.838644357403875e-70
8.138396226130414e-73
2.0991051908388028e-75
4.870764166708902e-78
1.0167812509272529e-80
1.9095255938072718e-83
3.22619761107798e-86
4.9037009168559446e-89
6.705397223080314e-92
8.248834184728117e-95
9.129104203329272e-98
9.089317671297389e-101
8.141453138888925e-104
6.560547737568663e-107
4.7560432984113234e-110
3.1018373902653684e-113
1.8199513594692285e-116
9.606563606780524e-120
4.5618801522387354e-123
1.9488894633943484e-126
7.490280315728552e-130
2.589861035292091e-133
8.056054203534481e-137
2.2544251713881785e-140
5.675665568979203e-144
1.2854799199820397e-147
2.619276364983598e-151
4.801366725730635e-155
7.918008433471161e-159
1.1747205572288777e-162
1.567908465415647e-166
1.882670719988188e-170
2.0337406017863164e-174
