0.881950783316055
0.14346969629872086
0.03008637720331083
0.008225650222348698
0.002952477828302181
0.0013600993726398268
0.0007643233513918786
0.0004955486073806609
0.0003545957616578233
0.0002716469587769266
0.00021840392254120696
0.00018190172834230963
0.0001555731737384308
0.0001358096877939893
0.00012049279873514287
0.00010830941606210587
9.840808393101863e-05
9.021533387402928e-05
8.333225779991086e-05
7.747357209229103e-05
7.243029044135473e-05
6.804606974401341e-05
6.420176757317817e-05
6.080509164210814e-05
5.778349783049262e-05
5.507921398768492e-05
5.2645686866954706e-05
5.044500160129323e-05
4.84459783113947e-05
4.6622748242468956e-05
4.495367480365258e-05
4.34205262357212e-05
4.200783427729035e-05
4.0702391988725934e-05
3.949285685988258e-05
3.8369434404206615e-05
3.732362387901027e-05
3.634801239344428e-05
3.543610702202917e-05
3.45821970051694e-05
3.378123994452588e-05
3.3028767268006694e-05
3.2320805271164836e-05
3.165380882751031e-05
3.102460546315318e-05
3.0430347957275564e-05
2.9868473992777007e-05
2.9336671665788236e-05
2.8832849887053835e-05
2.8355112886061463e-05
2.7901738170848353e-05
2.747115741029837e-05
2.7061939797633236e-05
2.667277752826597e-05
2.630247308582604e-05
2.5949928079773045e-05
2.5614133418772797e-05
2.5294160637635398e-05
2.4989154223466806e-05
2.469832480984469e-05
2.442094312715642e-05
2.4156334613423894e-05
2.390387460354262e-05
2.3662984026331374e-05
2.3433125548488822e-05
2.3213800112783194e-05
2.300454382480325e-05
2.2804925148574093e-05
2.261454237645408e-05
2.2433021343115538e-05
2.226001335718559e-05
2.209519332737684e-05
2.1938258062750957e-05
2.178892472919556e-05
2.1646929446312065e-05
2.1512026010755165e-05
2.1383984733672915e-05
2.1262591381302687e-05
2.114764620901042e-05
2.1038963080143596e-05
2.0936368662020295e-05
2.0839701692218034e-05
2.0748812309068387e-05
2.0663561440922153e-05
2.058382024933454e-05
2.0509469621840188e-05
2.0440399710452848e-05
2.037650951243984e-05
2.031770649029509e-05
2.0263906228170002e-05
2.021503212232509e-05
2.0171015103440194e-05
2.0131793388871285e-05
2.009731226317095e-05
2.0067523885399288e-05
2.0042387121946592e-05
2.0021867403768987e-05
2.0005936607107137e-05
1.9994572956916804e-05
1.9987760952390774e-05
1.9985491314096214e-05
1.9987760952390774e-05
1.9994572956916804e-05
2.0005936607107137e-05
2.0021867403768987e-05
2.0042387121946592e-05
2.0067523885399288e-05
2.009731226317095e-05
2.0131793388871285e-05
2.0171015103440194e-05
2.021503212232509e-05
2.0263906228170002e-05
2.031770649029509e-05
2.037650951243984e-05
2.0440399710452848e-05
2.0509469621840188e-05
2.058382024933454e-05
2.0663561440922153e-05
2.0748812309068387e-05
2.0839701692218034e-05
2.0936368662020295e-05
2.1038963080143596e-05
2.114764620901042e-05
2.1262591381302687e-05
2.1383984733672915e-05
2.1512026010755165e-05
2.1646929446312065e-05
2.178892472919556e-05
2.1938258062750957e-05
2.209519332737684e-05
2.226001335718559e-05
2.2433021343115538e-05
2.261454237645408e-05
2.2804925148574093e-05
2.300454382480325e-05
2.3213800112783194e-05
2.3433125548488822e-05
2.3662984026331374e-05
2.390387460354262e-05
2.4156334613423894e-05
2.442094312715642e-05
2.469832480984469e-05
2.4989154223466806e-05
2.5294160637635398e-05
2.5614133418772797e-05
2.5949928079773045e-05
2.630247308582604e-05
2.667277752826597e-05
2.7061939797633236e-05
2.747115741029837e-05
2.7901738170848353e-05
2.8355112886061463e-05
2.8832849887053835e-05
2.9336671665788236e-05
2.9868473992777007e-05
3.0430347957275564e-05
3.102460546315318e-05
3.165380882751031e-05
3.2320805271164836e-05
3.3028767268006694e-05
3.378123994452588e-05
3.45821970051694e-05
3.543610702202917e-05
3.634801239344428e-05
3.732362387901027e-05
3.8369434404206615e-05
3.949285685988258e-05
4.0702391988725934e-05
4.200783427729035e-05
4.34205262357212e-05
4.495367480365258e-05
4.6622748242468956e-05
4.84459783113947e-05
5.044500160129323e-05
5.2645686866954706e-05
5.507921398768492e-05
5.778349783049262e-05
6.080509164210814e-05
6.420176757317817e-05
6.804606974401341e-05
7.243029044135473e-05
7.747357209229103e-05
8.333225779991086e-05
9.021533387402928e-05
9.840808393101863e-05
0.00010830941606210587
0.00012049279873514287
0.0001358096877939893
0.0001555731737384308
0.00018190172834230963
0.00021840392254120696
0.0002716469587769266
0.0003545957616578233
0.0004955486073806609
0.0007643233513918786
0.0013600993726398268
0.002952477828302181
0.008225650222348698
0.03008637720331083
0.14346969629872086

0.0009372512420786549
0.0031009376760873625
0.009025606735891383
0.023146975246829
0.05272752177544856
0.1093554073564286
0.213923456500851
0.3911553287014669
0.6142789326624759
0.7576051774727866
0.7168004346161573
0.5505527455938399
0.3790383008623181
0.24728261271372087
0.15004714261479685
0.08180712486264034
0.039425138113431686
0.016723989798313615
0.006240088277122786
0.002047824585316143
0.0005910761915116622
0.0001500523304705309
3.3503531219434565e-05
6.579410474095787e-06
1.1364018714084725e-06
1.7263365222509383e-07
2.30657476718749e-08
2.7105546934230164e-09
2.801543517464386e-10
2.5467430572195177e-11
2.0362047619250784e-12
1.4318790224560343e-13
8.8560439728746e-15
4.817500427965288e-16
2.3049012288868554e-17
9.69909999756874e-19
3.5897079288846236e-20
1.1685178517484933e-21
3.345493179584395e-23
8.424293826323412e-25
1.865758474921137e-26
3.6343428951712506e-28
6.226513540419414e-30
9.38236952541547e-32
1.2434510413957439e-33
1.4494171877074723e-35
1.4859585103126953e-37
1.3398880692712937e-39
1.0626222773794733e-41
7.41204202036477e-44
4.547213954165538e-46
2.453587018039134e-48
1.164410468290536e-50
4.860257701953633e-53
1.784271970235526e-55
5.7611789984360496e-58
1.6361015067026307e-60
4.0865581227717806e-63
8.977464073001943e-66
1.734595563475654e-68
2.947754741921357e-71
4.405883627770897e-74
5.7919293702693525e-77
6.696718636205328e-80
6.810035995138653e-83
6.090954038799099e-86
4.791481297436149e-89
3.3151473168145994e-92
2.017364744675217e-95
1.079728541158978e-98
5.0826861819495805e-102
2.104362580195569e-105
7.662957289498096e-109
2.4542613001125024e-112
6.91343292344028e-116
1.7128339704101383e-119
3.732375601169029e-123
7.153259424772099e-127
1.2057885891302573e-130
1.7876682358758807e-134
2.3310481115170528e-138
2.6734010289161564e-142
2.696655971443201e-146
2.3924096082451958e-150
1.8667840919860324e-154
1.2811536099933436e-158
7.733157899448615e-163
4.105453250129876e-167
1.9169637665460593e-171
7.872546910054948e-176
2.8435781604464706e-180
9.033657959414444e-185
2.5241239384106333e-189
6.203064089701553e-194
1.3407580737684909e-198
2.5488432824870217e-203
4.261715026096182e-208
6.267209869454046e-213
8.106112567265264e-218
9.221457787180987e-223
