0.5041755506600817
0.03151460925138875
0.005891081987136818
0.0014957348530965958
0.0004564329997303754
0.00016534521071672487
7.046980248004004e-05
3.484187355900291e-05
1.9607909861337233e-05
1.2292005662171441e-05
8.403769897405374e-06
6.150151826613888e-06
4.745124076964814e-06
3.814282349889142e-06
3.1657378572923344e-06
2.6946228729198604e-06
2.3403216121774842e-06
2.0660415714390654e-06
1.84847819011676e-06
1.6723107138323721e-06
1.5271337187076144e-06
1.4056752015127176e-06
1.3027233555736477e-06
1.214458724165048e-06
1.1380262554705924e-06
1.0712537581270575e-06
1.0124622160211324e-06
9.603352121215528e-07
9.138272698176562e-07
8.720983591276467e-07
8.344663335423221e-07
8.00371871871657e-07
7.693522827878568e-07
7.410216845252434e-07
7.150558336438008e-07
6.911803873718927e-07
6.691617318350325e-07
6.487997488358113e-07
6.299220622263074e-07
6.123794243667554e-07
5.960419889170393e-07
5.807962784543973e-07
5.665427010677119e-07
5.531935038967715e-07
5.406710768657544e-07
5.289065389240719e-07
5.178385536019833e-07
5.074123317942986e-07
4.975787882579493e-07
4.882938249724336e-07
4.795177197257702e-07
4.7121460239373253e-07
4.633520046318736e-07
4.559004712903351e-07
4.4883322393639674e-07
4.4212586854039945e-07
4.3575614073252966e-07
4.2970368313704226e-07
4.2394985018813546e-07
4.184775365680175e-07
4.1327102601421725e-07
4.0831585774480216e-07
4.035987081666016e-07
3.991072858785505e-07
3.948302382724697e-07
3.907570682771117e-07
3.8687805999633143e-07
3.8318421216540007e-07
3.796671784961988e-07
3.763192141066909e-07
3.731331273363212e-07
3.7010223633977967e-07
3.6722032992938287e-07
3.6448163220316454e-07
3.618807705533593e-07
3.5941274669968995e-07
3.570729104349154e-07
3.5485693580745744e-07
3.527607994984187e-07
3.507807611786352e-07
3.4891334565617305e-07
3.471553266463619e-07
3.455037120155088e-07
3.439557303661975e-07
3.425088188468621e-07
3.4116061208141486e-07
3.399089321262971e-07
3.387517793726476e-07
3.376873243204804e-07
3.3671390015999093e-07
3.3582999610250903e-07
3.3503425141198567e-07
3.343254500815101e-07
3.337025161433059e-07
3.331645095393635e-07
3.3271062255307175e-07
3.3234017676379536e-07
3.3205262050505715e-07
3.3184752680849535e-07
3.3172459181927937e-07
3.3168363367199895e-07
3.3172459181927937e-07
3.3184752680849535e-07
3.3205262050505715e-07
3.3234017676379536e-07
3.3271062255307175e-07
3.331645095393635e-07
3.337025161433059e-07
3.343254500815101e-07
3.3503425141198567e-07
3.3582999610250903e-07
3.3671390015999093e-07
3.376873243204804e-07
3.387517793726476e-07
3.399089321262971e-07
3.4116061208141486e-07
3.425088188468621e-07
3.439557303661975e-07
3.455037120155088e-07
3.471553266463619e-07
3.4891334565617305e-07
3.507807611786352e-07
3.527607994984187e-07
3.5485693580745744e-07
3.570729104349154e-07
3.5941274669968995e-07
3.618807705533593e-07
3.6448163220316454e-07
3.6722032992938287e-07
3.7010223633977967e-07
3.731331273363212e-07
3.763192141066909e-07
3.796671784961988e-07
3.8318421216540007e-07
3.8687805999633143e-07
3.907570682771117e-07
3.948302382724697e-07
3.991072858785505e-07
4.035987081666016e-07
4.0831585774480216e-07
4.1327102601421725e-07
4.184775365680175e-07
4.2394985018813546e-07
4.2970368313704226e-07
4.3575614073252966e-07
4.4212586854039945e-07
4.4883322393639674e-07
4.559004712903351e-07
4.633520046318736e-07
4.7121460239373253e-07
4.795177197257702e-07
4.882938249724336e-07
4.975787882579493e-07
5.074123317942986e-07
5.178385536019833e-07
5.289065389240719e-07
5.406710768657544e-07
5.531935038967715e-07
5.665427010677119e-07
5.807962784543973e-07
5.960419889170393e-07
6.123794243667554e-07
6.299220622263074e-07
6.487997488358113e-07
6.691617318350325e-07
6.911803873718927e-07
7.150558336438008e-07
7.410216845252434e-07
7.693522827878568e-07
8.00371871871657e-07
8.344663335423221e-07
8.720983591276467e-07
9.138272698176562e-07
9.603352121215528e-07
1.0124622160211324e-06
1.0712537581270575e-06
1.1380262554705924e-06
1.214458724165048e-06
1.3027233555736477e-06
1.4056752015127176e-06
1.5271337187076144e-06
1.6723107138323721e-06
1.84847819011676e-06
2.0660415714390654e-06
2.3403216121774842e-06
2.6946228729198604e-06
3.1657378572923344e-06
3.814282349889142e-06
4.745124076964814e-06
6.150151826613888e-06
8.403769897405374e-06
1.2292005662171441e-05
1.9607909861337233e-05
3.484187355900291e-05
7.046980248004004e-05
0.00016534521071672487
0.0004564329997303754
0.0014957348530965958
0.005891081987136818
0.03151460925138875

1.4909403155701015e-05
0.00010353131823402321
0.0005713323150839382
0.002505597999136908
0.008732519376053535
0.024186514218140776
0.053236876366193564
0.0931230965885286
0.12945171605857597
0.1430091332949311
0.1255524803751901
0.08759763456089724
0.04856965521024343
0.021401451132950552
0.00749423038872562
0.002085645117413746
0.00046835013449667516
0.000312239481690148
0.003962986299904813
0.03559698303892614
0.16896673379724628
0.42265816355233
0.5571380867098729
0.38700957255549173
0.14166606512170235
0.027327205329067805
0.0027778569256982403
0.00014880235064371718
4.200441832281974e-06
6.248351070821424e-08
4.898026557758372e-10
2.023308532963215e-12
4.404416240819295e-15
5.052424849340164e-18
3.054194103327556e-21
9.729234496621184e-25
1.6332248249175168e-28
1.4447694200950473e-32
6.734981918219364e-37
1.6544833520769283e-41
2.142741310731669e-46
1.5315217224670663e-51
4.489181130031198e-56
1.7726309676899358e-59
6.292536382345548e-63
1.7761562207422853e-66
3.9842155837537956e-70
7.10248065244186e-74
1.0061966070716956e-77
1.1328207550526782e-81
1.0135498317025437e-85
7.206668975166957e-90
4.0722047093144265e-94
1.82864831133041e-98
6.52583871974304e-103
1.8507512149475e-107
4.171241258912038e-112
7.471161693249812e-117
1.0634486429213113e-121
1.2029580057956248e-126
1.0814089804468514e-131
7.72565013102448e-137
4.386172027162275e-142
1.978982003629531e-147
7.09583631135358e-153
2.0219522344692702e-158
4.578716506502599e-164
8.239904483827167e-170
1.1784364298697716e-175
1.3393549948632638e-181
1.2097365526762864e-187
8.683433135655868e-194
4.9533348236395974e-200
2.2454814201783685e-206
8.089595496028833e-213
2.3160594663499096e-219
5.2696062498211506e-226
9.528228963091146e-233
1.36915231009184e-239
1.563496459009777e-246
1.41888631541057e-253
1.0233020824336568e-260
5.864968384567414e-268
2.6713638982675158e-275
9.66954389500146e-283
2.781534722086714e-290
6.3587030163441645e-298
1.1552025993000222e-305
1.6678359578e-313
1.917e-321
0.0
0.0
0.0
0.0
0.0
0.0
0.0
0.0
0.0
0.0
