0.4305203306571987
0.14171826290108805
0.05792474584242539
0.02576679411947032
0.012285579725144595
0.006263435345885607
0.0034086480172808545
0.0019756275490002036
0.001215667088323958
0.0007910020616792671
0.000541697685693211
0.00038843725076622717
0.00029011546691075086
0.00022452377895577108
0.0001791830673695273
0.00014681841399410452
0.00012304051835852588
0.00010511508572113509
9.12875574321278e-05
8.040077410943873e-05
7.167202750687699e-05
6.455941542311136e-05
5.867963110672299e-05
5.375615518539256e-05
4.958586164084994e-05
4.6017034764568465e-05
4.293461072108748e-05
4.025008614279555e-05
3.7894498958983593e-05
3.581346767777829e-05
3.396363289869937e-05
3.2310068979241604e-05
3.08243767624892e-05
2.9483260996578027e-05
2.8267457149885288e-05
2.7160913146815585e-05
2.615015921505657e-05
2.522381803309849e-05
2.437222057538878e-05
2.3587102344454522e-05
2.2861361289153614e-05
2.2188863459945157e-05
2.1564285902358244e-05
2.0982988819020852e-05
2.0440910901372398e-05
1.993448312783359e-05
1.9460557374924928e-05
1.9016346983500725e-05
1.859937702985109e-05
1.8207442518660746e-05
1.7838573076542795e-05
1.749100300671406e-05
1.7163145786336038e-05
1.6853572262284983e-05
1.656099193928616e-05
1.6284236864506896e-05
1.602224770098193e-05
1.5774061653339682e-05
1.553880196682462e-05
1.5315668767371303e-05
1.5103931048660782e-05
1.4902919643387083e-05
1.4712021041724087e-05
1.453067194127155e-05
1.4358354430417692e-05
1.4194591721755177e-05
1.403894436446724e-05
1.3891006874893156e-05
1.375040473313755e-05
1.3616791700889093e-05
1.3489847421792033e-05
1.3369275270956547e-05
1.3254800424655881e-05
1.3146168125066136e-05
1.3043142118163377e-05
1.2945503245688532e-05
1.2853048174496182e-05
1.2765588248677299e-05
1.2682948451639827e-05
1.260496646688502e-05
1.2531491827568229e-05
1.2462385146108786e-05
1.2397517416140546e-05
1.2336769379993463e-05
1.2280030955684884e-05
1.2227200718093149e-05
1.2178185429597644e-05
1.2132899616010807e-05
1.2091265184107492e-05
1.2053211077484468e-05
1.201867296786423e-05
1.1987592979299444e-05
1.1959919443042195e-05
1.1935606681120532e-05
1.1914614816918001e-05
1.1896909611283137e-05
1.1882462322908752e-05
1.187124959191823e-05
1.1863253345780108e-05
1.1858460726846154e-05
1.1856864040972974e-05
1.1858460726846154e-05
1.1863253345780108e-05
1.187124959191823e-05
1.1882462322908752e-05
1.1896909611283137e-05
1.1914614816918001e-05
1.1935606681120532e-05
1.1959919443042195e-05
1.1987592979299444e-05
1.201867296786423e-05
1.2053211077484468e-05
1.2091265184107492e-05
1.2132899616010807e-05
1.2178185429597644e-05
1.2227200718093149e-05
1.2280030955684884e-05
1.2336769379993463e-05
1.2397517416140546e-05
1.2462385146108786e-05
1.2531491827568229e-05
1.260496646688502e-05
1.2682948451639827e-05
1.2765588248677299e-05
1.2853048174496182e-05
1.2945503245688532e-05
1.3043142118163377e-05
1.3146168125066136e-05
1.3254800424655881e-05
1.3369275270956547e-05
1.3489847421792033e-05
1.3616791700889093e-05
1.375040473313755e-05
1.3891006874893156e-05
1.403894436446724e-05
1.4194591721755177e-05
1.4358354430417692e-05
1.453067194127155e-05
1.4712021041724087e-05
1.4902919643387083e-05
1.5103931048660782e-05
1.5315668767371303e-05
1.553880196682462e-05
1.5774061653339682e-05
1.602224770098193e-05
1.6284236864506896e-05
1.656099193928616e-05
1.6853572262284983e-05
1.7163145786336038e-05
1.749100300671406e-05
1.7838573076542795e-05
1.8207442518660746e-05
1.859937702985109e-05
1.9016346983500725e-05
1.9460557374924928e-05
1.993448312783359e-05
2.0440910901372398e-05
2.0982988819020852e-05
2.1564285902358244e-05
2.2188863459945157e-05
2.2861361289153614e-05
2.3587102344454522e-05
2.437222057538878e-05
2.522381803309849e-05
2.615015921505657e-05
2.7160913146815585e-05
2.8267457149885288e-05
2.9483260996578027e-05
3.08243767624892e-05
3.2310068979241604e-05
3.396363289869937e-05
3.581346767777829e-05
3.7894498958983593e-05
4.025008614279555e-05
4.293461072108748e-05
4.6017034764568465e-05
4.958586164084994e-05
5.375615518539256e-05
5.867963110672299e-05
6.455941542311136e-05
7.167202750687699e-05
8.040077410943873e-05
9.12875574321278e-05
0.00010511508572113509
0.00012304051835852588
0.00014681841399410452
0.0001791830673695273
0.00022452377895577108
0.00029011546691075086
0.00038843725076622717
0.000541697685693211
0.0007910020616792671
0.001215667088323958
0.0019756275490002036
0.0034086480172808545
0.006263435345885607
0.012285579725144595
0.02576679411947032
0.05792474584242539
0.14171826290108805

0.0005094153941113148
0.006724677133767022
0.04903346928779612
0.19748568379938458
0.4393396760644658
0.5398673267414195
0.36643375648078924
0.13738069739424275
0.028449706441127307
0.003254335987409626
0.00020859782981464198
7.204353702541871e-05
0.0008259750769007946
0.006162240173537915
0.02695021867682216
0.06908210048707236
0.10378826201807365
0.09139246890257091
0.047168497703836014
0.014268329952204086
0.0025297273013483094
0.00026287769401606224
1.6010807270577806e-05
5.715473134653252e-07
1.1958332102119118e-08
1.466454179134875e-10
1.0540127136764324e-12
4.440201364736992e-15
1.0963240647497456e-17
1.5865533958497128e-20
1.3457051158656702e-23
6.689976289433245e-27
1.9493001593890164e-30
3.328988713190291e-34
3.33215650922522e-38
1.9548701961468412e-42
6.721867132617584e-47
1.3546945597247123e-51
1.600192808735845e-56
1.107854450318986e-61
4.4954437052922966e-67
1.0691579880978669e-72
1.4903582338381035e-78
1.217640044030842e-84
5.830779760504915e-91
1.6364917405461503e-97
2.6920335156151744e-104
2.595533101617255e-111
1.4667366566687268e-118
4.8579963560842677e-126
9.43065132233344e-134
1.0730146613122644e-141
7.155649978111065e-150
2.7968681026678937e-158
6.407289511696341e-167
8.603123839532758e-176
6.770448917343682e-185
3.122901034671706e-194
8.442643324796827e-204
1.3377597570984643e-213
1.2423880831302381e-223
6.762634121866963e-234
2.157515729026147e-244
4.0343308782804435e-255
4.421488732886987e-266
2.840174315601848e-277
1.0693033645700697e-288
2.3595888519324767e-300
3.051765806017e-312
0.0
0.0
0.0
0.0
0.0
0.0
0.0
0.0
0.0
0.0
0.0
0.0
0.0
0.0
0.0
0.0
0.0
0.0
0.0
0.0
0.0
0.0
0.0
0.0
0.0
0.0
0.0
0.0
0.0
0.0
0.0
