0.6237245437587625
0.4215244494591095
0.2994517686915446
0.22145328999173394
0.16943590290951002
0.1335206977989594
0.10797849337874332
0.08933346121569868
0.0754005450652697
0.06476509509277689
0.056487724311854844
0.04993045618635602
0.04465110386896217
0.040337401852968365
0.036764980920853535
0.033770003986178736
0.03123101537676446
0.029056694399372578
0.027177460507624596
0.025539632624196763
0.024101308326328584
0.022829417844204745
0.021697591476864887
0.0206845974501667
0.019773184702002143
0.018949216436846397
0.018201014778528854
0.01751886029019981
0.0168946062466233
0.016321378746755173
0.01579334162401505
0.01530551069524974
0.014853605889293724
0.014433932687911414
0.014043286421212811
0.013678874511211579
0.013338252907818817
0.013019273821528657
0.012720042504608276
0.012438881323739536
0.0121742997421407
0.011924969117557771
0.011689701445626909
0.011467431351800178
0.011257200771045688
0.011058145861657558
0.010869485784342851
0.010690513045284912
0.010520585155917129
0.010359117405587306
0.01020557657839047
0.010059475473929852
0.009920368114980824
0.009787845544034193
0.009661532126311748
0.009541082289732071
0.00942617764297603
0.009316524421672204
0.009211851220122429
0.009111906972181864
0.009016459150109934
0.008925292154591348
0.008838205872830242
0.008755014384760354
0.008675544800083116
0.008599636211121085
0.008527138748419335
0.008457912727694594
0.008391827878164646
0.008328762643524716
0.008268603547903444
0.008211244620053616
0.008156586869833364
0.008104537811729755
0.008055011030783205
0.00800792578680134
0.007963206653214597
0.007920783187332817
0.007880589629119887
0.007842564625918386
0.00780665098083452
0.007772795422739582
0.007740948396062393
0.00771106386874099
0.0076830991568744445
0.007657014764769785
0.0076327742392168895
0.007610344036947935
0.007589693404349312
0.007570794268594345
0.007553621139456186
0.007538151021142824
0.0075243633335716565
0.00751223984257008
0.007501764598552236
0.007492923883280905
0.007485706164378368
0.0074801020573014056
0.007476104294544152
0.007473707701878505
0.007472909181486094
0.007473707701878505
0.007476104294544152
0.0074801020573014056
0.007485706164378368
0.007492923883280905
0.007501764598552236
0.00751223984257008
0.0075243633335716565
0.007538151021142824
0.007553621139456186
0.007570794268594345
0.007589693404349312
0.007610344036947935
0.0076327742392168895
0.007657014764769785
0.0076830991568744445
0.00771106386874099
0.007740948396062393
0.007772795422739582
0.00780665098083452
0.007842564625918386
0.007880589629119887
0.007920783187332817
0.007963206653214597
0.00800792578680134
0.008055011030783205
0.008104537811729755
0.008156586869833364
0.008211244620053616
0.008268603547903444
0.008328762643524716
0.008391827878164646
0.008457912727694594
0.008527138748419335
0.008599636211121085
0.008675544800083116
0.008755014384760354
0.008838205872830242
0.008925292154591348
0.009016459150109934
0.009111906972181864
0.009211851220122429
0.009316524421672204
0.00942617764297603
0.009541082289732071
0.009661532126311748
0.009787845544034193
0.009920368114980824
0.010059475473929852
0.01020557657839047
0.010359117405587306
0.010520585155917129
0.010690513045284912
0.010869485784342851
0.011058145861657558
0.011257200771045688
0.011467431351800178
0.011689701445626909
0.011924969117557771
0.0121742997421407
0.012438881323739536
0.012720042504608276
0.013019273821528657
0.013338252907818817
0.013678874511211579
0.014043286421212811
0.014433932687911414
0.014853605889293724
0.01530551069524974
0.01579334162401505
0.016321378746755173
0.0168946062466233
0.01751886029019981
0.018201014778528854
0.018949216436846397
0.019773184702002143
0.0206845974501667
0.021697591476864887
0.022829417844204745
0.024101308326328584
0.025539632624196763
0.027177460507624596
0.029056694399372578
0.03123101537676446
0.033770003986178736
0.036764980920853535
0.040337401852968365
0.04465110386896217
0.04993045618635602
0.056487724311854844
0.06476509509277689
0.0754005450652697
0.08933346121569868
0.10797849337874332
0.1335206977989594
0.16943590290951002
0.22145328999173394
0.2994517686915446
0.4215244494591095

0.3625010983920641
0.8120286082322474
1.1786273077550797
0.5753879290921128
0.16795964297944999
0.07840473426397833
0.03996375787509903
0.018023964655562247
0.007122944982132817
0.0024663317066050895
0.0007482141297236607
0.00019887621575957905
4.63150687025928e-05
9.45027182332062e-06
1.6894634916516511e-06
2.646280308026299e-07
3.631661831554699e-08
4.366741475689588e-09
4.6003628058973213e-10
4.246285676578503e-11
3.434067733355882e-12
2.433274069015839e-13
1.5106217098897438e-14
8.216804209028698e-16
3.915909788934607e-17
1.6351023434097396e-18
5.981907958890822e-20
1.9174190364509968e-21
5.384890370667582e-23
1.3250101959975964e-24
2.856564911320363e-26
5.395745996169244e-28
8.929793580814623e-30
1.2948333171610851e-31
1.6450111054846554e-33
1.8310758117083425e-35
1.7857733605643165e-37
1.5259098528905423e-39
1.1423888021264273e-41
7.493444938041907e-44
4.306571146618736e-46
2.168524110479782e-48
9.56708002862385e-51
3.698086637355072e-53
1.2524410075480993e-55
3.7163790161118524e-58
9.661960162079121e-61
2.2008629965260108e-63
4.3924143086936985e-66
7.680617005637759e-69
1.1767154192498531e-71
1.5795351759654502e-74
1.8576747691845924e-77
1.9142232465003836e-80
1.7282159634813644e-83
1.3670549180284504e-86
9.474502915034216e-90
5.753199429984856e-93
3.060870435822449e-96
1.4267996280100074e-99
5.827248665919221e-103
2.0851948213820747e-106
6.537508207814858e-110
1.79580997462727e-113
4.322062419487669e-117
9.113899029046372e-121
1.6838364785591035e-124
2.7257005243349217e-128
3.865795573964931e-132
4.803769430911087e-136
5.230075360918262e-140
4.98903168555885e-144
4.1697219948404944e-148
3.053377223890009e-152
1.9590086148790513e-156
1.1012216799490825e-160
5.423700290287526e-165
2.3404487494742671e-169
8.848814911510863e-174
2.9312550597948045e-178
8.50755236986904e-183
2.1634067254958464e-187
4.820079959140433e-192
9.409202879473074e-197
1.6092886407492335e-201
2.4115572789863513e-206
3.1662393387128204e-211
3.6422723934354674e-216
3.670993594103899e-221
3.241733836444202e-226
2.5081505687707908e-231
1.7002484109520012e-236
1.0098425682811634e-241
5.255057746161926e-247
2.3959835642324577e-252
9.571339019957415e-258
3.349994445937427e-263
1.0273016781270253e-268
2.7601611004477266e-274
6.497606211132876e-280
