0.6991877393719181
0.03574597990264843
0.002763700333402065
0.0003045089615146527
4.164835197005035e-05
6.546076593871828e-06
1.15192794134039e-06
2.2541117609578718e-07
4.8962536789308735e-08
1.180349981545501e-08
3.1568600236539437e-09
9.36762438176027e-10
3.0838641201636363e-10
1.1258322856058727e-10
4.553649856151747e-11
2.0368166226338582e-11
1.0042319217401594e-11
5.432943277542565e-12
3.197074305917834e-12
2.0321132379645837e-12
1.38098266964296e-12
9.936421798400943e-13
7.500262840347053e-13
5.890760299073479e-13
4.780566313893505e-13
3.985501525235505e-13
3.3972833157050876e-13
2.949662716908483e-13
2.600621345724273e-13
2.322629024243555e-13
2.097112231930625e-13
1.9112051981189772e-13
1.7557814379996964e-13
1.624226593569438e-13
1.5116531383491522e-13
1.4143856377523788e-13
1.3296158342339888e-13
1.2551667999745156e-13
1.1893286352749341e-13
1.1307420271261266e-13
1.078314409221038e-13
1.0311587057139989e-13
9.885479651076607e-14
9.498813377889277e-14
9.14658261540008e-14
8.824586612663039e-14
8.529276075281091e-14
8.25763317188067e-14
8.007076850126762e-14
7.775387504831503e-14
7.560646577336988e-14
7.361187773560668e-14
7.175557395635844e-14
7.002481876307957e-14
6.840841046563327e-14
6.689645997595373e-14
6.548020647974687e-14
6.415186317049027e-14
6.2904487514634e-14
6.173187164372118e-14
6.062844934551e-14
5.95892168121425e-14
5.860966484362781e-14
5.768572063284385e-14
5.681369759914335e-14
5.5990252010636333e-14
5.5212345354953865e-14
5.44772115960273e-14
5.3782328598849534e-14
5.312539312208394e-14
5.250429887504307e-14
5.191711721512984e-14
5.136208012759948e-14
5.083756518406638e-14
5.0342082221620936e-14
4.9874261522399086e-14
4.9432843305297807e-14
4.901666836833214e-14
4.8624669742755485e-14
4.825586523922978e-14
4.790935078261237e-14
4.758429444580089e-14
4.727993110493747e-14
4.6995557648439644e-14
4.673052868106981e-14
4.6484252671794703e-14
4.625618850071212e-14
4.604584236598359e-14
4.5852765016644387e-14
4.567654928147109e-14
4.551682786786705e-14
4.537327140805602e-14
4.5245586732819793e-14
4.5133515355634126e-14
4.5036832152399816e-14
4.495534422407139e-14
4.4888889931395484e-14
4.4837338092714167e-14
4.480058733739521e-14
4.477856560894675e-14
4.477122981328285e-14
4.477856560894675e-14
4.480058733739521e-14
4.4837338092714167e-14
4.4888889931395484e-14
4.495534422407139e-14
4.5036832152399816e-14
4.5133515355634126e-14
4.5245586732819793e-14
4.537327140805602e-14
4.551682786786705e-14
4.567654928147109e-14
4.5852765016644387e-14
4.604584236598359e-14
4.625618850071212e-14
4.6484252671794703e-14
4.673052868106981e-14
4.6995557648439644e-14
4.727993110493747e-14
4.758429444580089e-14
4.790935078261237e-14
4.825586523922978e-14
4.8624669742755485e-14
4.901666836833214e-14
4.9432843305297807e-14
4.9874261522399086e-14
5.0342082221620936e-14
5.083756518406638e-14
5.136208012759948e-14
5.191711721512984e-14
5.250429887504307e-14
5.312539312208394e-14
5.3782328598849534e-14
5.44772115960273e-14
5.5212345354953865e-14
5.5990252010636333e-14
5.681369759914335e-14
5.768572063284385e-14
5.860966484362781e-14
5.95892168121425e-14
6.062844934551e-14
6.173187164372118e-14
6.2904487514634e-14
6.415186317049027e-14
6.548020647974687e-14
6.689645997595373e-14
6.840841046563327e-14
7.002481876307957e-14
7.175557395635844e-14
7.361187773560668e-14
7.560646577336988e-14
7.775387504831503e-14
8.007076850126762e-14
8.25763317188067e-14
8.529276075281091e-14
8.824586612663039e-14
9.14658261540008e-14
9.498813377889277e-14
9.885479651076607e-14
1.0311587057139989e-13
1.078314409221038e-13
1.1307420271261266e-13
1.1893286352749341e-13
1.2551667999745156e-13
1.3296158342339888e-13
1.4143856377523788e-13
1.5116531383491522e-13
1.624226593569438e-13
1.7557814379996964e-13
1.9112051981189772e-13
2.097112231930625e-13
2.322629024243555e-13
2.600621345724273e-13
2.949662716908483e-13
3.3972833157050876e-13
3.985501525235505e-13
4.780566313893505e-13
5.890760299073479e-13
7.500262840347053e-13
9.936421798400943e-13
1.38098266964296e-12
2.0321132379645837e-12
3.197074305917834e-12
5.432943277542565e-12
1.0042319217401594e-11
2.0368166226338582e-11
4.553649856151747e-11
1.1258322856058727e-10
3.0838641201636363e-10
9.36762438176027e-10
3.1568600236539437e-09
1.180349981545501e-08
4.8962536789308735e-08
2.2541117609578718e-07
1.15192794134039e-06
6.546076593871828e-06
4.164835197005035e-05
0.0003045089615146527
0.002763700333402065
0.03574597990264843

1.744846288382338e-12
1.2658630696811097e-10
6.203211718272426e-09
2.0532734730486665e-07
4.5906830250159485e-06
6.932791441044086e-05
0.0007071951642717571
0.004872712045333456
0.022677884053363618
0.07129098772921463
0.1513794947445754
0.21711997937070684
0.21034531569801035
0.13764683166098796
0.06084458517010149
0.022677870400688548
0.37580631739716774
1.730568774042457
0.4534860157165507
0.006702915793461165
5.701150979875698e-06
3.6587246506931982e-09
6.505572721874705e-11
8.416227348784296e-13
7.354519985603295e-15
4.3410173794345155e-17
1.7307288567404594e-19
4.660868641021059e-22
8.478226403073751e-25
1.0417019438599019e-27
8.645343579696783e-31
4.846423463717235e-34
1.8351044057608735e-37
4.693539912459329e-41
8.108500931633879e-45
9.46195644817333e-49
7.457987252114954e-53
3.970659505981151e-57
1.4279203241334948e-61
3.46853132928777e-66
5.690986904187671e-71
6.30710221028035e-76
4.721418202468502e-81
2.3873461262420415e-86
8.153773186468591e-92
1.881057979831222e-97
2.931204074525125e-103
3.085249193933337e-109
2.193485447861043e-115
1.053366701921222e-121
3.4168407037698303e-128
7.486351194723705e-135
1.1079393297715017e-141
1.1075467834642686e-148
7.478396702034004e-156
3.410792005659855e-163
1.050756999706431e-170
2.1865009245848875e-178
3.073246226536514e-186
2.917731787969336e-194
1.8710857662176578e-202
8.104800725810027e-211
2.3713262324409635e-219
4.6864133146635174e-228
6.25590563255981e-237
5.640792287739312e-246
3.4355031017367675e-255
1.4133212870853836e-264
3.9272791659489413e-274
7.371280966998496e-284
9.3453264142548e-294
8.002879965450545e-304
4.6291201066e-314
5e-324
0.0
0.0
0.0
0.0
0.0
0.0
0.0
0.0
0.0
0.0
0.0
0.0
0.0
0.0
0.0
0.0
0.0
0.0
0.0
0.0
0.0
0.0
0.0
0.0
0.0
0.0
