1.2844523242327297
0.15516431604123315
0.04136767406961671
0.016699871887752463
0.008740179493716901
0.005439333717745838
0.003799667775253124
0.002869394595149201
0.002287012941523841
0.0018945440970392362
0.0016148012272985581
0.0014065421219457818
0.00124607638628718
0.0011189664896720463
0.0010159730301813005
0.000930936659402126
0.0008596071873057866
0.0007989642185858177
0.0007468062170772128
0.0007014927912923851
0.0006617778849685113
0.0006266987640585356
0.0005955002954048952
0.0005675821524087477
0.0005424612755347269
0.0005197447034709666
0.0004991095928334763
0.0004802883092961353
0.0004630571544569779
0.0004472277377389336
0.00043264029868234647
0.0004191584853658815
0.0004066652324722853
0.0003950594786450872
0.00038425353076567006
0.0003741709314663069
0.0003647447214717419
0.0003559160142037069
0.00034763281920740233
0.00033984906524875733
0.00033252378470502127
0.0003256204290631578
0.00031910629161923315
0.0003129520183207428
0.00030713119146505674
0.0003016199739201943
0.0002963968038613278
0.00029144213186157536
0.00028673819364709383
0.00028226881300638125
0.000278019230294793
0.0002739759527457627
0.00027012662342740555
0.00026645990619602916
0.0002629653844192928
0.00025963347158914377
0.0002564553322323202
0.0002534228117653336
0.0002505283741403471
0.00024776504629542084
0.0002451263685629443
0.00024260635030838845
0.00024019943017155554
0.00023790044036737178
0.00023570457457545966
0.00023360735900932692
0.0002316046263087071
0.0002296924919437881
0.00022786733285895164
0.00022612576811716225
0.0002244646413351251
0.00022288100472443107
0.0002213721045757113
0.0002199353680417942
0.00021856839109241167
0.0002172689275274706
0.0002160348789485783
0.0002148642855996442
0.0002137553179971674
0.00021270626927945359
0.0002117155482116291
0.00021078167279007297
0.00020990326439587685
0.00020907904245226974
0.00020830781954569105
0.00020758849697443573
0.0002069200606925931
0.0002063015776204086
0.0002057321922952707
0.00020521112384029228
0.00020473766322997322
0.00020431117083470916
0.00020393107422799994
0.00020359686624212087
0.0002033081032597809
0.00020306440373092134
0.00020286544690533014
0.00020271097177316667
0.00020260077620684038
0.00020253471629896153
0.00020251270589231106
0.00020253471629896153
0.00020260077620684038
0.00020271097177316667
0.00020286544690533014
0.00020306440373092134
0.0002033081032597809
0.00020359686624212087
0.00020393107422799994
0.00020431117083470916
0.00020473766322997322
0.00020521112384029228
0.0002057321922952707
0.0002063015776204086
0.0002069200606925931
0.00020758849697443573
0.00020830781954569105
0.00020907904245226974
0.00020990326439587685
0.00021078167279007297
0.0002117155482116291
0.00021270626927945359
0.0002137553179971674
0.0002148642855996442
0.0002160348789485783
0.0002172689275274706
0.00021856839109241167
0.0002199353680417942
0.0002213721045757113
0.00022288100472443107
0.0002244646413351251
0.00022612576811716225
0.00022786733285895164
0.0002296924919437881
0.0002316046263087071
0.00023360735900932692
0.00023570457457545966
0.00023790044036737178
0.00024019943017155554
0.00024260635030838845
0.0002451263685629443
0.00024776504629542084
0.0002505283741403471
0.0002534228117653336
0.0002564553322323202
0.00025963347158914377
0.0002629653844192928
0.00026645990619602916
0.00027012662342740555
0.0002739759527457627
0.000278019230294793
0.00028226881300638125
0.00028673819364709383
0.00029144213186157536
0.0002963968038613278
0.0003016199739201943
0.00030713119146505674
0.0003129520183207428
0.00031910629161923315
0.0003256204290631578
0.00033252378470502127
0.00033984906524875733
0.00034763281920740233
0.0003559160142037069
0.0003647447214717419
0.0003741709314663069
0.00038425353076567006
0.0003950594786450872
0.0004066652324722853
0.0004191584853658815
0.00043264029868234647
0.0004472277377389336
0.0004630571544569779
0.0004802883092961353
0.0004991095928334763
0.0005197447034709666
0.0005424612755347269
0.0005675821524087477
0.0005955002954048952
0.0006266987640585356
0.0006617778849685113
0.0007014927912923851
0.0007468062170772128
0.0007989642185858177
0.0008596071873057866
0.000930936659402126
0.0010159730301813005
0.0011189664896720463
0.00124607638628718
0.0014065421219457818
0.0016148012272985581
0.0018945440970392362
0.002287012941523841
0.002869394595149201
0.003799667775253124
0.005439333717745838
0.008740179493716901
0.016699871887752463
0.04136767406961671
0.15516431604123315

0.009709515740862254
0.021366975754479888
0.04286644797424297
0.0784009041736631
0.1307237546793625
0.19871046851163257
0.2753790457574631
0.3479569113976831
0.401001481348745
0.42195394307404693
0.4068051043914865
0.3630854802951814
0.3085506737916577
0.2657468681240762
0.25392495915826196
0.28058314929229455
0.33604652469037555
0.39517063729654717
0.427858504607259
0.41403322830514905
0.3537804674541572
0.2656573186289289
0.17497388639524541
0.10100700532905099
0.05108755163875101
0.022636154835158774
0.008785908880667636
0.002987132434715328
0.0008896105406111093
0.00023207054475614183
5.3028977868327444e-05
1.0613993649785147e-05
1.86087110267886e-06
2.857757818882611e-07
3.8442009037659205e-08
4.529582524884751e-09
4.675000635336344e-10
4.226457837163872e-11
3.3469001726893993e-12
2.3215621699454223e-13
1.4105523654396321e-14
7.507052329965419e-16
3.499620962322965e-17
1.4290384604216955e-18
5.1113801069233314e-20
1.6014147003187624e-21
4.394817498279099e-23
1.0564509335482828e-24
2.2244843457937634e-26
4.10280671752277e-28
6.628338794671652e-30
9.379954601273776e-32
1.1627063083812607e-33
1.2624500844820577e-35
1.2007055899567221e-37
1.0003306154571787e-39
7.300441385163288e-42
4.667487484195913e-44
2.6146452807790285e-46
1.28378756752392e-48
5.529616091703569e-51
2.093774673798382e-53
7.006365604379953e-56
2.0998741158759424e-58
5.823619361456787e-61
1.6010046364930775e-63
4.821507173535053e-66
1.680471978353671e-68
6.437312814074227e-71
2.4774256591635433e-73
9.037978833278211e-76
3.047174300400436e-78
9.407394752889702e-81
2.651294363123935e-83
6.814711861766839e-86
1.5970342215158976e-88
3.412108524677034e-91
6.646051499986954e-94
1.180142090187962e-96
1.9104426093929903e-99
2.819438577225804e-102
3.7933261988183916e-105
4.652717095349934e-108
5.2026187737571776e-111
5.303545050052975e-114
4.928779866759197e-117
4.1758172340362965e-120
3.225317284246154e-123
2.2710793402493897e-126
1.4578776238269886e-129
8.53176205904809e-133
4.551822316456672e-136
2.2139141066583548e-139
9.816691326222992e-143
3.96824432850353e-146
1.4623811288853361e-149
4.913055216380579e-153
1.5047751722778853e-156
4.201655973978943e-160
1.069543035594961e-163
