0.4043778938530802
0.015745301672485494
0.0011327088874407924
0.00012867191339242212
2.2151506245956402e-05
5.6443948654660545e-06
2.0328703778288536e-06
9.642682618434227e-07
5.584675700467611e-07
3.710019671615747e-07
2.705026088059327e-07
2.102731184981872e-07
1.7102940894111365e-07
1.4378410541561455e-07
1.2391973974090678e-07
1.088690463931448e-07
9.710957194012039e-08
8.768915379584655e-08
7.99853203532133e-08
7.357566952554862e-08
6.816432856199397e-08
6.35383345565807e-08
5.954074664648322e-08
5.6053505986119335e-08
5.2986182652182104e-08
5.0268392515944434e-08
4.7844567444594115e-08
4.567027303549214e-08
4.370956726167611e-08
4.193307368047053e-08
4.031655431648346e-08
3.883983787158673e-08
3.7486004519114263e-08
3.624075860173325e-08
3.509194072597828e-08
3.4029144508221634e-08
3.304341275812018e-08
3.212699458012452e-08
3.127314963737293e-08
3.0475989253429e-08
2.973034652672674e-08
2.9031669472611752e-08
2.8375932575936648e-08
2.7759563163826113e-08
2.7179379785432287e-08
2.6632540378721732e-08
2.6116498460652857e-08
2.562896608815085e-08
2.5167881494931564e-08
2.473138293032389e-08
2.4317784638239243e-08
2.3925556897782734e-08
2.3553308593135263e-08
2.3199772074148764e-08
2.2863789964712592e-08
2.2544303633358147e-08
2.224034308740033e-08
2.195101809028711e-08
2.1675510333406426e-08
2.1413066519691952e-08
2.1162992238014263e-08
2.0924646525367987e-08
2.0697437028927992e-08
2.0480815692680724e-08
2.0274274903966635e-08
2.0077344044243544e-08
1.988958639598081e-08
1.9710596364049378e-08
1.9539996975472094e-08
1.937743762609681e-08
1.92225920467798e-08
1.9075156465123487e-08
1.8934847941789922e-08
1.8801402862981036e-08
1.8674575572901504e-08
1.8554137131949002e-08
1.8439874188054835e-08
1.8331587950060174e-08
1.822909325329057e-08
1.813221770860961e-08
1.804080092721452e-08
1.7954693814298948e-08
1.787375792546968e-08
1.7797864880475818e-08
1.772689582940454e-08
1.7660740967026032e-08
1.75992990914408e-08
1.7542477203602195e-08
1.749019014466327e-08
1.7442360268434023e-08
1.7398917146539664e-08
1.7359797304144894e-08
1.7324943984359232e-08
1.729430693966547e-08
1.726784224892248e-08
1.724551215868519e-08
1.7227284947763244e-08
1.7213134814105524e-08
1.7203041783254736e-08
1.719699163776389e-08
1.719497586710831e-08
1.719699163776389e-08
1.7203041783254736e-08
1.7213134814105524e-08
1.7227284947763244e-08
1.724551215868519e-08
1.726784224892248e-08
1.729430693966547e-08
1.7324943984359232e-08
1.7359797304144894e-08
1.7398917146539664e-08
1.7442360268434023e-08
1.749019014466327e-08
1.7542477203602195e-08
1.75992990914408e-08
1.7660740967026032e-08
1.772689582940454e-08
1.7797864880475818e-08
1.787375792546968e-08
1.7954693814298948e-08
1.804080092721452e-08
1.813221770860961e-08
1.822909325329057e-08
1.8331587950060174e-08
1.8439874188054835e-08
1.8554137131949002e-08
1.8674575572901504e-08
1.8801402862981036e-08
1.8934847941789922e-08
1.9075156465123487e-08
1.92225920467798e-08
1.937743762609681e-08
1.9539996975472094e-08
1.9710596364049378e-08
1.988958639598081e-08
2.0077344044243544e-08
2.0274274903966635e-08
2.0480815692680724e-08
2.0697437028927992e-08
2.0924646525367987e-08
2.1162992238014263e-08
2.1413066519691952e-08
2.1675510333406426e-08
2.195101809028711e-08
2.224034308740033e-08
2.2544303633358147e-08
2.2863789964712592e-08
2.3199772074148764e-08
2.3553308593135263e-08
2.3925556897782734e-08
2.4317784638239243e-08
2.473138293032389e-08
2.5167881494931564e-08
2.562896608815085e-08
2.6116498460652857e-08
2.6632540378721732e-08
2.7179379785432287e-08
2.7759563163826113e-08
2.8375932575936648e-08
2.9031669472611752e-08
2.973034652672674e-08
3.0475989253429e-08
3.127314963737293e-08
3.212699458012452e-08
3.304341275812018e-08
3.4029144508221634e-08
3.509194072597828e-08
3.624075860173325e-08
3.7486004519114263e-08
3.883983787158673e-08
4.031655431648346e-08
4.193307368047053e-08
4.370956726167611e-08
4.567027303549214e-08
4.7844567444594115e-08
5.0268392515944434e-08
5.2986182652182104e-08
5.6053505986119335e-08
5.954074664648322e-08
6.35383345565807e-08
6.816432856199397e-08
7.357566952554862e-08
7.99853203532133e-08
8.768915379584655e-08
9.710957194012039e-08
1.088690463931448e-07
1.2391973974090678e-07
1.4378410541561455e-07
1.7102940894111365e-07
2.102731184981872e-07
2.705026088059327e-07
3.710019671615747e-07
5.584675700467611e-07
9.642682618434227e-07
2.0328703778288536e-06
5.6443948654660545e-06
2.2151506245956402e-05
0.00012867191339242212
0.0011327088874407924
0.015745301672485494

7.937691735462767e-07
3.5812768171140572e-06
1.4651644263887293e-05
5.435501895862998e-05
0.00018285117236102588
0.0005577770724326895
0.0015428666071194207
0.003869910420753678
0.008801937018039161
0.018153501806543168
0.0339505942705178
0.05757569115479594
0.08853923214582649
0.1234630934024923
0.15611454539147587
0.1790005621971154
0.18611022448497183
0.1754651542980645
0.15000866428119206
0.11629113711214134
0.08174893201889047
0.052151620634906394
0.03438254614229538
0.09412284309661888
0.26558438680084634
0.1556336445623734
0.017394157237258356
0.0007538875107779097
0.0001449653088131789
4.193924016305467e-05
1.1081465412369967e-05
2.6551264306311397e-06
5.768701021326474e-07
1.1365162974985602e-07
2.0303836910474317e-08
3.2891628506968905e-09
4.831672044623834e-10
6.435974755296954e-11
7.773847686195112e-12
8.514566351506893e-13
8.456562302441336e-14
7.616053447684156e-15
6.219721305999319e-16
4.6059230596339346e-17
3.0929097268726607e-18
1.8833135085895874e-19
1.0398790059169758e-20
5.206523235155216e-22
2.3638375274464898e-23
9.731779202834e-25
3.633052573944619e-26
1.2298607168998096e-27
3.7752436772527457e-29
1.0508454776630914e-30
2.6523909777174e-32
6.070731653546579e-34
1.2599384852764822e-35
2.3711687313639852e-37
4.046507861360329e-39
6.2618567659229e-41
8.78679879651571e-43
1.1180546858886352e-44
1.2900312238625452e-46
1.3497154204553696e-48
1.2805277932148505e-50
1.1016423426511982e-52
8.59403351100858e-55
6.079365817323007e-57
3.899638266067566e-59
2.2682722578295678e-61
1.1963847007253276e-63
5.722045829523211e-66
2.4816276809568265e-68
9.759481145056233e-71
3.480339781293903e-73
1.1254374785478263e-75
3.300090981781169e-78
8.774760360699003e-81
2.1156773068461224e-83
4.625603495541403e-86
9.170482553587848e-89
1.6486208465724231e-91
2.6875354218398373e-94
3.9727608142964406e-97
5.325194217763511e-100
6.472667481442231e-103
7.134046788615844e-106
7.130063893697618e-109
6.461832580128185e-112
5.310345689042273e-115
3.95726101660832e-118
2.6740616271203014e-121
1.6385244968310064e-124
9.104147330429476e-128
4.587017820795536e-131
2.0956868547439793e-134
8.682147562243062e-138
3.2616153934326684e-141
1.111074409902204e-144
3.43208751778522e-148
