0.6782221400599787
0.2419101903855534
0.11601200889595586
0.06831873350930939
0.046100816520828605
0.03404524227686628
0.026730814468195363
0.021911306259978135
0.018532637248233775
0.01604875622946722
0.014153472638698657
0.01266371775222284
0.011464124761597173
0.010478747709624429
0.009655725296565713
0.008958524202288574
0.008360713417061865
0.007842724519819927
0.00738977537855825
0.006990500174329152
0.006636021941561257
0.006319310190463502
0.006034726815643242
0.005777699167755815
0.0055444807527395105
0.005331973425061335
0.005137593456219943
0.004959169384799198
0.004794863209119375
0.00464310894417341
0.004502564248346375
0.004372071995049447
0.004250629488219989
0.0041373636084108545
0.004031510600604747
0.003932399524789477
0.003839438618990285
0.0037521039948319587
0.003669930213823135
0.0035925023897341425
0.0035194495367519493
0.003450438940359678
0.003385171372335989
0.003323377006007356
0.0032648119152122565
0.0032092550620651684
0.0031565056958283966
0.0031063810989866657
0.003058714627716355
0.0030133540029185437
0.002970159815282761
0.0029290042138082613
0.0028897697520986016
0.0028523483707727677
0.002816640497667392
0.0027825542502708345
0.002750004727135504
0.0027189133769434134
0.0026892074355188565
0.002660819422445432
0.0026336866900966084
0.0026077510188652797
0.0025829582532076057
0.0025592579738239175
0.002536603201904268
0.002514950131884611
0.0024942578896051185
0.0024744883131460754
0.0024556057539483088
0.002437576896112176
0.0024203705920182736
0.0024039577126296605
0.0023883110110242845
0.002373404997871246
0.002359215827709008
0.0023457211950103354
0.0023329002391301095
0.0023207334573303114
0.002309202625163006
0.0022982907235687736
0.002287981872115877
0.002278261267865718
0.002269115129403789
0.0022605306456231016
0.002252495928889872
0.002244999972259467
0.0022380326104450682
0.0022315844842724043
0.002225647008381893
0.0022202123419648
0.0022152733623430486
0.0022108236412232297
0.002206857423474573
0.0022033696082982327
0.0022003557326715404
0.0021978119569659726
0.0021957350526516815
0.002194122392014681
0.002192971939825323
0.002192282246908616
0.0021920524455784156
0.002192282246908616
0.002192971939825323
0.002194122392014681
0.0021957350526516815
0.0021978119569659726
0.0022003557326715404
0.0022033696082982327
0.002206857423474573
0.0022108236412232297
0.0022152733623430486
0.0022202123419648
0.002225647008381893
0.0022315844842724043
0.0022380326104450682
0.002244999972259467
0.002252495928889872
0.0022605306456231016
0.002269115129403789
0.002278261267865718
0.002287981872115877
0.0022982907235687736
0.002309202625163006
0.0023207334573303114
0.0023329002391301095
0.0023457211950103354
0.002359215827709008
0.002373404997871246
0.0023883110110242845
0.0024039577126296605
0.0024203705920182736
0.002437576896112176
0.0024556057539483088
0.0024744883131460754
0.0024942578896051185
0.002514950131884611
0.002536603201904268
0.0025592579738239175
0.0025829582532076057
0.0026077510188652797
0.0026336866900966084
0.002660819422445432
0.0026892074355188565
0.0027189133769434134
0.002750004727135504
0.0027825542502708345
0.002816640497667392
0.0028523483707727677
0.0028897697520986016
0.0029290042138082613
0.002970159815282761
0.0030133540029185437
0.003058714627716355
0.0031063810989866657
0.0031565056958283966
0.0032092550620651684
0.0032648119152122565
0.003323377006007356
0.003385171372335989
0.003450438940359678
0.0035194495367519493
0.0035925023897341425
0.003669930213823135
0.0037521039948319587
0.003839438618990285
0.003932399524789477
0.004031510600604747
0.0041373636084108545
0.004250629488219989
0.004372071995049447
0.004502564248346375
0.00464310894417341
0.004794863209119375
0.004959169384799198
0.005137593456219943
0.005331973425061335
0.0055444807527395105
0.005777699167755815
0.006034726815643242
0.006319310190463502
0.006636021941561257
0.006990500174329152
0.00738977537855825
0.007842724519819927
0.008360713417061865
0.008958524202288574
0.009655725296565713
0.010478747709624429
0.011464124761597173
0.01266371775222284
0.014153472638698657
0.01604875622946722
0.018532637248233775
0.021911306259978135
0.026730814468195363
0.03404524227686628
0.046100816520828605
0.06831873350930939
0.11601200889595586
0.2419101903855534

0.10701591753375456
0.16582886004981273
0.2357265090986101
0.3074513395921403
0.3680152046486492
0.40438512411057537
0.4080353889762578
0.37819755791941423
0.32211520629518847
0.25219316568704264
0.18156966027501575
0.12025283204300434
0.07328835725116574
0.041114500961093425
0.021236920218016802
0.010102318221667312
0.004426479548897037
0.0017867186777858017
0.0006644224249727732
0.00022763123667411588
7.184708789404793e-05
2.0890581484254012e-05
5.595224999284996e-06
1.3802653478115835e-06
3.1356816307444454e-07
6.559474400386576e-08
1.2633298697361713e-08
2.2398541168742243e-09
3.655323113107447e-10
5.490185253018524e-11
7.588578907114467e-12
9.651801296819402e-13
1.1295310044043924e-13
1.216192002491541e-14
1.2047508025289746e-15
1.0979040278294273e-16
9.204244928798363e-18
7.098330651128824e-19
5.035687584432353e-20
3.286156115465893e-21
1.9725979375381027e-22
1.089194490804909e-23
5.532040986636618e-25
2.5844962691960017e-26
1.1106446681596631e-27
4.390173772424812e-29
1.5962270069323954e-30
5.338426495228929e-32
1.64224162269928e-33
4.6469250985850965e-35
1.2094805248016102e-36
2.895586300219576e-38
6.376442704376741e-40
1.2915899303330375e-41
2.406439955763411e-43
4.124103606744164e-45
6.501120878513238e-47
9.426512287827116e-49
1.25723930204626e-50
1.5423714165416261e-52
1.7404601842767757e-54
1.8065222700836865e-56
1.7247519649659764e-58
1.5146562377224158e-60
1.223504602023972e-62
9.090781858579035e-65
6.212994450524341e-67
3.905753174313179e-69
2.258461661762563e-71
1.2012260737679377e-73
5.876799548889931e-76
2.644606764147295e-78
1.094675581656703e-80
4.167867042998383e-83
1.4596421012507665e-85
4.7020041283105265e-88
1.3932329282173341e-90
3.7972444302732588e-93
9.519573180614087e-96
2.1951818300975425e-98
4.6561570590997025e-101
9.084245087971097e-104
1.6302498302147215e-106
2.6910612585613034e-109
4.0859881604491775e-112
5.706564406034729e-115
7.330885594928763e-118
8.662480306075927e-121
9.415256976688144e-124
9.412959610278387e-127
8.656140796972489e-130
7.321946107959082e-133
5.6968245406251465e-136
4.077023912563688e-139
2.6838471184374848e-142
1.6250861434537028e-145
9.051052848688382e-149
4.636880608055017e-152
2.1850270918786496e-155
9.47091279941607e-159
