0.7371471594543686
0.07728806285150153
0.02024650088534946
0.007818539821659773
0.0036130569846621633
0.0019119161933649998
0.0011341723251374607
0.0007395603279357138
0.0005204073328412312
0.00038890482959482505
0.00030466162193304447
0.0002476511632105573
0.0002072622627763384
0.00017753379070111738
0.00015494040508367857
0.00013730122839271435
0.00012321277856019747
0.00011174001149725041
0.00010224068913518584
9.426166438238461e-05
8.747550594179537e-05
8.164056479557035e-05
7.657510552860857e-05
7.214012474913452e-05
6.822767826529005e-05
6.475278629921588e-05
6.164771409642717e-05
5.885786137962366e-05
5.633876162932422e-05
5.405385996185701e-05
5.197284577226819e-05
5.007038635957539e-05
4.832515424687317e-05
4.671907227409886e-05
4.5236722021726483e-05
4.38648760427939e-05
4.25921248795913e-05
4.140857732092941e-05
4.0305617746119145e-05
3.927570832844189e-05
3.83122267605256e-05
3.740933231094318e-05
3.6561854630844735e-05
3.576520094634735e-05
3.5015278199910594e-05
3.430842741625151e-05
3.364136811936048e-05
3.3011151056383466e-05
3.24151178205198e-05
3.185086623052982e-05
3.131622053498262e-05
3.080920567740523e-05
3.0328024993278018e-05
2.987104081849995e-05
2.9436757577005696e-05
2.902380698690139e-05
2.8630935083103253e-05
2.8256990802602322e-05
2.7900915918174645e-05
2.7561736139220242e-05
2.723855322572583e-05
2.693053798412635e-05
2.6636924032907872e-05
2.6357002241808507e-05
2.6090115761968285e-05
2.5835655575784328e-05
2.5593056504899034e-05
2.536179362297204e-05
2.514137902689996e-05
2.4931358926144708e-05
2.47313110149733e-05
2.4540842096832592e-05
2.4359585933891773e-05
2.4187201298077247e-05
2.402337020277479e-05
2.386779629684847e-05
2.372020340477905e-05
2.358033419860178e-05
2.3447948988965177e-05
2.332282462406935e-05
2.320475348650514e-05
2.3093542579125347e-05
2.2989012692059e-05
2.2890997643845176e-05
2.2799343590429745e-05
2.271390839644979e-05
2.2634561063836725e-05
2.256118121331094e-05
2.249365861482535e-05
2.2431892763451035e-05
2.2375792497590218e-05
2.232527565675705e-05
2.228026877648879e-05
2.224070681824402e-05
2.2206532932413996e-05
2.2177698252821558e-05
2.215416172131238e-05
2.213588994125823e-05
2.212285705899419e-05
2.211504467240327e-05
2.2112441766045248e-05
2.211504467240327e-05
2.212285705899419e-05
2.213588994125823e-05
2.215416172131238e-05
2.2177698252821558e-05
2.2206532932413996e-05
2.224070681824402e-05
2.228026877648879e-05
2.232527565675705e-05
2.2375792497590218e-05
2.2431892763451035e-05
2.249365861482535e-05
2.256118121331094e-05
2.2634561063836725e-05
2.271390839644979e-05
2.2799343590429745e-05
2.2890997643845176e-05
2.2989012692059e-05
2.3093542579125347e-05
2.320475348650514e-05
2.332282462406935e-05
2.3447948988965177e-05
2.358033419860178e-05
2.372020340477905e-05
2.386779629684847e-05
2.402337020277479e-05
2.4187201298077247e-05
2.4359585933891773e-05
2.4540842096832592e-05
2.47313110149733e-05
2.4931358926144708e-05
2.514137902689996e-05
2.536179362297204e-05
2.5593056504899034e-05
2.5835655575784328e-05
2.6090115761968285e-05
2.6357002241808507e-05
2.6636924032907872e-05
2.693053798412635e-05
2.723855322572583e-05
2.7561736139220242e-05
2.7900915918174645e-05
2.8256990802602322e-05
2.8630935083103253e-05
2.902380698690139e-05
2.9436757577005696e-05
2.987104081849995e-05
3.0328024993278018e-05
3.080920567740523e-05
3.131622053498262e-05
3.185086623052982e-05
3.24151178205198e-05
3.3011151056383466e-05
3.364136811936048e-05
3.430842741625151e-05
3.5015278199910594e-05
3.576520094634735e-05
3.6561854630844735e-05
3.740933231094318e-05
3.83122267605256e-05
3.927570832844189e-05
4.0305617746119145e-05
4.140857732092941e-05
4.25921248795913e-05
4.38648760427939e-05
4.5236722021726483e-05
4.671907227409886e-05
4.832515424687317e-05
5.007038635957539e-05
5.197284577226819e-05
5.405385996185701e-05
5.633876162932422e-05
5.885786137962366e-05
6.164771409642717e-05
6.475278629921588e-05
6.822767826529005e-05
7.214012474913452e-05
7.657510552860857e-05
8.164056479557035e-05
8.747550594179537e-05
9.426166438238461e-05
0.00010224068913518584
0.00011174001149725041
0.00012321277856019747
0.00013730122839271435
0.00015494040508367857
0.00017753379070111738
0.0002072622627763384
0.0002476511632105573
0.00030466162193304447
0.00038890482959482505
0.0005204073328412312
0.0007395603279357138
0.0011341723251374607
0.0019119161933649998
0.0036130569846621633
0.007818539821659773
0.02024650088534946
0.07728806285150153

0.0010180144745037388
0.004515421518042332
0.015613402928455545
0.04208736736334349
0.0884424730552026
0.14488549842270976
0.18503073940898118
0.18421193881836567
0.14297054964115652
0.08650284169206253
0.040801902087017616
0.015059795205675172
0.005844276599621198
0.02191909977868234
0.14359573881903345
0.4948507695020185
0.8606202723045977
0.7545764435799132
0.3335282529067068
0.07431882076815424
0.008348370471257065
0.00047276065944123775
1.3496391202460736e-05
1.9423643482971068e-07
1.4092253599832942e-09
5.154267043431614e-12
9.503642847555704e-15
8.833852259243619e-18
4.139504930916035e-21
9.779400086198982e-25
1.1668882393850937e-28
7.587720983705793e-33
1.3865313417003337e-36
1.8075635004038243e-39
2.1601257775403745e-42
2.015978186780431e-45
1.466737827544514e-48
8.3190570261065e-52
3.678329532598091e-55
1.267891501117565e-58
3.406971270463464e-62
7.13690270170348e-66
1.165483164903828e-69
1.4837377871670896e-73
1.4725268886537854e-77
1.1392636333956098e-81
6.87131975817137e-86
3.2308069432149084e-90
1.184231966674034e-94
3.383899658529482e-99
7.537947304355e-104
1.3090120414186854e-108
1.7721036090405727e-113
1.8702062435053343e-118
1.5386676357511645e-123
9.86858893685797e-129
4.934239479285629e-134
1.9232702428881554e-139
5.844068860464462e-145
1.3843479468524773e-150
2.556407725271735e-156
3.6801871587709103e-162
4.1301384848922096e-168
3.6133850738063427e-174
2.464443140158334e-180
1.3103227543256823e-186
5.4311611244823155e-193
1.7549389591626746e-199
4.420651384685367e-206
8.68091379924183e-213
1.328922161569249e-219
1.5859466288452222e-226
1.47547724544472e-233
1.0701173081466487e-240
6.0504152852719275e-248
2.666821235400358e-255
9.163419074168588e-263
2.4545739276985313e-270
5.1256578065773156e-278
8.344071655722643e-286
1.0589156454251122e-293
1.0476099848268339e-301
8.07965500376844e-310
4.857816e-318
0.0
0.0
0.0
0.0
0.0
0.0
0.0
0.0
0.0
0.0
0.0
0.0
0.0
0.0
0.0
0.0
