1.0439954889921181
0.14734905748269667
0.032696705916525966
0.008588658508290303
0.0025148215093976794
0.0008127327734520918
0.0002893765893034913
0.00011342759605769976
4.889099048846303e-05
2.3126662252094474e-05
1.1964631942266527e-05
6.735882918839798e-06
4.099023537610114e-06
2.6746481510339377e-06
1.8550605395208498e-06
1.3556621444974988e-06
1.0353351562348548e-06
8.202980490402865e-07
6.700426428002086e-07
5.613087549687087e-07
4.801818682722065e-07
4.180221705210948e-07
3.6928056864586684e-07
3.302822468516455e-07
2.985252634006931e-07
2.7226300749928943e-07
2.5024822645147955e-07
2.3157180230566955e-07
2.15558648287001e-07
2.0169893134447046e-07
1.8960166531697996e-07
1.7896278418720656e-07
1.695427801243918e-07
1.6115077948882738e-07
1.5363302846347073e-07
1.4686444839534362e-07
1.4074236054898835e-07
1.3518176569861982e-07
1.3011175277448412e-07
1.2547273746109747e-07
1.2121431789320924e-07
1.1729359411994798e-07
1.1367383961799667e-07
1.1032344257466384e-07
1.0721505572874399e-07
1.0432490879467278e-07
1.0163224862868321e-07
9.911888050810132e-08
9.676879000784919e-08
9.456782954751612e-08
9.250345715586089e-08
9.056451764894353e-08
8.874105845365244e-08
8.702417388331323e-08
8.540587289868796e-08
8.387896634907831e-08
8.243697044633075e-08
8.107402382575357e-08
7.978481602738422e-08
7.856452565197029e-08
7.740876649443456e-08
7.63135410077389e-08
7.527519929413068e-08
7.42904033756743e-08
7.33560957817034e-08
7.246947189326504e-08
7.162795553537495e-08
7.082917738518296e-08
7.007095582853645e-08
6.935127995126524e-08
6.866829439667885e-08
6.8020285858784e-08
6.740567101283261e-08
6.682298571200008e-08
6.627087530209367e-08
6.574808592586872e-08
6.52534567053471e-08
6.478591270493706e-08
6.434445859053046e-08
6.392817291041344e-08
6.353620293303286e-08
6.316775998463363e-08
6.28221152367011e-08
6.24985958991679e-08
6.219658178059997e-08
6.191550218117739e-08
6.16548330883225e-08
6.141409464837841e-08
6.119284889087946e-08
6.099069768473057e-08
6.080728090808157e-08
6.064227481588561e-08
6.049539059110383e-08
6.036637306729526e-08
6.025499961193938e-08
6.01610791613019e-08
6.008445139899739e-08
6.002498607163917e-08
5.998258243612119e-08
5.99571688341593e-08
5.9948702390746e-08
5.99571688341593e-08
5.998258243612119e-08
6.002498607163917e-08
6.008445139899739e-08
6.01610791613019e-08
6.025499961193938e-08
6.036637306729526e-08
6.049539059110383e-08
6.064227481588561e-08
6.080728090808157e-08
6.099069768473057e-08
6.119284889087946e-08
6.141409464837841e-08
6.16548330883225e-08
6.191550218117739e-08
6.219658178059997e-08
6.24985958991679e-08
6.28221152367011e-08
6.316775998463363e-08
6.353620293303286e-08
6.392817291041344e-08
6.434445859053046e-08
6.478591270493706e-08
6.52534567053471e-08
6.574808592586872e-08
6.627087530209367e-08
6.682298571200008e-08
6.740567101283261e-08
6.8020285858784e-08
6.866829439667885e-08
6.935127995126524e-08
7.007095582853645e-08
7.082917738518296e-08
7.162795553537495e-08
7.246947189326504e-08
7.33560957817034e-08
7.42904033756743e-08
7.527519929413068e-08
7.63135410077389e-08
7.740876649443456e-08
7.856452565197029e-08
7.978481602738422e-08
8.107402382575357e-08
8.243697044633075e-08
8.387896634907831e-08
8.540587289868796e-08
8.702417388331323e-08
8.874105845365244e-08
9.056451764894353e-08
9.250345715586089e-08
9.456782954751612e-08
9.676879000784919e-08
9.911888050810132e-08
1.0163224862868321e-07
1.0432490879467278e-07
1.0721505572874399e-07
1.1032344257466384e-07
1.1367383961799667e-07
1.1729359411994798e-07
1.2121431789320924e-07
1.2547273746109747e-07
1.3011175277448412e-07
1.3518176569861982e-07
1.4074236054898835e-07
1.4686444839534362e-07
1.5363302846347073e-07
1.6115077948882738e-07
1.695427801243918e-07
1.7896278418720656e-07
1.8960166531697996e-07
2.0169893134447046e-07
2.15558648287001e-07
2.3157180230566955e-07
2.5024822645147955e-07
2.7226300749928943e-07
2.985252634006931e-07
3.302822468516455e-07
3.6928056864586684e-07
4.180221705210948e-07
4.801818682722065e-07
5.613087549687087e-07
6.700426428002086e-07
8.202980490402865e-07
1.0353351562348548e-06
1.3556621444974988e-06
1.8550605395208498e-06
2.6746481510339377e-06
4.099023537610114e-06
6.735882918839798e-06
1.1964631942266527e-05
2.3126662252094474e-05
4.889099048846303e-05
0.00011342759605769976
0.0002893765893034913
0.0008127327734520918
0.0025148215093976794
0.008588658508290303
0.032696705916525966
0.14734905748269667

2.5169363996981885e-06
5.32854724122547e-05
0.0007402838838755539
0.006749019215057302
0.04037717498189062
0.15852001014383735
0.40839945735384336
0.6904610979166611
0.7660331206745504
0.5577391484975427
0.26673733907049824
0.08542852649681934
0.0266500860495765
0.03815366653877285
0.10285655527896845
0.2224764958338262
0.36473674119104676
0.452394757570898
0.42449887951592874
0.30133942602461544
0.1618287869153083
0.0657470110215221
0.020207689596767473
0.00469870007117883
0.000826531098761075
0.0001099919969732156
1.10734612041688e-05
8.433854476553527e-07
4.859473644686114e-08
2.1182283305413176e-09
6.985165924335794e-11
1.7426135812284873e-12
3.28886369959105e-14
4.6958159820482e-16
5.072203589581087e-18
4.1447915871982357e-20
2.562295015555874e-22
1.1983287501442048e-24
4.239779195537831e-27
1.1348302744870041e-29
2.2979416680677396e-32
3.5202013116053665e-35
4.0795890169549286e-38
3.576726567908438e-41
2.372332074494383e-44
1.1903800339436925e-47
4.5187280019940655e-51
1.2976787118405625e-54
2.8192823547064625e-58
4.63372631806428e-62
5.761593299802947e-66
5.419699804394036e-70
3.856810295417452e-74
2.076355616983252e-78
8.4565965106645e-83
2.605612898238177e-87
6.073577736335076e-92
1.0710252427377956e-96
1.4288124713405894e-101
1.4420196256138488e-106
1.1010005176129886e-111
6.359519282299449e-117
2.778954697834774e-122
9.18668994193655e-128
2.2975081672897542e-133
4.346858290566251e-139
6.2217751760078395e-145
6.73710876369457e-151
5.51890879144971e-157
3.4202140607534874e-163
1.603517753651493e-169
5.687411745045688e-176
1.52607536463422e-182
3.097830889628209e-189
4.757292378729977e-196
5.52691002327125e-203
4.857640363245978e-210
3.229897467223245e-217
1.6246975536262552e-224
6.1826794493795066e-232
1.7799235431739612e-239
3.876558819161894e-247
6.387219211656847e-255
7.961550944973779e-263
7.507648800128957e-271
5.355877459842921e-279
2.890531647141784e-287
1.1801718149493911e-295
3.6452990440417997e-304
8.51807575453e-313
1.507e-321
0.0
0.0
0.0
0.0
0.0
0.0
0.0
0.0
0.0
