1.4263493080537164
0.2107621135989199
0.11104505212086918
0.0727717944881199
0.052728072069387434
0.040839381597246496
0.033141973133566156
0.027819756301862644
0.023949851218596965
0.021023103973494984
0.018739260999389006
0.016911314031895018
0.015417385609588129
0.014174966205477077
0.013126367307898106
0.012230125432484607
0.011455719246788934
0.010780210040240292
0.010186040392718834
0.009659553158209643
0.00918997143218545
0.008768681158691543
0.008388717017879308
0.00804438769656745
0.0077309985273251195
0.007444643308020421
0.007182046039712226
0.006940439197357418
0.006717469087076116
0.006511121528417792
0.006319662957913364
0.0061415933541402856
0.0059756083117855265
0.00582056825966973
0.005675473303666055
0.005539442533044186
0.005411696894533907
0.005291544937767823
0.005178370886635342
0.00507162460620183
0.004970813123375653
0.004875493428087855
0.0047852663352492475
0.004699771229761098
0.004618681550052186
0.004541700892002903
0.004468559636211609
0.00439901201851258
0.004332833577351444
0.004269818922743177
0.0042097797806070454
0.004152543273703251
0.004097950406510074
0.004045854726431552
0.003996121137915822
0.003948624849552854
0.003903250437135536
0.0038598910081128566
0.003818447454920753
0.0037788277864126275
0.0037409465280817656
0.00370472418301664
0.003670086746593765
0.0036369652688213695
0.003605295459025366
0.0035750173282374383
0.0035460748652204575
0.0035184157425631
0.00349199104970519
0.0034667550501279168
0.003442664960266956
0.0034196807479886025
0.0033977649487153608
0.0033768824975028526
0.003357000575558802
0.0033380884698607917
0.0033201174446755135
0.0033030606239110825
0.0032868928833477765
0.0032715907518934342
0.003257132321099117
0.0032434971622502264
0.003230666250419063
0.003218621894928119
0.003207347675729926
0.0031968283852601242
0.0031870499753659538
0.003177999508953574
0.0031696651160347364
0.0031620359538870376
0.0031551021710726265
0.0031488548750881777
0.0031432861034445584
0.0031383887979981925
0.0031341567823778647
0.003130584742370966
0.0031276682091520925
0.00312540354525462
0.0031237879332027788
0.003122819366737712
0.0031224966445864604
0.003122819366737712
0.0031237879332027788
0.00312540354525462
0.0031276682091520925
0.003130584742370966
0.0031341567823778647
0.0031383887979981925
0.0031432861034445584
0.0031488548750881777
0.0031551021710726265
0.0031620359538870376
0.0031696651160347364
0.003177999508953574
0.0031870499753659538
0.0031968283852601242
0.003207347675729926
0.003218621894928119
0.003230666250419063
0.0032434971622502264
0.003257132321099117
0.0032715907518934342
0.0032868928833477765
0.0033030606239110825
0.0033201174446755135
0.0033380884698607917
0.003357000575558802
0.0033768824975028526
0.0033977649487153608
0.0034196807479886025
0.003442664960266956
0.0034667550501279168
0.00349199104970519
0.0035184157425631
0.0035460748652204575
0.0035750173282374383
0.003605295459025366
0.0036369652688213695
0.003670086746593765
0.00370472418301664
0.0037409465280817656
0.0037788277864126275
0.003818447454920753
0.0038598910081128566
0.003903250437135536
0.003948624849552854
0.003996121137915822
0.004045854726431552
0.004097950406510074
0.004152543273703251
0.0042097797806070454
0.004269818922743177
0.004332833577351444
0.00439901201851258
0.004468559636211609
0.004541700892002903
0.004618681550052186
0.004699771229761098
0.0047852663352492475
0.004875493428087855
0.004970813123375653
0.00507162460620183
0.005178370886635342
0.005291544937767823
0.005411696894533907
0.005539442533044186
0.005675473303666055
0.00582056825966973
0.0059756083117855265
0.0061415933541402856
0.006319662957913364
0.006511121528417792
0.006717469087076116
0.006940439197357418
0.007182046039712226
0.007444643308020421
0.0077309985273251195
0.00804438769656745
0.008388717017879308
0.008768681158691543
0.00918997143218545
0.009659553158209643
0.010186040392718834
0.010780210040240292
0.011455719246788934
0.012230125432484607
0.013126367307898106
0.014174966205477077
0.015417385609588129
0.016911314031895018
0.018739260999389006
0.021023103973494984
0.023949851218596965
0.027819756301862644
0.033141973133566156
0.040839381597246496
0.052728072069387434
0.0727717944881199
0.11104505212086918
0.2107621135989199

0.15352575815815353
0.20630205591046638
0.25315369504763763
0.28367652295552
0.29028254973437806
0.2712544515073867
0.23146815378744134
0.1803699883681925
0.12835082186805447
0.08341110706625245
0.049538100912040334
0.027060939624706
0.014342339895701623
0.010011531761751197
0.015217089349254172
0.03518945107414318
0.07832736195094804
0.15055334469933634
0.24581649733297314
0.34179905792084236
0.5225538311782653
1.4720252943482903
1.4447176070081864
0.3736397239932967
0.14492555483376524
0.07302896378839227
0.03160271786500217
0.011584070941599156
0.003596539173787485
0.0009457910139838012
0.0002106649932074576
3.9744438495312825e-05
6.351073803210781e-06
8.596165240048342e-07
9.85483035454281e-08
9.569304003426303e-09
7.870428044139204e-10
5.4828094857869263e-11
3.235152519245077e-12
1.6168627897899864e-13
6.844447151635951e-15
2.4540894273018623e-16
7.452966963048336e-18
1.9171443306741002e-19
4.1770264458196516e-21
7.708439034909686e-23
1.204904040764615e-24
1.5952372473774732e-26
1.7888952212259022e-28
1.6991484675109808e-30
1.3669875341063393e-32
9.315036949982695e-35
5.376398008536134e-37
2.6283611726565043e-39
1.08834221796627e-41
3.8170927387697726e-44
1.1339313158298535e-46
2.8531696239859766e-49
6.080723361141337e-52
1.0976648135726523e-54
1.6783062788476025e-57
2.173503416079591e-60
2.384187412972862e-63
2.2152850070808837e-66
1.7439532980064083e-69
1.1650083557660267e-72
6.673002872609838e-76
3.515775942848032e-79
2.4297817994763037e-82
3.675186113585386e-85
8.392785063180774e-88
1.9293676343433796e-90
4.099688952143314e-93
7.965556171923693e-96
1.413502490062923e-98
2.2905548936758274e-101
3.3895628254453935e-104
4.580418042518568e-107
5.652296789641835e-110
6.369468706804505e-113
6.554504537918007e-116
6.159350780443243e-119
5.285528483610217e-122
4.1419066489262983e-125
2.9639481696472127e-128
1.936864828560708e-131
1.1558099542508976e-134
6.298424931804471e-138
3.134266307936168e-141
1.4242893944249304e-144
5.9104288851536536e-148
2.2397428639824868e-151
7.750607360848906e-155
2.449242128183054e-158
7.067830323641867e-162
1.8625113092374962e-165
4.4819822431452657e-169
9.849172737203706e-173
1.9764588945033518e-176
3.6218814270631473e-180
