0.5313011732885534
0.04966219167043547
0.005548937827485901
0.0006961799924055068
9.438143282175634e-05
1.3597033181004753e-05
2.0815845109366935e-06
3.443348997546381e-07
6.393769711017694e-08
1.4171590260028258e-08
4.161287720943604e-09
1.4890755399827632e-09
6.765964610821795e-10
3.6820881546898794e-10
2.2808133608835212e-10
1.5529611506793103e-10
1.1350170009615413e-10
8.755000996634032e-11
7.039011753188128e-11
5.844623743160887e-11
4.977443297385685e-11
4.325438398560096e-11
3.8207334409728415e-11
3.42038823765259e-11
3.096196577836164e-11
2.8290121454611723e-11
2.6054589617309358e-11
2.4159525685599753e-11
2.2534697922582247e-11
2.112760977479192e-11
1.989831985246675e-11
1.881595331027453e-11
1.7856300986156384e-11
1.7000134413723314e-11
1.6232001972008706e-11
1.5539354677206522e-11
1.4911901830920763e-11
1.4341129556399347e-11
1.3819936495883296e-11
1.3342354944384807e-11
1.2903335082411841e-11
1.2498576362838372e-11
1.2124394524449756e-11
1.177761579879854e-11
1.1455492071919435e-11
1.1155632338066995e-11
1.087594692633041e-11
1.0614601819853089e-11
1.036998100874275e-11
1.0140655282268877e-11
9.925356216236972e-12
9.72295437776823e-12
9.532440973800082e-12
9.352912327163433e-12
9.183556686553653e-12
9.023642972538327e-12
8.872511137202061e-12
8.729563874804166e-12
8.594259468448252e-12
8.46610559591205e-12
8.344653948504298e-12
8.229495541674196e-12
8.120256616311061e-12
8.016595046181099e-12
7.918197180491402e-12
7.824775061728548e-12
7.736063968146793e-12
7.651820237943212e-12
7.571819338542293e-12
7.495854149753256e-12
7.423733434045355e-12
7.355280470960655e-12
7.29033183587201e-12
7.228736305995733e-12
7.170353878864672e-12
7.11505489042499e-12
7.062719221593271e-12
7.0132355835451315e-12
6.9665008732396255e-12
6.9224195917465474e-12
6.8809033188621205e-12
6.841870238294459e-12
6.805244708391302e-12
6.7709568739847984e-12
6.738942315453766e-12
6.709141731564364e-12
6.681500653054423e-12
6.655969184282708e-12
6.6325017705789705e-12
6.611056989209454e-12
6.591597362120438e-12
6.5740891888439046e-12
6.558502398147901e-12
6.544810417193042e-12
6.532990057118727e-12
6.523021414130101e-12
6.5148877852922774e-12
6.508575598363346e-12
6.504074355114163e-12
6.5013765876924645e-12
6.50047782769266e-12
6.5013765876924645e-12
6.504074355114163e-12
6.508575598363346e-12
6.5148877852922774e-12
6.523021414130101e-12
6.532990057118727e-12
6.544810417193042e-12
6.558502398147901e-12
6.5740891888439046e-12
6.591597362120438e-12
6.611056989209454e-12
6.6325017705789705e-12
6.655969184282708e-12
6.681500653054423e-12
6.709141731564364e-12
6.738942315453766e-12
6.7709568739847984e-12
6.805244708391302e-12
6.841870238294459e-12
6.8809033188621205e-12
6.9224195917465474e-12
6.9665008732396255e-12
7.0132355835451315e-12
7.062719221593271e-12
7.11505489042499e-12
7.170353878864672e-12
7.228736305995733e-12
7.29033183587201e-12
7.355280470960655e-12
7.423733434045355e-12
7.495854149753256e-12
7.571819338542293e-12
7.651820237943212e-12
7.736063968146793e-12
7.824775061728548e-12
7.918197180491402e-12
8.016595046181099e-12
8.120256616311061e-12
8.229495541674196e-12
8.344653948504298e-12
8.46610559591205e-12
8.594259468448252e-12
8.729563874804166e-12
8.872511137202061e-12
9.023642972538327e-12
9.183556686553653e-12
9.352912327163433e-12
9.532440973800082e-12
9.72295437776823e-12
9.925356216236972e-12
1.0140655282268877e-11
1.036998100874275e-11
1.0614601819853089e-11
1.087594692633041e-11
1.1155632338066995e-11
1.1455492071919435e-11
1.177761579879854e-11
1.2124394524449756e-11
1.2498576362838372e-11
1.2903335082411841e-11
1.3342354944384807e-11
1.3819936495883296e-11
1.4341129556399347e-11
1.4911901830920763e-11
1.5539354677206522e-11
1.6232001972008706e-11
1.7000134413723314e-11
1.7856300986156384e-11
1.881595331027453e-11
1.989831985246675e-11
2.112760977479192e-11
2.2534697922582247e-11
2.4159525685599753e-11
2.6054589617309358e-11
2.8290121454611723e-11
3.096196577836164e-11
3.42038823765259e-11
3.8207334409728415e-11
4.325438398560096e-11
4.977443297385685e-11
5.844623743160887e-11
7.039011753188128e-11
8.755000996634032e-11
1.1350170009615413e-10
1.5529611506793103e-10
2.2808133608835212e-10
3.6820881546898794e-10
6.765964610821795e-10
1.4890755399827632e-09
4.161287720943604e-09
1.4171590260028258e-08
6.393769711017694e-08
3.443348997546381e-07
2.0815845109366935e-06
1.3597033181004753e-05
9.438143282175634e-05
0.0006961799924055068
0.005548937827485901
0.04966219167043547

2.7612500099663866e-10
5.226293808379581e-09
7.910883065585589e-08
9.576331307421746e-07
9.27078296254416e-06
7.177558156639935e-05
0.0004444127929347134
0.002220991082128882
0.01501495433338476
0.22097736330701118
0.6614971235115813
0.32197155452367776
0.23478425712635934
0.2970526160954846
0.3077208194125874
0.2549457131049543
0.16892020814656955
0.08950732037673843
0.03792962569793384
0.012854098153894886
0.0034837559248802577
0.000755086807198505
0.00013088476513297678
1.8143637787595722e-05
2.011419656790424e-06
1.7832985906844307e-07
1.2644116721669629e-08
7.169617387428839e-10
3.251221190570594e-11
1.179071406707567e-12
3.419611365136347e-14
7.931520473655297e-16
1.4712253553865486e-17
2.1824535337381972e-19
2.5891300456690816e-21
2.4564378277933545e-23
1.8638061582384851e-25
1.1309379084551532e-27
5.4880724308401096e-30
2.1298251982644165e-32
6.61014735421687e-35
1.6406705195443731e-37
3.256676810173454e-40
5.169767386037462e-43
6.563120782549454e-46
6.663353359556419e-49
5.410262612143137e-52
3.513070790357728e-55
1.8243094583226074e-58
7.5762303738551045e-62
2.5162331970250324e-65
6.683310786725645e-69
1.4196310187237728e-72
2.4115837931142695e-76
3.2762141872040034e-80
3.5594694536949235e-84
3.092725018303328e-88
2.149019708328151e-92
1.1942150574458461e-96
5.307227942272109e-101
1.886235838799707e-105
5.361265284531379e-110
1.2186574732541234e-114
2.2153332626323878e-119
3.2206203607813294e-124
3.744407044662308e-129
3.48152587030797e-134
2.5888044903953576e-139
1.5394724929221398e-144
7.321290966205364e-150
2.784495077351685e-155
8.469315183630817e-161
2.0601231851639235e-166
4.0075701934064075e-172
6.234650880589128e-178
7.756864314003987e-184
7.717973862063521e-190
6.141344583272867e-196
3.908109123441009e-202
1.9889000158774533e-208
8.094728264450706e-215
2.6347211090482847e-221
6.858198977798724e-228
1.4276724041694138e-234
2.3767861189158266e-241
3.1644241726011966e-248
3.3693206051680436e-255
2.86901643464874e-262
1.9537400880951507e-269
1.0640048142657876e-276
4.634079198979395e-284
1.614084861471748e-291
4.496062401932173e-299
1.0015700973461693e-306
1.7843227924e-314
2.5e-322
0.0
0.0
0.0
0.0
