1.1027563837624756
0.3790394111667669
0.27681789235723725
0.21355849153043213
0.16672194383920153
0.13146885840625738
0.1046937340701923
0.08418227610136003
0.06833603120195825
0.05599200014775636
0.04629759888690092
0.038623150229140944
0.03250019756631266
0.027577716053019626
0.023590813872700685
0.020338208856522887
0.017665911588302798
0.015455326917851921
0.013614521256612493
0.012071772564480741
0.010770776562561958
0.009667062021067572
0.008725294026744915
0.007917233279200055
0.007220182879189695
0.00661579944316297
0.006089178025608155
0.0056281439542049325
0.005222701870903438
0.004864604845717858
0.004547015677074947
0.004264239328715877
0.004011510532964255
0.0037848243839374122
0.003580800591619095
0.003396574215123664
0.0032297073207472305
0.003078117249280605
0.0029400181245788242
0.002813872963325134
0.002698354307644784
0.002592311737547182
0.0024947449589734104
0.0024047814279964984
0.002321657679480667
0.0022447036921778548
0.002173329751683197
0.002107015375434715
0.0020452999458301264
0.0019877747630248654
0.0019340762815407487
0.0018838803371530935
0.0018368972047421933
0.0017928673555429946
0.0017515578048019232
0.001712758959275318
0.0016762818890898724
0.0016419559608750799
0.001609626779283446
0.0015791543924458282
0.0015504117238951103
0.001523283199295804
0.0014976635411530306
0.0014734567087143166
0.0014505749636614742
0.0014289380450314764
0.001408472439197601
0.0013891107327611723
0.0013707910379123843
0.001353456481267254
0.0013370547484190234
0.001321537677491284
0.0013068608958757763
0.0012929834951042384
0.0012798677394609901
0.0012674788045078209
0.0012557845421792533
0.001244755269526136
0.00123436357854863
0.001224584164874341
0.0012153936733106292
0.0012067705585379358
0.0011986949594183598
0.0011911485855749563
0.0011841146150559751
0.001177577602037621
0.0011715233936415441
0.0011659390550514837
0.001160812802209168
0.0011561339414545354
0.0011518928155509053
0.0011480807556032752
0.001144690038438473
0.0011417138490704812
0.0011391462479236314
0.0011369821425313857
0.0011352172634696363
0.0011338481443215515
0.001132872105506394
0.0011322872418380499
0.0011320924137105386
0.0011322872418380499
0.001132872105506394
0.0011338481443215515
0.0011352172634696363
0.0011369821425313857
0.0011391462479236314
0.0011417138490704812
0.001144690038438473
0.0011480807556032752
0.0011518928155509053
0.0011561339414545354
0.001160812802209168
0.0011659390550514837
0.0011715233936415441
0.001177577602037621
0.0011841146150559751
0.0011911485855749563
0.0011986949594183598
0.0012067705585379358
0.0012153936733106292
0.001224584164874341
0.00123436357854863
0.001244755269526136
0.0012557845421792533
0.0012674788045078209
0.0012798677394609901
0.0012929834951042384
0.0013068608958757763
0.001321537677491284
0.0013370547484190234
0.001353456481267254
0.0013707910379123843
0.0013891107327611723
0.001408472439197601
0.0014289380450314764
0.0014505749636614742
0.0014734567087143166
0.0014976635411530306
0.001523283199295804
0.0015504117238951103
0.0015791543924458282
0.001609626779283446
0.0016419559608750799
0.0016762818890898724
0.001712758959275318
0.0017515578048019232
0.0017928673555429946
0.0018368972047421933
0.0018838803371530935
0.0019340762815407487
0.0019877747630248654
0.0020452999458301264
0.002107015375434715
0.002173329751683197
0.0022447036921778548
0.002321657679480667
0.0024047814279964984
0.0024947449589734104
0.002592311737547182
0.002698354307644784
0.002813872963325134
0.0029400181245788242
0.003078117249280605
0.0032297073207472305
0.003396574215123664
0.003580800591619095
0.0037848243839374122
0.004011510532964255
0.004264239328715877
0.004547015677074947
0.004864604845717858
0.005222701870903438
0.0056281439542049325
0.006089178025608155
0.00661579944316297
0.007220182879189695
0.007917233279200055
0.008725294026744915
0.009667062021067572
0.010770776562561958
0.012071772564480741
0.013614521256612493
0.015455326917851921
0.017665911588302798
0.020338208856522887
0.023590813872700685
0.027577716053019626
0.03250019756631266
0.038623150229140944
0.04629759888690092
0.05599200014775636
0.06833603120195825
0.08418227610136003
0.1046937340701923
0.13146885840625738
0.16672194383920153
0.21355849153043213
0.27681789235723725
0.3790394111667669

0.04212959103699962
1.3684046620561119
0.9192623820930252
0.012772093024127962
3.6701371950687966e-06
2.181223493089371e-11
2.6811270739173286e-18
6.143981550255709e-20
1.639300606752567e-16
2.0198875519342784e-13
1.1493588231433583e-10
3.020257167157732e-08
3.6651525995953254e-06
0.00020539981459568918
0.005315790802253606
0.06353244420074443
0.3506574693471031
0.8937796721186831
1.052053195664141
0.5718798242357158
0.14355942109260317
0.016642496331608737
0.000890974120619711
2.202782195660182e-05
2.514999330069443e-07
1.3260626353278408e-09
3.2288662133358337e-12
3.630746365833079e-15
1.885391827647529e-18
4.521340111048391e-22
5.0071728390509794e-26
2.5608128258421842e-30
6.048155354730748e-35
6.596717528770217e-40
3.322711894658884e-45
7.728893669220032e-51
8.302365086805826e-57
4.118567326391776e-63
9.435183713126324e-70
9.981927240527463e-77
4.876837527719603e-84
1.1003276408801057e-91
1.1464776864053246e-99
5.516568796025735e-108
1.2258358511632678e-116
1.257927023752439e-125
5.961264936841821e-135
1.3046116379964986e-144
1.318511497930828e-154
6.153843431030032e-165
1.3263825874625105e-175
1.3202343541963879e-186
6.0686640334455054e-198
1.2882347475580722e-209
1.262864547324679e-221
5.717134135364668e-234
1.1952529942332483e-246
1.1539876130151514e-259
5.145200487007151e-273
1.0594081393193892e-286
1.0073587349780766e-300
4.423488026e-315
0.0
0.0
0.0
0.0
0.0
0.0
0.0
0.0
0.0
0.0
0.0
0.0
0.0
0.0
0.0
0.0
0.0
0.0
0.0
0.0
0.0
0.0
0.0
0.0
0.0
0.0
0.0
0.0
0.0
0.0
0.0
0.0
0.0
0.0
0.0
0.0
0.0
0.0
