0.5444515675105909
0.3412939396140113
0.2427222310050727
0.1864750204660149
0.15052006137863036
0.12564729878334177
0.10745312921861859
0.0935933912658372
0.082709043306809
0.07395697363039586
0.06678520202539631
0.06081643528922395
0.05578364263915212
0.05149236951141939
0.04779762668215939
0.04458913790600538
0.04178159591053704
0.03930803565611551
0.037115212951786464
0.03516031075094017
0.033408546811202
0.03183140691838109
0.030405320771587432
0.02911065653515281
0.027930948335091015
0.02685229638964031
0.025862896669718225
0.02495266884283677
0.024112959557194648
0.02333630402157932
0.022616233083127144
0.02194711609884991
0.021324032175988255
0.02074266405238286
0.0201992101622135
0.019690311397994223
0.01921298981733783
0.018764597110792987
0.018342771087226244
0.017945398776734775
0.017570585020845807
0.017216625632876695
0.016881984380640005
0.016565273178904858
0.016265234987579327
0.01598072899914199
0.015710717769808966
0.015454256006679086
0.015210480770309476
0.01497860289091857
0.01475789942833608
0.014547707032218467
0.014347416080958901
0.014156465495968752
0.013974338143256094
0.013800556747010046
0.013634680250649768
0.013476300569864146
0.013325039689838662
0.013180547065372762
0.013042497288126072
0.012910587989952538
0.012784537955318288
0.012664085419259195
0.01254898653030761
0.012439013960378765
0.012333955645818295
0.012233613645725313
0.012137803105324271
0.012046351313600226
0.011959096845667264
0.011875888781434937
0.011796585993095104
0.011721056494790305
0.011649176848560828
0.0115808316213151
0.011515912888138389
0.01145431977775801
0.011395958056428708
0.011340739746896145
0.011288582779446634
0.01123941067236269
0.011193152239381554
0.011149741322001598
0.011109116544703314
0.011071221091350654
0.011036002501217057
0.011003412483241836
0.010973406747268159
0.010945944851145766
0.010920990062701672
0.01089850923569134
0.010878472698943277
0.010860854158001998
0.010845630608659495
0.010832782261844465
0.010822292479412386
0.010814147720448855
0.010808337497764442
0.010804854344321591
0.010803693789394603
0.010804854344321591
0.010808337497764442
0.010814147720448855
0.010822292479412386
0.010832782261844465
0.010845630608659495
0.010860854158001998
0.010878472698943277
0.01089850923569134
0.010920990062701672
0.010945944851145766
0.010973406747268159
0.011003412483241836
0.011036002501217057
0.011071221091350654
0.011109116544703314
0.011149741322001598
0.011193152239381554
0.01123941067236269
0.011288582779446634
0.011340739746896145
0.011395958056428708
0.01145431977775801
0.011515912888138389
0.0115808316213151
0.011649176848560828
0.011721056494790305
0.011796585993095104
0.011875888781434937
0.011959096845667264
0.012046351313600226
0.012137803105324271
0.012233613645725313
0.012333955645818295
0.012439013960378765
0.01254898653030761
0.012664085419259195
0.012784537955318288
0.012910587989952538
0.013042497288126072
0.013180547065372762
0.013325039689838662
0.013476300569864146
0.013634680250649768
0.013800556747010046
0.013974338143256094
0.014156465495968752
0.014347416080958901
0.014547707032218467
0.01475789942833608
0.01497860289091857
0.015210480770309476
0.015454256006679086
0.015710717769808966
0.01598072899914199
0.016265234987579327
0.016565273178904858
0.016881984380640005
0.017216625632876695
0.017570585020845807
0.017945398776734775
0.018342771087226244
0.018764597110792987
0.01921298981733783
0.019690311397994223
0.0201992101622135
0.02074266405238286
0.021324032175988255
0.02194711609884991
0.022616233083127144
0.02333630402157932
0.024112959557194648
0.02495266884283677
0.025862896669718225
0.02685229638964031
0.027930948335091015
0.02911065653515281
0.030405320771587432
0.03183140691838109
0.033408546811202
0.03516031075094017
0.037115212951786464
0.03930803565611551
0.04178159591053704
0.04458913790600538
0.04779762668215939
0.05149236951141939
0.05578364263915212
0.06081643528922395
0.06678520202539631
0.07395697363039586
0.082709043306809
0.0935933912658372
0.10745312921861859
0.12564729878334177
0.15052006137863036
0.1864750204660149
0.2427222310050727
0.3412939396140113

0.5206315668091783
0.7543898150602522
0.44264885285892563
0.3475694640900616
0.285213442965594
0.21440677822478432
0.14740232316690177
0.09267589799164384
0.05328757223619097
0.02802087694770963
0.01347516738350013
0.0059262950697274224
0.0023835761478035013
0.0008767412647028566
0.00029492427554066945
9.072902671393225e-05
2.5525757548959608e-05
6.567614979165614e-06
1.5453732362836887e-06
3.325490760374286e-07
6.544474223024929e-08
1.1778512155393864e-08
1.938664976448855e-09
2.9181778155345043e-10
4.017143960870889e-11
5.057311411583611e-12
5.822622777564274e-13
6.130759364470675e-14
5.903458878252074e-15
5.198708561985906e-16
4.1867888413795815e-17
3.083637378578311e-18
2.07702728523213e-19
1.2794336217252397e-20
7.2075883335073055e-22
3.7132898043766917e-23
1.749542003759781e-24
7.538528121364656e-26
2.9706083799910105e-27
1.0705350759993161e-28
3.5281988832411726e-30
1.0634127715705892e-31
2.9312127606014434e-33
7.38906471832202e-35
1.703445546746526e-36
3.591399328342607e-38
6.924617611922689e-40
1.2210249884000368e-41
1.969019263007423e-43
2.903835664485335e-45
3.9164335467615624e-47
4.830656381807547e-49
5.449017304573796e-51
5.621172141751124e-53
5.303129596622898e-55
4.575454623553257e-57
3.6102137995185506e-59
2.6051230900373515e-61
1.719175571782405e-63
1.03754961094568e-65
5.726564666316612e-68
2.8905209653327016e-70
1.3343038378610762e-72
5.632873571324266e-75
2.1747128930045916e-77
7.678396096724689e-80
2.4793380838560787e-82
7.321459225945729e-85
1.977225495036387e-87
4.883277590330794e-90
1.102968933720312e-92
2.278304694571459e-95
4.30384861469685e-98
7.435305642718782e-101
1.174728003331139e-103
1.6973541813653523e-106
2.24287094296553e-109
2.710396024061575e-112
2.9954210375836197e-115
3.0274686644160854e-118
2.79832462877414e-121
2.3654468270837623e-124
1.8286262179288582e-127
1.2928059773060128e-130
8.358693827783001e-134
4.942425605826678e-137
2.6726280448327995e-140
1.3217020349994247e-143
5.977578017223306e-147
2.472370793297198e-150
9.351873271419791e-154
3.2350446452036464e-157
1.0234310785754514e-160
2.9609670917896627e-164
7.834390543596471e-168
1.8957170273958673e-171
4.195062752219271e-175
8.489851021412717e-179
1.5712971910994725e-182
2.6595812097693106e-186
