0.7508167187376871
0.08480381407070957
0.016994425045602852
0.004922260154554163
0.0019353755596857468
0.0009690099991947543
0.0005790757843947418
0.0003916303815582892
0.00028851994033384583
0.0002256794113733494
0.00018427525462675652
0.00015531078681439513
0.00013408027040034593
0.00011793268141403499
0.00010528034375551594
9.512284702289974e-05
8.680238640262807e-05
7.987055335820326e-05
7.401212179566647e-05
6.899953566987419e-05
6.466469925957508e-05
6.088091265001321e-05
5.755096681800435e-05
5.4599095799728675e-05
5.196541148930411e-05
4.9601976232441926e-05
4.746998007314275e-05
4.553767812161788e-05
4.3778860551268875e-05
4.217170204091816e-05
4.0697885652110955e-05
3.93419279647051e-05
3.809065370230387e-05
3.6932782711299316e-05
3.585860230880638e-05
3.485970515592361e-05
3.39287779013259e-05
3.3059429509872685e-05
3.224605086710933e-05
3.148369922274123e-05
3.076800250387671e-05
3.009507963121714e-05
2.9461473806557178e-05
2.8864096377894167e-05
2.8300179379485248e-05
2.776723522492131e-05
2.7263022328532123e-05
2.6785515664009365e-05
2.6332881453872933e-05
2.5903455330254125e-05
2.549572342504502e-05
2.510830594192124e-05
2.4739942839139164e-05
2.4389481314043414e-05
2.405586483084296e-05
2.3738123474706685e-05
2.3435365449383298e-05
2.314676956377975e-05
2.2871578576355637e-05
2.2609093285700243e-05
2.2358667271967046e-05
2.2119702207519745e-05
2.1891643666657562e-05
2.1673977374008706e-05
2.1466225839415058e-05
2.1267945334126312e-05
2.107872316908199e-05
2.0898175241151836e-05
2.0725943817568376e-05
2.056169553253269e-05
2.040511957320253e-05
2.0255926035057848e-05
2.0113844429051018e-05
1.9978622325040378e-05
1.985002411782549e-05
1.9727829903686814e-05
1.9611834456717936e-05
1.950184629544952e-05
1.9397686831327944e-05
1.9299189591545665e-05
1.9206199509543986e-05
1.9118572277235754e-05
1.9036173753638995e-05
1.895887942518257e-05
1.8886573913452598e-05
1.8819150526599717e-05
1.875651085103127e-05
1.8698564380373774e-05
1.864522817901578e-05
1.859642657783379e-05
1.8552090899968204e-05
1.8512159214756296e-05
1.8476576118147418e-05
1.8445292538125665e-05
1.8418265563848996e-05
1.8395458297383177e-05
1.837683972706726e-05
1.836238462169456e-05
1.8352073444832545e-05
1.8345892288737084e-05
1.8343832827443233e-05
1.8345892288737084e-05
1.8352073444832545e-05
1.836238462169456e-05
1.837683972706726e-05
1.8395458297383177e-05
1.8418265563848996e-05
1.8445292538125665e-05
1.8476576118147418e-05
1.8512159214756296e-05
1.8552090899968204e-05
1.859642657783379e-05
1.864522817901578e-05
1.8698564380373774e-05
1.875651085103127e-05
1.8819150526599717e-05
1.8886573913452598e-05
1.895887942518257e-05
1.9036173753638995e-05
1.9118572277235754e-05
1.9206199509543986e-05
1.9299189591545665e-05
1.9397686831327944e-05
1.950184629544952e-05
1.9611834456717936e-05
1.9727829903686814e-05
1.985002411782549e-05
1.9978622325040378e-05
2.0113844429051018e-05
2.0255926035057848e-05
2.040511957320253e-05
2.056169553253269e-05
2.0725943817568376e-05
2.0898175241151836e-05
2.107872316908199e-05
2.1267945334126312e-05
2.1466225839415058e-05
2.1673977374008706e-05
2.1891643666657562e-05
2.2119702207519745e-05
2.2358667271967046e-05
2.2609093285700243e-05
2.2871578576355637e-05
2.314676956377975e-05
2.3435365449383298e-05
2.3738123474706685e-05
2.405586483084296e-05
2.4389481314043414e-05
2.4739942839139164e-05
2.510830594192124e-05
2.549572342504502e-05
2.5903455330254125e-05
2.6332881453872933e-05
2.6785515664009365e-05
2.7263022328532123e-05
2.776723522492131e-05
2.8300179379485248e-05
2.8864096377894167e-05
2.9461473806557178e-05
3.009507963121714e-05
3.076800250387671e-05
3.148369922274123e-05
3.224605086710933e-05
3.3059429509872685e-05
3.39287779013259e-05
3.485970515592361e-05
3.585860230880638e-05
3.6932782711299316e-05
3.809065370230387e-05
3.93419279647051e-05
4.0697885652110955e-05
4.217170204091816e-05
4.3778860551268875e-05
4.553767812161788e-05
4.746998007314275e-05
4.9601976232441926e-05
5.196541148930411e-05
5.4599095799728675e-05
5.755096681800435e-05
6.088091265001321e-05
6.466469925957508e-05
6.899953566987419e-05
7.401212179566647e-05
7.987055335820326e-05
8.680238640262807e-05
9.512284702289974e-05
0.00010528034375551594
0.00011793268141403499
0.00013408027040034593
0.00015531078681439513
0.00018427525462675652
0.0002256794113733494
0.00028851994033384583
0.0003916303815582892
0.0005790757843947418
0.0009690099991947543
0.0019353755596857468
0.004922260154554163
0.016994425045602852
0.08480381407070957

0.0008652832559076939
0.0025858807310146655
0.006933133842672362
0.016677140310370736
0.0359902186813983
0.06968162891492911
0.1210383562547434
0.18862475576970802
0.2637214680992495
0.33079899258837436
0.3722701922801126
0.3758747414339731
0.34055366169851664
0.27705723312639047
0.20294509180166262
0.13532949091608124
0.08561365895647162
0.05818757391650584
0.051952551223371946
0.06227888808298501
0.08210710481212076
0.10278369035814573
0.11585037139926375
0.11580930759805962
0.10226040218965218
0.07967496547241286
0.054759645325455825
0.03319626777833338
0.017749993604324395
0.008371142681375992
0.0034821551016411016
0.0012775799141872682
0.00041343245685563333
0.00011800422854669167
2.9707566251370858e-05
6.596492594333718e-06
1.2919198885341017e-06
2.2316937064073206e-07
3.4002440787839397e-08
4.569430719035192e-09
5.416148965973532e-10
5.662335575657576e-11
5.221281484349851e-12
4.2465389296093234e-13
3.046278547835064e-14
1.927438875279877e-15
1.0756429024551292e-16
5.2945873452858986e-18
2.2986487781743226e-19
8.802167305681687e-21
2.9729192935545416e-22
8.856316315201911e-24
2.3270173390037034e-25
5.392903122196091e-27
1.102356628339452e-28
1.987458717907802e-30
3.1604623061067377e-32
4.432815064835047e-34
5.483844240385986e-36
5.983662755326641e-38
5.758715261130388e-40
4.888330965362957e-42
3.6599242655851033e-44
2.4169078640921458e-46
1.4077469355230662e-48
7.232119374964955e-51
3.277050101852555e-53
1.3097158280849737e-55
4.616869197474547e-58
1.4354714679719926e-60
3.9365707257884227e-63
9.521778007545266e-66
2.0313957766953104e-68
3.822500387043852e-71
6.344202410036401e-74
9.287162033474852e-77
1.1991279188874678e-79
1.3656031382963488e-82
1.3717027122603606e-85
1.2152677925769074e-88
9.496432349935127e-92
6.545238390073743e-95
3.978936047589171e-98
2.1334621798039764e-101
1.008972751350005e-104
4.208723807280572e-108
1.5484525984282571e-111
5.024836133686021e-115
1.438210288875164e-118
3.630775355515953e-122
8.08449443083996e-126
1.587752675137181e-129
2.750358711483398e-133
4.202157499649533e-137
5.662807674532509e-141
6.73081722683251e-145
7.056352744398714e-149
6.524831005645903e-153
5.321508405650376e-157
3.8280423765902645e-161
