0.7236973736546403
0.45625925227190395
0.31436889837505383
0.23350425742144984
0.18397247790818166
0.15149379968440593
0.12886981725026575
0.11228694365996982
0.09961846414987362
0.08961585610835335
0.08150882081820066
0.07479956157816493
0.06915263277525117
0.06433351731652287
0.06017297074073256
0.05654550081524591
0.05335589083409065
0.050530466761721717
0.04801125972922252
0.04575199368120327
0.043715258476589844
0.041870474268269835
0.04019239724138544
0.03866000400548365
0.03725564611604111
0.03596440072619512
0.03477356589556111
0.033672264102857875
0.032651127724873066
0.03170204731949941
0.030817968531935906
0.02999272700314723
0.029220913238715257
0.02849776128791425
0.027819056486205366
0.02718105856632774
0.026580437239339356
0.026014217954897032
0.025479736018101763
0.024974597603337492
0.02449664648924988
0.024043935562195702
0.023614702312170673
0.023207347685921323
0.022820417774623524
0.022452587904230936
0.02210264877000965
0.021769494316470194
0.02145211111267142
0.02114956901287991
0.020861012925532364
0.02058565554071759
0.020322770889039072
0.020071688623593185
0.019831788932585245
0.019602498003355787
0.019383283969746992
0.019173653284164104
0.01897314746367298
0.018781340166260794
0.018597834559170908
0.01842226094616523
0.01825427462480183
0.018093553948454008
0.017939798570929314
0.017792727854252
0.017652079422512214
0.017517607846715046
0.01738908344732656
0.017266291202750732
0.01714902975331239
0.017037110491494964
0.016930356730209963
0.01682860294177859
0.01673169406110035
0.016639484847184634
0.016551839297839915
0.01646863011286292
0.01638973820155621
0.016315052230833616
0.016244468210557292
0.01617788911309259
0.016115224524372862
0.01605639032404044
0.01600130839247585
0.015949906342748447
0.015902117275720964
0.01585787955672059
0.015817136612352397
0.01577983674617923
0.015745932972127473
0.015715382864601557
0.015688148424403952
0.015664195959661797
0.015643495981058585
0.015626023110759384
0.01561175600450284
0.015600677286412646
0.015592773496156788
0.015588035048154866
0.015586456202603226
0.015588035048154866
0.015592773496156788
0.015600677286412646
0.01561175600450284
0.015626023110759384
0.015643495981058585
0.015664195959661797
0.015688148424403952
0.015715382864601557
0.015745932972127473
0.01577983674617923
0.015817136612352397
0.01585787955672059
0.015902117275720964
0.015949906342748447
0.01600130839247585
0.01605639032404044
0.016115224524372862
0.01617788911309259
0.016244468210557292
0.016315052230833616
0.01638973820155621
0.01646863011286292
0.016551839297839915
0.016639484847184634
0.01673169406110035
0.01682860294177859
0.016930356730209963
0.017037110491494964
0.01714902975331239
0.017266291202750732
0.01738908344732656
0.017517607846715046
0.017652079422512214
0.017792727854252
0.017939798570929314
0.018093553948454008
0.01825427462480183
0.01842226094616523
0.018597834559170908
0.018781340166260794
0.01897314746367298
0.019173653284164104
0.019383283969746992
0.019602498003355787
0.019831788932585245
0.020071688623593185
0.020322770889039072
0.02058565554071759
0.020861012925532364
0.02114956901287991
0.02145211111267142
0.021769494316470194
0.02210264877000965
0.022452587904230936
0.022820417774623524
0.023207347685921323
0.023614702312170673
0.024043935562195702
0.02449664648924988
0.024974597603337492
0.025479736018101763
0.026014217954897032
0.026580437239339356
0.02718105856632774
0.027819056486205366
0.02849776128791425
0.029220913238715257
0.02999272700314723
0.030817968531935906
0.03170204731949941
0.032651127724873066
0.033672264102857875
0.03477356589556111
0.03596440072619512
0.03725564611604111
0.03866000400548365
0.04019239724138544
0.041870474268269835
0.043715258476589844
0.04575199368120327
0.04801125972922252
0.050530466761721717
0.05335589083409065
0.05654550081524591
0.06017297074073256
0.06433351731652287
0.06915263277525117
0.07479956157816493
0.08150882081820066
0.08961585610835335
0.09961846414987362
0.11228694365996982
0.12886981725026575
0.15149379968440593
0.18397247790818166
0.23350425742144984
0.31436889837505383
0.45625925227190395

0.7730753596746418
0.7475244058774753
0.5627052366420044
0.7150588308628646
0.7961402866230324
0.30694330156552
0.03487004741031722
0.0011562337940327688
1.212174820497838e-05
7.348390645243624e-08
7.784255721066812e-10
7.945201233548986e-12
5.2986292498041825e-14
2.250805949914977e-16
6.086788430291438e-19
1.0478804128721076e-21
1.1484407478530185e-24
8.0126988177617255e-28
3.558954197489555e-31
1.0063274830919069e-34
1.8114636472002153e-38
2.0758370879263816e-42
1.5143639610665429e-46
7.033000026865187e-51
2.079334345431568e-55
3.9136446463984406e-60
4.689340915080481e-65
3.5769723171867994e-70
1.736971552251322e-75
5.369615482280209e-81
1.0567372655640576e-86
1.323927531592546e-92
1.0559291005571159e-98
5.361405540048589e-105
1.732989428063955e-111
3.5660425640744944e-118
4.671436895001154e-125
3.8957206284794334e-132
2.068228308789759e-139
6.990085792588118e-147
1.5039724767889672e-154
2.0600161529396793e-162
1.7962828255740606e-170
9.971308754078627e-179
3.5237327690951667e-187
7.927333350496459e-196
1.135336581583043e-204
1.035131432748375e-213
6.00813546773249e-223
2.220022063788905e-232
5.222136503123784e-242
7.820103544863192e-252
7.455042813686966e-262
4.524401471403037e-272
1.7480163185117263e-282
4.2993537970090967e-293
6.731847079796758e-304
6.710249277e-315
0.0
0.0
0.0
0.0
0.0
0.0
0.0
0.0
0.0
0.0
0.0
0.0
0.0
0.0
0.0
0.0
0.0
0.0
0.0
0.0
0.0
0.0
0.0
0.0
0.0
0.0
0.0
0.0
0.0
0.0
0.0
0.0
0.0
0.0
0.0
0.0
0.0
0.0
0.0
0.0
0.0
0.0
