1.2223978179424644
0.31998483507206316
0.16845863075208675
0.11085122337898867
0.08077600847396016
0.06276347586639544
0.05100758685544416
0.0428379133357024
0.036879731680301404
0.03236600246136323
0.028840607214665668
0.026017774506827622
0.023710486551838154
0.021791767233145173
0.02017265907552987
0.018789135217400443
0.017594020985004465
0.016551839658292954
0.015635426675269962
0.014823647364827542
0.01409982276787167
0.01345062128502205
0.012865263724297948
0.012334943511563688
0.011852397357017886
0.011411582904144447
0.011007433620118186
0.010635670241421757
0.010292654165636496
0.0099752723263283
0.009680845959386777
0.009407057685889376
0.0091518927714789
0.008913591455616713
0.008690609996710175
0.008481588633090054
0.00828532507161631
0.008100752424658717
0.007926920750043268
0.00776298152700174
0.007608174538394579
0.007461816735790894
0.0073232927469237446
0.007192046750161648
0.007067575492094305
0.006949422265231033
0.006837171695504269
0.0067304452155450036
0.006628897120921425
0.006532211123760697
0.0064400973322249755
0.006352289595823448
0.006268543166012468
0.006188632629359406
0.006112350077034388
0.00603950347979604
0.005969915242150838
0.005903420913150138
0.005839868034472838
0.005779115109128824
0.0057210306763936245
0.005665492480516787
0.005612386722392136
0.005561607384783541
0.005513055622903531
0.0054666392131756504
0.00542227205390122
0.00537987371231906
0.0053393690132109576
0.005300687664781676
0.0052637639180428365
0.00522853625636599
0.005194947112250828
0.005162942608687245
0.005132472322781952
0.005103489069576432
0.005075948704208819
0.005049809940771045
0.005025034186388531
0.005001585389205232
0.004979429899095013
0.004958536340043064
0.004938875493250398
0.004920420190112142
0.004903145214307645
0.00488702721231873
0.004872044611762878
0.004858177546991503
0.004845407791460864
0.004833718696435104
0.004823095135628147
0.00481352345543431
0.004804991430436944
0.004797488223920796
0.004791004353147287
0.0047855316591831456
0.004781063281101915
0.004777593634405287
0.004775118393537107
0.004773634478387587
0.004773140044709067
0.004773634478387587
0.004775118393537107
0.004777593634405287
0.004781063281101915
0.0047855316591831456
0.004791004353147287
0.004797488223920796
0.004804991430436944
0.00481352345543431
0.004823095135628147
0.004833718696435104
0.004845407791460864
0.004858177546991503
0.004872044611762878
0.00488702721231873
0.004903145214307645
0.004920420190112142
0.004938875493250398
0.004958536340043064
0.004979429899095013
0.005001585389205232
0.005025034186388531
0.005049809940771045
0.005075948704208819
0.005103489069576432
0.005132472322781952
0.005162942608687245
0.005194947112250828
0.00522853625636599
0.0052637639180428365
0.005300687664781676
0.0053393690132109576
0.00537987371231906
0.00542227205390122
0.0054666392131756504
0.005513055622903531
0.005561607384783541
0.005612386722392136
0.005665492480516787
0.0057210306763936245
0.005779115109128824
0.005839868034472838
0.005903420913150138
0.005969915242150838
0.00603950347979604
0.006112350077034388
0.006188632629359406
0.006268543166012468
0.006352289595823448
0.0064400973322249755
0.006532211123760697
0.006628897120921425
0.0067304452155450036
0.006837171695504269
0.006949422265231033
0.007067575492094305
0.007192046750161648
0.0073232927469237446
0.007461816735790894
0.007608174538394579
0.00776298152700174
0.007926920750043268
0.008100752424658717
0.00828532507161631
0.008481588633090054
0.008690609996710175
0.008913591455616713
0.0091518927714789
0.009407057685889376
0.009680845959386777
0.0099752723263283
0.010292654165636496
0.010635670241421757
0.011007433620118186
0.011411582904144447
0.011852397357017886
0.012334943511563688
0.012865263724297948
0.01345062128502205
0.01409982276787167
0.014823647364827542
0.015635426675269962
0.016551839658292954
0.017594020985004465
0.018789135217400443
0.02017265907552987
0.021791767233145173
0.023710486551838154
0.026017774506827622
0.028840607214665668
0.03236600246136323
0.036879731680301404
0.0428379133357024
0.05100758685544416
0.06276347586639544
0.08077600847396016
0.11085122337898867
0.16845863075208675
0.31998483507206316

0.23440394952269106
0.3199443085149374
0.39168564122126803
0.43009529361740517
0.42365092348834765
0.3745709704184413
0.2981444859910031
0.21653776958922383
0.15158775318842732
0.12055829186276457
0.13463653370856127
0.1964785857347295
0.29493111603945305
0.40155528137135243
0.47716803262310925
0.4898858396570999
0.43338227848120464
0.33013759715717284
0.21651210734670612
0.12223867377408874
0.059411037574935065
0.024857388126155275
0.008953090768394312
0.002775999492218492
0.0007409597143933227
0.0001702545001165634
3.3676843781016304e-05
5.734465435873386e-06
8.405881617344125e-07
1.0607239421763559e-07
1.1522593631762809e-08
1.077523850545296e-09
8.674257487296757e-11
6.011273655602896e-12
3.5861583336305277e-13
1.8417097753237017e-14
8.142198723587839e-16
3.098781639939743e-17
1.0152407052950664e-18
2.863359262171038e-20
6.952026729302951e-22
1.4530340659351385e-23
2.6143813158668215e-25
4.0494014830627e-27
5.399350438481518e-29
6.1975632203267825e-31
6.1239154672994735e-33
5.209141809264961e-35
3.81445016601733e-37
2.404509415840226e-39
1.304817553065701e-41
6.09539522464929e-44
2.451222431185152e-46
8.48579128331977e-49
2.528894668201667e-51
6.487806785832496e-54
1.4328272951172696e-56
2.7240718379376087e-59
4.458328225027788e-62
6.281368786165218e-65
7.618427124023757e-68
7.9543576635681e-71
7.149467303800191e-74
5.5318580374374954e-77
3.684657644852703e-80
2.1127690902340536e-83
1.0428832946284409e-86
4.43147384419264e-90
1.6210243041615121e-93
5.104578305508261e-97
1.3837564904471512e-100
3.229165502907833e-104
6.487183109029594e-108
1.1219454537005822e-111
1.6706556693035541e-115
2.1427908490515908e-119
2.3708762688569736e-123
2.2760782855060314e-127
1.9385979473000146e-131
1.5864423588442427e-135
1.5296235631752677e-139
2.102145947097816e-143
3.626537711346631e-147
6.347497062222087e-151
1.0285395936281442e-154
1.505442697209713e-158
1.9792549754657999e-162
2.334635436148371e-166
2.470088445123974e-170
2.344023867946578e-174
1.9950967018968064e-178
1.5230621029868126e-182
1.0428525380470025e-186
6.404419978394152e-191
3.527672932479082e-195
1.7428035244953343e-199
7.722539774785134e-204
3.0691879579744433e-208
1.0940531599319995e-212
3.4978805261569863e-217
