0.761207963202608
0.3135688664053716
0.17192879638259984
0.11178068246318279
0.08071748326034468
0.06241854278399227
0.050598499610874426
0.04243282172301943
0.03649828084812727
0.03201213967176047
0.028513221347212844
0.025714304309331148
0.02342816568452311
0.021528035701397184
0.019925272827450307
0.018556167767964576
0.017373829861570537
0.01634302508712046
0.015436792394334747
0.014634166596341008
0.013918609757494626
0.01327690788593978
0.012698380253630223
0.012174303115429445
0.011697483216694105
0.011261937729826468
0.010862650984808766
0.010495387397504205
0.010156546060000441
0.009843046588385952
0.009552238682477053
0.009281829858855516
0.009029827245714049
0.00879449035530188
0.008574292497666117
0.008367889049678494
0.008174091202269078
0.007991844115513704
0.007820208643307248
0.007658345966416862
0.007505504608847339
0.007361009417895346
0.007224252170510212
0.007094683533146526
0.006971806153303667
0.0068551687014867455
0.0067443607147239125
0.006639008118810557
0.006538769327479459
0.006443331833763994
0.0063524092227398524
0.006265738546231632
0.006183078009449712
0.006104204927270077
0.006028913914294817
0.005957015278179247
0.005888333590180264
0.0058227064106267665
0.00575998315016469
0.005700024050289031
0.005642699268927016
0.0055878880587488635
0.005535478027510992
0.005485364471127381
0.005437449771355825
0.005391642851008442
0.005347858680476184
0.005306017830116662
0.005266046063711886
0.0052278739687721355
0.005191436619957455
0.005156673272319429
0.005123527081442373
0.005091944847892286
0.005061876783670495
0.005033276298622469
0.005006099804975256
0.00498030653837383
0.0049558583939603735
0.0049327197761945205
0.004910857461249003
0.0048902404709366696
0.004870839957232819
0.004852629096553409
0.004835582993036005
0.004819678590147768
0.00480489459001439
0.004791211379926565
0.004778610965537315
0.004767076910314802
0.004756594280861984
0.004747149597757079
0.004738730791607809
0.004731327164048354
0.00472492935344104
0.004719529305075679
0.004715120245688218
0.004711696662147449
0.004709254284184138
0.004707790071061312
0.004707302202107998
0.004707790071061312
0.004709254284184138
0.004711696662147449
0.004715120245688218
0.004719529305075679
0.00472492935344104
0.004731327164048354
0.004738730791607809
0.004747149597757079
0.004756594280861984
0.004767076910314802
0.004778610965537315
0.004791211379926565
0.00480489459001439
0.004819678590147768
0.004835582993036005
0.004852629096553409
0.004870839957232819
0.0048902404709366696
0.004910857461249003
0.0049327197761945205
0.0049558583939603735
0.00498030653837383
0.005006099804975256
0.005033276298622469
0.005061876783670495
0.005091944847892286
0.005123527081442373
0.005156673272319429
0.005191436619957455
0.0052278739687721355
0.005266046063711886
0.005306017830116662
0.005347858680476184
0.005391642851008442
0.005437449771355825
0.005485364471127381
0.005535478027510992
0.0055878880587488635
0.005642699268927016
0.005700024050289031
0.00575998315016469
0.0058227064106267665
0.005888333590180264
0.005957015278179247
0.006028913914294817
0.006104204927270077
0.006183078009449712
0.006265738546231632
0.0063524092227398524
0.006443331833763994
0.006538769327479459
0.006639008118810557
0.0067443607147239125
0.0068551687014867455
0.006971806153303667
0.007094683533146526
0.007224252170510212
0.007361009417895346
0.007505504608847339
0.007658345966416862
0.007820208643307248
0.007991844115513704
0.008174091202269078
0.008367889049678494
0.008574292497666117
0.00879449035530188
0.009029827245714049
0.009281829858855516
0.009552238682477053
0.009843046588385952
0.010156546060000441
0.010495387397504205
0.010862650984808766
0.011261937729826468
0.011697483216694105
0.012174303115429445
0.012698380253630223
0.01327690788593978
0.013918609757494626
0.014634166596341008
0.015436792394334747
0.01634302508712046
0.017373829861570537
0.018556167767964576
0.019925272827450307
0.021528035701397184
0.02342816568452311
0.025714304309331148
0.028513221347212844
0.03201213967176047
0.03649828084812727
0.04243282172301943
0.050598499610874426
0.06241854278399227
0.08071748326034468
0.11178068246318279
0.17192879638259984
0.3135688664053716

0.2311079398646121
0.31690379826776294
0.39016805627142903
0.43409870483230695
0.4409728322007733
0.4152455319651548
0.36953471112032044
0.3167863867493931
0.26456106390554135
0.21473291465872857
0.1669886909460706
0.1221107179534631
0.08257772144884142
0.051026096397874116
0.028589771971454545
0.014459211494237924
0.006583809584166325
0.002695223132169413
0.0009912112861945887
0.0003273529565043761
9.706279889343719e-05
2.583617238309717e-05
6.173307153760581e-06
1.3240656374178732e-06
2.5491582937634925e-07
4.40531164630686e-08
6.833567269717422e-09
9.514994945097156e-10
1.189212694128131e-10
1.3341363662347565e-11
1.3434779312665055e-12
1.2143683520867497e-13
9.852805620216564e-15
7.175612072892146e-16
4.690806814637498e-17
2.7524896825977095e-18
1.4497509703601471e-19
6.854103720414783e-21
2.9086903608975663e-22
1.107984963825636e-23
3.7884346243156274e-25
1.1627203753382126e-26
3.203172478018977e-28
7.920907123199584e-30
1.7581627443414427e-31
3.50294066117278e-33
6.264638908028053e-35
1.0056546399935965e-36
1.4490762396740662e-38
1.874231205656824e-40
2.1759286427933216e-42
2.2675438223900775e-44
2.121076265338604e-46
1.780928299311776e-48
1.3422275265127246e-50
9.080199754840943e-53
5.513840760979946e-55
3.0054021441956733e-57
1.4704170154457045e-59
6.457553349443645e-62
2.545569983973648e-64
9.007237937213346e-67
2.8608018942243493e-69
8.155929995163224e-72
2.087126390959007e-74
4.794171492955731e-77
9.88480112752115e-80
1.829413428145136e-82
3.03910247567591e-85
4.5317754409896724e-88
6.065700658278868e-91
7.287576422744611e-94
7.859136386234987e-97
7.607747400615983e-100
6.61038719595989e-103
5.15569560137312e-106
3.6094181111022167e-109
2.2681755969472984e-112
1.2793981236019407e-115
6.47775175526495e-119
2.9439636769384335e-122
1.2009644428128888e-125
4.3976170402430187e-129
1.4454205324446146e-132
4.2644260525410294e-136
1.1293186792956323e-139
2.684491237031031e-143
5.727921073780266e-147
1.0970378578804459e-150
1.8859742561820047e-154
2.910311403062764e-158
4.0311848856978207e-162
5.012051542709793e-166
5.593554776855882e-170
5.603376671836975e-174
5.038500377380756e-178
4.066701805402828e-182
2.9462725332296045e-186
1.9159892187002658e-190
1.1184144261407179e-194
