0.9186006053818069
0.22745756283010415
0.09536639620345204
0.04494366044015713
0.023315675670254058
0.013221468259402696
0.008128464067214675
0.00536710679043692
0.003768558378742349
0.002787067493518957
0.0021521397322787784
0.0017221212857575173
0.0014189915840889173
0.0011977555971454316
0.0010313581840112837
0.0009029052314876251
0.0008014817802178112
0.0007198159293738168
0.00065292700035498
0.0005973175332709167
0.0005504757856289387
0.0005105609596401197
0.0004761990084042023
0.00044634710505807686
0.0004202017730894917
0.00039713539588748383
0.0003766515505042465
0.00035835306427358765
0.0003419188213339652
0.000327086684554618
0.0003136407560723223
0.0003014017590517463
0.0002902196941895926
0.0002799681742284057
0.00027054001035551386
0.0002618437425015954
0.0002538008884067178
0.000246343745127988
0.00023941361887436664
0.000232959389677168
0.0002269363398444132
0.0002213051917467194
0.0002160313128721538
0.00021108405541381086
0.00020643620473084946
0.0002020635164349562
0.00019794432602182385
0.00019405921819923503
0.00019039074558623712
0.00018692318843960414
0.00018364234862967973
0.00018053537233209084
0.00017759059689609485
0.0001747974181488907
0.00017214617503979695
0.00016962804905095452
0.00016723497622710972
0.00016495957002553898
0.0001627950534735562
0.00016073519935732027
0.00015877427736135974
0.00015690700724092563
0.00015512851724502978
0.00015343430712167286
0.0001518202151322476
0.00015028238858254706
0.00014881725744584205
0.00014742151071115797
0.00014609207513893222
0.00014482609614806176
0.00014362092059411782
0.00014247408122917773
0.00014138328266008333
0.00014034638864466237
0.00013936141058507365
0.00013842649709443943
0.00013753992452768255
0.00013670008838032513
0.00013590549547020178
0.0001351547568268254
0.00013444658122171635
0.0001337797692805319
0.00013315320812445612
0.00013256586649415338
0.0001320167903147514
0.00013150509866490217
0.00013102998011703135
0.00013059068941951806
0.00013018654449478028
0.00012981692373014838
0.0001294812635410178
0.0001291790561881319
0.00012890984783297908
0.0001286732368172358
0.0001284688721539661
0.00012829645221992488
0.00012815572363982858
0.00012804648035486926
0.0001279685628690743
0.00012792185766837062
0.00012790629680841002
0.00012792185766837062
0.0001279685628690743
0.00012804648035486926
0.00012815572363982858
0.00012829645221992488
0.0001284688721539661
0.0001286732368172358
0.00012890984783297908
0.0001291790561881319
0.0001294812635410178
0.00012981692373014838
0.00013018654449478028
0.00013059068941951806
0.00013102998011703135
0.00013150509866490217
0.0001320167903147514
0.00013256586649415338
0.00013315320812445612
0.0001337797692805319
0.00013444658122171635
0.0001351547568268254
0.00013590549547020178
0.00013670008838032513
0.00013753992452768255
0.00013842649709443943
0.00013936141058507365
0.00014034638864466237
0.00014138328266008333
0.00014247408122917773
0.00014362092059411782
0.00014482609614806176
0.00014609207513893222
0.00014742151071115797
0.00014881725744584205
0.00015028238858254706
0.0001518202151322476
0.00015343430712167286
0.00015512851724502978
0.00015690700724092563
0.00015877427736135974
0.00016073519935732027
0.0001627950534735562
0.00016495957002553898
0.00016723497622710972
0.00016962804905095452
0.00017214617503979695
0.0001747974181488907
0.00017759059689609485
0.00018053537233209084
0.00018364234862967973
0.00018692318843960414
0.00019039074558623712
0.00019405921819923503
0.00019794432602182385
0.0002020635164349562
0.00020643620473084946
0.00021108405541381086
0.0002160313128721538
0.0002213051917467194
0.0002269363398444132
0.000232959389677168
0.00023941361887436664
0.000246343745127988
0.0002538008884067178
0.0002618437425015954
0.00027054001035551386
0.0002799681742284057
0.0002902196941895926
0.0003014017590517463
0.0003136407560723223
0.000327086684554618
0.0003419188213339652
0.00035835306427358765
0.0003766515505042465
0.00039713539588748383
0.0004202017730894917
0.00044634710505807686
0.0004761990084042023
0.0005105609596401197
0.0005504757856289387
0.0005973175332709167
0.00065292700035498
0.0007198159293738168
0.0008014817802178112
0.0009029052314876251
0.0010313581840112837
0.0011977555971454316
0.0014189915840889173
0.0017221212857575173
0.0021521397322787784
0.002787067493518957
0.003768558378742349
0.00536710679043692
0.008128464067214675
0.013221468259402696
0.023315675670254058
0.04494366044015713
0.09536639620345204
0.22745756283010415

0.005788436513903767
0.03308833587209879
0.12804848226471038
0.33547472476457146
0.5950192873389842
0.7144769017381579
0.5808066173460357
0.31964199857723313
0.1191013389318107
0.03007980081629665
0.005265719798155327
0.0010024492424442854
0.001170320936876409
0.0028225321736045322
0.00646873806033053
0.013564148223004807
0.026001406486569578
0.04556451895310951
0.07299318371147472
0.1068964766565832
0.14311002017690472
0.17514682237687795
0.1959566695089471
0.20042108281218182
0.18739255227282997
0.16017208022213325
0.12515461632880656
0.08939896645846168
0.058377257739915395
0.034848207982599286
0.019017033757634076
0.00948703870300214
0.004326573986419674
0.0018037783282221797
0.0006874605200011539
0.00023951787351766675
7.628754863767035e-05
2.2212373114655783e-05
5.912373035186649e-06
1.4386470609322494e-06
3.200164222496386e-07
6.507524858890714e-08
1.2097203142240439e-08
2.0557944010873675e-09
3.1937428985567636e-10
4.5357153572486607e-11
5.8886697686847156e-12
6.988986082427738e-13
7.582924268416481e-14
7.521160026870674e-15
6.81959380071408e-16
5.652723633219364e-17
4.283340169640377e-18
2.967105214368987e-19
1.8789226208026675e-20
1.0877032114747094e-21
5.756221457959136e-23
2.7847752147585596e-24
1.2315962654795374e-25
4.9793442125193394e-27
1.8403545646931238e-28
6.2180816960170336e-30
1.9205999456309806e-31
5.4230420044466304e-33
1.3998277282130078e-34
3.3031765219715964e-36
7.125486829968775e-38
1.4051505830239715e-39
2.533125819987621e-41
4.174613016892347e-43
6.28928465927316e-45
8.661873723909756e-47
1.090556101785021e-48
1.25519078858553e-50
1.3206783011866654e-52
1.2703105616337252e-54
1.116987576968731e-56
8.978676918463429e-59
6.597842037382142e-61
4.432176536465025e-63
2.7218096811757413e-65
1.5280023642001065e-67
7.841801873391133e-70
3.679029517398337e-72
1.5778882661526447e-74
6.18649674061597e-77
2.2173737293407654e-79
7.265384027270811e-82
2.1762251212611503e-84
5.959017094614415e-87
1.4916640078870729e-89
3.413445380079476e-92
7.140694820168796e-95
1.3655687027752873e-97
2.3873286193120325e-100
3.815367901025783e-103
5.574246969305559e-106
7.444946113962579e-109
9.089970599472431e-112
1.0145862350512947e-114
