0.5584655151696929
0.18954381578387272
0.11359096421339897
0.0821492237735325
0.06422997425520066
0.05260034947459767
0.04448240967922577
0.038521932259493255
0.03397512661936487
0.03040090388527331
0.02752226070786321
0.025157114610608856
0.023181197232012216
0.02150698078513246
0.020071136942667125
0.018826772721097014
0.017738457911679818
0.016778945005552333
0.01592694873971053
0.015165608062722016
0.014481398767229703
0.013863350497335662
0.013302473520390726
0.012791332724879572
0.01232372667943883
0.011894442807191014
0.011499068474215803
0.011133843679021965
0.010795545059547468
0.010481393733752191
0.01018898146199256
0.00991621102663809
0.009661247740696429
0.009422479739419393
0.009198485256582593
0.008988005495300055
0.008789922010213181
0.008603237750767174
0.008427061093388529
0.008260592327635324
0.008103112167943393
0.007953971945874768
0.007812585203295518
0.007678420458775801
0.007550994960802604
0.0074298692744626665
0.007314642574870793
0.007204948542153837
0.007100451770308309
0.00700084461654861
0.00690584442949355
0.006815191104202891
0.0067286449200699185
0.0066459846242145
0.0065670057285547034
0.006491518993363944
0.006419349074006334
0.006350333310815627
0.00628432064484826
0.006221170644584678
0.0061607526306453365
0.006102944887286229
0.006047633950890808
0.005994713966919835
0.005944086107850341
0.005895658045556611
0.00584934347238212
0.0058050616658405435
0.005762737092482048
0.005722299046981221
0.005683681322956292
0.005646821912425457
0.005611662731152596
0.005578149367438817
0.0055462308521834385
0.005515859448273302
0.005486990457566985
0.005459582043923985
0.005433595070891565
0.0054089929528062285
0.005385741518195101
0.005363808884476833
0.005343165343063714
0.0053237832540579755
0.005305636949817166
0.005288702646737058
0.0052729583646668205
0.005258383853430998
0.005244960525987126
0.005232671397796933
0.0052215010320339735
0.00521143549029152
0.005202462288492166
0.005194570357735226
0.0051877500098502045
0.005181992907454356
0.0051772920383404055
0.005173641694046783
0.0051710374524876436
0.005169476164543756
0.005168955944538313
0.005169476164543756
0.0051710374524876436
0.005173641694046783
0.0051772920383404055
0.005181992907454356
0.0051877500098502045
0.005194570357735226
0.005202462288492166
0.00521143549029152
0.0052215010320339735
0.005232671397796933
0.005244960525987126
0.005258383853430998
0.0052729583646668205
0.005288702646737058
0.005305636949817166
0.0053237832540579755
0.005343165343063714
0.005363808884476833
0.005385741518195101
0.0054089929528062285
0.005433595070891565
0.005459582043923985
0.005486990457566985
0.005515859448273302
0.0055462308521834385
0.005578149367438817
0.005611662731152596
0.005646821912425457
0.005683681322956292
0.005722299046981221
0.005762737092482048
0.0058050616658405435
0.00584934347238212
0.005895658045556611
0.005944086107850341
0.005994713966919835
0.006047633950890808
0.006102944887286229
0.0061607526306453365
0.006221170644584678
0.00628432064484826
0.006350333310815627
0.006419349074006334
0.006491518993363944
0.0065670057285547034
0.0066459846242145
0.0067286449200699185
0.006815191104202891
0.00690584442949355
0.00700084461654861
0.007100451770308309
0.007204948542153837
0.007314642574870793
0.0074298692744626665
0.007550994960802604
0.007678420458775801
0.007812585203295518
0.007953971945874768
0.008103112167943393
0.008260592327635324
0.008427061093388529
0.008603237750767174
0.008789922010213181
0.008988005495300055
0.009198485256582593
0.009422479739419393
0.009661247740696429
0.00991621102663809
0.01018898146199256
0.010481393733752191
0.010795545059547468
0.011133843679021965
0.011499068474215803
0.011894442807191014
0.01232372667943883
0.012791332724879572
0.013302473520390726
0.013863350497335662
0.014481398767229703
0.015165608062722016
0.01592694873971053
0.016778945005552333
0.017738457911679818
0.018826772721097014
0.020071136942667125
0.02150698078513246
0.023181197232012216
0.025157114610608856
0.02752226070786321
0.03040090388527331
0.03397512661936487
0.038521932259493255
0.04448240967922577
0.05260034947459767
0.06422997425520066
0.0821492237735325
0.11359096421339897
0.18954381578387272

0.2575503641737611
0.26561641727820945
0.25120563818703756
0.21848297101289504
0.1763084913843764
0.1352169520833492
0.10375764087908246
0.0854285675785245
0.07757493128823709
0.07333430844680452
0.0660383604851878
0.05327198163053507
0.10566689068982699
0.882623001422658
0.1460844620328755
0.005046403829034224
0.0017268077286364625
0.0005262528239761079
0.00013531867030500765
2.9354201573029454e-05
5.371816245421768e-06
8.293647837458766e-07
1.0805397063294273e-07
1.1885343470910987e-08
1.1047886317218509e-09
8.696104727040493e-11
5.821862347456955e-12
3.347852556466633e-13
1.6905143935637862e-14
7.852043408524657e-16
3.6324284434144005e-17
1.8183334809991053e-18
9.998652759793986e-20
5.693156270816796e-21
3.1466736193132346e-22
1.6282774792419303e-23
7.772960203972419e-25
3.4060160036800836e-26
1.3678929030203254e-27
5.032962302233447e-29
1.6963561604876217e-30
5.237477109247496e-32
1.481279086539853e-33
3.8376106173147697e-35
9.107393822478002e-37
1.9798692465202393e-38
3.942648721221229e-40
7.191986118162251e-42
1.2017628592822347e-43
1.839491971989334e-45
2.5792069897024145e-47
3.31271198357344e-49
3.8975378535774494e-51
4.200550268253539e-53
4.146973042077099e-55
3.7502949014445674e-57
3.1067678921492814e-59
2.3575525297683447e-61
1.6387893378906551e-63
1.043503866559655e-65
6.086591804760857e-68
3.252096863966286e-70
1.5917026880425297e-72
7.136242641696471e-75
2.9308017899517654e-77
1.1025859889613896e-79
3.799685679951265e-82
1.1994773630362467e-84
3.468531330399721e-87
9.187733058032492e-90
2.2293604741224564e-92
4.9552024947953876e-95
1.0089083067783404e-97
1.8817034029293798e-100
3.2148434118656483e-103
5.031270410655031e-106
7.212813057919671e-109
9.47198222512725e-112
1.139426337756618e-114
1.2555696661649679e-117
1.267373310693984e-120
1.171864723436309e-123
9.925664377638812e-127
7.701066481878794e-130
5.47332630685088e-133
3.563370578613436e-136
2.1251021986387615e-139
1.1609348080923318e-142
5.809583877138386e-146
2.663124078432319e-149
1.118270729830513e-152
4.301418467600562e-156
1.5156035523210983e-159
4.8918002519390887e-163
1.446308694691614e-166
3.917080171339697e-170
9.717915202994945e-174
2.2084772574568705e-177
4.597502127597032e-181
8.767184131542427e-185
