0.35479055815356564
0.01423744754261942
0.0007291588630646945
4.765347374180027e-05
4.143369782080281e-06
5.094336173680196e-07
9.181226517006909e-08
2.3861159690978064e-08
8.533445979899924e-09
3.937437040160757e-09
2.2013935849550937e-09
1.4153376615719882e-09
1.0043952264457912e-09
7.641354906699773e-10
6.110930920627655e-10
5.069258106782454e-10
4.322583091952235e-10
3.7649898230510623e-10
3.3346838915582703e-10
2.993602520139184e-10
2.717207818268042e-10
2.489059025930953e-10
2.2977719935868754e-10
2.135237520596713e-10
1.9955356325031826e-10
1.8742508619266728e-10
1.7680271780236076e-10
1.6742708415632595e-10
1.5909472357855045e-10
1.516438957270224e-10
1.449444776001833e-10
1.3889064371567976e-10
1.333954792763597e-10
1.2838695872009342e-10
1.2380490404111348e-10
1.1959865640460002e-10
1.1572527399627487e-10
1.121481228890694e-10
1.088357647779678e-10
1.0576107132483059e-10
1.0290051318065261e-10
1.0023358488547402e-10
9.774233636694718e-11
9.541098873575588e-11
9.322561724124015e-11
9.117388811078205e-11
8.924483890731263e-11
8.742869425274161e-11
8.571671046165792e-11
8.410104393979215e-11
8.257463922067389e-11
8.113113331172202e-11
7.97647736496632e-11
7.847034746354986e-11
7.724312074102805e-11
7.607878531209461e-11
7.497341282134548e-11
7.39234145676848e-11
7.292550635971579e-11
7.197667767340711e-11
7.107416451225074e-11
7.021542546381693e-11
6.939812052417726e-11
6.862009232613006e-11
6.787934946093491e-11
6.717405162828071e-11
6.650249638702425e-11
6.586310731110756e-11
6.525442338200817e-11
6.467508947192867e-11
6.412384779137151e-11
6.359953019132903e-11
6.310105122450429e-11
6.262740188214804e-11
6.217764393356409e-11
6.175090480435901e-11
6.134637293731534e-11
6.096329358652748e-11
6.060096500131263e-11
6.025873496152441e-11
5.993599763035983e-11
5.963219069465721e-11
5.934679276610717e-11
5.907932101981198e-11
5.882932904928118e-11
5.859640491929828e-11
5.838016940016978e-11
5.8180274368714746e-11
5.799640136299699e-11
5.7828260279272446e-11
5.7675588200942864e-11
5.753814835049346e-11
5.741572915646612e-11
5.730814342849292e-11
5.721522763430548e-11
5.713684127345064e-11
5.7072866343198e-11
5.702320689282538e-11
5.698778866312569e-11
5.696655880859989e-11
5.6959485700392866e-11
5.696655880859989e-11
5.698778866312569e-11
5.702320689282538e-11
5.7072866343198e-11
5.713684127345064e-11
5.721522763430548e-11
5.730814342849292e-11
5.741572915646612e-11
5.753814835049346e-11
5.7675588200942864e-11
5.7828260279272446e-11
5.799640136299699e-11
5.8180274368714746e-11
5.838016940016978e-11
5.859640491929828e-11
5.882932904928118e-11
5.907932101981198e-11
5.934679276610717e-11
5.963219069465721e-11
5.993599763035983e-11
6.025873496152441e-11
6.060096500131263e-11
6.096329358652748e-11
6.134637293731534e-11
6.175090480435901e-11
6.217764393356409e-11
6.262740188214804e-11
6.310105122450429e-11
6.359953019132903e-11
6.412384779137151e-11
6.467508947192867e-11
6.525442338200817e-11
6.586310731110756e-11
6.650249638702425e-11
6.717405162828071e-11
6.787934946093491e-11
6.862009232613006e-11
6.939812052417726e-11
7.021542546381693e-11
7.107416451225074e-11
7.197667767340711e-11
7.292550635971579e-11
7.39234145676848e-11
7.497341282134548e-11
7.607878531209461e-11
7.724312074102805e-11
7.847034746354986e-11
7.97647736496632e-11
8.113113331172202e-11
8.257463922067389e-11
8.410104393979215e-11
8.571671046165792e-11
8.742869425274161e-11
8.924483890731263e-11
9.117388811078205e-11
9.322561724124015e-11
9.541098873575588e-11
9.774233636694718e-11
1.0023358488547402e-10
1.0290051318065261e-10
1.0576107132483059e-10
1.088357647779678e-10
1.121481228890694e-10
1.1572527399627487e-10
1.1959865640460002e-10
1.2380490404111348e-10
1.2838695872009342e-10
1.333954792763597e-10
1.3889064371567976e-10
1.449444776001833e-10
1.516438957270224e-10
1.5909472357855045e-10
1.6742708415632595e-10
1.7680271780236076e-10
1.8742508619266728e-10
1.9955356325031826e-10
2.135237520596713e-10
2.2977719935868754e-10
2.489059025930953e-10
2.717207818268042e-10
2.993602520139184e-10
3.3346838915582703e-10
3.7649898230510623e-10
4.322583091952235e-10
5.069258106782454e-10
6.110930920627655e-10
7.641354906699773e-10
1.0043952264457912e-09
1.4153376615719882e-09
2.2013935849550937e-09
3.937437040160757e-09
8.533445979899924e-09
2.3861159690978064e-08
9.181226517006909e-08
5.094336173680196e-07
4.143369782080281e-06
4.765347374180027e-05
0.0007291588630646945
0.01423744754261942

2.5544995738585285e-09
1.9406728927444543e-08
1.3058436129767124e-07
7.782557232468299e-07
4.108145357082059e-06
1.920709192070951e-05
7.953715960721198e-05
0.00029172786559706894
0.000947940731316052
0.002734543677989004
0.007091239746754283
0.017262622549371602
0.04197256191614951
0.09885938901639393
0.19440756318867078
0.28222671624382223
0.295828986962818
0.2434830111326422
0.18382436275040492
0.13938709637758132
0.1020244743285232
0.0680140200998913
0.04037206616641345
0.021239037942688162
0.009896999297226776
0.004084752847032811
0.0014932083098640138
0.0004834675587184657
0.00013864576284748165
3.521585118724587e-05
7.922497352976999e-06
1.578622686955068e-06
2.7860371391850356e-07
4.3549962706112616e-08
6.029495811410468e-09
7.393780143897417e-10
8.030533381565308e-11
7.725286155804336e-12
6.582291074583389e-13
4.967431827674939e-14
3.3203133562291237e-15
1.9657059560390206e-16
1.030742917035674e-17
4.787121928088552e-19
1.9692050619763732e-20
7.174633520558088e-22
2.3152656337275124e-23
6.617504617562372e-25
1.675251459590925e-26
3.756281067883436e-28
7.459822297666723e-30
1.3121733326845768e-31
2.04430766463872e-33
2.8209385832309205e-35
3.447730646616176e-37
3.7322038116752564e-39
3.5784067078836775e-41
3.038829759684986e-43
2.2856796772493257e-45
1.5227082026749502e-47
8.98483967603449e-50
4.695656301577467e-52
2.1735748225880132e-54
8.911385120175184e-57
3.2359973345883465e-59
1.0407907457632944e-61
2.964906575290032e-64
7.48084969198922e-67
1.6717955651683564e-69
3.309083554348716e-72
5.8012906162345e-75
9.00811320339572e-78
1.2388974893876045e-80
1.5091389733632554e-83
1.628228758860159e-86
1.5559438919728913e-89
1.3169362957019024e-92
9.872517833543884e-96
6.555161726758305e-99
3.855060688482722e-102
2.0080353415959075e-105
9.264112266435385e-109
3.785546550233754e-112
1.3700792754966005e-115
4.391927146902597e-119
1.2469725182583954e-122
3.1358188144851325e-126
6.984532863379046e-130
1.3778949014557608e-133
2.407615582969081e-137
3.72606582064778e-141
5.107474695459113e-145
6.200893169322791e-149
6.667984771437885e-153
6.35078300230895e-157
5.357377785901281e-161
4.00285257931644e-165
2.6489834406928717e-169
1.5526773421195616e-173
8.06075111334996e-178
