0.7708019914105203
0.2063574019357977
0.108315162601246
0.06743149451468634
0.04673005661176248
0.03492609169155363
0.027558277692748035
0.022625260385739063
0.019136164279179555
0.016558881491338606
0.014587725878606385
0.013036913352175987
0.011788059787365808
0.010762645601424833
0.009906780830941014
0.009182376198619622
0.008561815957707334
0.008024628049793304
0.00755533696069759
0.007142040540164992
0.006775443272745417
0.006448185045656185
0.00615436581415937
0.005889202950129746
0.005648780221179577
0.005429861177804862
0.005229748549954058
0.005046176999505189
0.004877230385838113
0.004721277272951581
0.004576920169161904
0.004442955216467322
0.004318339911150876
0.004202167054493605
0.004093643578480736
0.00399207321720004
0.003896842235108732
0.0038074076025592847
0.003723287143750474
0.003644051284497433
0.003569316105381191
0.0034987374660641842
0.003432006013296694
0.0033688429216586512
0.0033089962448015404
0.0032522377776809286
0.003198360348357996
0.003147175472425249
0.0030985113147598176
0.0030522109127275733
0.003008130622616015
0.0029661387573229033
0.0029261143884518693
0.0028879462901858334
0.0028515320057979467
0.0028167770205557614
0.002783594027187084
0.0027519022720935322
0.0027216269721905616
0.0026926987936779206
0.0026650533852480454
0.0026386309592596473
0.0026133759152701763
0.0025892365010592422
0.002566164506906049
0.0025441149894246066
0.002523046021724953
0.0025029184670687255
0.002483695773532847
0.002465343787494043
0.002447830584006272
0.0024311263123686605
0.0024152030553779872
0.0024000347009314124
0.0023855968247952766
0.002371866583487498
0.0023588226163368457
0.0023464449558842203
0.0023347149458810544
0.0023236151662193827
0.002313129364198591
0.0023032423915963834
0.0022939401470670807
0.002285209523440018
0.002277038359535039
0.0022694153961518326
0.0022623302359254145
0.0022557733067721597
0.0022497358286796914
0.00224420978362017
0.0022391878883902404
0.002234663570202646
0.0022306309448743037
0.002227084797473873
0.0022240205653086655
0.00222143432314637
0.0022193227705815982
0.0022176832214709868
0.0022165135953734934
0.0022158124109448534
0.0022155787812470217
0.0022158124109448534
0.0022165135953734934
0.0022176832214709868
0.0022193227705815982
0.00222143432314637
0.0022240205653086655
0.002227084797473873
0.0022306309448743037
0.002234663570202646
0.0022391878883902404
0.00224420978362017
0.0022497358286796914
0.0022557733067721597
0.0022623302359254145
0.0022694153961518326
0.002277038359535039
0.002285209523440018
0.0022939401470670807
0.0023032423915963834
0.002313129364198591
0.0023236151662193827
0.0023347149458810544
0.0023464449558842203
0.0023588226163368457
0.002371866583487498
0.0023855968247952766
0.0024000347009314124
0.0024152030553779872
0.0024311263123686605
0.002447830584006272
0.002465343787494043
0.002483695773532847
0.0025029184670687255
0.002523046021724953
0.0025441149894246066
0.002566164506906049
0.0025892365010592422
0.0026133759152701763
0.0026386309592596473
0.0026650533852480454
0.0026926987936779206
0.0027216269721905616
0.0027519022720935322
0.002783594027187084
0.0028167770205557614
0.0028515320057979467
0.0028879462901858334
0.0029261143884518693
0.0029661387573229033
0.003008130622616015
0.0030522109127275733
0.0030985113147598176
0.003147175472425249
0.003198360348357996
0.0032522377776809286
0.0033089962448015404
0.0033688429216586512
0.003432006013296694
0.0034987374660641842
0.003569316105381191
0.003644051284497433
0.003723287143750474
0.0038074076025592847
0.003896842235108732
0.00399207321720004
0.004093643578480736
0.004202167054493605
0.004318339911150876
0.004442955216467322
0.004576920169161904
0.004721277272951581
0.004877230385838113
0.005046176999505189
0.005229748549954058
0.005429861177804862
0.005648780221179577
0.005889202950129746
0.00615436581415937
0.006448185045656185
0.006775443272745417
0.007142040540164992
0.00755533696069759
0.008024628049793304
0.008561815957707334
0.009182376198619622
0.009906780830941014
0.010762645601424833
0.011788059787365808
0.013036913352175987
0.014587725878606385
0.016558881491338606
0.019136164279179555
0.022625260385739063
0.027558277692748035
0.03492609169155363
0.04673005661176248
0.06743149451468634
0.108315162601246
0.2063574019357977

0.10783129303254425
0.1742946718927388
0.2479471951489918
0.3104345889686158
0.34207154457447425
0.3317419015970929
0.2831543820128277
0.21271681328786513
0.14067705300428418
0.08199392144442101
0.04239917203609507
0.02021774467462116
0.010759407537241578
0.009945210824639924
0.015830590011006798
0.028374786181602645
0.048274963880814745
0.07549567128639793
0.10799697860822224
0.14121764217532512
0.16877689791589043
0.18436494707253656
0.18407056066451982
0.1679696681885353
0.14009348237422653
0.10679367551275064
0.07440697916772579
0.04738297756894418
0.027578558363116203
0.014671053746629421
0.007133318117623518
0.0031700229956429936
0.0012875786572458697
0.0004779975406324326
0.00016218776577190395
5.0298039373784796e-05
1.4256882097637074e-05
3.693504188475333e-06
8.745671686944007e-07
1.8927283191752173e-07
3.7438972970145255e-08
6.768619633308013e-09
1.1184506552843129e-09
1.689172815292366e-10
2.331695716717705e-11
2.941780078111427e-12
3.392259492895685e-13
3.575266886808676e-14
3.444041713996196e-15
3.0322770263013076e-16
2.4401126948739054e-17
1.7946982091482397e-18
1.2064616202054473e-19
7.412694950668163e-21
4.162739960229547e-22
2.1365987601787338e-23
1.0023218510788638e-24
4.297659074713764e-26
1.6842139470809024e-27
6.032580061821816e-29
1.974919807324447e-30
5.909304550204642e-32
1.6160835759353198e-33
4.039538916898643e-35
9.228695412254845e-37
1.9270339451779567e-38
3.6777224725063155e-40
6.415183424049135e-42
1.022774141508659e-43
1.4903591444324156e-45
1.9849184572541086e-47
2.4162114602987606e-49
2.6882381859158916e-51
2.733638536122604e-53
2.5407092371461104e-55
2.1582879261520914e-57
1.675731108873204e-59
1.189158704726039e-61
7.712867003153544e-64
4.57227562207941e-66
2.4773621507612266e-68
1.2268377483008393e-70
5.552969633697923e-73
2.297227481724362e-75
8.686068378470015e-78
3.0018087618761652e-80
9.48163721028182e-83
2.737311258538001e-85
7.222799667680177e-88
1.741917135300275e-90
3.839635068375722e-93
7.735581105929663e-96
1.4244147907767702e-98
2.3972898219585207e-101
3.6876113640160724e-104
5.1845406507234946e-107
6.662173821892151e-110
7.824600471335879e-113
8.39941267957115e-116
8.240929594774619e-119
