1.0526594185497329
0.141185825651236
0.041532829988951046
0.020832658339359014
0.013460424668004786
0.009808754173826552
0.007658455673893239
0.0062581458436333426
0.00528235077984869
0.0045676952308468174
0.0040238588931816735
0.003597258848529898
0.0032542997628439542
0.0029729484431731405
0.002738203071890993
0.0025395208264227436
0.002369289262977899
0.0022218818225593993
0.002093054201091531
0.001979547002218401
0.0018788172808577926
0.0017888529308641443
0.0017080416787357562
0.001635076891941712
0.001568888716712602
0.0015085929666314739
0.0014534526605613487
0.0014028487130782453
0.001356257340389125
0.0013132324572622872
0.0012733918274784569
0.001236406068196494
0.0012019898463649966
0.0011698947747667012
0.0011399036375334638
0.0011118256641626635
0.0010854926368275488
0.0010607556647392697
0.0010374824961152807
0.001015555266202379
0.0009948686011206885
0.000975328013713514
0.0009568485403257338
0.0009393535773837433
0.0009227738844738948
0.0009070467268065037
0.0008921151348789702
0.0008779272630943439
0.0008644358322640791
0.0008515976434893054
0.0008393731529998798
0.0008277260992327057
0.0008166231748267389
0.0008060337373617615
0.0007959295536186764
0.0007862845729282996
0.000777074725833293
0.0007682777448378559
0.0007598730044813777
0.0007518413783608784
0.0007441651110553674
0.0007368277031834333
0.0007298138080617922
0.0007231091386340501
0.0007167003835111623
0.0007105751311126988
0.0007047218010248718
0.0006991295818005508
0.0006937883745208633
0.0006886887415196677
0.0006838218597430664
0.000679179478277772
0.0006747538796358585
0.0006705378444303567
0.0006665246191172348
0.0006627078865153224
0.000659081738847411
0.0006556406530736556
0.0006523794683130074
0.0006492933651701839
0.0006463778468049607
0.0006436287215977026
0.0006410420872802842
0.0006386143164151404
0.0006363420431173272
0.0006342221509253545
0.0006322517617363134
0.000630428225729616
0.0006287491122116006
0.0006272122013204395
0.0006258154765373169
0.0006245571179557904
0.0006234354962666961
0.0006224491674209584
0.0006215968679372841
0.000620877510826016
0.0006202901821044113
0.0006198341378823736
0.0006195088020012322
0.0006193137642115324
0.0006192487788790687
0.0006193137642115324
0.0006195088020012322
0.0006198341378823736
0.0006202901821044113
0.000620877510826016
0.0006215968679372841
0.0006224491674209584
0.0006234354962666961
0.0006245571179557904
0.0006258154765373169
0.0006272122013204395
0.0006287491122116006
0.000630428225729616
0.0006322517617363134
0.0006342221509253545
0.0006363420431173272
0.0006386143164151404
0.0006410420872802842
0.0006436287215977026
0.0006463778468049607
0.0006492933651701839
0.0006523794683130074
0.0006556406530736556
0.000659081738847411
0.0006627078865153224
0.0006665246191172348
0.0006705378444303567
0.0006747538796358585
0.000679179478277772
0.0006838218597430664
0.0006886887415196677
0.0006937883745208633
0.0006991295818005508
0.0007047218010248718
0.0007105751311126988
0.0007167003835111623
0.0007231091386340501
0.0007298138080617922
0.0007368277031834333
0.0007441651110553674
0.0007518413783608784
0.0007598730044813777
0.0007682777448378559
0.000777074725833293
0.0007862845729282996
0.0007959295536186764
0.0008060337373617615
0.0008166231748267389
0.0008277260992327057
0.0008393731529998798
0.0008515976434893054
0.0008644358322640791
0.0008779272630943439
0.0008921151348789702
0.0009070467268065037
0.0009227738844738948
0.0009393535773837433
0.0009568485403257338
0.000975328013713514
0.0009948686011206885
0.001015555266202379
0.0010374824961152807
0.0010607556647392697
0.0010854926368275488
0.0011118256641626635
0.0011399036375334638
0.0011698947747667012
0.0012019898463649966
0.001236406068196494
0.0012733918274784569
0.0013132324572622872
0.001356257340389125
0.0014028487130782453
0.0014534526605613487
0.0015085929666314739
0.001568888716712602
0.001635076891941712
0.0017080416787357562
0.0017888529308641443
0.0018788172808577926
0.001979547002218401
0.002093054201091531
0.0022218818225593993
0.002369289262977899
0.0025395208264227436
0.002738203071890993
0.0029729484431731405
0.0032542997628439542
0.003597258848529898
0.0040238588931816735
0.0045676952308468174
0.00528235077984869
0.0062581458436333426
0.007658455673893239
0.009808754173826552
0.013460424668004786
0.020832658339359014
0.041532829988951046
0.141185825651236

0.030216465186598443
0.04735938752785586
0.06830758104905695
0.09066488830017627
0.11076440137708574
0.12477304351455419
0.13121168552173604
0.13697632922539013
0.16834423619785227
0.2730083594439912
0.4764929919585862
0.7031606180031049
0.7901555789045641
0.6539216418251402
0.3945224209897932
0.1731056968417684
0.05535222639645428
0.013019890897635744
0.002550022805322895
0.03272355132183568
0.3731207083700699
0.34717372652258094
0.026093014037718645
0.00015903817485795075
2.363447002261315e-07
3.3832398711782666e-08
6.636581908737378e-09
1.1981314542475395e-09
1.9905129027161283e-10
3.04316489963968e-11
4.281401020267057e-12
5.543017661905478e-13
6.603992153281406e-14
7.240470138328568e-15
7.305112640317381e-16
6.78245621822473e-17
5.7949142397707954e-18
4.556243847691087e-19
3.2966044256585045e-20
2.1949601877807414e-21
1.3448888390432855e-22
7.583087434843525e-24
3.934646041599308e-25
1.878733621981175e-26
8.255144461477259e-28
3.3379826856920545e-29
1.2420623963225712e-30
4.253071458374712e-32
1.3401761274492957e-33
3.886162955104185e-35
1.0370031353869229e-36
2.5464729276426636e-38
5.754372732117945e-40
1.196621625602797e-41
2.2898953602087865e-43
4.032499841722999e-45
6.534810721076662e-47
9.745218898305791e-49
1.3373655032742653e-50
1.6889180081946255e-52
1.9627588679857085e-54
2.099061978290932e-56
2.0657773333175135e-58
1.8708617057863358e-60
1.559192709308469e-62
1.1957980396983232e-64
8.439482381592035e-67
5.481175610781709e-69
3.2759069267212954e-71
1.8017283991822904e-73
9.118996010842862e-76
4.2472190414999513e-78
1.8203807112342722e-80
7.179921941678776e-83
2.60601644747806e-85
8.704313290385083e-88
2.6754190039840185e-90
7.567440818465624e-93
1.9697276929204537e-95
4.718058053714925e-98
1.0399687801033349e-100
2.1094889535334795e-103
3.937623071974651e-106
6.763803133546758e-109
1.0691723234537064e-111
1.5552649675908871e-114
2.0819054548672635e-117
2.5645876619586114e-120
2.907194082982369e-123
3.03270687296648e-126
2.911298770313056e-129
2.5718346923493762e-132
2.0907362813564192e-135
1.5640671446927663e-138
1.0767415261181898e-141
6.821304928517886e-145
3.976705201311128e-148
2.133434248701206e-151
1.053258711881809e-154
4.7850974786780525e-158
