0.5112137525859095
0.12090928415342711
0.03120654964407137
0.008861270915903522
0.0028556435000730808
0.0010969297565118872
0.0005230238856569052
0.0003076997506045194
0.00021230709900645932
0.00016226892328848513
0.00013197537267865752
0.000111593676480058
9.685150244111948e-05
8.564846154360598e-05
7.683187659168251e-05
6.971024434120413e-05
6.38394653812845e-05
5.891932545298667e-05
5.473878917917989e-05
5.114489123393197e-05
4.8023968544014424e-05
4.528979306046478e-05
4.287578065576948e-05
4.072971727947456e-05
3.881009699739324e-05
3.7083523519507236e-05
3.5522831307038144e-05
3.4105704221796043e-05
3.281364477150992e-05
3.16311945923135e-05
3.0545337706025985e-05
2.9545038577736745e-05
2.8620880841391573e-05
2.776478207131884e-05
2.6969766611562237e-05
2.622978316703672e-05
2.553955722185034e-05
2.4894470786659994e-05
2.4290463762544822e-05
2.3723952530911107e-05
2.319176236713945e-05
2.2691071020995637e-05
2.2219361373705416e-05
2.1774381516195143e-05
2.1354110928679815e-05
2.09567317029643e-05
2.0580603953259494e-05
2.02242447225777e-05
1.98863098195326e-05
1.9565578122311552e-05
1.926093796831891e-05
1.8971375313870635e-05
1.8695963401691485e-05
1.843385371740795e-05
1.818426805175069e-05
1.7946491514351755e-05
1.771986636907848e-05
1.750378658076476e-05
1.7297692979756014e-05
1.710106896449583e-05
1.6913436673945452e-05
1.673435357134142e-05
1.6563409388983834e-05
1.6400223390670588e-05
1.6244441914264092e-05
1.6095736161871124e-05
1.5953800209377047e-05
1.5818349210719776e-05
1.5689117775414958e-05
1.5565858500532024e-05
1.5448340640637793e-05
1.5336348901227723e-05
1.5229682342899434e-05
1.512815338503004e-05
1.5031586899029801e-05
1.4939819382388442e-05
1.4852698205730075e-05
1.477008092596864e-05
1.4691834659424647e-05
1.461783550944059e-05
1.4547968043628859e-05
1.4482124816413059e-05
1.4420205932990415e-05
1.4362118651257145e-05
1.4307777018607102e-05
1.4257101540842685e-05
1.4210018880730544e-05
1.4166461583997915e-05
1.4126367830801957e-05
1.4089681210917778e-05
1.4056350521083664e-05
1.4026329583117179e-05
1.399957708157539e-05
1.3976056419878473e-05
1.395573559395038e-05
1.3938587082554425e-05
1.3924587753617148e-05
1.3913718785942183e-05
1.3905965605817577e-05
1.3901317838117197e-05
1.389976927158955e-05
1.3901317838117197e-05
1.3905965605817577e-05
1.3913718785942183e-05
1.3924587753617148e-05
1.3938587082554425e-05
1.395573559395038e-05
1.3976056419878473e-05
1.399957708157539e-05
1.4026329583117179e-05
1.4056350521083664e-05
1.4089681210917778e-05
1.4126367830801957e-05
1.4166461583997915e-05
1.4210018880730544e-05
1.4257101540842685e-05
1.4307777018607102e-05
1.4362118651257145e-05
1.4420205932990415e-05
1.4482124816413059e-05
1.4547968043628859e-05
1.461783550944059e-05
1.4691834659424647e-05
1.477008092596864e-05
1.4852698205730075e-05
1.4939819382388442e-05
1.5031586899029801e-05
1.512815338503004e-05
1.5229682342899434e-05
1.5336348901227723e-05
1.5448340640637793e-05
1.5565858500532024e-05
1.5689117775414958e-05
1.5818349210719776e-05
1.5953800209377047e-05
1.6095736161871124e-05
1.6244441914264092e-05
1.6400223390670588e-05
1.6563409388983834e-05
1.673435357134142e-05
1.6913436673945452e-05
1.710106896449583e-05
1.7297692979756014e-05
1.750378658076476e-05
1.771986636907848e-05
1.7946491514351755e-05
1.818426805175069e-05
1.843385371740795e-05
1.8695963401691485e-05
1.8971375313870635e-05
1.926093796831891e-05
1.9565578122311552e-05
1.98863098195326e-05
2.02242447225777e-05
2.0580603953259494e-05
2.09567317029643e-05
2.1354110928679815e-05
2.1774381516195143e-05
2.2219361373705416e-05
2.2691071020995637e-05
2.319176236713945e-05
2.3723952530911107e-05
2.4290463762544822e-05
2.4894470786659994e-05
2.553955722185034e-05
2.622978316703672e-05
2.6969766611562237e-05
2.776478207131884e-05
2.8620880841391573e-05
2.9545038577736745e-05
3.0545337706025985e-05
3.16311945923135e-05
3.281364477150992e-05
3.4105704221796043e-05
3.5522831307038144e-05
3.7083523519507236e-05
3.881009699739324e-05
4.072971727947456e-05
4.287578065576948e-05
4.528979306046478e-05
4.8023968544014424e-05
5.114489123393197e-05
5.473878917917989e-05
5.891932545298667e-05
6.38394653812845e-05
6.971024434120413e-05
7.683187659168251e-05
8.564846154360598e-05
9.685150244111948e-05
0.000111593676480058
0.00013197537267865752
0.00016226892328848513
0.00021230709900645932
0.0003076997506045194
0.0005230238856569052
0.0010969297565118872
0.0028556435000730808
0.008861270915903522
0.03120654964407137
0.12090928415342711

0.000658133732952155
0.0018146777419321496
0.004409593834652107
0.00973951572680424
0.026689864206143006
0.1286194893806269
0.4841249372910523
0.84378334988845
0.6290202217100751
0.2255601706595265
0.07307232937128771
0.04254529836369677
0.028289530696718176
0.016893731548719343
0.008886524455229881
0.004115264230899957
0.0016777210452261506
0.0006021407269007538
0.0001902534215395801
5.292040662748889e-05
1.2958958300479603e-05
2.793657979513247e-06
5.301913057419575e-07
8.85825526964683e-08
1.30292676033668e-08
1.6871280264131164e-09
1.923234757378345e-10
1.93006876087002e-11
1.705177082550127e-12
1.3262408968213773e-13
9.08095592963862e-15
5.473901059685562e-16
2.904815423198317e-17
1.3570516066093762e-18
5.581236277964501e-20
2.020787638852953e-21
6.441205691857097e-23
1.807464943094728e-24
4.465075640753839e-26
9.710553414739715e-28
1.859154001920554e-29
3.133595777137298e-31
4.649720031668991e-33
6.07388909767732e-35
6.9849473207031135e-37
7.071566592680252e-39
6.302666959122066e-41
4.945262004752335e-43
3.415941904220525e-45
2.0772457026607448e-47
1.1120427567157053e-49
5.240965795889594e-52
2.1744898674209252e-54
7.942544823803238e-57
2.5539840683159103e-59
7.229910421229533e-62
1.8017887552865346e-64
3.953038565036446e-67
7.635095146823122e-70
1.298237288568798e-72
1.943345091230192e-75
2.5609553083671317e-78
2.9710522855814057e-81
3.034413857954062e-84
2.728321558243312e-87
2.1595960252314347e-90
1.5048932959793437e-93
9.231985607234603e-97
4.985867733197016e-100
2.3705144712498094e-103
9.922033563553667e-107
3.65607415603987e-110
1.1860022782411616e-113
3.38697720566395e-117
8.515207740386581e-121
1.884666212001289e-124
3.672229921191903e-128
6.299143591146419e-132
9.512384028087463e-136
1.2646008370256658e-139
1.4800411080080388e-143
1.5249314255720976e-147
1.3831939285421638e-151
1.1045161152229678e-155
7.764567374329107e-160
4.805279925013493e-164
2.6180404023332565e-168
1.255712507598173e-172
5.302251443140414e-177
1.971000076297783e-181
6.450140673446715e-186
1.8582663172052167e-190
4.713059762726692e-195
1.0523353555863074e-199
2.0685289335404303e-204
3.579523858094593e-209
5.45312114634822e-214
7.313432442080898e-219
8.634825890764731e-224
8.975158757838235e-229
