0.7788627202028767
0.156046035510147
0.04162067143788455
0.015627646306065036
0.007916710063268984
0.004908031068054822
0.0034414084681909656
0.002606619168785634
0.0020793723709939846
0.0017213334312590587
0.0014648717951940963
0.0012734613214420909
0.0011258558949990942
0.001008965428055821
0.0009143421464287341
0.000836320489628966
0.0007709751323143686
0.0007155094209553008
0.0006678819685496655
0.000626570754980577
0.0005904195841258905
0.0005585354760306609
0.0005302184688270277
0.000504912572767572
0.00048217084755091614
0.000461630106134251
0.00044299230389707386
0.0004260106504572547
0.0004104791101023666
0.00039622436869659813
0.0003830996196886065
0.0003709797081942012
0.0003597573004614385
0.00034933983566975095
0.0003396470804649309
0.00033060915209745447
0.00032216490898647127
0.00031426063167628107
0.0003068489350206613
0.00029988786577993487
0.0002933401498781344
0.00028717256121624647
0.0002813553897975161
0.0002758619914441276
0.00027066840490093716
0.0002657530248739002
0.00026109632171832017
0.00025668060020955915
0.00025248979119765655
0.00024850927104420374
0.0002447257046234413
0.000241126908384911
0.00023770173055692186
0.0002344399460456266
0.00023133216397480962
0.00022836974613317922
0.00022554473486216238
0.00022284978913834327
0.00022027812778907898
0.00021782347893411537
0.0002154800348755822
0.00021324241176788407
0.00021110561349123942
0.0002090649992308094
0.0002071162543298351
0.00020525536404189035
0.00020347858985582113
0.00020178244810849656
0.0002001636906362169
0.0001986192872463999
0.00019714640981775838
0.00019574241786020574
0.0001944048453857081
0.0001931313889586924
0.000191919896809765
0.00019076835890974992
0.0001896748979126458
0.0001886377608862768
0.00018765531175836327
0.00018672602441361977
0.00018584847638445317
0.00018502134308399278
0.0001842433925356515
0.00018351348055826972
0.0001828305463702228
0.00018219360857973336
0.00018160176153208849
0.0001810541719875632
0.0001805500761066463
0.00018008877672168197
0.0001796696408763259
0.0001792920976162894
0.0001789556360167355
0.00017865980343342852
0.00017840420396633507
0.00017818849712585296
0.0001780123966932224
0.00017787566976796228
0.00017777813599639488
0.00017771966697647845
0.0001777001858352779
0.00017771966697647845
0.00017777813599639488
0.00017787566976796228
0.0001780123966932224
0.00017818849712585296
0.00017840420396633507
0.00017865980343342852
0.0001789556360167355
0.0001792920976162894
0.0001796696408763259
0.00018008877672168197
0.0001805500761066463
0.0001810541719875632
0.00018160176153208849
0.00018219360857973336
0.0001828305463702228
0.00018351348055826972
0.0001842433925356515
0.00018502134308399278
0.00018584847638445317
0.00018672602441361977
0.00018765531175836327
0.0001886377608862768
0.0001896748979126458
0.00019076835890974992
0.000191919896809765
0.0001931313889586924
0.0001944048453857081
0.00019574241786020574
0.00019714640981775838
0.0001986192872463999
0.0002001636906362169
0.00020178244810849656
0.00020347858985582113
0.00020525536404189035
0.0002071162543298351
0.0002090649992308094
0.00021110561349123942
0.00021324241176788407
0.0002154800348755822
0.00021782347893411537
0.00022027812778907898
0.00022284978913834327
0.00022554473486216238
0.00022836974613317922
0.00023133216397480962
0.0002344399460456266
0.00023770173055692186
0.000241126908384911
0.0002447257046234413
0.00024850927104420374
0.00025248979119765655
0.00025668060020955915
0.00026109632171832017
0.0002657530248739002
0.00027066840490093716
0.0002758619914441276
0.0002813553897975161
0.00028717256121624647
0.0002933401498781344
0.00029988786577993487
0.0003068489350206613
0.00031426063167628107
0.00032216490898647127
0.00033060915209745447
0.0003396470804649309
0.00034933983566975095
0.0003597573004614385
0.0003709797081942012
0.0003830996196886065
0.00039622436869659813
0.0004104791101023666
0.0004260106504572547
0.00044299230389707386
0.000461630106134251
0.00048217084755091614
0.000504912572767572
0.0005302184688270277
0.0005585354760306609
0.0005904195841258905
0.000626570754980577
0.0006678819685496655
0.0007155094209553008
0.0007709751323143686
0.000836320489628966
0.0009143421464287341
0.001008965428055821
0.0011258558949990942
0.0012734613214420909
0.0014648717951940963
0.0017213334312590587
0.0020793723709939846
0.002606619168785634
0.0034414084681909656
0.004908031068054822
0.007916710063268984
0.015627646306065036
0.04162067143788455
0.156046035510147

0.008481257994849604
0.019880169334445596
0.040205401868694854
0.07018440153995426
0.10627828082979339
0.14486782713718266
0.20639584342669476
0.3651364632302203
0.6591615417052961
0.8850232944777099
0.7672879592699687
0.412796985941325
0.13775818832071707
0.0296292406537675
0.004711817665418125
0.0007576370551790199
0.00015135016610489985
3.1782449460222785e-05
6.020116548706272e-06
9.894941523066649e-07
1.4038724763047637e-07
1.7184921462174273e-08
1.8149346644133017e-09
1.6537410494843333e-10
1.3000710020432783e-11
8.817788742791338e-13
5.159948433004582e-14
2.6050981264283924e-15
1.1347386959598071e-16
4.2644271241424414e-18
1.382670135108917e-19
3.867849091442298e-21
9.334982615187854e-23
1.9437954408331694e-24
3.4920516470577175e-26
5.412573548221307e-28
7.238023964980891e-30
8.350822950081571e-32
8.312498671283946e-34
7.138828604039497e-36
5.28950917489849e-38
3.3814023321315666e-40
1.864967956970838e-42
8.874399066398918e-45
3.64333904145888e-47
1.2904859317515379e-49
3.943664986860262e-52
1.0397760464900486e-54
2.3652260597780265e-57
4.641929666670159e-60
7.859908852526495e-63
1.1482316591815881e-65
1.447220074045432e-68
1.573738944050077e-71
1.476467391199589e-74
1.1951105515352717e-77
8.346134039758716e-81
5.028699487146346e-84
2.6140811442574144e-87
1.1723991617218354e-90
4.536542537222934e-94
1.5144939020733332e-97
4.362175398066744e-101
1.0840062159095163e-104
2.3240928491331223e-108
4.299007766951294e-112
6.860820207576159e-116
9.44662989485414e-120
1.1222014260813678e-123
1.1501587435168698e-127
1.017039470180407e-131
7.75909168312992e-136
5.107131177474082e-140
2.900255076590118e-144
1.420981526171465e-148
6.006669287196296e-153
2.190645301370991e-157
6.892923535977327e-162
1.8712331846913062e-166
4.382737038071417e-171
8.85637445732245e-176
1.5440436756257084e-180
2.3225027902357107e-185
3.0140188313199123e-190
3.3746499608200323e-195
3.259902084814105e-200
2.7168986185975497e-205
1.9535987272911017e-210
1.2119657525244254e-215
6.486917659930783e-221
2.9955700260052718e-226
1.1934758095236757e-231
4.102426591692416e-237
1.216637139746281e-242
3.1129659800465202e-248
6.871961736466907e-254
1.308820667183471e-259
2.1506642161885185e-265
3.049004936804994e-271
3.7293805317820943e-277
