0.6536685083738994
0.09331079457944642
0.01709636950943223
0.0032446119068650528
0.0006316580908718901
0.00012609183485353832
2.580894848260856e-05
5.416661437682332e-06
1.1656578345701993e-06
2.572103834895423e-07
5.819476531768314e-08
1.3500733350720127e-08
3.232095848870556e-09
7.883338027769601e-10
1.9692794873245715e-10
5.041274929110546e-11
1.3232373142941042e-11
3.5625093580547584e-12
9.839416911557505e-13
2.7879199182494357e-13
8.102953421606265e-14
2.4154168967263712e-14
7.3834943102317e-15
2.3142179578336246e-15
7.436893692703292e-16
2.450279414597464e-16
8.277160751725747e-17
2.8668197414244216e-17
1.018087041677472e-17
3.707188329915405e-18
1.3841571783700936e-18
5.299189210413112e-19
2.080254583577624e-19
8.373464415362225e-20
3.4560010087690014e-20
1.462585358235199e-20
6.346677992246731e-21
2.8238995735218012e-21
1.2883371286235867e-21
6.026808030889954e-22
2.890831625092859e-22
1.4217909461204333e-22
7.170110587220113e-23
3.7075957032697384e-23
1.9657752370785804e-23
1.0686802020663419e-23
5.957028378614589e-24
3.404647741610649e-24
1.9950936208671486e-24
1.1986266429199313e-24
7.411580064258095e-25
4.661038278305041e-25
3.016159265515602e-25
2.000006781213824e-25
1.3586085915149704e-25
9.451157638590795e-26
6.729794569848979e-26
4.902247655045405e-26
3.650613454835553e-26
2.776928940755748e-26
2.1557442811670145e-26
1.7061955217333197e-26
1.3752878791685866e-26
1.1277280587133028e-26
9.396426701431916e-27
7.94638057200311e-27
6.812919980273279e-27
5.915338361901713e-27
5.195836835111787e-27
4.612482921459195e-27
4.134475198677313e-27
3.738918168510668e-27
3.408598671731941e-27
3.130434620336083e-27
2.8943803742623492e-27
2.692645819527761e-27
2.5191333297096388e-27
2.369027673707697e-27
2.238494391671578e-27
2.124455859856384e-27
2.024423532497636e-27
1.936371180983916e-27
1.858638319250988e-27
1.7898560466180054e-27
1.728889677197711e-27
1.674794040621972e-27
1.626778422442039e-27
1.5841788937321646e-27
1.5464363470904015e-27
1.5130789719763174e-27
1.4837083099569056e-27
1.4579875153930575e-27
1.4356329589715381e-27
1.4164063638361324e-27
1.4001089902085909e-27
1.386576857663913e-27
1.3756769287831854e-27
1.3673040994662525e-27
1.3613788776181215e-27
1.3578456613937887e-27
1.3566715525705336e-27
1.3578456613937887e-27
1.3613788776181215e-27
1.3673040994662525e-27
1.3756769287831854e-27
1.386576857663913e-27
1.4001089902085909e-27
1.4164063638361324e-27
1.4356329589715381e-27
1.4579875153930575e-27
1.4837083099569056e-27
1.5130789719763174e-27
1.5464363470904015e-27
1.5841788937321646e-27
1.626778422442039e-27
1.674794040621972e-27
1.728889677197711e-27
1.7898560466180054e-27
1.858638319250988e-27
1.936371180983916e-27
2.024423532497636e-27
2.124455859856384e-27
2.238494391671578e-27
2.369027673707697e-27
2.5191333297096388e-27
2.692645819527761e-27
2.8943803742623492e-27
3.130434620336083e-27
3.408598671731941e-27
3.738918168510668e-27
4.134475198677313e-27
4.612482921459195e-27
5.195836835111787e-27
5.915338361901713e-27
6.812919980273279e-27
7.94638057200311e-27
9.396426701431916e-27
1.1277280587133028e-26
1.3752878791685866e-26
1.7061955217333197e-26
2.1557442811670145e-26
2.776928940755748e-26
3.650613454835553e-26
4.902247655045405e-26
6.729794569848979e-26
9.451157638590795e-26
1.3586085915149704e-25
2.000006781213824e-25
3.016159265515602e-25
4.661038278305041e-25
7.411580064258095e-25
1.1986266429199313e-24
1.9950936208671486e-24
3.404647741610649e-24
5.957028378614589e-24
1.0686802020663419e-23
1.9657752370785804e-23
3.7075957032697384e-23
7.170110587220113e-23
1.4217909461204333e-22
2.890831625092859e-22
6.026808030889954e-22
1.2883371286235867e-21
2.8238995735218012e-21
6.346677992246731e-21
1.462585358235199e-20
3.4560010087690014e-20
8.373464415362225e-20
2.080254583577624e-19
5.299189210413112e-19
1.3841571783700936e-18
3.707188329915405e-18
1.018087041677472e-17
2.8668197414244216e-17
8.277160751725747e-17
2.450279414597464e-16
7.436893692703292e-16
2.3142179578336246e-15
7.3834943102317e-15
2.4154168967263712e-14
8.102953421606265e-14
2.7879199182494357e-13
9.839416911557505e-13
3.5625093580547584e-12
1.3232373142941042e-11
5.041274929110546e-11
1.9692794873245715e-10
7.883338027769601e-10
3.232095848870556e-09
1.3500733350720127e-08
5.819476531768314e-08
2.572103834895423e-07
1.1656578345701993e-06
5.416661437682332e-06
2.580894848260856e-05
0.00012609183485353832
0.0006316580908718901
0.0032446119068650528
0.01709636950943223
0.09331079457944642

2.1951858343263155e-26
1.0632559254570388e-20
1.0096491263935754e-15
1.879616626278673e-11
6.860159670226916e-08
4.9086866797325144e-05
0.0068859290261986915
0.18937642511728153
1.0210697921761607
1.0793221353558218
0.22367264929365088
0.009087424624317598
7.23827207366495e-05
1.1303036426202858e-07
3.460362767536986e-11
1.1616215394645908e-14
4.242319635999384e-12
9.639915334215671e-10
1.119249883661107e-07
6.639951385090651e-06
0.0002012735677074981
0.003117400447406657
0.02467075528232839
0.09975996791731447
0.2061171646293391
0.21759856243433445
0.11737669789036134
0.03235130146105831
0.0045560200756232325
0.0003278411805814376
1.2053838941588928e-05
2.2644944835021602e-07
2.1737077470527903e-09
1.066141976217965e-11
2.6718553088753614e-14
3.421328949228946e-17
2.2385187269970073e-20
7.483601186707302e-24
1.2783345939187031e-27
1.1157385839093258e-31
4.975816608413867e-36
1.1338361051256531e-40
1.3201406452445188e-45
7.853696717144218e-51
2.3873277894513654e-56
3.7079509796224026e-62
2.9426588623155524e-68
1.1932456377334606e-74
2.4723149563737203e-81
2.617349630369246e-88
1.4158058028475718e-95
3.913178322660295e-103
5.5263653579653594e-111
3.9878016745890137e-119
1.4703188081021926e-127
2.769959871121422e-136
2.6663640521249426e-145
1.3114429931742531e-154
3.295819295804603e-164
4.232153103090976e-174
2.776792017654958e-184
9.309135192573e-195
1.594627781398482e-205
1.395703983688222e-216
6.241821050648066e-228
1.4263079812397272e-239
1.6653261999487063e-251
9.935033146566248e-264
3.028470373865354e-276
4.716950753027666e-289
3.753905693717307e-302
1.52647388e-315
0.0
0.0
0.0
0.0
0.0
0.0
0.0
0.0
0.0
0.0
0.0
0.0
0.0
0.0
0.0
0.0
0.0
0.0
0.0
0.0
0.0
0.0
0.0
0.0
0.0
0.0
0.0
0.0
