1.0245768641860626
0.08574821138407863
0.04564370225262888
0.03225012193266296
0.024586478366612208
0.01967950745740584
0.016324612641803904
0.013913131634700409
0.012109405219226857
0.0107161865097769
0.009611347510747312
0.00871586754246361
0.007976665851046399
0.007356922084720628
0.006830376213562429
0.006377841862464059
0.005985001101377334
0.005640967912141431
0.005337327510768947
0.005067478666387548
0.004826173888304537
0.004609191804647323
0.004413099693931936
0.004235078661141773
0.004072793092475832
0.0039242918995117376
0.0037879329153969023
0.00366232437622235
0.003546279164855842
0.0034387786961830335
0.0033389441624862752
0.003246013452366707
0.00315932248293552
0.003078289994155741
0.003002405080827001
0.002931216905491747
0.0028643261609518017
0.0028013779456581493
0.002742055787156051
0.0026860766038930375
0.0026331864382669445
0.0025831568268981585
0.00253578170003097
0.002490874722392772
0.0024482670040299934
0.0024078051225476776
0.002369349408527424
0.0023327724542371924
0.0022979578124998306
0.002264798858082718
0.002233197788463249
0.0022030647445132226
0.0021743170346861145
0.002146878448808413
0.002120678649667907
0.0020956526323363785
0.0020717402426243935
0.0020488857472923017
0.002027037449674998
0.0020061473452515615
0.001986170812431685
0.00196706633446068
0.0019487952488821412
0.0019313215214567967
0.001914611541830065
0.0018986339385795572
0.0018833594115657008
0.0018687605797608816
0.0018548118429509437
0.001841489255892471
0.0018287704136742263
0.0018166343471749443
0.0018050614276352993
0.0017940332794718968
0.0017835327005576546
0.0017735435892777848
0.00176405087774533
0.001755040470626194
0.0017464991890819208
0.0017384147193902043
0.0017307755658489872
0.001723571007610853
0.0017167910591308236
0.0017104264339431858
0.0017044685115120953
0.0016989093069268294
0.001693741443236065
0.0016889581262367543
0.0016845531215523286
0.0016805207338523483
0.0016768557880815248
0.0016735536125804884
0.0016706100239939014
0.001668021313873691
0.0016657842368964575
0.0016638960006245575
0.0016623542567501708
0.0016611570937708467
0.0016603030310537348
0.0016597910142540405
0.0016596204120612004
0.0016597910142540405
0.0016603030310537348
0.0016611570937708467
0.0016623542567501708
0.0016638960006245575
0.0016657842368964575
0.001668021313873691
0.0016706100239939014
0.0016735536125804884
0.0016768557880815248
0.0016805207338523483
0.0016845531215523286
0.0016889581262367543
0.001693741443236065
0.0016989093069268294
0.0017044685115120953
0.0017104264339431858
0.0017167910591308236
0.001723571007610853
0.0017307755658489872
0.0017384147193902043
0.0017464991890819208
0.001755040470626194
0.00176405087774533
0.0017735435892777848
0.0017835327005576546
0.0017940332794718968
0.0018050614276352993
0.0018166343471749443
0.0018287704136742263
0.001841489255892471
0.0018548118429509437
0.0018687605797608816
0.0018833594115657008
0.0018986339385795572
0.001914611541830065
0.0019313215214567967
0.0019487952488821412
0.00196706633446068
0.001986170812431685
0.0020061473452515615
0.002027037449674998
0.0020488857472923017
0.0020717402426243935
0.0020956526323363785
0.002120678649667907
0.002146878448808413
0.0021743170346861145
0.0022030647445132226
0.002233197788463249
0.002264798858082718
0.0022979578124998306
0.0023327724542371924
0.002369349408527424
0.0024078051225476776
0.0024482670040299934
0.002490874722392772
0.00253578170003097
0.0025831568268981585
0.0026331864382669445
0.0026860766038930375
0.002742055787156051
0.0028013779456581493
0.0028643261609518017
0.002931216905491747
0.003002405080827001
0.003078289994155741
0.00315932248293552
0.003246013452366707
0.0033389441624862752
0.0034387786961830335
0.003546279164855842
0.00366232437622235
0.0037879329153969023
0.0039242918995117376
0.004072793092475832
0.004235078661141773
0.004413099693931936
0.004609191804647323
0.004826173888304537
0.005067478666387548
0.005337327510768947
0.005640967912141431
0.005985001101377334
0.006377841862464059
0.006830376213562429
0.007356922084720628
0.007976665851046399
0.00871586754246361
0.009611347510747312
0.0107161865097769
0.012109405219226857
0.013913131634700409
0.016324612641803904
0.01967950745740584
0.024586478366612208
0.03225012193266296
0.04564370225262888
0.08574821138407863

0.08180658084859857
0.10236942680462399
0.11168345217902526
0.10622935963211644
0.08809308906374895
0.06369580623620755
0.04017587894929192
0.02218471868678195
0.011005861737309799
0.005791283555671635
0.005493577301730036
0.01033243934242148
0.022384895384285758
0.045220035497606705
0.08248751104299737
0.13563520244663715
0.20169890671583693
0.27272568246227186
0.3378561346634614
0.38728302170162227
0.41563919142084815
0.4226227896481388
0.4109025586603032
0.3834921501026244
0.3427787699385033
0.2914418186747427
0.23370816875040734
0.17537354965217275
0.12239771091676542
0.07911765733408752
0.047239340684709585
0.02601194148159029
0.013197403642599997
0.006166499869212609
0.0026528512116337994
0.0010506438851425831
0.0003830361994845344
0.00012854441060950473
3.970909663093858e-05
1.1291399603621325e-05
2.9554625804428137e-06
7.120699266415381e-07
1.5792073147294678e-07
3.223850609307689e-08
6.0580088842925366e-09
1.047862093342046e-09
1.668389999111548e-10
2.4451766998319876e-11
3.2986948480844043e-12
4.096314173116218e-13
4.6823470132613434e-14
4.926666417780232e-15
4.771577045998023e-16
4.2539261537713923e-17
3.490898122772773e-18
2.636960505890716e-19
1.8335353965610968e-20
1.1735299937837424e-21
6.913823875991668e-23
3.749398942116328e-24
1.8716481763427667e-25
8.600149499312474e-27
3.6375335582092175e-28
1.4162086376478652e-29
5.075358118564288e-31
1.6742695036749872e-32
5.08397333884399e-34
1.4210206349121287e-35
3.65608872861692e-37
8.658692007687744e-39
1.887587442008587e-40
3.787748101739381e-42
6.996395012747509e-44
1.1895611615743394e-45
1.8617375296567062e-47
2.682065335927989e-49
3.556636452387001e-51
4.341390183131226e-53
4.877950477418817e-55
5.045046533690297e-57
4.802995594500256e-59
4.2089951242540676e-61
3.395188408315423e-63
2.5209751152839325e-65
1.723028497819378e-67
1.0840157310094659e-69
6.277662034979117e-72
3.3464127043190473e-74
1.6420269919331366e-76
7.416522281630568e-79
3.083468685399249e-81
1.1800434567931419e-83
4.1569584386195e-86
1.347946285282925e-88
4.0233583191346744e-91
1.1054117105340823e-93
2.795623176445777e-96
6.508073151377733e-99
1.3945864519446312e-101
2.7507915418567054e-104
