0.7167993729752259
0.020769812809516595
0.0021745365867353855
0.00037260421325265784
7.301831361807118e-05
1.5555101956697397e-05
3.579671515009373e-06
8.891176167760885e-07
2.383183645358265e-07
6.893263899097206e-08
2.1515708997644367e-08
7.246656048862811e-09
2.6336538444934937e-09
1.03264465131484e-09
4.3671420955714505e-10
1.99092412878984e-10
9.773979716396211e-11
5.158083092900752e-11
2.9183975800366096e-11
1.7636864137564445e-11
1.13306755242614e-11
7.695359982623801e-12
5.4917747057087664e-12
4.09356390592549e-12
3.1674724731185424e-12
2.530049969832909e-12
2.0770430947366796e-12
1.7448841935045733e-12
1.49470882140413e-12
1.301752252059836e-12
1.1497699912544606e-12
1.0278191338978242e-12
9.283462446570613e-13
8.460198718677416e-13
7.769993082960672e-13
7.184656020358816e-13
6.683140637648052e-13
6.249484891471619e-13
5.871408055387918e-13
5.539336347403179e-13
5.245715282083977e-13
4.98451689555098e-13
4.750881554457975e-13
4.5408541146791307e-13
4.3511871573630404e-13
4.1791925435466676e-13
4.0226282056779635e-13
3.879610934610372e-13
3.7485485535188733e-13
3.6280866984242037e-13
3.517066709856401e-13
3.41449205346246e-13
3.3195013435345503e-13
3.231346519703927e-13
3.1493750760837657e-13
3.073015500289475e-13
3.001765272350619e-13
2.9351809183936506e-13
2.8728697238010983e-13
2.814482794438885e-13
2.7597092190726425e-13
2.708271136070202e-13
2.659919546443518e-13
2.614430745837144e-13
2.5716032721757613e-13
2.531255284808615e-13
2.49322230624489e-13
2.457355269806924e-13
2.423518826385371e-13
2.391589871461332e-13
2.3614562600516435e-13
2.3330156825362537e-13
2.3061746786769003e-13
2.280847770719584e-13
2.2569566994365804e-13
2.2344297494234111e-13
2.213201152015431e-13
2.193210555901975e-13
2.1744025569534142e-13
2.1567262799864196e-13
2.1401350062145835e-13
2.1245858409972854e-13
2.1100394172355168e-13
2.0964596303907264e-13
2.0838134016392649e-13
2.0720704661353385e-13
2.0612031837515454e-13
2.0511863700081484e-13
2.04199714519865e-13
2.0336147999769553e-13
2.0260206758963322e-13
2.0191980595875955e-13
2.013132089437478e-13
2.0078096737818064e-13
2.0032194197647782e-13
1.9993515721380714e-13
1.9961979613839576e-13
1.9937519606470435e-13
1.9920084510514798e-13
1.9909637950660125e-13
1.9906158176595236e-13
1.9909637950660125e-13
1.9920084510514798e-13
1.9937519606470435e-13
1.9961979613839576e-13
1.9993515721380714e-13
2.0032194197647782e-13
2.0078096737818064e-13
2.013132089437478e-13
2.0191980595875955e-13
2.0260206758963322e-13
2.0336147999769553e-13
2.04199714519865e-13
2.0511863700081484e-13
2.0612031837515454e-13
2.0720704661353385e-13
2.0838134016392649e-13
2.0964596303907264e-13
2.1100394172355168e-13
2.1245858409972854e-13
2.1401350062145835e-13
2.1567262799864196e-13
2.1744025569534142e-13
2.193210555901975e-13
2.213201152015431e-13
2.2344297494234111e-13
2.2569566994365804e-13
2.280847770719584e-13
2.3061746786769003e-13
2.3330156825362537e-13
2.3614562600516435e-13
2.391589871461332e-13
2.423518826385371e-13
2.457355269806924e-13
2.49322230624489e-13
2.531255284808615e-13
2.5716032721757613e-13
2.614430745837144e-13
2.659919546443518e-13
2.708271136070202e-13
2.7597092190726425e-13
2.814482794438885e-13
2.8728697238010983e-13
2.9351809183936506e-13
3.001765272350619e-13
3.073015500289475e-13
3.1493750760837657e-13
3.231346519703927e-13
3.3195013435345503e-13
3.41449205346246e-13
3.517066709856401e-13
3.6280866984242037e-13
3.7485485535188733e-13
3.879610934610372e-13
4.0226282056779635e-13
4.1791925435466676e-13
4.3511871573630404e-13
4.5408541146791307e-13
4.750881554457975e-13
4.98451689555098e-13
5.245715282083977e-13
5.539336347403179e-13
5.871408055387918e-13
6.249484891471619e-13
6.683140637648052e-13
7.184656020358816e-13
7.769993082960672e-13
8.460198718677416e-13
9.283462446570613e-13
1.0278191338978242e-12
1.1497699912544606e-12
1.301752252059836e-12
1.49470882140413e-12
1.7448841935045733e-12
2.0770430947366796e-12
2.530049969832909e-12
3.1674724731185424e-12
4.09356390592549e-12
5.4917747057087664e-12
7.695359982623801e-12
1.13306755242614e-11
1.7636864137564445e-11
2.9183975800366096e-11
5.158083092900752e-11
9.773979716396211e-11
1.99092412878984e-10
4.3671420955714505e-10
1.03264465131484e-09
2.6336538444934937e-09
7.246656048862811e-09
2.1515708997644367e-08
6.893263899097206e-08
2.383183645358265e-07
8.891176167760885e-07
3.579671515009373e-06
1.5555101956697397e-05
7.301831361807118e-05
0.00037260421325265784
0.0021745365867353855
0.020769812809516595

7.502797410926724e-12
8.590151860556208e-10
5.7542462267038117e-08
2.255197234732111e-06
5.171170458079197e-05
0.0006937473908050927
0.005445303218489645
0.025006394010134658
0.06718756298855558
0.10561824336346244
0.09714743058943374
0.05232775861980325
0.016743533781376756
0.004246805916503054
0.0047266682272080265
0.013664819673304874
0.0362522133516465
0.08252480003644179
0.16096288625305658
0.2689982738186385
0.38517281077281
0.47254605236909225
0.4967238842875006
0.4473715202393299
0.34522640889764067
0.2282559330175646
0.12930714591579795
0.06276324131969511
0.02610180789072398
0.009300754922693954
0.002839541363824988
0.0007427806561030063
0.0001664774279970851
3.1969255093056614e-05
5.260076535831988e-06
7.415389992932104e-07
8.956912191454938e-08
9.269686010782715e-09
8.219664995367818e-10
6.244901582034748e-11
4.065177059505774e-12
2.2673351493792883e-13
1.0835135885129692e-14
4.436447950753251e-16
1.556391341137695e-17
4.678262731813756e-19
1.2048494876283224e-20
2.65866350007913e-22
5.026623256424355e-24
8.142760965218649e-26
1.130184697588429e-27
1.3440318063964818e-29
1.3694685304916628e-31
1.1955753555060557e-33
8.943020754192462e-36
5.731574078028361e-38
3.1473567164682426e-40
1.480813663380302e-42
5.969490218239482e-45
2.061847135392821e-47
6.101801416830153e-50
1.547184343684255e-52
3.361309024905217e-55
6.256871099276711e-58
9.979030759011882e-61
1.363646811970758e-63
1.5966062632574154e-66
1.6016814383393503e-69
1.3766921737831385e-72
1.0138645342280409e-75
6.397427989204243e-79
3.458702976837767e-82
1.6021512619875973e-85
6.358814437626563e-89
2.162375807883666e-92
6.300406678040597e-96
1.5728538845280607e-99
3.364267826285187e-103
6.165596965102844e-107
9.681487499003025e-111
1.3025410908484912e-114
1.5014924866098992e-118
1.482986784497856e-122
1.2549712747360689e-126
9.099398324380716e-131
5.652934518968063e-135
3.00896835222842e-139
1.3722829641934667e-143
5.362312389647871e-148
1.7953244137416545e-152
5.1501057815095143e-157
1.2658194047019388e-161
2.665690569304426e-166
4.809834232148129e-171
7.435888505096763e-176
9.849586906407281e-181
1.11785519796584e-185
1.0870148361794071e-190
9.056654067602928e-196
6.465207593579593e-201
