0.3513283182882806
0.05258898783485145
0.009097401129639388
0.001851642116397769
0.0004562016911255191
0.00014033946586170177
5.469217755670557e-05
2.6524113266825758e-05
1.5332397399086066e-05
1.0076745547043043e-05
7.2495343796788386e-06
5.559958817287655e-06
4.465861782565467e-06
3.712320750956627e-06
3.1677519647808587e-06
2.758862042987881e-06
2.442203553429761e-06
2.1906634346109447e-06
1.986579827958522e-06
1.8180221379722125e-06
1.6766770527037545e-06
1.5565943180516747e-06
1.4534143261927233e-06
1.36387667303647e-06
1.2854983770539075e-06
1.216357753720604e-06
1.1549459162814782e-06
1.100062638390596e-06
1.050741968693627e-06
1.0061982027275046e-06
9.657860400159497e-07
9.289707912561038e-07
8.953058151824256e-07
8.644152295194029e-07
8.35980519391409e-07
8.09730060461319e-07
7.854308461114902e-07
7.62881898490517e-07
7.419089783985027e-07
7.223603060226636e-07
7.041030750000105e-07
6.870205939948019e-07
6.710099283042947e-07
6.559799426773021e-07
6.418496681671936e-07
6.285469323053354e-07
6.160072045074168e-07
6.041726183800372e-07
5.92991140184266e-07
5.824158586567252e-07
5.724043760732534e-07
5.629182841544107e-07
5.539227113737954e-07
5.453859306046943e-07
5.372790179542782e-07
5.295755551844982e-07
5.22251369380127e-07
5.152843045554321e-07
5.086540207374968e-07
5.023418167620939e-07
4.963304735957012e-07
4.906041154772581e-07
4.851480865735795e-07
4.799488411773998e-07
4.749938457583959e-07
4.702714914146295e-07
4.6577101547225406e-07
4.6148243115123874e-07
4.573964643593633e-07
4.5350449679995246e-07
4.4979851468421e-07
4.4627106242936844e-07
4.4291520080156735e-07
4.3972446902933697e-07
4.3669285047142634e-07
4.338147414728366e-07
4.310849230864389e-07
4.284985353754274e-07
4.2605105404489353e-07
4.2373826917969145e-07
4.2155626589107657e-07
4.195014066968217e-07
4.175703154790927e-07
4.1575986288162444e-07
4.140671530230127e-07
4.124895114164826e-07
4.1102447399852226e-07
4.096697771795108e-07
4.0842334883905577e-07
4.072833001973567e-07
4.0624791850165626e-07
4.0531566047382294e-07
4.0448514647145506e-07
4.0375515532065863e-07
4.031246197839505e-07
4.0259262263158317e-07
4.02158393289111e-07
4.018213050382038e-07
4.015808727516652e-07
4.014367511473481e-07
4.013887335492292e-07
4.014367511473481e-07
4.015808727516652e-07
4.018213050382038e-07
4.02158393289111e-07
4.0259262263158317e-07
4.031246197839505e-07
4.0375515532065863e-07
4.0448514647145506e-07
4.0531566047382294e-07
4.0624791850165626e-07
4.072833001973567e-07
4.0842334883905577e-07
4.096697771795108e-07
4.1102447399852226e-07
4.124895114164826e-07
4.140671530230127e-07
4.1575986288162444e-07
4.175703154790927e-07
4.195014066968217e-07
4.2155626589107657e-07
4.2373826917969145e-07
4.2605105404489353e-07
4.284985353754274e-07
4.310849230864389e-07
4.338147414728366e-07
4.3669285047142634e-07
4.3972446902933697e-07
4.4291520080156735e-07
4.4627106242936844e-07
4.4979851468421e-07
4.5350449679995246e-07
4.573964643593633e-07
4.6148243115123874e-07
4.6577101547225406e-07
4.702714914146295e-07
4.749938457583959e-07
4.799488411773998e-07
4.851480865735795e-07
4.906041154772581e-07
4.963304735957012e-07
5.023418167620939e-07
5.086540207374968e-07
5.152843045554321e-07
5.22251369380127e-07
5.295755551844982e-07
5.372790179542782e-07
5.453859306046943e-07
5.539227113737954e-07
5.629182841544107e-07
5.724043760732534e-07
5.824158586567252e-07
5.92991140184266e-07
6.041726183800372e-07
6.160072045074168e-07
6.285469323053354e-07
6.418496681671936e-07
6.559799426773021e-07
6.710099283042947e-07
6.870205939948019e-07
7.041030750000105e-07
7.223603060226636e-07
7.419089783985027e-07
7.62881898490517e-07
7.854308461114902e-07
8.09730060461319e-07
8.35980519391409e-07
8.644152295194029e-07
8.953058151824256e-07
9.289707912561038e-07
9.657860400159497e-07
1.0061982027275046e-06
1.050741968693627e-06
1.100062638390596e-06
1.1549459162814782e-06
1.216357753720604e-06
1.2854983770539075e-06
1.36387667303647e-06
1.4534143261927233e-06
1.5565943180516747e-06
1.6766770527037545e-06
1.8180221379722125e-06
1.986579827958522e-06
2.1906634346109447e-06
2.442203553429761e-06
2.758862042987881e-06
3.1677519647808587e-06
3.712320750956627e-06
4.465861782565467e-06
5.559958817287655e-06
7.2495343796788386e-06
1.0076745547043043e-05
1.5332397399086066e-05
2.6524113266825758e-05
5.469217755670557e-05
0.00014033946586170177
0.0004562016911255191
0.001851642116397769
0.009097401129639388
0.05258898783485145

1.8335686853812538e-05
9.685733692449756e-05
0.00042752758718972054
0.0015904033822852549
0.00512677203539043
0.015150052354939068
0.042844877628111025
0.1104581427416001
0.23154281015982564
0.3597770899252134
0.3958067183187143
0.30488705958567547
0.1673895140629897
0.06923333279435875
0.02388843224966295
0.00766187363960809
0.0023431841574505633
0.0006478137698202998
0.0001538690329775441
3.070957652913641e-05
5.117790721162328e-06
7.112270433958866e-07
8.24063316952065e-08
7.960279464459528e-09
6.41077273470933e-10
4.304341286177591e-11
2.4094463617425876e-12
1.1244549812460359e-13
4.375030941738583e-15
1.419170029963088e-16
3.8379735692771335e-18
8.65334012242534e-20
1.6265964301365628e-21
2.5491189508016698e-23
3.330539851642593e-25
3.627884178930257e-27
3.2946284082355194e-29
2.4944437223516717e-31
1.574545545591241e-33
8.286115663937312e-36
3.635473647623719e-38
1.3297967180388638e-40
4.055307200147579e-43
1.0310423560919467e-45
2.185463215372389e-48
3.8621109096116965e-51
5.690104310175452e-54
6.989240108648609e-57
7.157377755791799e-60
6.110716901471088e-63
4.349553079491239e-66
2.5811387583077194e-69
1.2770041700971423e-72
5.267293577590815e-76
1.811327498422192e-79
5.193028212082776e-83
1.2412481943934358e-86
2.4734937859314976e-90
4.109389090659581e-94
5.6919090218419665e-98
6.5728372988983585e-102
6.327935743193497e-106
5.0790850476949837e-110
3.398780795719915e-114
1.8961604002966913e-118
8.819444576807838e-123
3.41996486552803e-127
1.1056465105061084e-131
2.980061322438006e-136
6.696507326516493e-141
1.2545435498507461e-145
1.959464418240654e-150
2.551545207184216e-155
2.7700231544584924e-160
2.507135332762702e-165
1.8918487030391683e-170
1.1901707478312335e-175
6.242325177820848e-181
2.7295920899394808e-186
9.950922861828233e-192
3.0244277521882574e-197
7.663679173387184e-203
1.6189955780215312e-208
2.851466382301507e-214
4.187020576149427e-220
5.1257353678823876e-226
5.231443174253863e-232
4.451445801094776e-238
3.157874845428754e-244
1.8676822174944124e-250
9.209271993518865e-257
3.7858365710645225e-263
1.2975158464738996e-269
3.707470679221222e-276
8.831958621868892e-283
1.754084748551656e-289
2.904412955742909e-296
4.009409401204678e-303
4.6144154149661e-310
4.4275886e-317
