0.3689196180683559
0.15938155411962368
0.09827048110419881
0.072265040083617
0.05759357258390181
0.04793413069439974
0.04103575298893877
0.03586177021031009
0.03184576708771746
0.028645229474776386
0.026039513332799174
0.02388004890780338
0.02206331416482187
0.020515116023169244
0.019180991163712198
0.018020119033952734
0.01700134034492745
0.01610048252379216
0.015298520637940627
0.014580286244866111
0.013933543848487029
0.013348319071075261
0.012816402399115837
0.012330977469647598
0.011886339065124442
0.011477676644049509
0.011100906373410007
0.010752539488951846
0.010429578168443249
0.01012943245759649
0.009849853460331069
0.009588879206907692
0.009344790487194747
0.009116074578293595
0.008901395272134714
0.008699567965483854
0.00850953884442835
0.008330367400847768
0.008161211676122522
0.008001315749363577
0.007849999082506907
0.007706647409159509
0.007570704912906852
0.0074416674874879475
0.007319076908525009
0.007202515776420103
0.007091603114176935
0.006985990523484358
0.006885358818348527
0.006789415068613603
0.006697889996439275
0.006610535677657619
0.0065271235072682015
0.006447442394432648
0.006371297157423891
0.006298507093253024
0.006228904700283858
0.006162334535170698
0.006098652188014182
0.006037723361801839
0.005979423044048393
0.005923634760128236
0.0058702498991425826
0.005819167104322153
0.005770291720962769
0.00572353529575073
0.005678815122077674
0.005636053826588526
0.005595178992765192
0.005556122817835321
0.005518821799720007
0.005483216451105349
0.00544925103804785
0.005416873340808954
0.005386034434864912
0.005356688490259265
0.005328792587660477
0.005302306549659888
0.005277192785998257
0.00525341615154507
0.005230943815975626
0.005209745144198911
0.005189791586685343
0.005171056578929866
0.005153515449363066
0.005137145335092596
0.005121925104919819
0.005107835289133165
0.005094858015631062
0.005082976951973794
0.005072177253006215
0.005062445513732004
0.005053769727155909
0.005046139246843196
0.005039544753976097
0.0050339782287153086
0.0050294329257011714
0.005025903353554177
0.00502338525825811
0.005021875610331768
0.00502137259571698
0.005021875610331768
0.00502338525825811
0.005025903353554177
0.0050294329257011714
0.0050339782287153086
0.005039544753976097
0.005046139246843196
0.005053769727155909
0.005062445513732004
0.005072177253006215
0.005082976951973794
0.005094858015631062
0.005107835289133165
0.005121925104919819
0.005137145335092596
0.005153515449363066
0.005171056578929866
0.005189791586685343
0.005209745144198911
0.005230943815975626
0.00525341615154507
0.005277192785998257
0.005302306549659888
0.005328792587660477
0.005356688490259265
0.005386034434864912
0.005416873340808954
0.00544925103804785
0.005483216451105349
0.005518821799720007
0.005556122817835321
0.005595178992765192
0.005636053826588526
0.005678815122077674
0.00572353529575073
0.005770291720962769
0.005819167104322153
0.0058702498991425826
0.005923634760128236
0.005979423044048393
0.006037723361801839
0.006098652188014182
0.006162334535170698
0.006228904700283858
0.006298507093253024
0.006371297157423891
0.006447442394432648
0.0065271235072682015
0.006610535677657619
0.006697889996439275
0.006789415068613603
0.006885358818348527
0.006985990523484358
0.007091603114176935
0.007202515776420103
0.007319076908525009
0.0074416674874879475
0.007570704912906852
0.007706647409159509
0.007849999082506907
0.008001315749363577
0.008161211676122522
0.008330367400847768
0.00850953884442835
0.008699567965483854
0.008901395272134714
0.009116074578293595
0.009344790487194747
0.009588879206907692
0.009849853460331069
0.01012943245759649
0.010429578168443249
0.010752539488951846
0.011100906373410007
0.011477676644049509
0.011886339065124442
0.012330977469647598
0.012816402399115837
0.013348319071075261
0.013933543848487029
0.014580286244866111
0.015298520637940627
0.01610048252379216
0.01700134034492745
0.018020119033952734
0.019180991163712198
0.020515116023169244
0.02206331416482187
0.02388004890780338
0.026039513332799174
0.028645229474776386
0.03184576708771746
0.03586177021031009
0.04103575298893877
0.04793413069439974
0.05759357258390181
0.072265040083617
0.09827048110419881
0.15938155411962368

0.25074191318675687
0.24275126282384807
0.2063123083454184
0.1539368552031106
0.10108989700887802
0.0621110049492342
0.06149909773279823
0.14111755706268947
0.265262492106553
0.27163736398140464
0.14353434789866024
0.038846495970560044
0.005383747008619686
0.00038440391212850555
1.4772886386660868e-05
4.2850691943009814e-07
2.6668154090484163e-08
2.938398158483785e-09
3.0951919580110117e-10
2.8727709865584304e-11
2.3408919149566194e-12
1.6745225230253445e-13
1.0515486810240922e-14
5.796909581162409e-16
2.805384696786287e-17
1.1918375786177739e-18
4.444986838579815e-20
1.4553003639063546e-21
4.1827658182928823e-23
1.0553662860796222e-24
2.3376077387497523e-26
4.5453654872348246e-28
7.758803223066482e-30
1.1626511320444055e-31
1.5294414424799097e-33
1.7662209942063925e-35
1.7905480721880396e-37
1.5935132602022653e-39
1.2449563707787928e-41
8.538495147162071e-44
5.140877953843846e-46
2.7172024984248276e-48
1.2607688513991023e-50
5.13544035718681e-53
1.8363212613595425e-55
5.764324076130829e-58
1.588462145963763e-60
3.842678973953753e-63
8.160562439627807e-66
1.521369950253315e-68
2.489879500064559e-71
3.57726059752886e-74
4.511818099585748e-77
4.9955273277201264e-80
4.855565867405323e-83
4.14311620451136e-86
3.1034384228744498e-89
2.0407410703067196e-92
1.178043780420476e-95
5.969854004706418e-99
2.655796192085425e-102
1.037180949230542e-105
3.555847050425477e-109
1.0701887147354684e-112
2.8275247531521406e-116
6.55814807027478e-120
1.3353182178223424e-123
2.3868057977284794e-127
3.745227019164015e-131
5.1590289553308834e-135
6.238591320880341e-139
6.622681385147087e-143
6.171772950272213e-147
5.049109314113488e-151
3.626171663446016e-155
2.286181468242344e-159
1.2653241412494915e-163
6.147827055697836e-168
2.622226750283333e-172
9.81855548886639e-177
3.2274067874312776e-181
9.312977870012335e-186
2.3591317074616387e-190
5.246196558577856e-195
1.0241549833025965e-199
1.7551553435440578e-204
2.640548765846658e-209
3.4873985138353167e-214
4.043316309213597e-219
4.1153105239350714e-224
3.677022249921717e-229
2.8841554126168907e-234
1.9859568733333313e-239
1.2004656053824564e-244
6.370277974946295e-250
2.9675346570245906e-255
1.213562001009015e-260
4.3566923479462016e-266
1.3730317190238096e-271
3.798682545683092e-277
