0.5843458185149825
0.0883714782585424
0.018385417449475316
0.005779860435934781
0.0026607125264045102
0.0015782018888704193
0.0010837750509227234
0.0008121451058597971
0.0006440736137860261
0.0005313858879939954
0.000451331666801742
0.0003919098594259174
0.0003462563983916007
0.00031019431709557746
0.0002810528376318024
0.00025705326222441794
0.00023696977731226895
0.00021993259097319626
0.00020530880650852752
0.00019262770394969098
0.00018153238877693419
0.0001717476321398388
0.00016305795342049927
0.00015529235510836664
0.00014831348159116662
0.0001420097831941438
0.00013628976142147388
0.00013107768091614045
0.0001263103317188025
0.00012193455471058056
0.00011790532911319213
0.00011418427908246378
0.00011073849639380229
0.00010753960407688514
0.00010456300554072843
0.00010178727781334486
9.919367771432816e-05
9.67657372386816e-05
9.448892994537805e-05
9.235039426073995e-05
9.033870270719972e-05
8.844366842303533e-05
8.665618214184733e-05
8.496807419163594e-05
8.337199715421124e-05
8.18613256712093e-05
8.0430070548686e-05
7.907280483957501e-05
7.77846000034247e-05
7.656097057940516e-05
7.539782607964639e-05
7.429142902937466e-05
7.323835825876032e-05
7.223547669718821e-05
7.127990304030884e-05
7.036898675883289e-05
6.950028599961453e-05
6.867154799733945e-05
6.788069167163393e-05
6.7125792131685e-05
6.640506685015686e-05
6.5716863301617e-05
6.505964788895904e-05
6.443199600523462e-05
6.38325830986966e-05
6.326017662620514e-05
6.271362879499835e-05
6.219187000555743e-05
6.169390291923697e-05
6.121879708375863e-05
6.076568405781131e-05
6.0333752983053533e-05
5.992224655793479e-05
5.953045737307775e-05
5.9157724572606426e-05
5.8803430809861376e-05
5.8466999469495934e-05
5.814789213106429e-05
5.784560625195392e-05
5.755967304992949e-05
5.728965556768976e-05
5.7035146903725396e-05
5.679576859544092e-05
5.657116914199078e-05
5.6361022655606034e-05
5.616502763137104e-05
5.598290582646908e-05
5.5814401240867e-05
5.565927919226412e-05
5.551732547890358e-05
5.538834562454365e-05
5.52721642005224e-05
5.516862422042961e-05
5.507758660343086e-05
5.499892970277958e-05
5.4932548896504836e-05
5.487835623768569e-05
5.4836280162117845e-05
5.480626525155267e-05
5.47882720510422e-05
5.4782276939265816e-05
5.47882720510422e-05
5.480626525155267e-05
5.4836280162117845e-05
5.487835623768569e-05
5.4932548896504836e-05
5.499892970277958e-05
5.507758660343086e-05
5.516862422042961e-05
5.52721642005224e-05
5.538834562454365e-05
5.551732547890358e-05
5.565927919226412e-05
5.5814401240867e-05
5.598290582646908e-05
5.616502763137104e-05
5.6361022655606034e-05
5.657116914199078e-05
5.679576859544092e-05
5.7035146903725396e-05
5.728965556768976e-05
5.755967304992949e-05
5.784560625195392e-05
5.814789213106429e-05
5.8466999469495934e-05
5.8803430809861376e-05
5.9157724572606426e-05
5.953045737307775e-05
5.992224655793479e-05
6.0333752983053533e-05
6.076568405781131e-05
6.121879708375863e-05
6.169390291923697e-05
6.219187000555743e-05
6.271362879499835e-05
6.326017662620514e-05
6.38325830986966e-05
6.443199600523462e-05
6.505964788895904e-05
6.5716863301617e-05
6.640506685015686e-05
6.7125792131685e-05
6.788069167163393e-05
6.867154799733945e-05
6.950028599961453e-05
7.036898675883289e-05
7.127990304030884e-05
7.223547669718821e-05
7.323835825876032e-05
7.429142902937466e-05
7.539782607964639e-05
7.656097057940516e-05
7.77846000034247e-05
7.907280483957501e-05
8.0430070548686e-05
8.18613256712093e-05
8.337199715421124e-05
8.496807419163594e-05
8.665618214184733e-05
8.844366842303533e-05
9.033870270719972e-05
9.235039426073995e-05
9.448892994537805e-05
9.67657372386816e-05
9.919367771432816e-05
0.00010178727781334486
0.00010456300554072843
0.00010753960407688514
0.00011073849639380229
0.00011418427908246378
0.00011790532911319213
0.00012193455471058056
0.0001263103317188025
0.00013107768091614045
0.00013628976142147388
0.0001420097831941438
0.00014831348159116662
0.00015529235510836664
0.00016305795342049927
0.0001717476321398388
0.00018153238877693419
0.00019262770394969098
0.00020530880650852752
0.00021993259097319626
0.00023696977731226895
0.00025705326222441794
0.0002810528376318024
0.00031019431709557746
0.0003462563983916007
0.0003919098594259174
0.000451331666801742
0.0005313858879939954
0.0006440736137860261
0.0008121451058597971
0.0010837750509227234
0.0015782018888704193
0.0026607125264045102
0.005779860435934781
0.018385417449475316
0.0883714782585424

0.00261722730552401
0.006087250462910617
0.012527633090606416
0.022833676518332735
0.037072030907360734
0.055116433539959785
0.08190872881034508
0.1380991846901983
0.2571064354245616
0.4358982659674512
0.5799131022958565
0.5676871060103152
0.3996727851667415
0.20106686075262764
0.0724555030987428
0.0189683071495594
0.003762303249370325
0.0006302266722531661
0.00010813885295201319
2.1435351991784553e-05
4.497611095034299e-06
8.884174551116498e-07
1.5745614137165867e-07
2.4747995707046025e-08
3.4424657958618614e-09
4.236712058361771e-10
4.613233619386595e-11
4.444246101021443e-12
3.7879726707948997e-13
2.8564830787056536e-14
1.9057790830793053e-15
1.1249404623282784e-16
5.874928716565689e-18
2.714511879474798e-19
1.1096779932062234e-20
4.013453925776744e-22
1.284268030171184e-23
3.6358766679957604e-25
9.107070452983112e-27
2.0182006006417728e-28
3.956999974443312e-30
6.864103848731389e-32
1.0534592116039257e-33
1.4304335451101387e-35
1.7184374511353042e-37
1.8264839212348533e-39
1.717568471659705e-41
1.4289872275772812e-43
1.0518618798061487e-45
6.850230216053769e-48
3.9470052088359473e-50
2.0120849543477166e-52
9.074882471725704e-55
3.62119395302022e-57
1.2784349806561859e-59
3.993204812177077e-62
1.1035210144365113e-64
2.6980855222991783e-67
5.836424835782615e-70
1.1170025478779283e-72
1.8913744249664013e-75
2.833459062248602e-78
3.755540536806511e-81
4.403966912183382e-84
4.569111142629288e-87
4.194068108817621e-90
3.406083707858409e-93
2.4473226899863568e-96
1.555762281460672e-99
8.750065842702888e-103
4.354070789137724e-106
1.9168835558024543e-109
7.466413869044588e-113
2.5730277430812024e-116
7.845000216444652e-120
2.1162040075785862e-123
5.050544322105816e-127
1.0664363075544087e-130
1.9922679109602273e-134
3.2928855699911284e-138
4.815280819638407e-142
6.229923041108041e-146
7.131154169825084e-150
7.221926282871037e-154
6.470865280179921e-158
5.12965015275206e-162
3.597735380318871e-166
2.2324758467889613e-170
1.2256328776793754e-174
5.953195125837353e-179
2.5583261746798245e-183
9.726974839410427e-188
3.272018514247095e-192
9.738000531406964e-197
2.5641292745401527e-201
5.973462226438633e-206
1.2311994365705594e-210
2.2451573109089215e-215
3.622273390799068e-220
5.170490645153307e-225
