0.6169090601494737
0.2869302171565787
0.24848103871852578
0.22195671144388907
0.1999088548880289
0.18132016951246835
0.1655153839547492
0.15197330056691383
0.1402858254770148
0.13013062529659783
0.12125097617352794
0.11344077858154375
0.1065333163151454
0.10039275330179477
0.09490764940812141
0.08998597739292882
0.08555126483808803
0.08153958560414017
0.07789719753696464
0.07457867528860047
0.07154542506246855
0.06876449591702909
0.06620762280911696
0.06385045183703872
0.06167190958105897
0.05965368705651542
0.05777981532854692
0.056036314821343
0.054410904178925516
0.052892757485372
0.051472300942030993
0.05014104188531776
0.048891424429076985
0.04771670711901307
0.0466108588604649
0.04556847007591248
0.04458467660408725
0.04365509429841431
0.04277576264190239
0.04194309598647878
0.04115384126114322
0.040405041186140744
0.03969400218824625
0.03901826634200935
0.03837558676881975
0.03776390601420777
0.037181336997320256
0.036626146187755275
0.03609673871611143
0.03559164516749529
0.035109509843280845
0.03464908030680399
0.034209198054364925
0.033788790174685404
0.03338686187847339
0.03300248979551408
0.032634815950173604
0.03228304233773238
0.03194642603386104
0.03162427477806482
0.03131594297926094
0.031020828097994665
0.03073836736529016
0.0304680348028958
0.03020933851382517
0.029961818215702873
0.029725042992573295
0.029498609243583756
0.029282138809366542
0.029075277259061085
0.028877692322779588
0.02868907245595909
0.028509125523489772
0.02833757759278812
0.02817417182611558
0.028018667463447538
0.027870838888089125
0.027730474768028195
0.027597377266722848
0.027471361317652997
0.02735225395752973
0.027239893713562717
0.02713413004064032
0.027034822804685273
0.02694184180881737
0.026855066359286948
0.026774384868443895
0.026699694492279956
0.02663090080033033
0.02656791747594729
0.02651066604516546
0.02645907563256886
0.026413082742744915
0.026372631066072853
0.026337671307744448
0.02630816103905577
0.026284064570140653
0.026265352843441128
0.02625200334732882
0.026244000049404262
0.026241333349110607
0.026244000049404262
0.02625200334732882
0.026265352843441128
0.026284064570140653
0.02630816103905577
0.026337671307744448
0.026372631066072853
0.026413082742744915
0.02645907563256886
0.02651066604516546
0.02656791747594729
0.02663090080033033
0.026699694492279956
0.026774384868443895
0.026855066359286948
0.02694184180881737
0.027034822804685273
0.02713413004064032
0.027239893713562717
0.02735225395752973
0.027471361317652997
0.027597377266722848
0.027730474768028195
0.027870838888089125
0.028018667463447538
0.02817417182611558
0.02833757759278812
0.028509125523489772
0.02868907245595909
0.028877692322779588
0.029075277259061085
0.029282138809366542
0.029498609243583756
0.029725042992573295
0.029961818215702873
0.03020933851382517
0.0304680348028958
0.03073836736529016
0.031020828097994665
0.03131594297926094
0.03162427477806482
0.03194642603386104
0.03228304233773238
0.032634815950173604
0.03300248979551408
0.03338686187847339
0.033788790174685404
0.034209198054364925
0.03464908030680399
0.035109509843280845
0.03559164516749529
0.03609673871611143
0.036626146187755275
0.037181336997320256
0.03776390601420777
0.03837558676881975
0.03901826634200935
0.03969400218824625
0.040405041186140744
0.04115384126114322
0.04194309598647878
0.04277576264190239
0.04365509429841431
0.04458467660408725
0.04556847007591248
0.0466108588604649
0.04771670711901307
0.048891424429076985
0.05014104188531776
0.051472300942030993
0.052892757485372
0.054410904178925516
0.056036314821343
0.05777981532854692
0.05965368705651542
0.06167190958105897
0.06385045183703872
0.06620762280911696
0.06876449591702909
0.07154542506246855
0.07457867528860047
0.07789719753696464
0.08153958560414017
0.08555126483808803
0.08998597739292882
0.09490764940812141
0.10039275330179477
0.1065333163151454
0.11344077858154375
0.12125097617352794
0.13013062529659783
0.1402858254770148
0.15197330056691383
0.1655153839547492
0.18132016951246835
0.1999088548880289
0.22195671144388907
0.24848103871852578
0.2869302171565787

1.2930089498183852
0.7753909047121567
0.07775397726710896
0.0013037888523247131
3.6557345467840494e-06
1.7140551117656047e-09
1.343871208848538e-13
1.761867551076603e-18
3.862527671668329e-24
1.4159655583867719e-30
8.67993584296682e-38
8.897399266912849e-46
1.5250791501621105e-54
5.344098891347844e-58
9.151116746149113e-40
5.342647288981957e-25
1.0634604780530166e-13
7.217198467035604e-06
0.1669930452980781
1.3173784772287005
0.0035432776587472356
3.2492434399043273e-09
1.015878475347211e-18
1.0828884186892491e-31
3.935574177705549e-48
4.8765753444931444e-68
2.0601754973291512e-91
2.967398955119931e-118
1.4572367128412649e-148
2.439870137623436e-182
1.3927903910447602e-219
2.7107361969846082e-260
1.7987515906595355e-304
0.0
0.0
0.0
0.0
0.0
0.0
0.0
0.0
0.0
0.0
0.0
0.0
0.0
0.0
0.0
0.0
0.0
0.0
0.0
0.0
0.0
0.0
0.0
0.0
0.0
0.0
0.0
0.0
0.0
0.0
0.0
0.0
0.0
0.0
0.0
0.0
0.0
0.0
0.0
0.0
0.0
0.0
0.0
0.0
0.0
0.0
0.0
0.0
0.0
0.0
0.0
0.0
0.0
0.0
0.0
0.0
0.0
0.0
0.0
0.0
0.0
0.0
0.0
0.0
0.0
0.0
0.0
