0.6665429862260435
0.044841393683818266
0.02394651988927987
0.01861100725965402
0.015225193669819635
0.012825917305671074
0.011051587317189051
0.009695771343547424
0.008631361583395362
0.007776591253850504
0.007076910602168781
0.006494760995685304
0.006003559984545282
0.005584032789619251
0.0052219017261524924
0.004906388492481302
0.0046292180303122875
0.004383940456832099
0.004165459753468422
0.003969699902682572
0.003793364282457759
0.003633759525725077
0.0034886647081501104
0.0033562329113864817
0.003234916245929628
0.0031234081006198643
0.0030205981984670637
0.0029255372819667535
0.0028374091163477035
0.00275550810929747
0.002679221281247454
0.002608013634825347
0.0025414162016924196
0.0024790162143128918
0.00242044897627594
0.002365391099505374
0.0023135548484536357
0.0022646833861847933
0.002218546759429202
0.002174938492384512
0.0021336726845500643
0.002094581527920253
0.0020575131746984015
0.0020223298992808475
0.001988906508323268
0.0019571289607873115
0.001926893166396615
0.0018981039362318877
0.001870674063516704
0.0018445235161853922
0.001819578725735763
0.001795771959273817
0.0017730407636510131
0.001751327472253661
0.0017305787663896394
0.0017107452843789965
0.0016917812724316366
0.0016736442722192673
0.0016562948407461307
0.001639696298714944
0.0016238145040884228
0.001608617647976947
0.0015940760703511939
0.001580162093394638
0.0015668498705827798
0.001554115249810564
0.0015419356490922885
0.0015302899435341024
0.001519158362431894
0.0015085223954803013
0.0014983647071945526
0.001488669058748228
0.0014794202365188628
0.0014706039867112683
0.0014622069554970352
0.0014542166341691045
0.0014466213088636663
0.0014394100144488396
0.001432572492221442
0.0014260991510903064
0.0014199810319576683
0.0014142097750396289
0.0014087775898930202
0.001403677227939588
0.0013989019572995334
0.0013944455397654825
0.0013903022097650883
0.0013864666551759313
0.0013829339998704434
0.0013796997878812887
0.0013767599690892793
0.0013741108863465018
0.0013717492639571131
0.0013696721974472247
0.0013678771445636577
0.0013663619174490718
0.0013651246759482536
0.0013641639220071799
0.0013634784951329366
0.0013630675688887893
0.001362930648404627
0.0013630675688887893
0.0013634784951329366
0.0013641639220071799
0.0013651246759482536
0.0013663619174490718
0.0013678771445636577
0.0013696721974472247
0.0013717492639571131
0.0013741108863465018
0.0013767599690892793
0.0013796997878812887
0.0013829339998704434
0.0013864666551759313
0.0013903022097650883
0.0013944455397654825
0.0013989019572995334
0.001403677227939588
0.0014087775898930202
0.0014142097750396289
0.0014199810319576683
0.0014260991510903064
0.001432572492221442
0.0014394100144488396
0.0014466213088636663
0.0014542166341691045
0.0014622069554970352
0.0014706039867112683
0.0014794202365188628
0.001488669058748228
0.0014983647071945526
0.0015085223954803013
0.001519158362431894
0.0015302899435341024
0.0015419356490922885
0.001554115249810564
0.0015668498705827798
0.001580162093394638
0.0015940760703511939
0.001608617647976947
0.0016238145040884228
0.001639696298714944
0.0016562948407461307
0.0016736442722192673
0.0016917812724316366
0.0017107452843789965
0.0017305787663896394
0.001751327472253661
0.0017730407636510131
0.001795771959273817
0.001819578725735763
0.0018445235161853922
0.001870674063516704
0.0018981039362318877
0.001926893166396615
0.0019571289607873115
0.001988906508323268
0.0020223298992808475
0.0020575131746984015
0.002094581527920253
0.0021336726845500643
0.002174938492384512
0.002218546759429202
0.0022646833861847933
0.0023135548484536357
0.002365391099505374
0.00242044897627594
0.0024790162143128918
0.0025414162016924196
0.002608013634825347
0.002679221281247454
0.00275550810929747
0.0028374091163477035
0.0029255372819667535
0.0030205981984670637
0.0031234081006198643
0.003234916245929628
0.0033562329113864817
0.0034886647081501104
0.003633759525725077
0.003793364282457759
0.003969699902682572
0.004165459753468422
0.004383940456832099
0.0046292180303122875
0.004906388492481302
0.0052219017261524924
0.005584032789619251
0.006003559984545282
0.006494760995685304
0.007076910602168781
0.007776591253850504
0.008631361583395362
0.009695771343547424
0.011051587317189051
0.012825917305671074
0.015225193669819635
0.01861100725965402
0.02394651988927987
0.044841393683818266

0.06794424590236796
0.06602048329622973
0.05268433516401028
0.03452717908818655
0.018583071125641618
0.00821392944870123
0.0029817451790300855
0.0008895340266300611
0.00022277478701080393
7.8333821746122e-05
0.00020268814768035955
0.0009311241985851246
0.0037260862509320442
0.012564164459120149
0.035663963612536875
0.08521757640765676
0.17140836253124148
0.2902271798996755
0.4136636938882391
0.4963179447659912
0.5012747139607783
0.42618176735319896
0.3050121800555991
0.18375651545831487
0.09319048229329555
0.03978355789337818
0.014296802863503627
0.00432491409604693
0.0011013346183896533
0.0002360827980511212
4.2600298772832245e-05
6.4708926387266144e-06
8.274066208377704e-07
8.905884065780341e-08
8.06934587534859e-09
6.154643084995465e-10
3.951578944073433e-11
2.1357071452051474e-12
9.716637186654775e-14
3.721290043404022e-15
1.1997045426224135e-16
3.25580460976867e-18
7.437819115298373e-20
1.4303296418290032e-21
2.31542071140984e-23
3.1552003150069566e-25
3.6193218745125265e-27
3.4948675936002086e-29
2.8407792950134357e-31
1.9437817904356442e-33
1.1195945422906024e-35
5.428468027774029e-38
2.215629015518056e-40
7.612372851616182e-43
2.2016400031726115e-45
5.360136032984028e-48
1.0985215063364812e-50
1.8951542510041168e-53
2.752224219526984e-56
3.3645447482294346e-59
3.462358656896015e-62
2.9993078625333504e-65
2.187123398301839e-68
1.3425447656556258e-71
6.937252668980946e-75
3.017515417990188e-78
1.1048790301287162e-81
3.40551825302296e-85
8.835984427978766e-89
1.9298782846666812e-92
3.5482004371584098e-96
5.491482688417258e-100
7.154418499977818e-104
7.846253055078156e-108
7.243584468886585e-112
5.629217059172062e-116
3.6825250473600994e-120
2.0279006382846533e-124
9.400498457204567e-129
3.668245058365089e-133
1.2049500608431645e-137
3.331831293179747e-142
7.755328633743597e-147
1.5195698112225435e-151
2.5063652250121346e-156
3.4799363743795634e-161
4.067255911333433e-166
4.001611685366272e-171
3.3141459813003145e-176
2.3105297993708388e-181
1.3559846147665215e-186
6.698864572869113e-192
2.7858060814629375e-197
9.752227284664312e-203
2.8738228575691024e-208
7.12884912131319e-214
1.4886140022441377e-219
2.616664391637527e-225
3.871838172528361e-231
4.822693015376389e-237
