1.8421127734343143
0.31936286617702536
0.1429792166671673
0.08095499066615948
0.05116246637138883
0.03503710828998286
0.025572812829753367
0.019635265205410226
0.015694425253422153
0.01295141612433745
0.010964075693987527
0.009474748005582161
0.00832630564686658
0.007419000849021263
0.00668722623126526
0.0060864558714667115
0.005585620820777967
0.005162501227947598
0.004800853438424544
0.0044885676472490935
0.004216455910649786
0.0039774361723944884
0.0037659712236732174
0.0035776754763801196
0.00340903448153244
0.0032572016291260567
0.0031198486030675015
0.0029950538753830127
0.0028812185169177123
0.0027770018929400347
0.0026812720176212492
0.0025930668422831107
0.002511563788466775
0.002436055561834934
0.002365930796541524
0.0023006584478977954
0.002239775118033555
0.002182874694697761
0.002129599827883221
0.002079634876842716
0.002032700041288128
0.001988546452221851
0.0019469520450197948
0.0019077180737385767
0.0018706661538331415
0.0018356357425134298
0.0018024819832987912
0.001771073855036283
0.0017412925765533146
0.0017130302268371425
0.0016861885476467105
0.0016606779011293963
0.001636416359616555
0.0016133289085249252
0.0015913467463657307
0.0015704066683929223
0.0015504505225115448
0.0015314247277998854
0.001513279847441273
0.001495970209066044
0.0014794535665139828
0.0014636907978767433
0.0014486456353962637
0.001434284423401553
0.0014205759009809575
0.0014074910065252268
0.0013950027016507618
0.0013830858123326786
0.0013717168853521538
0.001360874058398992
0.0013505369423743893
0.0013406865146152027
0.001331305021913976
0.0013223758923417244
0.0013138836549961507
0.0013058138668988468
0.0012981530463532572
0.0012908886121525227
0.001284008828094213
0.0012775027523187188
0.0012713601910407874
0.0012655716562902544
0.001260128327319299
0.0012550220153701543
0.0012502451315298156
0.0012457906574273154
0.0012416521185551566
0.0012378235600197338
0.0012342995245465595
0.001231075032584937
0.001228145564373834
0.0012255070438461871
0.001223155824262995
0.0012210886754815103
0.001219302772773707
0.0012177956871222213
0.0012165653769311852
0.001215610181098954
0.0012149288134087634
0.0012145203582019407
0.0012143842673065011
0.0012145203582019407
0.0012149288134087634
0.001215610181098954
0.0012165653769311852
0.0012177956871222213
0.001219302772773707
0.0012210886754815103
0.001223155824262995
0.0012255070438461871
0.001228145564373834
0.001231075032584937
0.0012342995245465595
0.0012378235600197338
0.0012416521185551566
0.0012457906574273154
0.0012502451315298156
0.0012550220153701543
0.001260128327319299
0.0012655716562902544
0.0012713601910407874
0.0012775027523187188
0.001284008828094213
0.0012908886121525227
0.0012981530463532572
0.0013058138668988468
0.0013138836549961507
0.0013223758923417244
0.001331305021913976
0.0013406865146152027
0.0013505369423743893
0.001360874058398992
0.0013717168853521538
0.0013830858123326786
0.0013950027016507618
0.0014074910065252268
0.0014205759009809575
0.001434284423401553
0.0014486456353962637
0.0014636907978767433
0.0014794535665139828
0.001495970209066044
0.001513279847441273
0.0015314247277998854
0.0015504505225115448
0.0015704066683929223
0.0015913467463657307
0.0016133289085249252
0.001636416359616555
0.0016606779011293963
0.0016861885476467105
0.0017130302268371425
0.0017412925765533146
0.001771073855036283
0.0018024819832987912
0.0018356357425134298
0.0018706661538331415
0.0019077180737385767
0.0019469520450197948
0.001988546452221851
0.002032700041288128
0.002079634876842716
0.002129599827883221
0.002182874694697761
0.002239775118033555
0.0023006584478977954
0.002365930796541524
0.002436055561834934
0.002511563788466775
0.0025930668422831107
0.0026812720176212492
0.0027770018929400347
0.0028812185169177123
0.0029950538753830127
0.0031198486030675015
0.0032572016291260567
0.00340903448153244
0.0035776754763801196
0.0037659712236732174
0.0039774361723944884
0.004216455910649786
0.0044885676472490935
0.004800853438424544
0.005162501227947598
0.005585620820777967
0.0060864558714667115
0.00668722623126526
0.007419000849021263
0.00832630564686658
0.009474748005582161
0.010964075693987527
0.01295141612433745
0.015694425253422153
0.019635265205410226
0.025572812829753367
0.03503710828998286
0.05116246637138883
0.08095499066615948
0.1429792166671673
0.31936286617702536

0.05729521906391089
0.15810740252284658
0.3306164253665943
0.5238838982753311
0.6290484222882842
0.5723629413495969
0.3946365800109605
0.20618714081796474
0.08163272642972028
0.024491086472729545
0.005569053296770036
0.0009675326271008169
0.0012728965946364463
0.8306300988678441
2.213987310079238
0.02451189666254401
0.011582830091389374
0.031104119264513324
0.07167308770496007
0.1417109227203481
0.24041388232889002
0.34996512029972726
0.4371182980922204
0.4684704652148412
0.43079876494011804
0.3399191934480815
0.23013672584344197
0.1336919251170597
0.06663976062638745
0.028501694728796066
0.010459644990532584
0.003293610277155373
0.0008898903109995747
0.00020630499913434393
4.103855209943475e-05
7.004599555918343e-06
1.0258493772481746e-06
1.2891186469412833e-07
1.389988433002117e-08
1.285992650007612e-09
1.0208802242351924e-10
6.953766446789846e-12
4.064193843546714e-13
2.0381574541207476e-14
8.770211240767561e-16
3.238108381822124e-17
1.0258449198031548e-18
2.788566769987924e-20
6.504132619091035e-22
1.3016874944224546e-23
2.2352859149463308e-25
3.29358165491276e-27
4.1640198668759437e-29
4.5171670881925465e-31
4.204637138625038e-33
3.358148470280887e-35
2.3013372593710756e-37
1.353223867261486e-39
6.82759943072199e-42
2.955802570524545e-44
1.0979733925880236e-46
3.499590377688771e-49
9.570874379639955e-52
2.245923827845274e-54
4.522175720334604e-57
7.812838544490533e-60
1.1581885565180256e-62
1.4731897688178246e-65
1.6078558976208544e-68
1.5057211694293984e-71
1.2099042273410674e-74
8.341927986189949e-78
4.935042340118454e-81
2.505095773041835e-84
1.0911056124488363e-87
4.0777279661324033e-91
1.3076114480223548e-94
3.5978924992793156e-98
8.494281635448103e-102
1.7207355612424118e-105
2.9909600776156443e-109
4.460834417321531e-113
5.7086128915587514e-117
6.268362292467205e-121
5.905906802888625e-125
4.774502155636006e-129
3.311910580354019e-133
1.9712337028686967e-137
1.0067152176723307e-141
4.41147838515149e-146
1.6587108375894379e-150
5.351385200494176e-155
1.4813945709280476e-159
3.518716589787544e-164
7.171447656761185e-169
1.2541179436525592e-173
1.8818237046951878e-178
2.4228609622965184e-183
2.67662207011598e-188
2.5371995233818747e-193
