0.9245813957117858
0.11871099132022121
0.01880340855000402
0.0039396420483743325
0.0011242435086276533
0.00042332428336657797
0.00019834028888759066
0.00010966915266702133
6.871872661412725e-05
4.731247778552867e-05
3.49618209658076e-05
2.7246997159445072e-05
2.2108813516310058e-05
1.8504281818079775e-05
1.586645401566273e-05
1.3868026071537487e-05
1.2310046848072248e-05
1.1066106261063098e-05
1.0052755731822167e-05
9.21305154685017e-06
8.506998713601434e-06
7.905787632316593e-06
7.3881993595339735e-06
6.938295294723417e-06
6.543892046527956e-06
6.19553013187505e-06
5.885761340873121e-06
5.608646566801674e-06
5.359395603267118e-06
5.134104562552222e-06
4.929561611088586e-06
4.743101290545103e-06
4.572493907103168e-06
4.4158605799205586e-06
4.271607302425217e-06
4.13837325711827e-06
4.014989932418159e-06
3.900448508873827e-06
3.7938736357541198e-06
3.694502189601545e-06
3.601665948870719e-06
3.514777370693871e-06
3.433317842908578e-06
3.356827924707307e-06
3.284899195276098e-06
3.217167410585493e-06
3.15330673055257e-06
3.0930248268040544e-06
3.03605871867278e-06
2.982171214389244e-06
2.9311478575726477e-06
2.882794297495227e-06
2.8369340162568657e-06
2.7934063577749224e-06
2.7520648129869972e-06
2.7127755233597806e-06
2.6754159710646234e-06
2.6398738293080512e-06
2.6060459505185554e-06
2.5738374735669858e-06
2.5431610340770944e-06
2.513936064276836e-06
2.4860881708388725e-06
2.4595485808319223e-06
2.434253647310546e-06
2.4101444072562993e-06
2.387166185585632e-06
2.365268239790328e-06
2.3444034404997763e-06
2.3245279838716993e-06
2.305601132246171e-06
2.2875849799508302e-06
2.270444241535009e-06
2.254146060046481e-06
2.2386598332551345e-06
2.223957055979557e-06
2.2100111768912107e-06
2.196797468361207e-06
2.1842929080808524e-06
2.1724760713323534e-06
2.161327032913486e-06
2.1508272778318765e-06
2.1409596199830847e-06
2.1317081281136457e-06
2.1230580584471764e-06
2.11499579341987e-06
2.1075087860324245e-06
2.1005855093795103e-06
2.0942154109663244e-06
2.0883888714651233e-06
2.083097167603724e-06
2.078332438913241e-06
2.074087658094317e-06
2.070356604790298e-06
2.0671338425824455e-06
2.064414699046926e-06
2.062195248736028e-06
2.0604722989673206e-06
2.0592433783244167e-06
2.058506727791887e-06
2.058261294464938e-06
2.058506727791887e-06
2.0592433783244167e-06
2.0604722989673206e-06
2.062195248736028e-06
2.064414699046926e-06
2.0671338425824455e-06
2.070356604790298e-06
2.074087658094317e-06
2.078332438913241e-06
2.083097167603724e-06
2.0883888714651233e-06
2.0942154109663244e-06
2.1005855093795103e-06
2.1075087860324245e-06
2.11499579341987e-06
2.1230580584471764e-06
2.1317081281136457e-06
2.1409596199830847e-06
2.1508272778318765e-06
2.161327032913486e-06
2.1724760713323534e-06
2.1842929080808524e-06
2.196797468361207e-06
2.2100111768912107e-06
2.223957055979557e-06
2.2386598332551345e-06
2.254146060046481e-06
2.270444241535009e-06
2.2875849799508302e-06
2.305601132246171e-06
2.3245279838716993e-06
2.3444034404997763e-06
2.365268239790328e-06
2.387166185585632e-06
2.4101444072562993e-06
2.434253647310546e-06
2.4595485808319223e-06
2.4860881708388725e-06
2.513936064276836e-06
2.5431610340770944e-06
2.5738374735669858e-06
2.6060459505185554e-06
2.6398738293080512e-06
2.6754159710646234e-06
2.7127755233597806e-06
2.7520648129869972e-06
2.7934063577749224e-06
2.8369340162568657e-06
2.882794297495227e-06
2.9311478575726477e-06
2.982171214389244e-06
3.03605871867278e-06
3.0930248268040544e-06
3.15330673055257e-06
3.217167410585493e-06
3.284899195276098e-06
3.356827924707307e-06
3.433317842908578e-06
3.514777370693871e-06
3.601665948870719e-06
3.694502189601545e-06
3.7938736357541198e-06
3.900448508873827e-06
4.014989932418159e-06
4.13837325711827e-06
4.271607302425217e-06
4.4158605799205586e-06
4.572493907103168e-06
4.743101290545103e-06
4.929561611088586e-06
5.134104562552222e-06
5.359395603267118e-06
5.608646566801674e-06
5.885761340873121e-06
6.19553013187505e-06
6.543892046527956e-06
6.938295294723417e-06
7.3881993595339735e-06
7.905787632316593e-06
8.506998713601434e-06
9.21305154685017e-06
1.0052755731822167e-05
1.1066106261063098e-05
1.2310046848072248e-05
1.3868026071537487e-05
1.586645401566273e-05
1.8504281818079775e-05
2.2108813516310058e-05
2.7246997159445072e-05
3.49618209658076e-05
4.731247778552867e-05
6.871872661412725e-05
0.00010966915266702133
0.00019834028888759066
0.00042332428336657797
0.0011242435086276533
0.0039396420483743325
0.01880340855000402
0.11871099132022121

9.417215746992262e-05
0.0004816352365927119
0.0020413052666272994
0.007169545592588901
0.020867445983916235
0.05033183325050341
0.10062228330675577
0.1675043238633161
0.24558629335956275
0.40828397831111274
0.8348018079445712
1.2548402220732258
0.9928436726702446
0.38819116138605664
0.08353113410409
0.014995726096707067
0.0034672733274341305
0.0008436564229282578
0.00017642560841377543
3.0648639917177944e-05
4.4125708447453005e-06
5.264617695514977e-07
5.205182553087622e-08
4.264803862534708e-09
2.895717104263002e-10
1.629322935870544e-11
7.597175900504606e-13
2.935561368912251e-14
9.399919123961764e-16
2.494313522786592e-17
5.48494070012081e-19
9.995092165198215e-21
1.5093697463028651e-22
1.8888542582455355e-24
1.958823156715237e-26
1.683394797115825e-28
1.1988661629978802e-30
7.075373914696482e-33
3.460366194473432e-35
1.4024542284857744e-37
4.7103079679045905e-40
1.3110035897350636e-42
3.023795594031114e-45
5.779562307277055e-48
9.154432807784113e-51
1.20160548972964e-53
1.3070323517274096e-56
1.1781612704102826e-59
8.800697994644694e-63
5.44782897193401e-66
2.7946265654330036e-69
1.18800446353632e-72
4.185104752392174e-76
1.2217674886198825e-79
2.9557300503570967e-83
5.925635600314949e-87
9.844622916292635e-91
1.3553679190875602e-94
1.5463553068620288e-98
1.462026846675638e-102
1.1455007476937694e-106
7.437541082594618e-111
4.0018181483986994e-115
1.7843469068640173e-119
6.593184157625986e-124
2.018854831887245e-128
5.122818249127162e-133
1.077225872005997e-137
1.8771482549330378e-142
2.71071802591887e-147
3.243874805686291e-152
3.216901748021592e-157
2.643659268837299e-162
1.8003922473555457e-167
1.0160679664741637e-172
4.75195540329346e-178
1.841687429795447e-183
5.914982481913988e-189
1.574290855261391e-194
3.472245740760741e-200
6.346436019129633e-206
9.612654420972793e-212
1.2065650024956137e-217
1.2550241698253886e-223
1.081801119544729e-229
7.727459445260325e-236
4.574251230703295e-242
2.243867786751293e-248
9.12154668402431e-255
3.0727956382940194e-261
8.578134300560958e-268
1.9844765718282078e-274
3.804460523266507e-281
6.0441350422919364e-288
7.957363679117833e-295
8.681569105865299e-302
7.849124487620845e-309
5.88082396e-316
3.5e-323
0.0
