0.7977772096520538
0.2396781578001764
0.13909730814490123
0.09068630652283571
0.061150006408318046
0.042302064912005985
0.0299846495437859
0.021760956440617596
0.016155991358523684
0.012258827638307764
0.009496409701661827
0.007501738216518238
0.006035669574598374
0.0049397348687846305
0.00410720511443341
0.003465062256436345
0.0029625907856379095
0.0025640498485958226
0.002243897566664114
0.00198363463895951
0.0017696896544665984
0.0015919836085533036
0.0014429430610006437
0.0013168133891475631
0.0012091752281531306
0.001116600108504499
0.001036402539575302
0.0009664596521124268
0.0009050786656330791
0.000850898556212397
0.0008028164215950424
0.0007599318495773673
0.0007215045292206835
0.0006869216883209163
0.0006556728832563071
0.0006273303345759027
0.0006015334780744954
0.0005779767440755994
0.0005563998265759015
0.0005365798859944748
0.0005183252634731473
0.0005014703843061038
0.00048587160256394847
0.0004714037950445743
0.00045795755516238665
0.0004454368697756724
0.00043375718679733357
0.00042284380060599524
0.0004126304971526104
0.00040305841226730415
0.0003940750657785302
0.0003856335412377073
0.0003776917867328523
0.0003702120168054519
0.0003631601991089356
0.00035650561235906495
0.0003502204644764017
0.0003442795617252352
0.00033866002120270356
0.00033334102029741877
0.0003283035777745974
0.00032353036199869744
0.000319005522509867
0.00031471454175503835
0.000310644104260564
0.0003067819809387673
0.00030311692656012607
0.0002996385887076531
0.00029633742676986406
0.00029320463973121986
0.0002902321016903945
0.00028741230418230046
0.0002847383045037399
0.0002822036793483374
0.00027980248314692736
0.00027752921058722636
0.00027537876285339336
0.00027334641718364743
0.000271427799393844
0.0002696188590579888
0.0002679158470740613
0.0002663152953760566
0.00026481399858153113
0.00026340899738874643
0.00026209756355924656
0.0002608771863408045
0.00025974556020249694
0.00025870057376852705
0.00025774029985057786
0.00025686298649017525
0.0002560670489329664
0.00025535106246615585
0.0002547137560587237
0.00025415400675162447
0.000253670834752033
0.00025326339919197553
0.0002529309945174376
0.0002526730474793768
0.000252489114703027
0.00025237888081656415
0.0002523421571246409
0.00025237888081656415
0.000252489114703027
0.0002526730474793768
0.0002529309945174376
0.00025326339919197553
0.000253670834752033
0.00025415400675162447
0.0002547137560587237
0.00025535106246615585
0.0002560670489329664
0.00025686298649017525
0.00025774029985057786
0.00025870057376852705
0.00025974556020249694
0.0002608771863408045
0.00026209756355924656
0.00026340899738874643
0.00026481399858153113
0.0002663152953760566
0.0002679158470740613
0.0002696188590579888
0.000271427799393844
0.00027334641718364743
0.00027537876285339336
0.00027752921058722636
0.00027980248314692736
0.0002822036793483374
0.0002847383045037399
0.00028741230418230046
0.0002902321016903945
0.00029320463973121986
0.00029633742676986406
0.0002996385887076531
0.00030311692656012607
0.0003067819809387673
0.000310644104260564
0.00031471454175503835
0.000319005522509867
0.00032353036199869744
0.0003283035777745974
0.00033334102029741877
0.00033866002120270356
0.0003442795617252352
0.0003502204644764017
0.00035650561235906495
0.0003631601991089356
0.0003702120168054519
0.0003776917867328523
0.0003856335412377073
0.0003940750657785302
0.00040305841226730415
0.0004126304971526104
0.00042284380060599524
0.00043375718679733357
0.0004454368697756724
0.00045795755516238665
0.0004714037950445743
0.00048587160256394847
0.0005014703843061038
0.0005183252634731473
0.0005365798859944748
0.0005563998265759015
0.0005779767440755994
0.0006015334780744954
0.0006273303345759027
0.0006556728832563071
0.0006869216883209163
0.0007215045292206835
0.0007599318495773673
0.0008028164215950424
0.000850898556212397
0.0009050786656330791
0.0009664596521124268
0.001036402539575302
0.001116600108504499
0.0012091752281531306
0.0013168133891475631
0.0014429430610006437
0.0015919836085533036
0.0017696896544665984
0.00198363463895951
0.002243897566664114
0.0025640498485958226
0.0029625907856379095
0.003465062256436345
0.00410720511443341
0.0049397348687846305
0.006035669574598374
0.007501738216518238
0.009496409701661827
0.012258827638307764
0.016155991358523684
0.021760956440617596
0.0299846495437859
0.042302064912005985
0.061150006408318046
0.09068630652283571
0.13909730814490123
0.2396781578001764

0.010374304187651279
0.19087868912159897
0.7512231180728922
0.6324023568294469
0.11387569745806116
0.004386131568300576
3.613643408284304e-05
6.368277341649513e-08
2.4005550958844246e-11
1.935654910605332e-15
2.0347475950730794e-13
3.1918369197696706e-08
0.00023245422823287048
0.07859605385695366
1.2337596653568703
0.899139194438368
0.030422144577643726
4.778804428480092e-05
3.4850998393949898e-09
1.1799883666932987e-14
1.8548413213784382e-21
1.3536373656540653e-29
4.586320923800084e-39
7.214281470555468e-50
5.268515468379786e-62
1.7862817919361904e-75
2.811759805228002e-90
2.0548162911413407e-106
6.971629794805582e-124
1.0981512729869335e-142
8.030758322464611e-163
2.7265751899511164e-184
4.2977874740421226e-207
3.1451323670300096e-231
1.0685613343813106e-256
1.685491309511006e-283
1.234298254925e-311
0.0
0.0
0.0
0.0
0.0
0.0
0.0
0.0
0.0
0.0
0.0
0.0
0.0
0.0
0.0
0.0
0.0
0.0
0.0
0.0
0.0
0.0
0.0
0.0
0.0
0.0
0.0
0.0
0.0
0.0
0.0
0.0
0.0
0.0
0.0
0.0
0.0
0.0
0.0
0.0
0.0
0.0
0.0
0.0
0.0
0.0
0.0
0.0
0.0
0.0
0.0
0.0
0.0
0.0
0.0
0.0
0.0
0.0
0.0
0.0
0.0
0.0
0.0
