1.2488908731303638
0.060729463622089724
0.005910546232559961
0.0010774117768427886
0.0003051604215936648
0.00011993183567332257
6.0359609670609295e-05
3.628629247563604e-05
2.4669667349255776e-05
1.8251749703861425e-05
1.4324200980603866e-05
1.1726979817032847e-05
9.904390431025082e-06
8.564911713086532e-06
7.543835877765965e-06
6.742252444817323e-06
6.097681354053984e-06
5.5689467328626445e-06
5.127922688880908e-06
4.754800646948105e-06
4.4352574439406e-06
4.158696728611403e-06
3.917120840576657e-06
3.70438614574477e-06
3.5156988794120327e-06
3.3472660290283557e-06
3.196048642248256e-06
3.0595843099911e-06
2.9358573083471063e-06
2.8232021744031724e-06
2.7202311261478215e-06
2.625778745121248e-06
2.5388593307716216e-06
2.4586336754120586e-06
2.384382925421627e-06
2.315487830964325e-06
2.2514121347487813e-06
2.191689170034351e-06
2.1359109688199094e-06
2.0837193495471556e-06
2.034798577839021e-06
1.988869286279832e-06
1.9456834087549484e-06
1.9050199375636843e-06
1.8666813517942061e-06
1.8304905964677522e-06
1.7962885160231957e-06
1.7639316645097665e-06
1.7332904296343617e-06
1.7042474195012822e-06
1.6766960701858756e-06
1.650539439728584e-06
1.6256891601254295e-06
1.6020645237341167e-06
1.579591684450131e-06
1.5582029572195738e-06
1.5378362020893937e-06
1.5184342811645648e-06
1.4999445786349475e-06
1.4823185755230025e-06
1.4655114720436022e-06
1.449481851504103e-06
1.4341913805428956e-06
1.4196045412371165e-06
1.405688391228865e-06
1.392412348543417e-06
1.3797479982183047e-06
1.367668918241741e-06
1.356150522623275e-06
1.3451699196975527e-06
1.3347057840009596e-06
1.3247382402666604e-06
1.3152487582612633e-06
1.306220057340164e-06
1.2976360197320867e-06
1.2894816116794564e-06
1.2817428116624061e-06
1.2744065450226646e-06
1.2674606243809717e-06
1.260893695309599e-06
1.2546951867813364e-06
1.2488552659689266e-06
1.2433647970154758e-06
1.2382153034375673e-06
1.2333989338593392e-06
1.2289084308083217e-06
1.2247371023328418e-06
1.2208787962267153e-06
1.2173278766702446e-06
1.2140792031174233e-06
1.2111281112781838e-06
1.2084703960615843e-06
1.2061022963614299e-06
1.2040204815800178e-06
1.2022220397987492e-06
1.2007044675163955e-06
1.1994656608869933e-06
1.1985039083997799e-06
1.1978178849534494e-06
1.1974066472863137e-06
1.1972696307329244e-06
1.1974066472863137e-06
1.1978178849534494e-06
1.1985039083997799e-06
1.1994656608869933e-06
1.2007044675163955e-06
1.2022220397987492e-06
1.2040204815800178e-06
1.2061022963614299e-06
1.2084703960615843e-06
1.2111281112781838e-06
1.2140792031174233e-06
1.2173278766702446e-06
1.2208787962267153e-06
1.2247371023328418e-06
1.2289084308083217e-06
1.2333989338593392e-06
1.2382153034375673e-06
1.2433647970154758e-06
1.2488552659689266e-06
1.2546951867813364e-06
1.260893695309599e-06
1.2674606243809717e-06
1.2744065450226646e-06
1.2817428116624061e-06
1.2894816116794564e-06
1.2976360197320867e-06
1.306220057340164e-06
1.3152487582612633e-06
1.3247382402666604e-06
1.3347057840009596e-06
1.3451699196975527e-06
1.356150522623275e-06
1.367668918241741e-06
1.3797479982183047e-06
1.392412348543417e-06
1.405688391228865e-06
1.4196045412371165e-06
1.4341913805428956e-06
1.449481851504103e-06
1.4655114720436022e-06
1.4823185755230025e-06
1.4999445786349475e-06
1.5184342811645648e-06
1.5378362020893937e-06
1.5582029572195738e-06
1.579591684450131e-06
1.6020645237341167e-06
1.6256891601254295e-06
1.650539439728584e-06
1.6766960701858756e-06
1.7042474195012822e-06
1.7332904296343617e-06
1.7639316645097665e-06
1.7962885160231957e-06
1.8304905964677522e-06
1.8666813517942061e-06
1.9050199375636843e-06
1.9456834087549484e-06
1.988869286279832e-06
2.034798577839021e-06
2.0837193495471556e-06
2.1359109688199094e-06
2.191689170034351e-06
2.2514121347487813e-06
2.315487830964325e-06
2.384382925421627e-06
2.4586336754120586e-06
2.5388593307716216e-06
2.625778745121248e-06
2.7202311261478215e-06
2.8232021744031724e-06
2.9358573083471063e-06
3.0595843099911e-06
3.196048642248256e-06
3.3472660290283557e-06
3.5156988794120327e-06
3.70438614574477e-06
3.917120840576657e-06
4.158696728611403e-06
4.4352574439406e-06
4.754800646948105e-06
5.127922688880908e-06
5.5689467328626445e-06
6.097681354053984e-06
6.742252444817323e-06
7.543835877765965e-06
8.564911713086532e-06
9.904390431025082e-06
1.1726979817032847e-05
1.4324200980603866e-05
1.8251749703861425e-05
2.4669667349255776e-05
3.628629247563604e-05
6.0359609670609295e-05
0.00011993183567332257
0.0003051604215936648
0.0010774117768427886
0.005910546232559961
0.060729463622089724

5.5937711691861534e-05
0.00020076914877838298
0.0006488156160285654
0.0018878943434860733
0.0049461393836007905
0.01166777973815265
0.024782624923577332
0.047397940643962876
0.0816361804164913
0.12668096247132843
0.17735497126418834
0.224880467893043
0.260751853594793
0.2822978575932401
0.2956387470242109
0.31140061457469304
0.33416953172276864
0.5646930144765525
2.3502498010302393
0.606886625353928
0.23003091303376944
0.1474891491824394
0.08004369207241807
0.03649775231977707
0.013951919868596273
0.004466295704008806
0.0011966886996560993
0.0002683358750215635
5.036529032424174e-05
7.917948538586893e-06
1.0439697554230931e-06
1.1573208140779207e-07
1.0840111334407207e-08
8.660897043690024e-10
6.011476132945016e-11
3.746002424982689e-12
2.2031257318723845e-13
1.2896478471139594e-14
7.692756027540335e-16
4.57932434285717e-17
2.6127351505848445e-18
1.3834537356600316e-19
6.678903110979612e-21
2.9166452733379837e-22
1.148595186505063e-23
4.0746428452331863e-25
1.3016759420620399e-26
3.7442394138962544e-28
9.697506652512518e-30
2.2614626459536744e-31
4.748439936616445e-33
8.977275192689683e-35
1.528164687932059e-36
2.3422206677863084e-38
3.2323433314477937e-40
4.016420600464557e-42
4.4935845118125e-44
4.5266682626533644e-46
4.105787319157851e-48
3.353098073181486e-50
2.4656310438999185e-52
1.632457746770514e-54
9.731680342938683e-57
5.223549896828421e-59
2.524501809168123e-61
1.0985444929742007e-63
4.3041920664736663e-66
1.5184400859598371e-68
4.823204814790015e-71
1.3794494004367403e-73
3.552285568323347e-76
8.236486567263732e-79
1.7195236121543396e-81
3.2322602365566837e-84
5.470619655937432e-87
8.336787849485145e-90
1.1439130238468985e-92
1.4132509486013557e-95
1.5720906798710353e-98
1.5745915869879536e-101
1.4200063507747188e-104
1.1530407949986651e-107
8.430068153977086e-111
5.549444658386867e-114
3.289273529983534e-117
1.7554258193482e-120
8.435231379114594e-124
3.6495855143919424e-127
1.4217463266889673e-130
4.986923565803463e-134
1.5749810588688075e-137
4.478679500080806e-141
1.1467180824931083e-144
2.6435976872581613e-148
5.487393341350401e-152
1.025578356255185e-155
1.7258523104694558e-159
2.6149924298556288e-163
3.567543439932779e-167
4.382280075989911e-171
