0.8132646894286911
0.08448980622692848
0.01910422542400989
0.0077901696771093135
0.0042952270344632296
0.00279252623509044
0.0020121890843328005
0.0015529349146085139
0.0012571737939361589
0.0010534688137841988
0.0009057841927437448
0.0007943466779835346
0.0007075451759623975
0.000638172545987818
0.0005815448416708056
0.0005344984390598805
0.0004948257260237222
0.00046094261662889323
0.00043168472345581256
0.000406178016364546
0.00038375422998145937
0.0003638940444826036
0.0003461880084977074
0.00033030909124374085
0.0003159930347877111
0.0003030240477926649
0.0002912242263691413
0.00028044562029042947
0.00027056420621476574
0.0002614752553528866
0.00025308973420628346
0.0002453314799322701
0.00023813496305359112
0.00023144350013199058
0.0002252078144825325
0.0002193848685100265
0.00021393690980507212
0.0002088306867827784
0.0002040367997823678
0.00019952916114454461
0.00019528454353087091
0.00019128220013266492
0.00018750354378611466
0.00018393187461918426
0.00018055214789021678
0.0001773507752749717
0.00017431545412015508
0.0001714350201837669
0.00016869932018353135
0.0001660991011182086
0.00016362591384630682
0.00016127202882851803
0.0001590303622841447
0.00015689441129350263
0.0001548581966100331
0.00015291621213728133
0.00015106338018464258
0.00014929501174792438
0.00014760677117117425
0.0001459946446387874
0.00014445491202477558
0.00014298412169179783
0.00014157906788819167
0.00014023677043849316
0.00013895445646317279
0.0001377295438976822
0.00013655962661033962
0.00013544246094385583
0.00013437595352705967
0.00013335815022215512
0.00013238722608909754
0.00013146147626274493
0.00013057930765070046
0.0001297392313704151
0.00012893985585343582
0.0001281798805528269
0.00012745809019693412
0.00012677334953893648
0.00012612459855715387
0.00012551084806595157
0.0001249311757013924
0.00012438472224960383
0.0001238706882892162
0.00012338833112224314
0.0001229369619704663
0.00012251594341678598
0.0001221246870731588
0.00012176265145867206
0.00012142934007305325
0.00012112429965248435
0.00012084711859602076
0.00012059742555221286
0.00012037488815671539
0.00012017921191275739
0.00012001013920734999
0.00011986744845703816
0.00011975095337786818
0.00011966050237505666
0.000119595978048613
0.00011955729681189778
0.00011954440862080063
0.00011955729681189778
0.000119595978048613
0.00011966050237505666
0.00011975095337786818
0.00011986744845703816
0.00012001013920734999
0.00012017921191275739
0.00012037488815671539
0.00012059742555221286
0.00012084711859602076
0.00012112429965248435
0.00012142934007305325
0.00012176265145867206
0.0001221246870731588
0.00012251594341678598
0.0001229369619704663
0.00012338833112224314
0.0001238706882892162
0.00012438472224960383
0.0001249311757013924
0.00012551084806595157
0.00012612459855715387
0.00012677334953893648
0.00012745809019693412
0.0001281798805528269
0.00012893985585343582
0.0001297392313704151
0.00013057930765070046
0.00013146147626274493
0.00013238722608909754
0.00013335815022215512
0.00013437595352705967
0.00013544246094385583
0.00013655962661033962
0.0001377295438976822
0.00013895445646317279
0.00014023677043849316
0.00014157906788819167
0.00014298412169179783
0.00014445491202477558
0.0001459946446387874
0.00014760677117117425
0.00014929501174792438
0.00015106338018464258
0.00015291621213728133
0.0001548581966100331
0.00015689441129350263
0.0001590303622841447
0.00016127202882851803
0.00016362591384630682
0.0001660991011182086
0.00016869932018353135
0.0001714350201837669
0.00017431545412015508
0.0001773507752749717
0.00018055214789021678
0.00018393187461918426
0.00018750354378611466
0.00019128220013266492
0.00019528454353087091
0.00019952916114454461
0.0002040367997823678
0.0002088306867827784
0.00021393690980507212
0.0002193848685100265
0.0002252078144825325
0.00023144350013199058
0.00023813496305359112
0.0002453314799322701
0.00025308973420628346
0.0002614752553528866
0.00027056420621476574
0.00028044562029042947
0.0002912242263691413
0.0003030240477926649
0.0003159930347877111
0.00033030909124374085
0.0003461880084977074
0.0003638940444826036
0.00038375422998145937
0.000406178016364546
0.00043168472345581256
0.00046094261662889323
0.0004948257260237222
0.0005344984390598805
0.0005815448416708056
0.000638172545987818
0.0007075451759623975
0.0007943466779835346
0.0009057841927437448
0.0010534688137841988
0.0012571737939361589
0.0015529349146085139
0.0020121890843328005
0.00279252623509044
0.0042952270344632296
0.0077901696771093135
0.01910422542400989
0.08448980622692848

0.005754885664851053
0.01171864614826111
0.021811284337970395
0.037106337973695704
0.057700292402134194
0.0820108110888479
0.10654423801184389
0.12653142035020712
0.13753718311008128
0.13838374163107578
0.13802845063938504
0.1691617202581979
0.28805353756898033
0.5077657062489218
0.7042752766118338
0.696792572187876
0.4785083327771947
0.2264830213561765
0.07391659369721636
0.01678092456193327
0.002739230931676688
0.0003615288971101085
5.217512677236173e-05
1.0567666147487507e-05
2.5291113666067187e-06
5.894585595575977e-07
1.267431593097234e-07
2.4932846304820932e-08
4.483460539758537e-09
7.369187988709511e-10
1.1071056035941186e-10
1.5202727892030342e-11
1.9081699551948396e-12
2.1891506150292815e-13
2.2956056712625366e-14
2.2003004794371187e-15
1.927656981410957e-16
1.5436206345520412e-17
1.12983351424785e-18
7.558774485648884e-20
4.622228186650689e-21
2.583535493902376e-22
1.319898517634003e-23
6.163532743465491e-25
2.630764250676054e-26
1.0263540809954577e-27
3.659953377308598e-29
1.1929354663790593e-30
3.554032587640876e-32
9.678073554882325e-34
2.4089039796723176e-35
5.480410850184321e-37
1.1396455619381127e-38
2.166155089560806e-40
3.7633304032283734e-42
5.976104848767163e-44
8.674153944773725e-46
1.1507980051454022e-47
1.3955137919130557e-49
1.546793090241048e-51
1.567087951065693e-53
1.4511676130262763e-55
1.228301100321003e-57
9.502878186058087e-60
6.71998867778207e-62
4.3435515301210004e-64
2.566164382150242e-66
1.38575682143573e-68
6.8399454033967465e-71
3.085896124463019e-73
1.2725446475332147e-75
4.796537143686832e-78
1.652515923535655e-80
5.203871355212348e-83
1.4978575347470223e-85
3.940737645968522e-88
9.476491879866366e-91
2.0829590146146757e-93
4.184821248818158e-96
7.684863493418843e-99
1.2899071811992161e-101
1.9789910102512063e-104
2.7751869201600855e-107
3.5571625898536867e-110
4.167525350991515e-113
4.4628865010633767e-116
4.368340586596935e-119
3.908230763764229e-122
3.1960014231142976e-125
2.388893489315461e-128
1.6321109080915073e-131
1.0192145283388146e-134
5.817609972964847e-138
3.035195401028902e-141
1.447410660693349e-144
6.308991413322095e-148
2.513571036165497e-151
9.153463374352307e-155
3.0467918883255736e-158
9.269646892878386e-162
