1.1783664329216055
0.062390896768463974
0.006784820471977078
0.0013574607320327404
0.00043039086527835147
0.00019099634656776748
0.00010695140142072994
6.986560488491384e-05
5.050974060725101e-05
3.9091196096771134e-05
3.172096657013437e-05
2.663337644612521e-05
2.2937220805728225e-05
2.0143010456292208e-05
1.7962931462943152e-05
1.6218067352209126e-05
1.47919608631004e-05
1.3605836136465766e-05
1.2604643561612008e-05
1.174882868512757e-05
1.1009280386795527e-05
1.036412142322342e-05
9.796606923402664e-06
9.293711254654268e-06
8.845155093609514e-06
8.442721330844683e-06
8.079764900257133e-06
7.7508555351999e-06
7.451513362283761e-06
7.178010446296743e-06
6.92721991851352e-06
6.696499926980949e-06
6.483603404278924e-06
6.2866072080532995e-06
6.103855960697105e-06
5.9339171574316416e-06
5.7755449957836e-06
5.62765101556723e-06
5.489280101595641e-06
5.359590742118021e-06
5.237838689239464e-06
5.1233633575678745e-06
5.015576441112329e-06
4.913952338170839e-06
4.818020058319456e-06
4.727356350980918e-06
4.641579846045876e-06
4.560346037065984e-06
4.483342969184187e-06
4.410287519124591e-06
4.340922174676278e-06
4.275012237271088e-06
4.212343384315844e-06
4.152719538543254e-06
4.0959610002950235e-06
4.041902805737877e-06
3.9903932798448584e-06
3.941292757793059e-06
3.894472452426102e-06
3.849813448758281e-06
3.8072058092787843e-06
3.76654777614737e-06
3.7277450583357915e-06
3.6907101934265058e-06
3.6553619751835618e-06
3.621624939202616e-06
3.5894288999625655e-06
3.5587085334687763e-06
3.529403000421095e-06
3.50145560547809e-06
3.4748134887386593e-06
3.449427346036596e-06
3.4252511750543237e-06
3.4022420446181725e-06
3.380359884847195e-06
3.3595672960974045e-06
3.339829374878883e-06
3.3211135551295554e-06
3.3033894634102646e-06
3.2866287867448715e-06
3.27080515196918e-06
3.2558940155761933e-06
3.241872563154661e-06
3.2287196176149286e-06
3.216415555482366e-06
3.2049422306155402e-06
3.194282904774946e-06
3.184422184529586e-06
3.1753459640439595e-06
3.1670413733377294e-06
3.1594967316553347e-06
3.1527015056236146e-06
3.1466462719126406e-06
3.141322684148963e-06
3.1367234438617044e-06
3.132842275270816e-06
3.1296739037536312e-06
3.1272140378509893e-06
3.125459354697857e-06
3.1244074887858528e-06
3.124057023986628e-06
3.1244074887858528e-06
3.125459354697857e-06
3.1272140378509893e-06
3.1296739037536312e-06
3.132842275270816e-06
3.1367234438617044e-06
3.141322684148963e-06
3.1466462719126406e-06
3.1527015056236146e-06
3.1594967316553347e-06
3.1670413733377294e-06
3.1753459640439595e-06
3.184422184529586e-06
3.194282904774946e-06
3.2049422306155402e-06
3.216415555482366e-06
3.2287196176149286e-06
3.241872563154661e-06
3.2558940155761933e-06
3.27080515196918e-06
3.2866287867448715e-06
3.3033894634102646e-06
3.3211135551295554e-06
3.339829374878883e-06
3.3595672960974045e-06
3.380359884847195e-06
3.4022420446181725e-06
3.4252511750543237e-06
3.449427346036596e-06
3.4748134887386593e-06
3.50145560547809e-06
3.529403000421095e-06
3.5587085334687763e-06
3.5894288999625655e-06
3.621624939202616e-06
3.6553619751835618e-06
3.6907101934265058e-06
3.7277450583357915e-06
3.76654777614737e-06
3.8072058092787843e-06
3.849813448758281e-06
3.894472452426102e-06
3.941292757793059e-06
3.9903932798448584e-06
4.041902805737877e-06
4.0959610002950235e-06
4.152719538543254e-06
4.212343384315844e-06
4.275012237271088e-06
4.340922174676278e-06
4.410287519124591e-06
4.483342969184187e-06
4.560346037065984e-06
4.641579846045876e-06
4.727356350980918e-06
4.818020058319456e-06
4.913952338170839e-06
5.015576441112329e-06
5.1233633575678745e-06
5.237838689239464e-06
5.359590742118021e-06
5.489280101595641e-06
5.62765101556723e-06
5.7755449957836e-06
5.9339171574316416e-06
6.103855960697105e-06
6.2866072080532995e-06
6.483603404278924e-06
6.696499926980949e-06
6.92721991851352e-06
7.178010446296743e-06
7.451513362283761e-06
7.7508555351999e-06
8.079764900257133e-06
8.442721330844683e-06
8.845155093609514e-06
9.293711254654268e-06
9.796606923402664e-06
1.036412142322342e-05
1.1009280386795527e-05
1.174882868512757e-05
1.2604643561612008e-05
1.3605836136465766e-05
1.47919608631004e-05
1.6218067352209126e-05
1.7962931462943152e-05
2.0143010456292208e-05
2.2937220805728225e-05
2.663337644612521e-05
3.172096657013437e-05
3.9091196096771134e-05
5.050974060725101e-05
6.986560488491384e-05
0.00010695140142072994
0.00019099634656776748
0.00043039086527835147
0.0013574607320327404
0.006784820471977078
0.062390896768463974

0.00014743467337664578
0.0004412658733234008
0.0012138841983835558
0.003069237545378404
0.007132809151886905
0.015235957003104338
0.029913425336033698
0.053985690027489146
0.08957776991682119
0.13674351249459116
0.19237454904606588
0.2504796176555875
0.30468236404486654
0.35238546865318054
0.39771561195879584
0.4490436205154942
0.5097194919462894
0.5680107887346828
0.5973324802942401
0.5716001593787003
0.48524087677646244
0.35986488734335437
0.2311299245656763
0.12794502010405087
0.060887105735741485
0.024878224684716323
0.008724648535327856
0.002627149436312809
0.0006801335791992613
0.000151784358083014
2.934459844622024e-05
4.958914051964895e-06
7.441289563913944e-07
1.0175987366517531e-07
1.3157513700365511e-08
1.6729042337798402e-09
2.1393593804671718e-10
2.7344832128212575e-11
3.406210916838017e-12
4.0300182933580167e-13
4.4517237963909924e-14
4.5499443648224234e-15
4.2851355307913734e-16
3.7126790077408527e-17
2.957414281364846e-18
2.1654628714253481e-19
1.4573904406004704e-20
9.015294959885412e-22
5.1257896044252837e-23
2.6786620700575866e-24
1.2866229256098795e-25
5.680163349015883e-27
2.3048705701524976e-28
8.596238115946531e-30
2.9467718201582844e-31
9.284547789202943e-33
2.6887546880396293e-34
7.156781893234348e-36
1.7508968454783301e-37
3.937127826703232e-39
8.137193565652194e-41
1.5457738482984815e-42
2.69894131105932e-44
4.331288406214409e-46
6.388765414114307e-48
8.661496962313153e-50
1.0793073878379557e-51
1.2361566769209497e-53
1.3013019031086673e-55
1.2590958359533735e-57
1.1197361184733752e-59
9.1526902165097e-62
6.876350675654591e-64
4.748357905265386e-66
3.0137349377730753e-68
1.7580970135734276e-70
9.426637275824965e-73
4.645654770797042e-75
2.1043270940235773e-77
8.761041496877432e-80
3.3525433686513804e-82
1.1791505247809791e-84
3.8118892075140592e-87
1.132628451711017e-89
3.093220225798427e-92
7.764444542463243e-95
1.7913733963293997e-97
3.798726486333013e-100
7.403994820709308e-103
1.3263873292011105e-105
2.183990774095665e-108
3.3052735721992874e-111
4.597695442914495e-114
5.878265056980656e-117
6.907713345297752e-120
7.460975705644766e-123
7.406842697677495e-126
6.758445154941908e-129
5.66808876613918e-132
4.369207484168215e-135
