0.42534274515349785
0.17990858181282998
0.09059652097498286
0.051485200884813495
0.03207106159933061
0.021516625570248304
0.015347478147190355
0.011514534552763921
0.009004589465640528
0.007284581756052376
0.006058723950752275
0.005154983400942689
0.004469009490721052
0.003935074898229238
0.0035103560350247297
0.003166092164658187
0.00288243381754459
0.0026453422515505696
0.002444667363377052
0.0022729234960265285
0.0021244902150454334
0.0019950785738845054
0.0018813671963033842
0.0017807493683188575
0.0016911541682979748
0.0016109179013002806
0.0015386903035113746
0.0014733651647810693
0.001414028354224061
0.0013599184204333703
0.0013103963942170545
0.0012649224066714102
0.0012230374110512225
0.0011843487666419992
0.0011485187735600332
0.0011152554830152737
0.0010843052772988484
0.0010554468373114836
0.0010284862062849135
0.0010032527257561163
0.000979595670319749
0.0009573814457827431
0.0009364912443359161
0.00091681907258428
0.0008982700854406893
0.0008807591722304859
0.0008642097517952669
0.0008485527416036374
0.0008337256723862644
0.0008196719249964935
0.0008063400703483391
0.0007936832966237849
0.0007816589106425444
0.000770227902482143
0.0007593545642274475
0.0007490061551970492
0.0007391526072024309
0.0007297662643945451
0.0007208216530808841
0.0007122952775858969
0.0007041654388039408
0.0006964120725771724
0.0006890166054372477
0.0006819618255926943
0.0006752317673341514
0.0006688116072761639
0.0006626875710640499
0.0006568468493535608
0.0006512775220244019
0.0006459684897203676
0.0006409094119221012
0.0006360906508562378
0.0006315032206291744
0.0006271387410469654
0.000622989395646465
0.0006190478935182371
0.0006153074345501009
0.000611761677762458
0.0006084047124435981
0.0006052310318257283
0.0006022355090711146
0.0005994133753629941
0.0005967601999182575
0.0005942718717586883
0.0005919445830951295
0.0005897748141945925
0.0005877593196142823
0.0005858951156990168
0.0005841794692497208
0.0005826098872807726
0.0005811841077930854
0.0005799000914980739
0.0005787560144351617
0.0005777502614323556
0.0005768814203657257
0.0005761482771794376
0.0005755498116334092
0.000575085193750713
0.0005747537809416018
0.0005745551157855707
0.0005744889244571828
0.0005745551157855707
0.0005747537809416018
0.000575085193750713
0.0005755498116334092
0.0005761482771794376
0.0005768814203657257
0.0005777502614323556
0.0005787560144351617
0.0005799000914980739
0.0005811841077930854
0.0005826098872807726
0.0005841794692497208
0.0005858951156990168
0.0005877593196142823
0.0005897748141945925
0.0005919445830951295
0.0005942718717586883
0.0005967601999182575
0.0005994133753629941
0.0006022355090711146
0.0006052310318257283
0.0006084047124435981
0.000611761677762458
0.0006153074345501009
0.0006190478935182371
0.000622989395646465
0.0006271387410469654
0.0006315032206291744
0.0006360906508562378
0.0006409094119221012
0.0006459684897203676
0.0006512775220244019
0.0006568468493535608
0.0006626875710640499
0.0006688116072761639
0.0006752317673341514
0.0006819618255926943
0.0006890166054372477
0.0006964120725771724
0.0007041654388039408
0.0007122952775858969
0.0007208216530808841
0.0007297662643945451
0.0007391526072024309
0.0007490061551970492
0.0007593545642274475
0.000770227902482143
0.0007816589106425444
0.0007936832966237849
0.0008063400703483391
0.0008196719249964935
0.0008337256723862644
0.0008485527416036374
0.0008642097517952669
0.0008807591722304859
0.0008982700854406893
0.00091681907258428
0.0009364912443359161
0.0009573814457827431
0.000979595670319749
0.0010032527257561163
0.0010284862062849135
0.0010554468373114836
0.0010843052772988484
0.0011152554830152737
0.0011485187735600332
0.0011843487666419992
0.0012230374110512225
0.0012649224066714102
0.0013103963942170545
0.0013599184204333703
0.001414028354224061
0.0014733651647810693
0.0015386903035113746
0.0016109179013002806
0.0016911541682979748
0.0017807493683188575
0.0018813671963033842
0.0019950785738845054
0.0021244902150454334
0.0022729234960265285
0.002444667363377052
0.0026453422515505696
0.00288243381754459
0.003166092164658187
0.0035103560350247297
0.003935074898229238
0.004469009490721052
0.005154983400942689
0.006058723950752275
0.007284581756052376
0.009004589465640528
0.011514534552763921
0.015347478147190355
0.021516625570248304
0.03207106159933061
0.051485200884813495
0.09059652097498286
0.17990858181282998

0.026720252769193365
0.09279441250243471
0.22296273192884533
0.37065675075773086
0.42632506535261955
0.3392804386037714
0.1874919317519142
0.08237878436373858
0.08429343339956684
0.14222450745877005
0.10702899925235218
0.029722110597283732
0.0029997061965966617
0.00010984593505790646
1.4599013267800275e-06
7.0701829630940096e-09
1.3007336261892234e-11
1.5036605235028545e-14
5.0037363956351784e-17
2.213431674096351e-19
7.014779101964482e-22
1.5391333011104901e-24
2.336524806067264e-27
2.454108487451455e-30
1.783389909275611e-33
8.966605006233301e-37
3.119169379661626e-40
7.507218650773641e-44
1.2501103692617813e-47
1.4402796888838126e-51
1.1480862116177416e-55
6.331860706141718e-60
2.4161138211103985e-64
6.378706406567667e-69
1.1651370784058441e-73
1.472484117792753e-78
1.2875182730836558e-83
7.78906575209659e-89
3.260217128135505e-94
9.441410176360224e-100
1.8917179854336887e-105
2.622437257171743e-111
2.5152607046273334e-117
1.6691297266775172e-123
7.663485922576904e-130
2.4343993438606207e-136
5.350402654079801e-143
8.135987967800394e-150
8.559794031251169e-157
6.230824485532267e-164
3.138028671809321e-171
1.0934463596886407e-178
2.63613255803447e-186
4.3970984870300236e-194
5.074512510236348e-202
4.051834034718923e-210
2.2384023595666493e-218
8.555666511527578e-227
2.2625528229176674e-235
4.139737398469269e-244
5.2405400522829645e-253
4.589955579049999e-262
2.7814426306012566e-271
1.1661674550514623e-280
3.382835767049994e-290
6.789379686438092e-300
9.42775886003907e-310
9.0577e-320
0.0
0.0
0.0
0.0
0.0
0.0
0.0
0.0
0.0
0.0
0.0
0.0
0.0
0.0
0.0
0.0
0.0
0.0
0.0
0.0
0.0
0.0
0.0
0.0
0.0
0.0
0.0
0.0
0.0
0.0
0.0
0.0
