0.607286864502853
0.03372809727585596
0.0030722018014172096
0.00036463011726724893
5.346191227554862e-05
9.58792269767344e-06
2.0987609316771325e-06
5.598236546776746e-07
1.812767722728184e-07
7.065743149575881e-08
3.265228109421883e-08
1.7505649537304427e-08
1.061509192394563e-08
7.097836858129364e-09
5.119531412449773e-09
3.912715718576648e-09
3.125722038167634e-09
2.58365870519024e-09
2.1931840913098764e-09
1.9013407248139673e-09
1.6764532483784112e-09
1.4986902164761193e-09
1.3551341696094643e-09
1.2370766367037028e-09
1.1384677494991355e-09
1.0549925297270848e-09
9.835012356461771e-10
9.216470739341167e-10
8.67649351733183e-10
8.201347531611439e-10
7.780285694952198e-10
7.404786412199411e-10
7.06801190616171e-10
6.764415956370326e-10
6.489455477439261e-10
6.239375469048924e-10
6.011046604291932e-10
5.80184111527557e-10
5.609536905467695e-10
5.432242717579474e-10
5.268339183653037e-10
5.116431979945094e-10
4.975314297220236e-10
4.843936544875614e-10
4.721381720146649e-10
4.606845249159725e-10
4.499618384318383e-10
4.399074449835052e-10
4.304657383365415e-10
4.2158721402846085e-10
4.132276617911072e-10
4.0534748269786735e-10
3.9791110920165434e-10
3.908865104795174e-10
3.8424476884361475e-10
3.779597156252611e-10
3.720076170461611e-10
3.663669022779938e-10
3.6101792724915674e-10
3.5594276885550535e-10
3.511250451242448e-10
3.465497576086015e-10
3.4220315288823107e-10
3.3807260054217254e-10
3.3414648536780254e-10
3.3041411195674455e-10
3.268656200198471e-10
3.234919090884154e-10
3.2028457141608874e-10
3.172358320717613e-10
3.1433849535413147e-10
3.115858967772112e-10
3.0897185997703114e-10
3.0649065797574954e-10
3.0413697831285475e-10
3.0190589161610494e-10
2.9979282323895494e-10
2.9779352763781926e-10
2.9590406520277774e-10
2.9412078129018614e-10
2.924402872359137e-10
2.9085944315426095e-10
2.8937534235058965e-10
2.879852971957895e-10
2.866868263283287e-10
2.85477643065129e-10
2.843556449161644e-10
2.8331890410976144e-10
2.82365659046285e-10
2.814943066074255e-10
2.807033952568075e-10
2.799916188752623e-10
2.793578112809741e-10
2.788009413909012e-10
2.7832010898552543e-10
2.779145410441231e-10
2.775835886225015e-10
2.77326724249534e-10
2.771435398229291e-10
2.770337449885396e-10
2.7699716599119e-10
2.770337449885396e-10
2.771435398229291e-10
2.77326724249534e-10
2.775835886225015e-10
2.779145410441231e-10
2.7832010898552543e-10
2.788009413909012e-10
2.793578112809741e-10
2.799916188752623e-10
2.807033952568075e-10
2.814943066074255e-10
2.82365659046285e-10
2.8331890410976144e-10
2.843556449161644e-10
2.85477643065129e-10
2.866868263283287e-10
2.879852971957895e-10
2.8937534235058965e-10
2.9085944315426095e-10
2.924402872359137e-10
2.9412078129018614e-10
2.9590406520277774e-10
2.9779352763781926e-10
2.9979282323895494e-10
3.0190589161610494e-10
3.0413697831285475e-10
3.0649065797574954e-10
3.0897185997703114e-10
3.115858967772112e-10
3.1433849535413147e-10
3.172358320717613e-10
3.2028457141608874e-10
3.234919090884154e-10
3.268656200198471e-10
3.3041411195674455e-10
3.3414648536780254e-10
3.3807260054217254e-10
3.4220315288823107e-10
3.465497576086015e-10
3.511250451242448e-10
3.5594276885550535e-10
3.6101792724915674e-10
3.663669022779938e-10
3.720076170461611e-10
3.779597156252611e-10
3.8424476884361475e-10
3.908865104795174e-10
3.9791110920165434e-10
4.0534748269786735e-10
4.132276617911072e-10
4.2158721402846085e-10
4.304657383365415e-10
4.399074449835052e-10
4.499618384318383e-10
4.606845249159725e-10
4.721381720146649e-10
4.843936544875614e-10
4.975314297220236e-10
5.116431979945094e-10
5.268339183653037e-10
5.432242717579474e-10
5.609536905467695e-10
5.80184111527557e-10
6.011046604291932e-10
6.239375469048924e-10
6.489455477439261e-10
6.764415956370326e-10
7.06801190616171e-10
7.404786412199411e-10
7.780285694952198e-10
8.201347531611439e-10
8.67649351733183e-10
9.216470739341167e-10
9.835012356461771e-10
1.0549925297270848e-09
1.1384677494991355e-09
1.2370766367037028e-09
1.3551341696094643e-09
1.4986902164761193e-09
1.6764532483784112e-09
1.9013407248139673e-09
2.1931840913098764e-09
2.58365870519024e-09
3.125722038167634e-09
3.912715718576648e-09
5.119531412449773e-09
7.097836858129364e-09
1.061509192394563e-08
1.7505649537304427e-08
3.265228109421883e-08
7.065743149575881e-08
1.812767722728184e-07
5.598236546776746e-07
2.0987609316771325e-06
9.58792269767344e-06
5.346191227554862e-05
0.00036463011726724893
0.0030722018014172096
0.03372809727585596

1.2041150442379325e-08
1.5383440602069756e-07
1.601507720454909e-06
1.35860952663076e-05
9.391832451511995e-05
0.0005290492223328565
0.002428465253824297
0.009083595803432754
0.027686872143955463
0.0687670763476953
0.1391808286829319
0.22955012168425162
0.30853655868541124
0.33807573478758435
0.302484927867247
0.2227517920734137
0.14029856892124637
0.08856197731931037
0.07878366917634036
0.10333797059074668
0.1438168686731029
0.17777593556501423
0.1869228292513122
0.16581154506458948
0.12390973526014214
0.07798826605574918
0.041339880166015065
0.01845536326545388
0.006938874174082573
0.002197193960266759
0.0005859502479048489
0.00013160307848699364
2.4893405574924804e-05
3.965660590983329e-06
5.320589196726918e-07
6.011970976274969e-08
5.721198057305092e-09
4.585324226671025e-10
3.095038655467288e-11
1.7594424473605356e-12
8.423585984563599e-14
3.396502366622309e-15
1.153399582701566e-16
3.298683275399965e-18
7.945375143367632e-20
1.6117629057608463e-21
2.753600080074572e-23
3.9619914594824955e-25
4.80108245432323e-27
4.8997932432829164e-29
4.211427265517158e-31
3.0485534560456334e-33
1.8585373151752216e-35
9.542490050172466e-38
4.126340919144073e-40
1.5027317337061705e-42
4.609043095515519e-45
1.1905648059813718e-47
2.5900507389054e-50
4.74543975010686e-53
7.322470249204066e-56
9.51594072371308e-59
1.0414988638706252e-61
9.600168001083763e-65
7.452668879088856e-68
4.872566545564884e-71
2.6829754101703062e-74
1.2441953267327583e-77
4.859296502059955e-81
1.5983474528530806e-84
4.4277383327040436e-88
1.03301270183726e-91
2.0297489997585868e-95
3.3588605278449728e-99
4.681171643352946e-103
5.494524581161412e-107
5.4314856431445376e-111
4.521891228051578e-115
3.1705495663372687e-119
1.872241824912489e-123
9.311128044382035e-128
3.8999192541888145e-132
1.375694154002645e-136
4.086966975472341e-141
1.0225706545611368e-145
2.1547579037192229e-150
3.8239886949136114e-155
5.715413774502699e-160
7.194352530102529e-165
7.626911600381587e-170
6.809554041117862e-175
5.120372885147253e-180
3.242630531895526e-185
1.7294432128358e-190
7.768337852491755e-196
2.938751503296752e-201
9.362904282530553e-207
2.5122986391014624e-212
5.677339988360422e-218
1.0805167476674992e-223
