1.496290988044278
0.27287556582789046
0.07545425529074677
0.0234389247217433
0.007923999049261441
0.0029162859600502214
0.001181212535958985
0.0005350295179302151
0.00027463767834231173
0.00016005015403138158
0.00010453556565919619
7.484141635183609e-05
5.738961132560639e-05
4.624766658860028e-05
3.863156216437615e-05
3.313600303995941e-05
2.8999454145407036e-05
2.578116733874991e-05
2.3210718485649248e-05
2.1113657668797696e-05
1.937259759542655e-05
1.7905714268616908e-05
1.665426484974766e-05
1.5575013627191155e-05
1.4635455033185976e-05
1.3810698047747528e-05
1.3081374372384686e-05
1.2432198179878113e-05
1.1850952462933974e-05
1.1327761705090383e-05
1.0854560972645794e-05
1.0424702392133678e-05
1.003265939950415e-05
9.673801661549359e-06
9.344221806989533e-06
9.040600630614023e-06
8.76010120563259e-06
8.500284954437059e-06
8.259044567150251e-06
8.03454996793171e-06
7.825204474311296e-06
7.629608984338923e-06
7.446532534560142e-06
7.274887950088316e-06
7.113711592158516e-06
6.962146423784695e-06
6.819427778518223e-06
6.684871343799736e-06
6.55786296844022e-06
6.4378499802793e-06
6.324333760164623e-06
6.216863365888249e-06
6.115030037467638e-06
6.018462445334544e-06
5.926822567243817e-06
5.839802099298469e-06
5.757119322381369e-06
5.678516358242726e-06
5.60375676010509e-06
5.532623391375612e-06
5.464916553262825e-06
5.400452328070381e-06
5.3390611099122635e-06
5.280586298746612e-06
5.224883137105283e-06
5.171817671822724e-06
5.121265825536277e-06
5.073112564819197e-06
5.027251153580892e-06
4.983582481878371e-06
4.942014461571523e-06
4.902461481358054e-06
4.864843914670636e-06
4.829087674733718e-06
4.795123811780282e-06
4.762888148036862e-06
4.7323209466120626e-06
4.703366610881921e-06
4.675973411364283e-06
4.650093237422728e-06
4.62568137144531e-06
4.602696283410669e-06
4.581099443989127e-06
4.5608551545334355e-06
4.541930392496726e-06
4.524294670977284e-06
4.50791991123349e-06
4.492780327140394e-06
4.478852320673602e-06
4.466114387608663e-06
4.454547032716034e-06
4.4441326938148155e-06
4.434855674123516e-06
4.426702082414577e-06
4.419659780541885e-06
4.4137183379679805e-06
4.4088689929709086e-06
4.405104620260155e-06
4.402419704777643e-06
4.400810321503783e-06
4.400274121130497e-06
4.400810321503783e-06
4.402419704777643e-06
4.405104620260155e-06
4.4088689929709086e-06
4.4137183379679805e-06
4.419659780541885e-06
4.426702082414577e-06
4.434855674123516e-06
4.4441326938148155e-06
4.454547032716034e-06
4.466114387608663e-06
4.478852320673602e-06
4.492780327140394e-06
4.50791991123349e-06
4.524294670977284e-06
4.541930392496726e-06
4.5608551545334355e-06
4.581099443989127e-06
4.602696283410669e-06
4.62568137144531e-06
4.650093237422728e-06
4.675973411364283e-06
4.703366610881921e-06
4.7323209466120626e-06
4.762888148036862e-06
4.795123811780282e-06
4.829087674733718e-06
4.864843914670636e-06
4.902461481358054e-06
4.942014461571523e-06
4.983582481878371e-06
5.027251153580892e-06
5.073112564819197e-06
5.121265825536277e-06
5.171817671822724e-06
5.224883137105283e-06
5.280586298746612e-06
5.3390611099122635e-06
5.400452328070381e-06
5.464916553262825e-06
5.532623391375612e-06
5.60375676010509e-06
5.678516358242726e-06
5.757119322381369e-06
5.839802099298469e-06
5.926822567243817e-06
6.018462445334544e-06
6.115030037467638e-06
6.216863365888249e-06
6.324333760164623e-06
6.4378499802793e-06
6.55786296844022e-06
6.684871343799736e-06
6.819427778518223e-06
6.962146423784695e-06
7.113711592158516e-06
7.274887950088316e-06
7.446532534560142e-06
7.629608984338923e-06
7.825204474311296e-06
8.03454996793171e-06
8.259044567150251e-06
8.500284954437059e-06
8.76010120563259e-06
9.040600630614023e-06
9.344221806989533e-06
9.673801661549359e-06
1.003265939950415e-05
1.0424702392133678e-05
1.0854560972645794e-05
1.1327761705090383e-05
1.1850952462933974e-05
1.2432198179878113e-05
1.3081374372384686e-05
1.3810698047747528e-05
1.4635455033185976e-05
1.5575013627191155e-05
1.665426484974766e-05
1.7905714268616908e-05
1.937259759542655e-05
2.1113657668797696e-05
2.3210718485649248e-05
2.578116733874991e-05
2.8999454145407036e-05
3.313600303995941e-05
3.863156216437615e-05
4.624766658860028e-05
5.738961132560639e-05
7.484141635183609e-05
0.00010453556565919619
0.00016005015403138158
0.00027463767834231173
0.0005350295179302151
0.001181212535958985
0.0029162859600502214
0.007923999049261441
0.0234389247217433
0.07545425529074677
0.27287556582789046

0.0001991098980295027
0.001221733663324416
0.005959725360847959
0.026229306343405194
0.15304797025581163
0.7319826450680356
1.4004137271872663
1.0559474346952822
0.6253735402586927
0.49435695265128854
0.35756615271865366
0.20599989277318537
0.09430890055664119
0.03641075919902732
0.018531641561822867
0.026503493399040578
0.05661747200333939
0.11094075318729975
0.1868598841369783
0.26910212268292943
0.33122853464830765
0.3484471339334898
0.3132881073331935
0.2407402694493361
0.158107107840894
0.088746628979149
0.04257455872488969
0.01745606152583734
0.006117024098827256
0.0018320272863161801
0.0004689445608158994
0.00010259091113791522
1.9182008969517766e-05
3.065329123079901e-06
4.186566093645935e-07
4.886935545985463e-08
4.875431840141328e-09
4.1570704657575453e-10
3.02942009578978e-11
1.8868155058138863e-12
1.0043779970845771e-13
4.5694377191265006e-15
1.776749301673702e-16
5.904557596861271e-18
1.6770514717840626e-19
4.07102003481568e-21
8.446132809206502e-23
1.4976502086702952e-24
2.269659433534012e-26
2.9397393000688374e-28
3.254278822854735e-30
3.0789208215696334e-32
2.4896603336219504e-34
1.7205983346039386e-36
1.0162878072881697e-38
5.130406192607532e-41
2.213525889241209e-43
8.162351241407776e-46
2.5724312200356398e-48
6.928992366767112e-51
1.5951231313640917e-53
3.1384568482570564e-56
5.277593417958639e-59
7.584963861548348e-62
9.316846091411983e-65
9.780974922782407e-68
8.775930766443806e-71
6.729798333108175e-74
4.410712301534667e-77
2.4706614011924726e-80
1.1828115281042661e-83
4.839669288468958e-87
1.6924414054053795e-90
5.058356296184756e-94
1.2921204803032575e-97
2.8209437257508758e-101
5.263609400717532e-105
8.394033613704392e-109
1.1440778379892784e-112
1.3327179915815135e-116
1.3268406466275853e-120
1.1290081908742384e-124
8.210568655759236e-129
5.103254180884494e-133
2.7109342341311165e-137
1.2308031035648563e-141
4.775908550007196e-146
1.5838762280115647e-150
4.489358606186225e-155
1.0875398360614599e-159
2.2516654750150407e-164
3.9843766151922203e-169
6.02580002728446e-174
7.78873389767353e-179
8.604325605008835e-184
8.12390106154825e-189
6.555566594006271e-194
4.521199388215565e-199
2.6649858391540692e-204
1.3425608231200353e-209
