0.7753917602617685
0.27093962866029
0.10657666560149251
0.04719403399013944
0.02337523123191623
0.012815544879462243
0.007684004004972598
0.004977274671040295
0.003442602623794338
0.0025156160734958618
0.0019238745992354225
0.0015275212241482488
0.001250722593638527
0.0010503025202430267
0.0009005798374584652
0.0007856683681807047
0.0006953886530931913
0.0006230081034046108
0.0005639452379563078
0.0005150014719626691
0.00047389155650898976
0.0004389484357475807
0.00040893292781123077
0.0003829080879205498
0.00036015446632180925
0.00034011180821919647
0.0003223382086375067
0.00030648101253271287
0.0002922557595824936
0.0002794307303599759
0.00026781545263560166
0.0002572520474520036
0.0002476086386428743
0.00023877428026857308
0.0002306550135736821
0.0002231707735329514
0.00021625294089218817
0.0002098423892893281
0.00020388791547108043
0.00019834496843190895
0.00019317461363444212
0.00018834268347833877
0.00018381907636345971
0.0001795771750916993
0.00017559336171308598
0.00017184661077729196
0.0001683181466851802
0.00016499115372582666
0.00016185052963767929
0.00015888267529989703
0.00015607531455459302
0.0001534173392676081
0.00015089867561878935
0.00014851016832139217
0.0001462434800415832
0.0001440910037519004
0.00014204578612926627
0.00014010146041612263
0.00013825218741609594
0.00013649260350401745
0.00013481777470259916
0.00013322315602132983
0.00013170455537260948
0.0001302581014800453
0.00012888021527773086
0.0001275675843699573
0.0001263171401804866
0.00012512603747108391
0.00012399163595198102
0.00012291148374357337
0.00012188330247995247
0.00012090497387170339
0.00011997452756844232
0.0001190901301814196
0.00011825007534365566
0.00011745277469991179
0.00011669674973167222
0.00011598062433350579
0.00011530311806693419
0.00011466304002645788
0.00011405928325985436
0.00011349081969141438
0.00011295669550254346
0.00011245602692923646
0.00011198799644042258
0.0001115518492651563
0.00011114689024016331
0.00011077248095239647
0.00011042803715406953
0.00011011302643015382
0.00010982696610058815
0.00010956942134149568
0.0001093400035115525
0.00010913836867133814
0.00010896421628503865
0.0001088172880952914
0.00010869736716327088
0.00010860427706733912
0.00010853788125472899
0.00010849808254181732
0.00010848482275957931
0.00010849808254181732
0.00010853788125472899
0.00010860427706733912
0.00010869736716327088
0.0001088172880952914
0.00010896421628503865
0.00010913836867133814
0.0001093400035115525
0.00010956942134149568
0.00010982696610058815
0.00011011302643015382
0.00011042803715406953
0.00011077248095239647
0.00011114689024016331
0.0001115518492651563
0.00011198799644042258
0.00011245602692923646
0.00011295669550254346
0.00011349081969141438
0.00011405928325985436
0.00011466304002645788
0.00011530311806693419
0.00011598062433350579
0.00011669674973167222
0.00011745277469991179
0.00011825007534365566
0.0001190901301814196
0.00011997452756844232
0.00012090497387170339
0.00012188330247995247
0.00012291148374357337
0.00012399163595198102
0.00012512603747108391
0.0001263171401804866
0.0001275675843699573
0.00012888021527773086
0.0001302581014800453
0.00013170455537260948
0.00013322315602132983
0.00013481777470259916
0.00013649260350401745
0.00013825218741609594
0.00014010146041612263
0.00014204578612926627
0.0001440910037519004
0.0001462434800415832
0.00014851016832139217
0.00015089867561878935
0.0001534173392676081
0.00015607531455459302
0.00015888267529989703
0.00016185052963767929
0.00016499115372582666
0.0001683181466851802
0.00017184661077729196
0.00017559336171308598
0.0001795771750916993
0.00018381907636345971
0.00018834268347833877
0.00019317461363444212
0.00019834496843190895
0.00020388791547108043
0.0002098423892893281
0.00021625294089218817
0.0002231707735329514
0.0002306550135736821
0.00023877428026857308
0.0002476086386428743
0.0002572520474520036
0.00026781545263560166
0.0002794307303599759
0.0002922557595824936
0.00030648101253271287
0.0003223382086375067
0.00034011180821919647
0.00036015446632180925
0.0003829080879205498
0.00040893292781123077
0.0004389484357475807
0.00047389155650898976
0.0005150014719626691
0.0005639452379563078
0.0006230081034046108
0.0006953886530931913
0.0007856683681807047
0.0009005798374584652
0.0010503025202430267
0.001250722593638527
0.0015275212241482488
0.0019238745992354225
0.0025156160734958618
0.003442602623794338
0.004977274671040295
0.007684004004972598
0.012815544879462243
0.02337523123191623
0.04719403399013944
0.10657666560149251
0.27093962866029

0.004898105444875262
0.02925616506680176
0.11867220607512052
0.3269060700257243
0.6115603276189583
0.7769973982751514
0.7089667918683401
0.9487674778788888
0.27153424988949093
0.04257735098802259
0.007750458849003204
0.0009659160024432646
8.175126590934184e-05
4.698854121843712e-06
1.8341370720693568e-07
4.861988938230299e-09
8.752628480439528e-11
1.0700532079502075e-12
8.884123821643883e-15
5.009174753994104e-17
1.9180508382639685e-19
4.987654889018056e-22
8.807953801567553e-25
1.0563212367793097e-27
8.60318664427404e-31
4.758444731563391e-34
1.7873642397271436e-37
4.5593554415070186e-41
7.898346589203025e-45
9.292044362079878e-49
7.423841868086323e-53
4.027991091401763e-57
1.4841938949648416e-61
3.713942118692239e-66
6.311345742139845e-71
7.283685135803751e-76
5.708509207300345e-81
3.0383415930619474e-86
1.0982288358247033e-91
2.6958233900260885e-97
4.493992903339671e-103
5.087631858021988e-109
3.911481898257799e-115
2.042251962367448e-121
7.241352185560987e-128
1.743702413919029e-134
2.8514608829794304e-141
3.16668466060162e-148
2.3882763014182064e-155
1.22322590768807e-162
4.254721354837795e-170
1.0050274554955394e-177
1.612230302924886e-185
1.7563804085874876e-193
1.2994286540439764e-201
6.528729048024806e-210
2.2276512541880522e-218
5.161882433944464e-227
8.122904865878956e-236
8.680744534372257e-245
6.3000636175333284e-254
3.105097524894528e-263
1.0393167003921378e-272
2.362451586851616e-282
3.646869977522921e-292
3.823138158126336e-302
2.721836641134e-312
1.3e-322
0.0
0.0
0.0
0.0
0.0
0.0
0.0
0.0
0.0
0.0
0.0
0.0
0.0
0.0
0.0
0.0
0.0
0.0
0.0
0.0
0.0
0.0
0.0
0.0
0.0
0.0
0.0
0.0
0.0
0.0
0.0
0.0
