0.21095631280618324
0.08609555022143864
0.057989755656171954
0.04366117626061226
0.03483347578423631
0.028894767373999757
0.024651533601865196
0.021481472022592044
0.019030579925243287
0.01708356796891935
0.015502400202487578
0.014194712942395979
0.013096492470326336
0.012162047926860955
0.011357940015806919
0.010659162380987047
0.010046660343791886
0.00950567253587304
0.009024594851176869
0.008594185084851892
0.008206995202732836
0.007856959000171665
0.007539087896573719
0.007249243300357134
0.006983964054750439
0.006740334079879221
0.006515879737919854
0.006308489444896646
0.00611635012060276
0.0059378965157399315
0.005771770482331592
0.005616787991050105
0.005471912234965733
0.005336231552731429
0.005208941196090755
0.005089328185127661
0.00497675865974375
0.0048706672615706085
0.004770548177031588
0.004675947546897686
0.0045864570057996485
0.004501708160717548
0.004421367853408815
0.0043451340802566326
0.004272732465783374
0.004203913204339239
0.004138448399208999
0.004076129740321552
0.004016766471472356
0.003960183605924855
0.003906220355793679
0.003854728746005226
0.0038055723880980946
0.0037586253928397137
0.0037137714037347425
0.0036709027360962826
0.003629919608531754
0.0035907294555338224
0.0035532463114215686
0.0035173902571959082
0.0034830869229952794
0.003450267039794822
0.0034188660348111366
0.00338882366577714
0.003360083689855519
0.0033325935634800274
0.003306304169863875
0.003281169571304206
0.0032571467837501167
0.0032341955713960455
0.003212278259319179
0.0031913595624038127
0.003171406428992115
0.0031523878978730597
0.0031342749673728687
0.0031170404754437843
0.0031006589897658067
0.0030851067069802124
0.003070361360265995
0.0030564021345523083
0.003043209588732851
0.0030307655843131386
0.003019053219979551
0.0030080567716310016
0.002997761637460574
0.0029881542877163414
0.002979222218808251
0.002970953911462002
0.0029633387926516776
0.0029563672010708953
0.0029500303559277315
0.002944320328872033
0.0029392300188851228
0.0029347531299816405
0.002930884151591534
0.0029276183415072256
0.002924951711296877
0.0029228810140996785
0.0029214037347332768
0.0029205180820570022
0.002920222983547629
0.0029205180820570022
0.0029214037347332768
0.0029228810140996785
0.002924951711296877
0.0029276183415072256
0.002930884151591534
0.0029347531299816405
0.0029392300188851228
0.002944320328872033
0.0029500303559277315
0.0029563672010708953
0.0029633387926516776
0.002970953911462002
0.002979222218808251
0.0029881542877163414
0.002997761637460574
0.0030080567716310016
0.003019053219979551
0.0030307655843131386
0.003043209588732851
0.0030564021345523083
0.003070361360265995
0.0030851067069802124
0.0031006589897658067
0.0031170404754437843
0.0031342749673728687
0.0031523878978730597
0.003171406428992115
0.0031913595624038127
0.003212278259319179
0.0032341955713960455
0.0032571467837501167
0.003281169571304206
0.003306304169863875
0.0033325935634800274
0.003360083689855519
0.00338882366577714
0.0034188660348111366
0.003450267039794822
0.0034830869229952794
0.0035173902571959082
0.0035532463114215686
0.0035907294555338224
0.003629919608531754
0.0036709027360962826
0.0037137714037347425
0.0037586253928397137
0.0038055723880980946
0.003854728746005226
0.003906220355793679
0.003960183605924855
0.004016766471472356
0.004076129740321552
0.004138448399208999
0.004203913204339239
0.004272732465783374
0.0043451340802566326
0.004421367853408815
0.004501708160717548
0.0045864570057996485
0.004675947546897686
0.004770548177031588
0.0048706672615706085
0.00497675865974375
0.005089328185127661
0.005208941196090755
0.005336231552731429
0.005471912234965733
0.005616787991050105
0.005771770482331592
0.0059378965157399315
0.00611635012060276
0.006308489444896646
0.006515879737919854
0.006740334079879221
0.006983964054750439
0.007249243300357134
0.007539087896573719
0.007856959000171665
0.008206995202732836
0.008594185084851892
0.009024594851176869
0.00950567253587304
0.010046660343791886
0.010659162380987047
0.011357940015806919
0.012162047926860955
0.013096492470326336
0.014194712942395979
0.015502400202487578
0.01708356796891935
0.019030579925243287
0.021481472022592044
0.024651533601865196
0.028894767373999757
0.03483347578423631
0.04366117626061226
0.057989755656171954
0.08609555022143864

0.1451302326963953
0.14840001880875942
0.12646093331857766
0.0978462852844772
0.07485729211184439
0.05779899101498568
0.043173722542958946
0.02981629015293118
0.01860673949233528
0.010410818100615124
0.005212250369853655
0.0023340674470791593
0.0009348027175718915
0.00033500434304878417
0.00015705214261519716
0.003395047266372607
0.04988905256500635
0.16225743754860367
0.11579426079708298
0.018129920992014287
0.0006227782769082959
4.69494748817816e-06
7.973738166381479e-09
2.789439338443602e-11
2.6310625492714414e-12
2.468214472173016e-13
2.0710260189235922e-14
1.5541831525829408e-15
1.043116494633095e-16
6.261485844888487e-18
3.3615220749854115e-19
1.6140184924399734e-20
6.930985961975202e-22
2.661923108305236e-23
9.143447335538172e-25
2.808913745918588e-26
7.717574192857392e-28
1.8964316613350208e-29
4.167806577004869e-31
8.192036680242774e-33
1.440091858037625e-34
2.2641358222426964e-36
3.183675030169304e-38
4.0037685212879096e-40
4.503219999316996e-42
4.529928449302866e-44
4.0754305297380296e-46
3.279212953803808e-48
2.3598245858653337e-50
1.5188112186264225e-52
8.742624899237183e-55
4.5008430496270685e-57
2.0723345438061965e-59
8.53374847209959e-62
3.142923310863142e-64
1.0352415738954664e-66
3.0497454975963417e-69
8.035251370041042e-72
1.8934302465191915e-74
3.99036964052643e-77
7.521265491455842e-80
1.2678932350572886e-82
1.91156215805892e-85
2.577556172318121e-88
3.108435261668298e-91
3.3526598182545357e-94
3.2340827371771386e-97
2.790144766670426e-100
2.1528626461204047e-103
1.4856615441661518e-106
9.169326042758812e-110
5.06137975447089e-113
2.4987016623602924e-116
1.1032498120431841e-119
4.356596043739083e-123
1.5386317771203876e-126
4.859997845077662e-130
1.3729395948096258e-133
3.4688119571785884e-137
7.838339306952603e-141
1.5840954091580113e-144
2.8632059348564368e-148
4.628473803844498e-152
6.691708415599874e-156
8.652670817074466e-160
1.0006387772240426e-163
1.0349478108633215e-167
9.573561816617188e-172
7.920317943662878e-176
5.860378411381228e-180
3.8781328131195214e-184
2.295269420477416e-188
1.2149506492961272e-192
5.75171791424571e-197
2.4352889249621953e-201
9.221835759438481e-206
3.123188859759275e-210
9.460042441379136e-215
2.5627243592663234e-219
6.209043226800047e-224
