1.2389222192865361
0.2342362697526988
0.0461804281516088
0.009521793092456834
0.002062250166155137
0.0004717969795807052
0.00011473103995182976
2.983813318171048e-05
8.340465393788006e-06
2.513409564428883e-06
8.172485536471251e-07
2.8642024937524163e-07
1.0795577387502289e-07
4.364576758380064e-08
1.888604364305151e-08
8.722199307078981e-09
4.293801567049435e-09
2.249342659733337e-09
1.2516179165290992e-09
7.381150685592721e-10
4.600413115806993e-10
3.019930302302737e-10
2.0796033605444961e-10
1.4958772376323783e-10
1.1184210806509471e-10
8.653100497356207e-11
6.897895730135656e-11
5.6417122841312176e-11
4.71927536326285e-11
4.024089727886459e-11
3.488333296513185e-11
3.067105158450796e-11
2.7299504660073472e-11
2.4557445906852147e-11
2.229528153424368e-11
2.0405032685520975e-11
1.880737212310734e-11
1.7443065919255833e-11
1.626721510535991e-11
1.5245311852201346e-11
1.4350493168083504e-11
1.3561598549302585e-11
1.2861776113629826e-11
1.2237468627414642e-11
1.1677666424131838e-11
1.1173350349554268e-11
1.0717071719041732e-11
1.0302632240003955e-11
9.924837688413977e-12
9.579306576486027e-12
9.262320230938213e-12
8.970704348774293e-12
8.701734693002127e-12
8.453061456853457e-12
8.222648180112863e-12
8.008722094343869e-12
7.809733508263875e-12
7.624322392283651e-12
7.451290733059929e-12
7.289579540933804e-12
7.138249631271512e-12
6.9964654837568185e-12
6.863481625302904e-12
6.738631092527804e-12
6.621315616134099e-12
6.510997237617727e-12
6.407191122684907e-12
6.3094593787426305e-12
6.2174057182528305e-12
6.13067083744477e-12
6.0489284022823024e-12
5.971881551779663e-12
5.899259843605961e-12
5.8308165790822846e-12
5.766326454682074e-12
5.705583495409729e-12
5.648399232283894e-12
5.5946010918528544e-12
5.54403097043007e-12
5.496543969727115e-12
5.4520072739153715e-12
5.410299150977323e-12
5.3713080636029865e-12
5.334931876920201e-12
5.301077152079489e-12
5.269658516194039e-12
5.240598100404239e-12
5.213825038927512e-12
5.189275022896205e-12
5.166889903602421e-12
5.146617340478221e-12
5.12841048975947e-12
5.112227730325237e-12
5.0980324236840215e-12
5.085792705503258e-12
5.0754813064579615e-12
5.0670754005155064e-12
5.060556479082925e-12
5.055910249726107e-12
5.053126558432292e-12
5.052199334632391e-12
5.053126558432292e-12
5.055910249726107e-12
5.060556479082925e-12
5.0670754005155064e-12
5.0754813064579615e-12
5.085792705503258e-12
5.0980324236840215e-12
5.112227730325237e-12
5.12841048975947e-12
5.146617340478221e-12
5.166889903602421e-12
5.189275022896205e-12
5.213825038927512e-12
5.240598100404239e-12
5.269658516194039e-12
5.301077152079489e-12
5.334931876920201e-12
5.3713080636029865e-12
5.410299150977323e-12
5.4520072739153715e-12
5.496543969727115e-12
5.54403097043007e-12
5.5946010918528544e-12
5.648399232283894e-12
5.705583495409729e-12
5.766326454682074e-12
5.8308165790822846e-12
5.899259843605961e-12
5.971881551779663e-12
6.0489284022823024e-12
6.13067083744477e-12
6.2174057182528305e-12
6.3094593787426305e-12
6.407191122684907e-12
6.510997237617727e-12
6.621315616134099e-12
6.738631092527804e-12
6.863481625302904e-12
6.9964654837568185e-12
7.138249631271512e-12
7.289579540933804e-12
7.451290733059929e-12
7.624322392283651e-12
7.809733508263875e-12
8.008722094343869e-12
8.222648180112863e-12
8.453061456853457e-12
8.701734693002127e-12
8.970704348774293e-12
9.262320230938213e-12
9.579306576486027e-12
9.924837688413977e-12
1.0302632240003955e-11
1.0717071719041732e-11
1.1173350349554268e-11
1.1677666424131838e-11
1.2237468627414642e-11
1.2861776113629826e-11
1.3561598549302585e-11
1.4350493168083504e-11
1.5245311852201346e-11
1.626721510535991e-11
1.7443065919255833e-11
1.880737212310734e-11
2.0405032685520975e-11
2.229528153424368e-11
2.4557445906852147e-11
2.7299504660073472e-11
3.067105158450796e-11
3.488333296513185e-11
4.024089727886459e-11
4.71927536326285e-11
5.6417122841312176e-11
6.897895730135656e-11
8.653100497356207e-11
1.1184210806509471e-10
1.4958772376323783e-10
2.0796033605444961e-10
3.019930302302737e-10
4.600413115806993e-10
7.381150685592721e-10
1.2516179165290992e-09
2.249342659733337e-09
4.293801567049435e-09
8.722199307078981e-09
1.888604364305151e-08
4.364576758380064e-08
1.0795577387502289e-07
2.8642024937524163e-07
8.172485536471251e-07
2.513409564428883e-06
8.340465393788006e-06
2.983813318171048e-05
0.00011473103995182976
0.0004717969795807052
0.002062250166155137
0.009521793092456834
0.0461804281516088
0.2342362697526988

1.8567084704331931e-10
2.961877871865539e-08
2.467783774711441e-06
0.00010738993777504192
0.0024408248846366867
0.028976531260867782
0.18132173652966732
0.7567052731385541
2.5374154000229163
2.038484071270119
0.4756638310393312
0.09705527358977453
0.012165287224508558
0.0007997192440871239
2.7458439186171036e-05
4.924143267372745e-07
4.612135332530477e-09
2.2562640989713602e-11
5.764934175982667e-14
7.693346651606614e-17
5.362320641653722e-20
1.952121235069582e-23
3.7117380682899916e-27
3.686076849857904e-31
1.9119123505959693e-35
5.179503141267074e-40
7.328663003345065e-45
5.415990972184256e-50
2.0904878155391312e-55
4.214381805562054e-61
4.4374824145152583e-67
2.4403714781442304e-73
7.00957626019654e-80
1.0515843600686132e-86
8.239730372910674e-94
3.372084211322885e-101
7.207760572733198e-109
8.046718726291689e-117
4.6919547890172707e-125
1.4289115459270778e-133
2.2728637448093036e-142
1.8882434449097096e-151
8.19330456980784e-161
1.85684965620641e-170
2.1979151009297992e-180
1.3588190069237792e-190
4.387618330262811e-201
7.39967422670341e-212
6.517977952344229e-223
2.998677098690221e-234
7.20548216613514e-246
9.043008128946552e-258
5.927605929025158e-270
2.02937476269839e-282
3.6287889926540602e-295
3.3890478816917053e-308
1.655e-321
0.0
0.0
0.0
0.0
0.0
0.0
0.0
0.0
0.0
0.0
0.0
0.0
0.0
0.0
0.0
0.0
0.0
0.0
0.0
0.0
0.0
0.0
0.0
0.0
0.0
0.0
0.0
0.0
0.0
0.0
0.0
0.0
0.0
0.0
0.0
0.0
0.0
0.0
0.0
0.0
0.0
0.0
0.0
