0.4489300843254657
0.17784928783515339
0.09115306842614862
0.049394423267311534
0.028101722480568168
0.016765148134497376
0.010473016733592262
0.006837535146862464
0.00465440896332066
0.0032943033196256096
0.0024169055926576907
0.001832052338670496
0.001430093305620288
0.0011458824959981262
0.0009395990601198847
0.0007862383239227042
0.0006696951740123778
0.000579345571413574
0.0005080220860161136
0.0004507865208494997
0.0004041690274898822
0.00036568634716423757
0.0003335306244925124
0.0003063645662590986
0.0002831841746438026
0.0002632252004634537
0.0002458983704961273
0.0002307438614393586
0.00021739884660248651
0.00020557405168297757
0.00019503660501888465
0.0001855973432058916
0.00017710130934722919
0.00016942056587781725
0.0001624487039918677
0.00015609660974594166
0.00015028917023365772
0.00014496268961538305
0.0001400628459502785
0.00013554306352737868
0.000131363206990963
0.0001274885265905404
0.00012388880082727597
0.00012053763533420303
0.00011741188622282003
0.00011449118320782406
0.00011175753319513505
0.00010919498912583556
0.00010678937202964519
0.00010452803668988893
0.00010239967323001998
0.00010039413842766546
9.850231174154997e-05
9.671597197163153e-05
9.502769121782406e-05
9.34307433993929e-05
9.191902507732052e-05
9.048698671019132e-05
8.912957278945204e-05
8.784216955707304e-05
8.662055921925492e-05
8.546087974300963e-05
8.43595894653962e-05
8.331343586362557e-05
8.231942793272246e-05
8.13748116995926e-05
8.047704847112351e-05
7.962379547171018e-05
7.881288857426205e-05
7.80423268698708e-05
7.731025885617077e-05
7.66149700540461e-05
7.595487188758696e-05
7.532849168377187e-05
7.473446366684256e-05
7.417152083821837e-05
7.363848764647568e-05
7.313427336372617e-05
7.265786609494781e-05
7.220832735568764e-05
7.178478716126593e-05
7.138643957733093e-05
7.101253868748603e-05
7.066239493885318e-05
7.033537183095353e-05
7.003088291725994e-05
6.974838909228542e-05
6.948739614017624e-05
6.924745252353459e-05
6.902814739365024e-05
6.882910880551339e-05
6.865000212294788e-05
6.84905286009754e-05
6.835042413412318e-05
6.822945816084615e-05
6.812743271556576e-05
6.804418162105664e-05
6.79795698150467e-05
6.79334928059623e-05
6.790587625374843e-05
6.789667567264909e-05
6.790587625374843e-05
6.79334928059623e-05
6.79795698150467e-05
6.804418162105664e-05
6.812743271556576e-05
6.822945816084615e-05
6.835042413412318e-05
6.84905286009754e-05
6.865000212294788e-05
6.882910880551339e-05
6.902814739365024e-05
6.924745252353459e-05
6.948739614017624e-05
6.974838909228542e-05
7.003088291725994e-05
7.033537183095353e-05
7.066239493885318e-05
7.101253868748603e-05
7.138643957733093e-05
7.178478716126593e-05
7.220832735568764e-05
7.265786609494781e-05
7.313427336372617e-05
7.363848764647568e-05
7.417152083821837e-05
7.473446366684256e-05
7.532849168377187e-05
7.595487188758696e-05
7.66149700540461e-05
7.731025885617077e-05
7.80423268698708e-05
7.881288857426205e-05
7.962379547171018e-05
8.047704847112351e-05
8.13748116995926e-05
8.231942793272246e-05
8.331343586362557e-05
8.43595894653962e-05
8.546087974300963e-05
8.662055921925492e-05
8.784216955707304e-05
8.912957278945204e-05
9.048698671019132e-05
9.191902507732052e-05
9.34307433993929e-05
9.502769121782406e-05
9.671597197163153e-05
9.850231174154997e-05
0.00010039413842766546
0.00010239967323001998
0.00010452803668988893
0.00010678937202964519
0.00010919498912583556
0.00011175753319513505
0.00011449118320782406
0.00011741188622282003
0.00012053763533420303
0.00012388880082727597
0.0001274885265905404
0.000131363206990963
0.00013554306352737868
0.0001400628459502785
0.00014496268961538305
0.00015028917023365772
0.00015609660974594166
0.0001624487039918677
0.00016942056587781725
0.00017710130934722919
0.0001855973432058916
0.00019503660501888465
0.00020557405168297757
0.00021739884660248651
0.0002307438614393586
0.0002458983704961273
0.0002632252004634537
0.0002831841746438026
0.0003063645662590986
0.0003335306244925124
0.00036568634716423757
0.0004041690274898822
0.0004507865208494997
0.0005080220860161136
0.000579345571413574
0.0006696951740123778
0.0007862383239227042
0.0009395990601198847
0.0011458824959981262
0.001430093305620288
0.001832052338670496
0.0024169055926576907
0.0032943033196256096
0.00465440896332066
0.006837535146862464
0.010473016733592262
0.016765148134497376
0.028101722480568168
0.049394423267311534
0.09115306842614862
0.17784928783515339

0.0029047708576721847
0.03744246849240371
0.21394978619951913
0.5419435231090278
0.6085426108485672
0.30291637166583507
0.06684197730666147
0.006538386974157051
0.00028352198606380874
5.45001470466185e-06
4.645649158163716e-08
8.310288671091535e-10
1.9976549992180936e-08
4.328300566718976e-07
6.668806762660002e-06
7.306447467220493e-05
0.0005692352808068543
0.003153586614891563
0.012423533299689888
0.03480269727155769
0.06932790714126061
0.09820434126046548
0.09891922253016583
0.07085297862174747
0.036088010573248945
0.01307058966901276
0.0033663156108493554
0.0006165125077780545
8.028905818483715e-05
7.435295713612346e-06
4.896294579542173e-07
2.2927898069988578e-08
7.634636365313156e-10
1.807756291095392e-11
3.04381895499867e-13
3.6443926622945545e-15
3.1028367068834206e-17
1.878538448215349e-19
8.0873952123081715e-22
2.4758518603827833e-24
5.3897429778167906e-27
8.343319325833859e-30
9.184110213910003e-33
7.188904570652521e-36
4.0014349493026564e-39
1.5837849587651943e-42
4.457630619656266e-46
8.92153025087992e-50
1.2697026838013988e-53
1.284967470338939e-57
9.247186994337421e-62
4.732107010801702e-66
1.7219751704588692e-70
4.455809586478289e-75
8.19886570305305e-80
1.0727742305898574e-84
9.981373412306518e-90
6.603887777466654e-95
3.1069658263437883e-100
1.03944300046368e-105
2.4728187915905052e-111
4.183225886979297e-117
5.032198350312527e-123
4.3045880565950565e-129
2.6183810692624493e-135
1.1325607824303776e-141
3.4835142902991065e-148
7.619054576816668e-155
1.1849826271268853e-161
1.3105400354677034e-168
1.0306614035032212e-175
5.7638031967057694e-183
2.292079542658077e-190
6.4815315164349006e-198
1.303325822552075e-205
1.863613180812345e-213
1.8948985244410793e-221
1.3700725099772238e-229
7.044149393385848e-238
2.575377956955683e-246
6.695465877602185e-255
1.2377930464696849e-263
1.627206561726439e-272
1.521124445517904e-281
1.0111468084529355e-290
4.7795949730506014e-300
1.60655421778144e-309
3.84e-319
0.0
0.0
0.0
0.0
0.0
0.0
0.0
0.0
0.0
0.0
0.0
0.0
