0.8566746164160414
0.1550456742807891
0.08230156161412433
0.0620788920222683
0.05217309753988237
0.04546550224864911
0.040311780504627616
0.03615852777765838
0.03273370830802812
0.02986721821619027
0.02743989448653554
0.025363832222525792
0.023572390576677694
0.022014142303557516
0.02064885305529631
0.019444676705568188
0.01837614328598526
0.017422688048839896
0.01656756040182711
0.01579700465325632
0.015099638133824589
0.014465974431177179
0.013888054490100173
0.013359158699366585
0.012873580352851107
0.012426446029758332
0.012013572139802173
0.011631349562074107
0.011276650269513723
0.010946751280106078
0.010639272354661328
0.01035212467035198
0.010083468310955709
0.009831676880521556
0.00959530790422632
0.009373077955691991
0.009163841663955804
0.008966573920388693
0.008780354737145973
0.00860435631245433
0.008437831940416838
0.008280106468778609
0.00813056806084992
0.007988661060303678
0.00785387979199087
0.007725763159914246
0.007603889926363093
0.007487874574958631
0.007377363675790835
0.0072720326835782854
0.0071715831103563105
0.007075740022998515
0.006984249823224615
0.006896878273903503
0.006813408740634228
0.006733640621948966
0.0066573879451699665
0.006584478108079507
0.0065147507492209645
0.006448056731916316
0.006384257229023456
0.0063232228971179015
0.006264833130210445
0.006208975384341443
0.006155544565453369
0.006104442473861179
0.006055577299436015
0.006008863162309359
0.005964219694507131
0.005921571658448662
0.005880848598705086
0.005841984523814176
0.005804917615302068
0.0057695899613729685
0.0057359473130018076
0.0057039388604064436
0.005673517028089711
0.005644637286830974
0.005617257981174906
0.0055913401711146175
0.005566847486799393
0.00554374599521613
0.005522004077899791
0.005501592318823464
0.0054824834017040205
0.00546465201603642
0.005448074771239007
0.0054327301183550005
0.00541859827881214
0.005405661179794358
0.0053939023958263525
0.005383307096215266
0.005373861998033255
0.005365555324361355
0.005358376767548995
0.005352317457275033
0.005347369933225834
0.005343528122233716
0.005340787319745571
0.005339144175516655
0.005338596683448911
0.005339144175516655
0.005340787319745571
0.005343528122233716
0.005347369933225834
0.005352317457275033
0.005358376767548995
0.005365555324361355
0.005373861998033255
0.005383307096215266
0.0053939023958263525
0.005405661179794358
0.00541859827881214
0.0054327301183550005
0.005448074771239007
0.00546465201603642
0.0054824834017040205
0.005501592318823464
0.005522004077899791
0.00554374599521613
0.005566847486799393
0.0055913401711146175
0.005617257981174906
0.005644637286830974
0.005673517028089711
0.0057039388604064436
0.0057359473130018076
0.0057695899613729685
0.005804917615302068
0.005841984523814176
0.005880848598705086
0.005921571658448662
0.005964219694507131
0.006008863162309359
0.006055577299436015
0.006104442473861179
0.006155544565453369
0.006208975384341443
0.006264833130210445
0.0063232228971179015
0.006384257229023456
0.006448056731916316
0.0065147507492209645
0.006584478108079507
0.0066573879451699665
0.006733640621948966
0.006813408740634228
0.006896878273903503
0.006984249823224615
0.007075740022998515
0.0071715831103563105
0.0072720326835782854
0.007377363675790835
0.007487874574958631
0.007603889926363093
0.007725763159914246
0.00785387979199087
0.007988661060303678
0.00813056806084992
0.008280106468778609
0.008437831940416838
0.00860435631245433
0.008780354737145973
0.008966573920388693
0.009163841663955804
0.009373077955691991
0.00959530790422632
0.009831676880521556
0.010083468310955709
0.01035212467035198
0.010639272354661328
0.010946751280106078
0.011276650269513723
0.011631349562074107
0.012013572139802173
0.012426446029758332
0.012873580352851107
0.013359158699366585
0.013888054490100173
0.014465974431177179
0.015099638133824589
0.01579700465325632
0.01656756040182711
0.017422688048839896
0.01837614328598526
0.019444676705568188
0.02064885305529631
0.022014142303557516
0.023572390576677694
0.025363832222525792
0.02743989448653554
0.02986721821619027
0.03273370830802812
0.03615852777765838
0.040311780504627616
0.04546550224864911
0.05217309753988237
0.0620788920222683
0.08230156161412433
0.1550456742807891

0.26271515334211554
0.24173986086610288
0.09109633691577719
0.015104835720450708
0.007248694831526126
0.027153198808678964
0.08585944145350644
0.2018358777887314
0.352446342664996
0.4571626917849773
0.440485568532946
0.31526497001819354
0.16761114055381643
0.06619316926965065
0.019418094166773044
0.004231401621857053
0.0006853796476846066
9.470170658707435e-05
0.00022058835307912965
0.0023434708747865143
0.016380437490590958
0.07286540429582615
0.20623323671767446
0.37139556337605045
0.4255548403224673
0.31025238399425753
0.14391812410385058
0.042477272382636565
0.007976980358469558
0.0009531498713027235
7.246438887833428e-05
3.5053294688371276e-06
1.0788816919312684e-07
2.112805761165543e-09
2.632607359189584e-11
2.0871486393643807e-13
1.052837721735002e-15
3.379171735113084e-18
6.900806670719022e-21
8.966650182224869e-24
7.413125672703908e-27
3.8995389984991974e-30
1.3051665743282842e-33
2.7794533370313143e-37
3.766115207697381e-41
3.2468975442456655e-45
1.7810837352579914e-49
6.216427317972855e-54
1.3805055354251606e-58
1.9506359053468916e-63
1.7536989630576025e-68
1.0031702538143246e-73
3.651194900306667e-79
8.455438906184795e-85
1.245885310274438e-90
1.1680481452610356e-96
6.967615755633717e-103
2.6445294665446664e-109
6.386360027007115e-116
9.812940261606153e-123
9.593690011277232e-130
5.967782377163393e-137
2.3620062545576175e-144
5.948259110677113e-152
9.531022244976852e-160
9.716947525734073e-168
6.303198748075536e-176
2.6015544171707114e-184
6.831964443139946e-193
1.1415608070092624e-201
1.2136494733077287e-210
8.209718447553454e-220
3.533491282958977e-229
9.676550218449741e-239
1.686078749965549e-248
1.8692867369046931e-258
1.3186051381962562e-268
5.918264522066798e-279
1.6901091411306642e-289
3.0709722952292565e-300
3.5504043402744e-311
2.6e-322
0.0
0.0
0.0
0.0
0.0
0.0
0.0
0.0
0.0
0.0
0.0
0.0
0.0
0.0
0.0
0.0
0.0
0.0
