0.5022369563252388
0.06517808778665167
0.011199961852083138
0.0026532384334370714
0.0008518512444111999
0.0003511401682145026
0.00017573578568384185
0.00010205219549384602
6.635663102569265e-05
4.698270321621178e-05
3.54607320362609e-05
2.8084065147909403e-05
2.3071482349914794e-05
1.9496880285591783e-05
1.6845438682137357e-05
1.4814151127981041e-05
1.3215735973083097e-05
1.1929464241321377e-05
1.0874629099266781e-05
9.995549726006617e-06
9.252739709668554e-06
8.617513396353857e-06
8.068583773614794e-06
7.5898538516711164e-06
7.168945415890523e-06
6.796196011805246e-06
6.463960716019332e-06
6.166116804586423e-06
5.897706275817902e-06
5.654673794724813e-06
5.433671821456687e-06
5.231913786836414e-06
5.0470621263521925e-06
4.877141941585908e-06
4.720473734931359e-06
4.575620501902274e-06
4.441345745989181e-06
4.316579884988894e-06
4.200393163713053e-06
4.091973654956644e-06
3.990609271840782e-06
3.895672966531457e-06
3.8066104780489642e-06
3.722930133030104e-06
3.6441943103387993e-06
3.5700122622356208e-06
3.5000340478281533e-06
3.4339453834019098e-06
3.3714632524033867e-06
3.3123321478502465e-06
3.2563208436711575e-06
3.2032196103517023e-06
3.1528378053593177e-06
3.1050017809595164e-06
3.0595530618462276e-06
3.0163467529762156e-06
2.9752501444973842e-06
2.9361414859871417e-06
2.8989089066002467e-06
2.8634494613473806e-06
2.829668286730025e-06
2.7974778514587527e-06
2.766797290072403e-06
2.7375518090284597e-06
2.709672156309756e-06
2.683094146837401e-06
2.6577582370338426e-06
2.6336091427750445e-06
2.61059549573314e-06
2.588669533762075e-06
2.567786821536423e-06
2.547905998132476e-06
2.528988548652974e-06
2.5109985973527334e-06
2.493902720030267e-06
2.477669773717554e-06
2.4622707419322116e-06
2.447678593958594e-06
2.4338681568009537e-06
2.420815998606412e-06
2.4085003224911106e-06
2.3969008698221344e-06
2.3859988321129037e-06
2.375776770782533e-06
2.366218544111824e-06
2.357309240801512e-06
2.3490351196032635e-06
2.3413835545518348e-06
2.3343429853786278e-06
2.327902872733366e-06
2.322053657882501e-06
2.3167867265908376e-06
2.312094376927192e-06
2.3079697907662633e-06
2.304407008787535e-06
2.3014009087985335e-06
2.298947187234187e-06
2.2970423437069622e-06
2.295683668503886e-06
2.2948692329469558e-06
2.294597882552891e-06
2.2948692329469558e-06
2.295683668503886e-06
2.2970423437069622e-06
2.298947187234187e-06
2.3014009087985335e-06
2.304407008787535e-06
2.3079697907662633e-06
2.312094376927192e-06
2.3167867265908376e-06
2.322053657882501e-06
2.327902872733366e-06
2.3343429853786278e-06
2.3413835545518348e-06
2.3490351196032635e-06
2.357309240801512e-06
2.366218544111824e-06
2.375776770782533e-06
2.3859988321129037e-06
2.3969008698221344e-06
2.4085003224911106e-06
2.420815998606412e-06
2.4338681568009537e-06
2.447678593958594e-06
2.4622707419322116e-06
2.477669773717554e-06
2.493902720030267e-06
2.5109985973527334e-06
2.528988548652974e-06
2.547905998132476e-06
2.567786821536423e-06
2.588669533762075e-06
2.61059549573314e-06
2.6336091427750445e-06
2.6577582370338426e-06
2.683094146837401e-06
2.709672156309756e-06
2.7375518090284597e-06
2.766797290072403e-06
2.7974778514587527e-06
2.829668286730025e-06
2.8634494613473806e-06
2.8989089066002467e-06
2.9361414859871417e-06
2.9752501444973842e-06
3.0163467529762156e-06
3.0595530618462276e-06
3.1050017809595164e-06
3.1528378053593177e-06
3.2032196103517023e-06
3.2563208436711575e-06
3.3123321478502465e-06
3.3714632524033867e-06
3.4339453834019098e-06
3.5000340478281533e-06
3.5700122622356208e-06
3.6441943103387993e-06
3.722930133030104e-06
3.8066104780489642e-06
3.895672966531457e-06
3.990609271840782e-06
4.091973654956644e-06
4.200393163713053e-06
4.316579884988894e-06
4.441345745989181e-06
4.575620501902274e-06
4.720473734931359e-06
4.877141941585908e-06
5.0470621263521925e-06
5.231913786836414e-06
5.433671821456687e-06
5.654673794724813e-06
5.897706275817902e-06
6.166116804586423e-06
6.463960716019332e-06
6.796196011805246e-06
7.168945415890523e-06
7.5898538516711164e-06
8.068583773614794e-06
8.617513396353857e-06
9.252739709668554e-06
9.995549726006617e-06
1.0874629099266781e-05
1.1929464241321377e-05
1.3215735973083097e-05
1.4814151127981041e-05
1.6845438682137357e-05
1.9496880285591783e-05
2.3071482349914794e-05
2.8084065147909403e-05
3.54607320362609e-05
4.698270321621178e-05
6.635663102569265e-05
0.00010205219549384602
0.00017573578568384185
0.0003511401682145026
0.0008518512444111999
0.0026532384334370714
0.011199961852083138
0.06517808778665167

0.00010542390657832598
0.00049946456720539
0.0019642548119597598
0.006412373485361735
0.01737692075211287
0.0390958241762931
0.07314574422746865
0.1150992026116627
0.16067657278260894
0.22724863420576596
0.3486623430553475
0.4844316401172173
0.4923082409382687
0.33050741933264766
0.1417959840835965
0.03880714866353194
0.00696276917230292
0.0008946924727446955
0.00010049625963851855
1.2103247479058262e-05
1.5076714571071402e-06
1.6900278620979414e-07
1.599453960755588e-08
1.2595835887773408e-09
8.236025145291917e-11
4.4703755213315255e-12
2.0141803315490813e-13
7.533213310201462e-15
2.338781938761762e-16
6.027354689982214e-18
1.2894108433389653e-19
2.289725593902765e-21
3.3752279634054635e-23
4.130002682711569e-25
4.1949337691393245e-27
3.5369378984432763e-29
2.4754679737026776e-31
1.4381849539500436e-33
6.935850463708452e-36
2.7765931820931794e-38
9.226826112119772e-41
2.5451886068571927e-43
5.827941133401677e-46
1.1077401416793062e-48
1.7477857028326345e-51
2.2891066263313823e-54
2.4886935031052886e-57
2.2459720995002873e-60
1.682537882798866e-63
1.0462919814083125e-66
5.400929322846855e-70
2.3142573015208372e-73
8.231563684882508e-77
2.4304158783231726e-80
5.956709168907053e-84
1.2118803695828429e-87
2.046636222381871e-91
2.869122644505779e-95
3.338759382482837e-99
3.2251408135104464e-103
2.5860671185729797e-107
1.7213074755152776e-111
9.51052888218917e-116
4.361927412459257e-120
1.660656275050442e-124
5.248178756907727e-129
1.3767815534872565e-133
2.9981199859669384e-138
5.419516362562634e-143
8.13204186133078e-148
1.0128992061008774e-152
1.0472742063482064e-157
8.988394705293881e-163
6.403706438569229e-168
3.7871128390165136e-173
1.859142279736829e-178
7.57608015849167e-184
2.562737040533594e-189
7.19599880213243e-195
1.6772803927337815e-200
3.245247389987422e-206
5.212157130402824e-212
6.948878878593182e-218
7.690233653033395e-224
7.064669996514916e-230
5.387307636139507e-236
3.4101950818330124e-242
1.79190187004809e-248
7.815860027168185e-255
2.829872539387969e-261
8.505199951497973e-268
2.1219235490645095e-274
4.394429369904732e-281
7.55444904108926e-288
1.0780295233493226e-294
1.2769857911842914e-301
1.2556512304295133e-308
1.02489539e-315
7e-323
0.0
