1.1722158857204834
0.38741192208217484
0.19042985057196093
0.11851876728659107
0.08500529395677833
0.06635444663944827
0.054569413921086454
0.04643726139814289
0.04047267537805234
0.035903672146610006
0.03228932574415941
0.029358483459074384
0.026934545537845946
0.024897206234281165
0.0231615199615124
0.02166573316595937
0.02036385051740576
0.019220902812207542
0.018209829591283734
0.017309365109604506
0.016502568695608497
0.01577578084087581
0.01511786754209973
0.01451966405232677
0.013973559230452976
0.01347318072160731
0.013013153563541014
0.012588913008976434
0.012196557888946594
0.011832734644693428
0.011494544808611852
0.011179470591898588
0.010885314582176474
0.010610150530565627
0.010352282923788597
0.010110213567677391
0.00988261380567456
0.009668301295889196
0.009466220498719998
0.009275426202433087
0.009095069549727173
0.00892438613397961
0.008762685816725109
0.008609343983309028
0.008463794005574048
0.008325520721894884
0.008194054778159427
0.008068967700156091
0.00794986758961324
0.007836395353889695
0.007728221393847795
0.007625042686388028
0.007526580207987514
0.007432576653759326
0.007342794413351189
0.00725701377068144
0.007175031299269469
0.007096658428919543
0.007021720162892741
0.006950053927558305
0.006881508538940434
0.006815943272640682
0.006753227025378239
0.00669323755789867
0.0066358608102965125
0.006580990281910997
0.006528526468915277
0.006478376353550454
0.006430452939675982
0.006384674829933673
0.0063409658403673205
0.006299254648815196
0.006259474473808309
0.0062215627810714704
0.006185461015043835
0.006151114353116913
0.006118471480535953
0.006087484384129514
0.006058108163225851
0.0060303008562865865
0.006004023281940666
0.005979238893237626
0.005955913644060289
0.005934015866745412
0.005913516160057881
0.0058943872867511194
0.005876604080024961
0.005860143358262813
0.005844983847494145
0.005831106111086367
0.005818492486223025
0.0058071270267736185
0.005796995452204655
0.005788085102222298
0.005780384896874795
0.005773885301877903
0.005768578298959431
0.005764457361049822
0.005761517432175038
0.005759754911935853
0.005759167644484524
0.005759754911935853
0.005761517432175038
0.005764457361049822
0.005768578298959431
0.005773885301877903
0.005780384896874795
0.005788085102222298
0.005796995452204655
0.0058071270267736185
0.005818492486223025
0.005831106111086367
0.005844983847494145
0.005860143358262813
0.005876604080024961
0.0058943872867511194
0.005913516160057881
0.005934015866745412
0.005955913644060289
0.005979238893237626
0.006004023281940666
0.0060303008562865865
0.006058108163225851
0.006087484384129514
0.006118471480535953
0.006151114353116913
0.006185461015043835
0.0062215627810714704
0.006259474473808309
0.006299254648815196
0.0063409658403673205
0.006384674829933673
0.006430452939675982
0.006478376353550454
0.006528526468915277
0.006580990281910997
0.0066358608102965125
0.00669323755789867
0.006753227025378239
0.006815943272640682
0.006881508538940434
0.006950053927558305
0.007021720162892741
0.007096658428919543
0.007175031299269469
0.00725701377068144
0.007342794413351189
0.007432576653759326
0.007526580207987514
0.007625042686388028
0.007728221393847795
0.007836395353889695
0.00794986758961324
0.008068967700156091
0.008194054778159427
0.008325520721894884
0.008463794005574048
0.008609343983309028
0.008762685816725109
0.00892438613397961
0.009095069549727173
0.009275426202433087
0.009466220498719998
0.009668301295889196
0.00988261380567456
0.010110213567677391
0.010352282923788597
0.010610150530565627
0.010885314582176474
0.011179470591898588
0.011494544808611852
0.011832734644693428
0.012196557888946594
0.012588913008976434
0.013013153563541014
0.01347318072160731
0.013973559230452976
0.01451966405232677
0.01511786754209973
0.01577578084087581
0.016502568695608497
0.017309365109604506
0.018209829591283734
0.019220902812207542
0.02036385051740576
0.02166573316595937
0.0231615199615124
0.024897206234281165
0.026934545537845946
0.029358483459074384
0.03228932574415941
0.035903672146610006
0.04047267537805234
0.04643726139814289
0.054569413921086454
0.06635444663944827
0.08500529395677833
0.11851876728659107
0.19042985057196093
0.38741192208217484

0.28503467058004556
0.3302251943351729
0.3445022461515496
0.35852975790062724
0.43964625371467925
0.6140486488226047
0.7671980755419028
0.7314949899920854
0.514683219831038
0.29342114447818196
0.18538444435073229
0.1701772863350614
0.18387584327919315
0.18769468286662702
0.17073711386553653
0.13718578879978274
0.0972667360771841
0.06084898202641357
0.03358708007975954
0.016357640662750368
0.007029079845654836
0.002665051912287565
0.0008915429078706628
0.0002631529274635304
6.853359934271808e-05
1.5748103351008526e-05
3.1928781931448743e-06
5.711705733766977e-07
9.01526875024936e-08
1.2555121228633182e-08
1.542739227649355e-09
1.6726054752225913e-10
1.6000143769542194e-11
1.3504659400978888e-12
1.005709992398185e-13
6.60832318521555e-15
3.83123827664912e-16
1.9598211084816174e-17
8.845514085931355e-19
3.52256572695835e-20
1.2377259932286515e-21
3.837242953650318e-23
1.0496474677512055e-24
2.5333605708815474e-26
5.394856918443626e-28
1.0136598251856752e-29
1.6804822013680751e-31
2.4581307478313802e-33
3.1725276868182603e-35
3.6127278078541164e-37
3.629898174388698e-39
3.217977641529255e-41
2.517102967191886e-43
1.7371939984986746e-45
1.0578523093320411e-47
5.683699860398258e-50
2.694428186535486e-52
1.1270196012692367e-54
4.1593522834410564e-57
1.354407407902919e-59
3.89136810659938e-62
9.86471832921306e-65
2.2064619508586218e-67
4.35449278805262e-70
7.582424383109418e-73
1.1649518615065426e-75
1.5792004200831395e-78
1.8888431758342795e-81
1.993351702677228e-84
1.8560998723285205e-87
1.5249237545407037e-90
1.1054123134192515e-93
7.070169825052195e-97
3.9899253727013793e-100
1.9866853042568694e-103
8.72816133226692e-107
3.3833414589366095e-110
1.1571729560545806e-113
3.492047154457968e-117
9.29803770813142e-121
2.184398583087253e-124
4.527952357384301e-128
8.281350964408535e-132
1.3363798286280598e-135
1.902777522502361e-139
2.3904270387519167e-143
2.6496734380211236e-147
2.5914246831867095e-151
2.236218363224262e-155
1.7026257892573749e-159
1.14380919760092e-163
6.779807157322815e-168
3.5457693136914074e-172
1.636187206815839e-176
6.661697186045222e-181
2.393129287852544e-185
7.585370800950122e-190
2.1213720801498612e-194
5.23463327199249e-199
1.1396855797543054e-203
