0.6506801728901631
0.13375059458059071
0.07113776523085216
0.05165958330368581
0.040765355789251036
0.03347275147503604
0.028256887495816542
0.02437354136762346
0.021391599331008763
0.019042751966430183
0.017152416980947667
0.015602976111334802
0.014312810818423678
0.013223802346434695
0.012293611241373955
0.011490762097133095
0.01079142896549679
0.010177281608011832
0.009634010652234062
0.009150297435251614
0.008717081352051565
0.008327030131159152
0.007974151005735945
0.00765350132054266
0.007360970378880537
0.007093113043289492
0.006847021420941903
0.006620224911704352
0.006410611614575204
0.006216365985306365
0.006035918979329151
0.005867907873877809
0.005711143657721307
0.0055645843848094925
0.005427313263260155
0.0052985205307679575
0.005177488377844299
0.005063578339806184
0.0049562207003564
0.004854905543489889
0.004759175163279301
0.00466861759794702
0.004582861099304797
0.004501569383958784
0.004424437540759017
0.0043511884914238
0.004281569919314545
0.004215351595913119
0.004152323046385183
0.00409229150526062
0.004035080121163645
0.003980526376024249
0.003928480689569588
0.003878805184343512
0.0038313725902052466
0.003786065270350564
0.0037427743534905068
0.003701398959001889
0.003661845503702158
0.003624027080456806
0.003587862900147803
0.0035532777896553685
0.0035202017394646793
0.003488569495330167
0.003458320189134655
0.0034293970046867456
0.003401746874722674
0.003375320205830829
0.0033500706284087744
0.003325954769102751
0.003302932043475736
0.0032809644669083743
0.00326001648196285
0.0032400548006375584
0.0032210482601139493
0.00320296769074961
0.0031857857952061626
0.0031694770377193207
0.0031540175426235163
0.003139385001336678
0.0031255585870934278
0.003112518876788602
0.003100247779358643
0.003088728470187056
0.0030779453310726883
0.003067883895346701
0.0030585307977665705
0.0030498737288536817
0.0030419013933757144
0.0030346034727064186
0.003027970590823914
0.0030219942837347853
0.0030166669721351327
0.003011981937141749
0.003007933298946989
0.003004515998269796
0.003001725780493053
0.002999559182394096
0.0029980135213909433
0.0029970868872418767
0.002996778136150433
0.0029970868872418767
0.0029980135213909433
0.002999559182394096
0.003001725780493053
0.003004515998269796
0.003007933298946989
0.003011981937141749
0.0030166669721351327
0.0030219942837347853
0.003027970590823914
0.0030346034727064186
0.0030419013933757144
0.0030498737288536817
0.0030585307977665705
0.003067883895346701
0.0030779453310726883
0.003088728470187056
0.003100247779358643
0.003112518876788602
0.0031255585870934278
0.003139385001336678
0.0031540175426235163
0.0031694770377193207
0.0031857857952061626
0.00320296769074961
0.0032210482601139493
0.0032400548006375584
0.00326001648196285
0.0032809644669083743
0.003302932043475736
0.003325954769102751
0.0033500706284087744
0.003375320205830829
0.003401746874722674
0.0034293970046867456
0.003458320189134655
0.003488569495330167
0.0035202017394646793
0.0035532777896553685
0.003587862900147803
0.003624027080456806
0.003661845503702158
0.003701398959001889
0.0037427743534905068
0.003786065270350564
0.0038313725902052466
0.003878805184343512
0.003928480689569588
0.003980526376024249
0.004035080121163645
0.00409229150526062
0.004152323046385183
0.004215351595913119
0.004281569919314545
0.0043511884914238
0.004424437540759017
0.004501569383958784
0.004582861099304797
0.00466861759794702
0.004759175163279301
0.004854905543489889
0.0049562207003564
0.005063578339806184
0.005177488377844299
0.0052985205307679575
0.005427313263260155
0.0055645843848094925
0.005711143657721307
0.005867907873877809
0.006035918979329151
0.006216365985306365
0.006410611614575204
0.006620224911704352
0.006847021420941903
0.007093113043289492
0.007360970378880537
0.00765350132054266
0.007974151005735945
0.008327030131159152
0.008717081352051565
0.009150297435251614
0.009634010652234062
0.010177281608011832
0.01079142896549679
0.011490762097133095
0.012293611241373955
0.013223802346434695
0.014312810818423678
0.015602976111334802
0.017152416980947667
0.019042751966430183
0.021391599331008763
0.02437354136762346
0.028256887495816542
0.03347275147503604
0.040765355789251036
0.05165958330368581
0.07113776523085216
0.13375059458059071

0.14748847729292286
0.180890603004405
0.17266152087007258
0.12827199169080036
0.07424489587786831
0.03392798864502656
0.014384257847858354
0.013652205791189958
0.033646779343899196
0.08455764435126864
0.17589801603198207
0.2979064017065583
0.4103333509346451
0.45962374648488674
0.4186730533978564
0.3101375638391745
0.1868273858886149
0.09152368706093449
0.036461395133094196
0.011812446680526502
0.003112097857104091
0.0006667659788161227
0.00011617172127956628
1.6460166371669955e-05
1.8965959603974608e-06
1.7771423901096401e-07
1.3541801252222275e-08
8.391458463018996e-10
4.228684337586711e-11
1.7329254884060534e-12
5.775124034338504e-14
1.565126868894555e-15
3.4494081285877985e-17
6.182247990875074e-19
9.010628117804561e-21
1.0679981843671907e-22
1.0294203919684036e-24
8.069039175385533e-27
5.143487459213157e-29
2.6662468226380383e-31
1.1239573220081819e-33
3.853062867826578e-36
1.0741604894100288e-38
2.4352247934165595e-41
4.48968368094091e-44
6.73130448003511e-47
8.207096342009546e-50
8.137418123679335e-53
6.561309686572424e-56
4.302305496819529e-59
2.2941338800361182e-62
9.948167208472008e-66
3.508118042097123e-69
1.0060327630974859e-72
2.3461558342268717e-76
4.449471096587579e-80
6.862253055097617e-84
8.606605026289477e-88
8.778166634468117e-92
7.280858200658773e-96
4.910979593841475e-100
2.6937698666734037e-104
1.2015992696699194e-108
4.358786782353516e-113
1.2858147375035034e-117
3.0845937721136845e-122
6.017614464083072e-127
9.54679389802194e-132
1.231679003590981e-136
1.2922434324355405e-141
1.10254908588352e-146
7.649945439841867e-152
4.316438388244198e-157
1.980612698504097e-162
7.390611549592061e-168
2.2426835519476948e-173
5.534296512981883e-179
1.110615304853389e-184
1.8124735959918646e-190
2.405395683975133e-196
2.5960208164169457e-202
2.2784348673030297e-208
1.6261921861554646e-214
9.438737891420564e-221
4.455154675953133e-227
1.7100879686117119e-233
5.338028899526779e-240
1.3550340052813303e-246
2.7972177281090115e-253
4.6957952718924975e-260
6.410602383921262e-267
7.116973218195286e-274
6.425377182478404e-281
4.717465428913974e-288
2.8166029513893305e-295
1.3675692850344864e-302
5.39982705693724e-310
1.7338725e-317
0.0
0.0
