0.9238744725836684
0.04894736101100215
0.003160835861924139
0.00024251455823857547
2.1570671774372087e-05
2.187731767492772e-06
2.5071371384168576e-07
3.232258677075302e-08
4.688959351168896e-09
7.596949771014147e-10
1.38290956106321e-10
2.8256489632021868e-11
6.474468246786031e-12
1.6631082202976759e-12
4.789369096955447e-13
1.5460673560733684e-13
5.591371185045912e-14
2.262229040829551e-14
1.021127205496101e-14
5.1178565916539926e-15
2.8289972977566607e-15
1.7069152004333925e-15
1.11322404337482e-15
7.756576276443152e-16
5.711504891990136e-16
4.401352815014618e-16
3.520131339168363e-16
2.9019028720390514e-16
2.452147226579224e-16
2.114583363681303e-16
1.8543357801085647e-16
1.6490057296274095e-16
1.4837385761759774e-16
1.3483954518620157e-16
1.2358754117604538e-16
1.1410886995146339e-16
1.0603103786491006e-16
9.907627379892617e-17
9.303390314470283e-17
8.774167109578369e-17
8.307286266157772e-17
7.892725668104214e-17
7.52246650549005e-17
7.190024649697944e-17
6.890105858130598e-17
6.618348720162583e-17
6.371130661423505e-17
6.145419868677186e-17
5.938661068313567e-17
5.748686549890741e-17
5.573646217714304e-17
5.4119521287848195e-17
5.2622341634215033e-17
5.123304326942026e-17
4.994127798534761e-17
4.873799295901726e-17
4.761523658803575e-17
4.6565998042670246e-17
4.5584073940777424e-17
4.4663956977113167e-17
4.380074242824677e-17
4.299004929352123e-17
4.222795348330871e-17
4.151093097384591e-17
4.083580924701536e-17
4.019972564881466e-17
3.960009155090924e-17
3.903456139996846e-17
3.8501005900388964e-17
3.7997488705911455e-17
3.752224610101185e-17
3.70736692388191e-17
3.665028857260002e-17
3.625076017562528e-17
3.587385369191457e-17
3.55184416998682e-17
3.518349030365373e-17
3.486805079464715e-17
3.4571252248209e-17
3.429229494039433e-17
3.4030444485489234e-17
3.378502660905663e-17
3.355542248288009e-17
3.3341064558166195e-17
3.314143284188487e-17
3.295605156843013e-17
3.278448622506331e-17
3.2626340895019463e-17
3.2481255886848636e-17
3.2348905622639966e-17
3.2228996761332444e-17
3.212126653643019e-17
3.202548129018164e-17
3.1941435188704547e-17
3.186894910469608e-17
3.1807869656296213e-17
3.1758068392412895e-17
3.1719441116400215e-17
3.169190734143211e-17
3.1675409872260356e-17
3.1669914509309456e-17
3.1675409872260356e-17
3.169190734143211e-17
3.1719441116400215e-17
3.1758068392412895e-17
3.1807869656296213e-17
3.186894910469608e-17
3.1941435188704547e-17
3.202548129018164e-17
3.212126653643019e-17
3.2228996761332444e-17
3.2348905622639966e-17
3.2481255886848636e-17
3.2626340895019463e-17
3.278448622506331e-17
3.295605156843013e-17
3.314143284188487e-17
3.3341064558166195e-17
3.355542248288009e-17
3.378502660905663e-17
3.4030444485489234e-17
3.429229494039433e-17
3.4571252248209e-17
3.486805079464715e-17
3.518349030365373e-17
3.55184416998682e-17
3.587385369191457e-17
3.625076017562528e-17
3.665028857260002e-17
3.70736692388191e-17
3.752224610101185e-17
3.7997488705911455e-17
3.8501005900388964e-17
3.903456139996846e-17
3.960009155090924e-17
4.019972564881466e-17
4.083580924701536e-17
4.151093097384591e-17
4.222795348330871e-17
4.299004929352123e-17
4.380074242824677e-17
4.4663956977113167e-17
4.5584073940777424e-17
4.6565998042670246e-17
4.761523658803575e-17
4.873799295901726e-17
4.994127798534761e-17
5.123304326942026e-17
5.2622341634215033e-17
5.4119521287848195e-17
5.573646217714304e-17
5.748686549890741e-17
5.938661068313567e-17
6.145419868677186e-17
6.371130661423505e-17
6.618348720162583e-17
6.890105858130598e-17
7.190024649697944e-17
7.52246650549005e-17
7.892725668104214e-17
8.307286266157772e-17
8.774167109578369e-17
9.303390314470283e-17
9.907627379892617e-17
1.0603103786491006e-16
1.1410886995146339e-16
1.2358754117604538e-16
1.3483954518620157e-16
1.4837385761759774e-16
1.6490057296274095e-16
1.8543357801085647e-16
2.114583363681303e-16
2.452147226579224e-16
2.9019028720390514e-16
3.520131339168363e-16
4.401352815014618e-16
5.711504891990136e-16
7.756576276443152e-16
1.11322404337482e-15
1.7069152004333925e-15
2.8289972977566607e-15
5.1178565916539926e-15
1.021127205496101e-14
2.262229040829551e-14
5.591371185045912e-14
1.5460673560733684e-13
4.789369096955447e-13
1.6631082202976759e-12
6.474468246786031e-12
2.8256489632021868e-11
1.38290956106321e-10
7.596949771014147e-10
4.688959351168896e-09
3.232258677075302e-08
2.5071371384168576e-07
2.187731767492772e-06
2.1570671774372087e-05
0.00024251455823857547
0.003160835861924139
0.04894736101100215

1.1994868499249749e-15
1.378456225292029e-13
1.1093323020529028e-11
6.25174897277563e-10
2.4672468083309947e-08
6.818594320631464e-07
1.3196182136687631e-05
0.00017884341003681598
0.001697339722918131
0.011280693599896335
0.05250179172171319
0.17111428165291662
0.3905886803904304
0.6253560748075649
0.7127980100814577
0.6372184144498361
0.5955432380032246
0.6207176811543413
0.4813794507249081
0.21474291032462178
0.051205077437964486
0.006408599598959369
0.00041907314433575635
1.4316678681316072e-05
2.5656914810594906e-07
2.452238014978701e-09
1.3361361633863468e-11
5.2730718878408044e-14
2.2760462004163696e-16
1.049057435079932e-18
3.8446410915155855e-21
1.0057490932797454e-23
1.8459925022027998e-26
2.3730243185503224e-29
2.136234310758585e-32
1.3466877315024962e-35
5.945058289224488e-39
1.8378773381115223e-42
3.9787634575190086e-46
6.031855244110398e-50
6.403610273178915e-54
4.7606918017623806e-58
2.4784857908074958e-62
9.035953598198028e-67
2.306921108170037e-71
4.124418115805619e-76
5.163733506977606e-81
4.527267415972128e-86
2.779583132140205e-91
1.1950728472146032e-96
3.598158438391244e-102
7.58642866797678e-108
1.1201228757907063e-113
1.1581508944978085e-119
8.38563237940033e-126
4.2518475433600796e-132
1.5097002970601484e-138
3.75383335837163e-145
6.5362767218899846e-152
7.969976915637464e-159
6.805419306496539e-166
4.069339333897221e-173
1.7039785203492907e-180
4.996610746779707e-188
1.0260253987987994e-195
1.4754071976119e-203
1.485719679832974e-211
1.0476905978212296e-219
5.1736900739640226e-228
1.7891179123609556e-236
4.332601150736642e-245
7.347331750789195e-254
8.725328385856442e-263
7.256130827146523e-272
4.2257093262449825e-281
1.723317616735924e-290
4.921553692800496e-300
9.84261096092923e-310
1.37844e-319
0.0
0.0
0.0
0.0
0.0
0.0
0.0
0.0
0.0
0.0
0.0
0.0
0.0
0.0
0.0
0.0
0.0
0.0
0.0
0.0
0.0
