0.776240940843193
0.027878961701409938
0.0015750788548625795
0.00015139949364782876
2.4149201623246248e-05
5.997847994298861e-06
2.1592420708661076e-06
1.0347417486408792e-06
6.068109023879846e-07
4.0763937134046215e-07
2.9989823525299554e-07
2.347633512272932e-07
1.9199333060998238e-07
1.6210188570276546e-07
1.4018530640880002e-07
1.2350061557298176e-07
1.1041184745346662e-07
9.989046783183416e-08
9.126087195864298e-08
8.406263249198029e-08
7.79719956919231e-08
7.275512062678661e-08
6.823914100738383e-08
6.429365037092927e-08
6.081850505079471e-08
5.773557912120996e-08
5.4983061568940715e-08
5.2511430179442796e-08
5.0280556347938605e-08
4.825758825098588e-08
4.641537961594891e-08
4.47313073478482e-08
4.318637054405268e-08
4.1764495983147845e-08
4.0451997070040995e-08
3.923714818750319e-08
3.8109846791808416e-08
3.70613428998164e-08
3.6084020825601e-08
3.5171221784185556e-08
3.4317098722914616e-08
3.351649676340037e-08
3.276485414283194e-08
3.205811967504612e-08
3.139268360953583e-08
3.076531942211196e-08
3.0173134575787485e-08
2.961352868209947e-08
2.9084157799007785e-08
2.8582903842038574e-08
2.81078482756286e-08
2.7657249523801896e-08
2.7229522802348438e-08
2.6823223786642065e-08
2.6437033181758048e-08
2.6069743823071545e-08
2.5720249245239247e-08
2.538753362975166e-08
2.507066294154427e-08
2.4768777094358776e-08
2.448108300878818e-08
2.420684844713878e-08
2.3945396526133732e-08
2.3696100822657534e-08
2.345838099967568e-08
2.32316988895444e-08
2.3015554980467737e-08
2.2809485259118286e-08
2.2613058368625606e-08
2.2425873046424987e-08
2.2247555810991813e-08
2.2077758870382327e-08
2.1916158228856847e-08
2.1762451970760378e-08
2.1616358703344797e-08
2.1477616142394757e-08
2.1345979826414016e-08
2.1221221946780632e-08
2.110313028272331e-08
2.099150723123529e-08
2.088616892315208e-08
2.0786944417595897e-08
2.0693674967850777e-08
2.0606213352493096e-08
2.0524423266276865e-08
2.0448178765871666e-08
2.037736376608442e-08
2.0311871582672153e-08
2.025160451827913e-08
2.019647348841461e-08
2.0146397684732284e-08
2.0101304273184663e-08
2.006112812490891e-08
2.0025811577959074e-08
1.999530422823671e-08
1.996956274819009e-08
1.994855073205498e-08
1.9932238566598582e-08
1.9920603326506597e-08
1.991362869372137e-08
1.991130490020056e-08
1.991362869372137e-08
1.9920603326506597e-08
1.9932238566598582e-08
1.994855073205498e-08
1.996956274819009e-08
1.999530422823671e-08
2.0025811577959074e-08
2.006112812490891e-08
2.0101304273184663e-08
2.0146397684732284e-08
2.019647348841461e-08
2.025160451827913e-08
2.0311871582672153e-08
2.037736376608442e-08
2.0448178765871666e-08
2.0524423266276865e-08
2.0606213352493096e-08
2.0693674967850777e-08
2.0786944417595897e-08
2.088616892315208e-08
2.099150723123529e-08
2.110313028272331e-08
2.1221221946780632e-08
2.1345979826414016e-08
2.1477616142394757e-08
2.1616358703344797e-08
2.1762451970760378e-08
2.1916158228856847e-08
2.2077758870382327e-08
2.2247555810991813e-08
2.2425873046424987e-08
2.2613058368625606e-08
2.2809485259118286e-08
2.3015554980467737e-08
2.32316988895444e-08
2.345838099967568e-08
2.3696100822657534e-08
2.3945396526133732e-08
2.420684844713878e-08
2.448108300878818e-08
2.4768777094358776e-08
2.507066294154427e-08
2.538753362975166e-08
2.5720249245239247e-08
2.6069743823071545e-08
2.6437033181758048e-08
2.6823223786642065e-08
2.7229522802348438e-08
2.7657249523801896e-08
2.81078482756286e-08
2.8582903842038574e-08
2.9084157799007785e-08
2.961352868209947e-08
3.0173134575787485e-08
3.076531942211196e-08
3.139268360953583e-08
3.205811967504612e-08
3.276485414283194e-08
3.351649676340037e-08
3.4317098722914616e-08
3.5171221784185556e-08
3.6084020825601e-08
3.70613428998164e-08
3.8109846791808416e-08
3.923714818750319e-08
4.0451997070040995e-08
4.1764495983147845e-08
4.318637054405268e-08
4.47313073478482e-08
4.641537961594891e-08
4.825758825098588e-08
5.0280556347938605e-08
5.2511430179442796e-08
5.4983061568940715e-08
5.773557912120996e-08
6.081850505079471e-08
6.429365037092927e-08
6.823914100738383e-08
7.275512062678661e-08
7.79719956919231e-08
8.406263249198029e-08
9.126087195864298e-08
9.989046783183416e-08
1.1041184745346662e-07
1.2350061557298176e-07
1.4018530640880002e-07
1.6210188570276546e-07
1.9199333060998238e-07
2.347633512272932e-07
2.9989823525299554e-07
4.0763937134046215e-07
6.068109023879846e-07
1.0347417486408792e-06
2.1592420708661076e-06
5.997847994298861e-06
2.4149201623246248e-05
0.00015139949364782876
0.0015750788548625795
0.027878961701409938

9.212509039682447e-07
3.9973258703232005e-06
1.584626082210717e-05
5.7391775954524965e-05
0.00018990576387360584
0.0005741062132586662
0.001585666920184447
0.004001264892657529
0.009224615212181134
0.019429643565838806
0.03738927346212813
0.06573472297913698
0.10558646897302149
0.1549484995347069
0.2077521819495344
0.2550902930575948
0.3033146668122486
0.4675786615138109
0.8043565066802827
0.7414268748891625
0.3354501766851676
0.14378635225701983
0.08436980176467886
0.04990279194455507
0.027107400006163233
0.013454083489416138
0.006100791801589096
0.0025274577764979197
0.0009566371277253407
0.00033080812943642656
0.00010451310088823367
3.0166915830552463e-05
7.955302679045975e-06
1.916673432382947e-06
4.218957555968689e-07
8.484530357310296e-08
1.5588921779173802e-08
2.616796596397744e-09
4.0131877041610485e-10
5.62308434711531e-11
7.198223738806159e-12
8.418635440488361e-13
8.995466353436192e-14
8.781552094033233e-15
7.832213164811051e-16
6.382096022914289e-17
4.7512489625598816e-18
3.231601936981997e-19
2.0081379803096568e-20
1.1400787708132013e-21
5.913461666929356e-23
2.802298093616127e-24
1.2132561324620162e-25
4.799061078630858e-27
1.7343058054059345e-28
5.7261233177024494e-30
1.7272743905646439e-31
4.760226192106084e-33
1.1985591275702441e-34
2.7571281727005786e-36
5.794554696599322e-38
1.1126249530869096e-39
1.951835187557676e-41
3.128261926350257e-43
4.580666705110812e-45
6.128016072025412e-47
7.489912024149177e-49
8.363713658016396e-51
8.53271447630268e-53
7.953181422457925e-55
6.772674190513936e-57
5.269205014297643e-59
3.745377761551911e-61
2.432269965013105e-63
1.4430904236896105e-65
7.822416408159588e-68
3.873949324832732e-70
1.7528007819363598e-72
7.245640788327275e-75
2.7364445936034323e-77
9.441959584237361e-80
2.976481814432541e-82
8.572548446876216e-85
2.255704891051064e-87
5.422758111544419e-90
1.1910330213388231e-92
2.3899729776243196e-95
4.381550253354006e-98
7.338853562565353e-101
1.1230375179836118e-103
1.570094986497158e-106
2.005502495925283e-109
2.340378528870015e-112
2.4952532036068633e-115
2.4305734906259025e-118
2.163059721329749e-121
1.7587085791017854e-124
1.3064261723044688e-127
8.866280784584116e-131
5.497480627704861e-134
