0.8685105927517334
0.135627922553909
0.05138652566691128
0.022012851009264315
0.010363487937692114
0.005340718640215407
0.0029973367712996064
0.0018195309634924206
0.0011850457007783117
0.0008207614673903747
0.0005991745348958407
0.0004572317799479465
0.00036204094438595057
0.00029557711603046187
0.0002475062963368372
0.000211654468368291
0.0001841920712679031
0.00016266159330711511
0.00014543670867806784
0.00013141078150634948
0.00011981161829822202
0.00011008799874459502
0.00010183825873408298
9.476420353883133e-05
8.864067547568211e-05
8.329502887825487e-05
7.859301453603938e-05
7.44288959943921e-05
7.071841318151569e-05
6.739369564428516e-05
6.439953259678185e-05
6.16906016164451e-05
5.922938426878953e-05
5.698458045940981e-05
5.4929889336949754e-05
5.3043062703274776e-05
5.130516319808173e-05
4.9699977913820356e-05
4.821355110461613e-05
4.683380895962355e-05
4.555025614174972e-05
4.43537287096308e-05
4.323619166733065e-05
4.219057208541508e-05
4.121062076328257e-05
4.029079693614663e-05
3.942617169956241e-05
3.861234672299111e-05
3.7845385519034916e-05
3.712175507639323e-05
3.6438276088916634e-05
3.579208034771469e-05
3.518057412860696e-05
3.460140661878867e-05
3.405244259618932e-05
3.353173871164834e-05
3.303752283465316e-05
3.256817601335414e-05
3.212221667306634e-05
3.1698286737764494e-05
3.12951394087453e-05
3.091162837570772e-05
3.054669826959942e-05
3.0199376194986322e-05
2.9868764203454843e-05
2.9554032589481625e-05
2.9254413906977138e-05
2.8969197618868897e-05
2.869772530408227e-05
2.843938635646287e-05
2.8193614118860927e-05
2.7959882403010003e-05
2.773770235218047e-05
2.7526619609039322e-05
2.73262117558417e-05
2.713608599813013e-05
2.6955877066622544e-05
2.6785245315009654e-05
2.662387499402535e-05
2.647147268445583e-05
2.6327765873765246e-05
2.6192501662775664e-05
2.6065445590384694e-05
2.594638056566297e-05
2.5835105897872105e-05
2.573143641600276e-05
2.563520167037157e-05
2.5546245209649578e-05
2.5464423927438698e-05
2.5389607473177244e-05
2.5321677722752393e-05
2.5260528304734007e-05
2.5206064178630386e-05
2.5158201262007018e-05
2.5116866103712476e-05
2.5081995600824974e-05
2.5053536757274355e-05
2.5031446482412387e-05
2.501569142810106e-05
2.500624786317081e-05
2.500310158436809e-05
2.500624786317081e-05
2.501569142810106e-05
2.5031446482412387e-05
2.5053536757274355e-05
2.5081995600824974e-05
2.5116866103712476e-05
2.5158201262007018e-05
2.5206064178630386e-05
2.5260528304734007e-05
2.5321677722752393e-05
2.5389607473177244e-05
2.5464423927438698e-05
2.5546245209649578e-05
2.563520167037157e-05
2.573143641600276e-05
2.5835105897872105e-05
2.594638056566297e-05
2.6065445590384694e-05
2.6192501662775664e-05
2.6327765873765246e-05
2.647147268445583e-05
2.662387499402535e-05
2.6785245315009654e-05
2.6955877066622544e-05
2.713608599813013e-05
2.73262117558417e-05
2.7526619609039322e-05
2.773770235218047e-05
2.7959882403010003e-05
2.8193614118860927e-05
2.843938635646287e-05
2.869772530408227e-05
2.8969197618868897e-05
2.9254413906977138e-05
2.9554032589481625e-05
2.9868764203454843e-05
3.0199376194986322e-05
3.054669826959942e-05
3.091162837570772e-05
3.12951394087453e-05
3.1698286737764494e-05
3.212221667306634e-05
3.256817601335414e-05
3.303752283465316e-05
3.353173871164834e-05
3.405244259618932e-05
3.460140661878867e-05
3.518057412860696e-05
3.579208034771469e-05
3.6438276088916634e-05
3.712175507639323e-05
3.7845385519034916e-05
3.861234672299111e-05
3.942617169956241e-05
4.029079693614663e-05
4.121062076328257e-05
4.219057208541508e-05
4.323619166733065e-05
4.43537287096308e-05
4.555025614174972e-05
4.683380895962355e-05
4.821355110461613e-05
4.9699977913820356e-05
5.130516319808173e-05
5.3043062703274776e-05
5.4929889336949754e-05
5.698458045940981e-05
5.922938426878953e-05
6.16906016164451e-05
6.439953259678185e-05
6.739369564428516e-05
7.071841318151569e-05
7.44288959943921e-05
7.859301453603938e-05
8.329502887825487e-05
8.864067547568211e-05
9.476420353883133e-05
0.00010183825873408298
0.00011008799874459502
0.00011981161829822202
0.00013141078150634948
0.00014543670867806784
0.00016266159330711511
0.0001841920712679031
0.000211654468368291
0.0002475062963368372
0.00029557711603046187
0.00036204094438595057
0.0004572317799479465
0.0005991745348958407
0.0008207614673903747
0.0011850457007783117
0.0018195309634924206
0.0029973367712996064
0.005340718640215407
0.010363487937692114
0.022012851009264315
0.05138652566691128
0.135627922553909

0.001112377782575001
0.008561890921129732
0.04340281358947001
0.1449095090593575
0.3186446969713824
0.4614740811351166
0.440168278195905
0.27651645245428147
0.11440737488397468
0.03117581914537807
0.005595160315098894
0.0006613601215930371
5.1486612262763866e-05
2.640074308866016e-06
9.707865194926422e-08
2.157693417527803e-07
4.137736071989129e-06
5.751549206399518e-05
0.0005741904302910373
0.004116926132429817
0.021200017121010505
0.07840528913987241
0.2082574382969374
0.39728456766514947
0.5443132183283262
0.5356018628416078
0.3785134261181768
0.1921173161521201
0.07003219609679052
0.018334749969336397
0.003447452178783411
0.00046555127618567966
4.5152604308238206e-05
3.145169821246516e-06
1.5734444225134803e-07
5.653335074079937e-09
1.4588278938404987e-10
2.70364335918587e-12
3.5986595219927934e-14
3.4401559241387317e-16
2.361900009175976e-18
1.1646378507605969e-20
4.1244524920521314e-23
1.0490295515511029e-25
1.9162631665416711e-28
2.5140192185814116e-31
2.3687981052891755e-34
1.602999964884394e-37
7.790852655966278e-41
2.719458784043081e-44
6.817513136471452e-48
1.2274830337121664e-51
1.587270792231107e-55
1.4741190672880524e-59
9.832413056119954e-64
4.7101385056497185e-68
1.6205157397367095e-72
4.004228397488893e-77
7.106085705036678e-82
9.057076857823723e-87
8.290709104885192e-92
5.450562372487628e-97
2.5735757895143984e-102
8.727274239379863e-108
2.125525384985741e-113
3.717919491224508e-119
4.670675319901589e-125
4.2141053454939727e-131
2.7307196137801186e-137
1.2708516103807119e-143
4.2477464894655196e-150
1.0196904405484579e-156
1.758021241935597e-163
2.17683695135637e-170
1.9358588831064207e-177
1.2364242168324943e-184
5.6716225660423296e-192
1.8685002191942143e-199
4.421045623185911e-207
7.512817728131995e-215
9.169100231850182e-223
8.037048707209706e-231
5.059556995420583e-239
2.2875700240810932e-247
7.428178196758046e-256
1.7323524013517092e-264
2.9015909191237588e-273
3.490455749404732e-282
3.015602550259351e-291
1.8711649742419064e-300
8.33865621501047e-310
2.66884e-319
0.0
0.0
0.0
0.0
0.0
0.0
0.0
0.0
