0.472922220432283
0.06570315992199197
0.010797201965734358
0.0020758307531193285
0.00045412931900486685
0.0001099042988021048
2.8834708621683747e-05
8.103530926991453e-06
2.423312292884764e-06
7.692057080537648e-07
2.5857665559873865e-07
9.201082760095001e-08
3.46452986033326e-08
1.3801678041796665e-08
5.8164639430659364e-09
2.5928397382857922e-09
1.2223731453268795e-09
6.092661093182131e-10
3.208866392269939e-10
1.7842677425857698e-10
1.046072949555726e-10
6.454373666242312e-11
4.180994399104938e-11
2.8348977261995415e-11
2.0054828697608828e-11
1.4736544646063444e-11
1.1211239466073385e-11
8.795902301543985e-12
7.0870726029483366e-12
5.847003413189228e-12
4.9235249227899116e-12
4.22002653248274e-12
3.6730174063659866e-12
3.2397694175539343e-12
2.890884134571839e-12
2.605714133074114e-12
2.3694785718929982e-12
2.171407288291787e-12
2.0035226760647837e-12
1.8598250769619255e-12
1.735738358212578e-12
1.6277262909113476e-12
1.5330229630875512e-12
1.4494405514012117e-12
1.375230366437847e-12
1.3089811093798747e-12
1.2495434707858023e-12
1.1959736139827573e-12
1.1474903590837293e-12
1.1034424191452649e-12
1.0632830903728817e-12
1.0265505255899062e-12
9.928522296227696e-13
9.618527760171575e-13
9.33264002649731e-13
9.068371303644932e-13
8.823563848698462e-13
8.59633802324251e-13
8.385049734260292e-13
8.188255365044374e-13
8.00468272114245e-13
7.833206835600829e-13
7.672829722119134e-13
7.522663353031294e-13
7.381915285080191e-13
7.24987646994075e-13
7.125910875937985e-13
7.009446618067903e-13
6.899968349527094e-13
6.797010712726803e-13
6.700152683676766e-13
6.609012672565788e-13
6.523244266800885e-13
6.442532521827219e-13
6.36659072062079e-13
6.295157535516806e-13
6.227994536554311e-13
6.164883999213006e-13
6.105626971634111e-13
6.050041567427415e-13
5.997961455190189e-13
5.949234520077417e-13
5.903721676309145e-13
5.861295812495505e-13
5.821840854197455e-13
5.785250930298271e-13
5.751429631600838e-13
5.720289351640482e-13
5.691750701055813e-13
5.665741988026081e-13
5.642198758292946e-13
5.621063389161736e-13
5.602284732643425e-13
5.585817803570895e-13
5.571623509116769e-13
5.559668416667536e-13
5.549924557481018e-13
5.542369263980746e-13
5.536985038929618e-13
5.533759455083763e-13
5.5326850842621e-13
5.533759455083763e-13
5.536985038929618e-13
5.542369263980746e-13
5.549924557481018e-13
5.559668416667536e-13
5.571623509116769e-13
5.585817803570895e-13
5.602284732643425e-13
5.621063389161736e-13
5.642198758292946e-13
5.665741988026081e-13
5.691750701055813e-13
5.720289351640482e-13
5.751429631600838e-13
5.785250930298271e-13
5.821840854197455e-13
5.861295812495505e-13
5.903721676309145e-13
5.949234520077417e-13
5.997961455190189e-13
6.050041567427415e-13
6.105626971634111e-13
6.164883999213006e-13
6.227994536554311e-13
6.295157535516806e-13
6.36659072062079e-13
6.442532521827219e-13
6.523244266800885e-13
6.609012672565788e-13
6.700152683676766e-13
6.797010712726803e-13
6.899968349527094e-13
7.009446618067903e-13
7.125910875937985e-13
7.24987646994075e-13
7.381915285080191e-13
7.522663353031294e-13
7.672829722119134e-13
7.833206835600829e-13
8.00468272114245e-13
8.188255365044374e-13
8.385049734260292e-13
8.59633802324251e-13
8.823563848698462e-13
9.068371303644932e-13
9.33264002649731e-13
9.618527760171575e-13
9.928522296227696e-13
1.0265505255899062e-12
1.0632830903728817e-12
1.1034424191452649e-12
1.1474903590837293e-12
1.1959736139827573e-12
1.2495434707858023e-12
1.3089811093798747e-12
1.375230366437847e-12
1.4494405514012117e-12
1.5330229630875512e-12
1.6277262909113476e-12
1.735738358212578e-12
1.8598250769619255e-12
2.0035226760647837e-12
2.171407288291787e-12
2.3694785718929982e-12
2.605714133074114e-12
2.890884134571839e-12
3.2397694175539343e-12
3.6730174063659866e-12
4.22002653248274e-12
4.9235249227899116e-12
5.847003413189228e-12
7.0870726029483366e-12
8.795902301543985e-12
1.1211239466073385e-11
1.4736544646063444e-11
2.0054828697608828e-11
2.8348977261995415e-11
4.180994399104938e-11
6.454373666242312e-11
1.046072949555726e-10
1.7842677425857698e-10
3.208866392269939e-10
6.092661093182131e-10
1.2223731453268795e-09
2.5928397382857922e-09
5.8164639430659364e-09
1.3801678041796665e-08
3.46452986033326e-08
9.201082760095001e-08
2.5857665559873865e-07
7.692057080537648e-07
2.423312292884764e-06
8.103530926991453e-06
2.8834708621683747e-05
0.0001099042988021048
0.00045412931900486685
0.0020758307531193285
0.010797201965734358
0.06570315992199197

1.9751631549325408e-11
4.6686669160918004e-09
5.344469620325414e-07
2.963044284611429e-05
0.0007955976276236639
0.010345956286850505
0.0651584381497867
0.1987681239335833
0.2950403208585231
0.239396289027153
0.2844137537037527
0.5576333203334048
0.5035048385372045
0.16555468702046436
0.019490605744267392
0.0008204642025644813
1.2347579692506171e-05
6.643293720779208e-08
1.277800410157744e-10
8.786587374218498e-14
2.160006246749372e-17
1.8983109313715696e-21
5.96427048259363e-26
6.699235847773118e-31
2.6901260655951245e-36
3.86196181346827e-42
1.9824141339971124e-48
3.643621684787349e-55
2.4391625160440376e-62
7.539233599356924e-70
3.86737874731308e-77
2.888343584402144e-84
1.1774764542436683e-91
2.335530361159695e-99
2.2438510139259148e-107
1.0440597825353731e-115
2.3527649338272715e-124
2.5677546123332706e-133
1.3572201682242188e-142
3.474312657795437e-152
4.3073414453135235e-162
2.5862559840489254e-172
7.520652542383643e-183
1.0591594559959073e-193
7.224186988006706e-205
2.3863734940694222e-216
3.817769129745312e-228
2.9580309564204597e-240
1.1099861880116656e-252
2.0172245368199393e-265
1.7754674588652375e-278
7.568206946014153e-292
1.5624102822593e-305
1.56214e-319
0.0
0.0
0.0
0.0
0.0
0.0
0.0
0.0
0.0
0.0
0.0
0.0
0.0
0.0
0.0
0.0
0.0
0.0
0.0
0.0
0.0
0.0
0.0
0.0
0.0
0.0
0.0
0.0
0.0
0.0
0.0
0.0
0.0
0.0
0.0
0.0
0.0
0.0
0.0
0.0
0.0
0.0
0.0
0.0
0.0
0.0
