1.0825907332279185
0.2614692272442226
0.1314989176370003
0.07791611501928618
0.048417846487072126
0.03113492899425649
0.020677058236399638
0.01416669855141491
0.010001839970804718
0.007266510164388451
0.005424091205009163
0.004152759557132117
0.003255092286319564
0.0026073075228933242
0.0021301479498908138
0.0017718313844634144
0.0014978664328462214
0.0012848507775188585
0.001116623974977038
0.000981837869548599
0.0008723956993223862
0.0007824326356798798
0.0007076393443615422
0.0006448063074698847
0.0005915123834136291
0.0005459089826959298
0.0005065685147688757
0.0004723766158158921
0.0004424545825623528
0.0004161029022858015
0.00039275968972240144
0.00037196977572658696
0.00035336148887334866
0.00033662905007811013
0.00032151910279401433
0.00030782031876354447
0.00029535531146323294
0.00028397429588554023
0.00027355008064363403
0.0002639740844675358
0.0002551531462031716
0.0002470069538472004
0.0002394659598020447
0.0002324696805211827
0.0002259653019367984
0.00021990652958960006
0.00021425263570098177
0.0002089676656173274
0.00020401977390033553
0.0001993806664124817
0.0001950251294795855
0.00019093063092031636
0.00018707698065311462
0.0001834460409035762
0.00018002147787569666
0.00017678854822199193
0.0001737339148298408
0.00017084548739554282
0.0001681122840309677
0.00016552431077716587
0.00016307245641375702
0.00016074840037499946
0.0001585445319310498
0.0001564538790802514
0.0001544700458366284
0.0001525871567951404
0.00015079980802292645
0.00014910302346356186
0.00014749221615799975
0.00014596315368419535
0.00014451192730054259
0.00014313492434872834
0.0001418288035315356
0.0001405904727322051
0.00013941706908563098
0.00013830594104908078
0.00013725463225227358
0.00013626086693433812
0.00013532253679906869
0.00013443768914058618
0.00013360451610945173
0.0001328213450048855
0.000132086629492344
0.00013139894165759274
0.00013075696481882175
0.00013015948702749204
0.00012960539519665034
0.0001290936698025567
0.0001286233801117619
0.00012819367989136296
0.000127803803565147
0.00012745306278279505
0.00012714084337332008
0.00012686660265753136
0.00012662986709759816
0.00012643023026477754
0.00012626735110912176
0.00012614095251752412
0.00012605082014883342
0.00012599680153699963
0.00012597880545533365
0.00012599680153699963
0.00012605082014883342
0.00012614095251752412
0.00012626735110912176
0.00012643023026477754
0.00012662986709759816
0.00012686660265753136
0.00012714084337332008
0.00012745306278279505
0.000127803803565147
0.00012819367989136296
0.0001286233801117619
0.0001290936698025567
0.00012960539519665034
0.00013015948702749204
0.00013075696481882175
0.00013139894165759274
0.000132086629492344
0.0001328213450048855
0.00013360451610945173
0.00013443768914058618
0.00013532253679906869
0.00013626086693433812
0.00013725463225227358
0.00013830594104908078
0.00013941706908563098
0.0001405904727322051
0.0001418288035315356
0.00014313492434872834
0.00014451192730054259
0.00014596315368419535
0.00014749221615799975
0.00014910302346356186
0.00015079980802292645
0.0001525871567951404
0.0001544700458366284
0.0001564538790802514
0.0001585445319310498
0.00016074840037499946
0.00016307245641375702
0.00016552431077716587
0.0001681122840309677
0.00017084548739554282
0.0001737339148298408
0.00017678854822199193
0.00018002147787569666
0.0001834460409035762
0.00018707698065311462
0.00019093063092031636
0.0001950251294795855
0.0001993806664124817
0.00020401977390033553
0.0002089676656173274
0.00021425263570098177
0.00021990652958960006
0.0002259653019367984
0.0002324696805211827
0.0002394659598020447
0.0002470069538472004
0.0002551531462031716
0.0002639740844675358
0.00027355008064363403
0.00028397429588554023
0.00029535531146323294
0.00030782031876354447
0.00032151910279401433
0.00033662905007811013
0.00035336148887334866
0.00037196977572658696
0.00039275968972240144
0.0004161029022858015
0.0004424545825623528
0.0004723766158158921
0.0005065685147688757
0.0005459089826959298
0.0005915123834136291
0.0006448063074698847
0.0007076393443615422
0.0007824326356798798
0.0008723956993223862
0.000981837869548599
0.001116623974977038
0.0012848507775188585
0.0014978664328462214
0.0017718313844634144
0.0021301479498908138
0.0026073075228933242
0.003255092286319564
0.004152759557132117
0.005424091205009163
0.007266510164388451
0.010001839970804718
0.01416669855141491
0.020677058236399638
0.03113492899425649
0.048417846487072126
0.07791611501928618
0.1314989176370003
0.2614692272442226

0.0052380846119530165
0.0933245679865936
0.5083653541327772
0.8466665070607129
0.43112707049427407
0.06712042291221468
0.003194924159852489
4.6496782426635875e-05
2.0689106071139838e-07
2.814602244797814e-10
1.170723280391614e-13
7.760316899011826e-11
3.2402084170749695e-05
0.10680952505296361
2.7796523818399135
0.5711030189034765
0.0009263644703198722
1.1862952433790791e-08
1.199353352813952e-15
9.57293220663596e-25
6.032346483870223e-36
3.0010348503335728e-49
1.1786890921340788e-64
3.654861763532655e-82
8.94717870413719e-102
1.7331489970581403e-123
9.581606629859891e-138
7.104446465516335e-150
1.610566395345721e-162
1.1163066156439323e-175
2.365619230153225e-189
1.5327194316992303e-203
3.036246050907839e-218
1.838940766700069e-233
3.4052970042882985e-249
1.92796315611743e-265
3.337328383489002e-282
1.7662640604152595e-299
2.8580433e-317
0.0
0.0
0.0
0.0
0.0
0.0
0.0
0.0
0.0
0.0
0.0
0.0
0.0
0.0
0.0
0.0
0.0
0.0
0.0
0.0
0.0
0.0
0.0
0.0
0.0
0.0
0.0
0.0
0.0
0.0
0.0
0.0
0.0
0.0
0.0
0.0
0.0
0.0
0.0
0.0
0.0
0.0
0.0
0.0
0.0
0.0
0.0
0.0
0.0
0.0
0.0
0.0
0.0
0.0
0.0
0.0
0.0
0.0
0.0
0.0
0.0
