0.9074283752277228
0.0122198812780004
0.0002554854776883655
8.263859268527728e-06
4.134989763536718e-07
3.210692301734468e-08
3.887202645488289e-09
7.313857809599092e-10
2.0826150947625154e-10
8.398967611890626e-11
4.388708551453809e-11
2.7362302696861387e-11
1.917937144086652e-11
1.4535470548695528e-11
1.162302060613858e-11
9.655696655319296e-12
8.250026510521904e-12
7.201150394197085e-12
6.39129749743113e-12
5.7485993602362555e-12
5.226990072824839e-12
4.795708583681212e-12
4.433492828053698e-12
4.125208259480639e-12
3.859806302213332e-12
3.629042464353034e-12
3.42664556351224e-12
3.247764128467376e-12
3.0885883117992493e-12
2.9460859524500493e-12
2.81781467695348e-12
2.701785752531648e-12
2.5963638524556975e-12
2.500192184360784e-12
2.4121358203520393e-12
2.331238282363636e-12
2.2566879110584372e-12
2.1877915456795512e-12
2.1239537298860817e-12
2.06466013878958e-12
2.009464262291467e-12
1.957976623433831e-12
1.9098559871365674e-12
1.8648021442067932e-12
1.8225499514277207e-12
1.7828643802585932e-12
1.7455363807919885e-12
1.7103794087897388e-12
1.6772264951981573e-12
1.6459277619460862e-12
1.616348306820864e-12
1.5883663950972734e-12
1.5618719073276824e-12
1.5367650020096039e-12
1.5129549592736628e-12
1.4903591776932729e-12
1.4689023011226003e-12
1.4485154563640616e-12
1.4291355856383747e-12
1.4107048604249445e-12
1.3931701653724112e-12
1.376482642738333e-12
1.3605972892742581e-12
1.3454725986843448e-12
1.3310702437971958e-12
1.3173547934379019e-12
1.3042934596994309e-12
1.2918558719130916e-12
1.2800138741258384e-12
1.2687413433233124e-12
1.2580140260044458e-12
1.2478093910266372e-12
1.238106496908571e-12
1.2288858720078093e-12
1.220129406188266e-12
1.211820252763445e-12
1.2039427396490605e-12
1.1964822887866953e-12
1.189425343011494e-12
1.182759299633824e-12
1.176472450089542e-12
1.1705539250876122e-12
1.1649936447488702e-12
1.1597822732869255e-12
1.1549111778326346e-12
1.1503723910481674e-12
1.1461585772162e-12
1.1422630015248939e-12
1.138679502300619e-12
1.1354024659683903e-12
1.1324268045450723e-12
1.1297479354930782e-12
1.1273617637826974e-12
1.1252646660298063e-12
1.123453476592675e-12
1.1219254755271597e-12
1.1206783783139805e-12
1.1197103272851649e-12
1.1190198846893087e-12
1.118606027347156e-12
1.118468142860361e-12
1.118606027347156e-12
1.1190198846893087e-12
1.1197103272851649e-12
1.1206783783139805e-12
1.1219254755271597e-12
1.123453476592675e-12
1.1252646660298063e-12
1.1273617637826974e-12
1.1297479354930782e-12
1.1324268045450723e-12
1.1354024659683903e-12
1.138679502300619e-12
1.1422630015248939e-12
1.1461585772162e-12
1.1503723910481674e-12
1.1549111778326346e-12
1.1597822732869255e-12
1.1649936447488702e-12
1.1705539250876122e-12
1.176472450089542e-12
1.182759299633824e-12
1.189425343011494e-12
1.1964822887866953e-12
1.2039427396490605e-12
1.211820252763445e-12
1.220129406188266e-12
1.2288858720078093e-12
1.238106496908571e-12
1.2478093910266372e-12
1.2580140260044458e-12
1.2687413433233124e-12
1.2800138741258384e-12
1.2918558719130916e-12
1.3042934596994309e-12
1.3173547934379019e-12
1.3310702437971958e-12
1.3454725986843448e-12
1.3605972892742581e-12
1.376482642738333e-12
1.3931701653724112e-12
1.4107048604249445e-12
1.4291355856383747e-12
1.4485154563640616e-12
1.4689023011226003e-12
1.4903591776932729e-12
1.5129549592736628e-12
1.5367650020096039e-12
1.5618719073276824e-12
1.5883663950972734e-12
1.616348306820864e-12
1.6459277619460862e-12
1.6772264951981573e-12
1.7103794087897388e-12
1.7455363807919885e-12
1.7828643802585932e-12
1.8225499514277207e-12
1.8648021442067932e-12
1.9098559871365674e-12
1.957976623433831e-12
2.009464262291467e-12
2.06466013878958e-12
2.1239537298860817e-12
2.1877915456795512e-12
2.2566879110584372e-12
2.331238282363636e-12
2.4121358203520393e-12
2.500192184360784e-12
2.5963638524556975e-12
2.701785752531648e-12
2.81781467695348e-12
2.9460859524500493e-12
3.0885883117992493e-12
3.247764128467376e-12
3.42664556351224e-12
3.629042464353034e-12
3.859806302213332e-12
4.125208259480639e-12
4.433492828053698e-12
4.795708583681212e-12
5.226990072824839e-12
5.7485993602362555e-12
6.39129749743113e-12
7.201150394197085e-12
8.250026510521904e-12
9.655696655319296e-12
1.162302060613858e-11
1.4535470548695528e-11
1.917937144086652e-11
2.7362302696861387e-11
4.388708551453809e-11
8.398967611890626e-11
2.0826150947625154e-10
7.313857809599092e-10
3.887202645488289e-09
3.210692301734468e-08
4.134989763536718e-07
8.263859268527728e-06
0.0002554854776883655
0.0122198812780004

5.035180978371641e-11
3.629992223635905e-10
2.406457280027171e-09
1.4669002123536663e-08
8.219544753944237e-08
4.2315353196260246e-07
2.000040184992787e-06
8.671241445771187e-06
3.444938554393796e-05
0.00012527489320585073
0.0004165309332105082
0.001264927459191554
0.0035050057905541766
0.008853928483301247
0.020374506313008547
0.04268633784518737
0.08138789717854625
0.14118617601587036
0.2228195271021784
0.3199526222553216
0.4181258348129827
0.49751758171696364
0.5393270866430224
0.5330490338776265
0.48077412063712893
0.3961046607447197
0.2984300813900147
0.20583595234896257
0.13011233477130707
0.07545230367787441
0.04017566645481119
0.01965582962875087
0.008840290256518824
0.003655956369300314
0.0013903210843849243
0.00048612660382770873
0.0001562365226714222
4.6137261908989114e-05
1.2513319742802044e-05
3.1156980222018923e-06
7.119002574100359e-07
1.4921064426937035e-07
2.8678407462141945e-08
5.0531940011272565e-09
8.160871563509017e-10
1.2077896433349417e-10
1.6378441320782888e-11
2.034873077399323e-12
2.3160835341880085e-13
2.414909709983836e-14
2.306544093772029e-15
2.0180231359035008e-16
1.6172862108221006e-17
1.187242093672358e-18
7.983260731834547e-20
4.917088715850054e-21
2.7740947029153675e-22
1.4335713106983917e-23
6.785809458321639e-25
2.9421723132393026e-26
1.1684724649691004e-27
4.250624206165607e-29
1.4163505059516494e-30
4.322873724056487e-32
1.208531902851437e-33
3.094763344707503e-35
7.259062242786843e-37
1.5596147911587599e-38
3.0692899576706805e-40
5.5327651888896744e-42
9.13545761715306e-44
1.3816629829758953e-45
1.9140694190214092e-47
2.428829304155029e-49
2.8230596235644465e-51
3.0055700491766705e-53
2.931010707828738e-55
2.6181329888916607e-57
2.14214935701916e-59
1.6054306125606073e-61
1.1020900438683665e-63
6.929890387764841e-66
3.991346195722198e-68
2.1056984578817582e-70
1.0175522211255868e-72
4.504026958033056e-75
1.8261186965110375e-77
6.781734317871222e-80
2.3069399383315347e-82
7.188123840523012e-85
2.051533253385029e-87
5.363216368384245e-90
1.284268476018044e-92
2.8168912047384402e-95
5.6593697914361256e-98
1.0414773224828936e-100
1.7555585188981073e-103
2.7105944851105705e-106
3.8335182691237807e-109
4.966086401496307e-112
