0.6948550487621862
0.061212899711080106
0.013751241480042718
0.005061667405418712
0.002483252737585585
0.001474548745407171
0.0009961752901353881
0.0007345778212909885
0.0005754746356496455
0.00047065885475933654
0.00039727664177242807
0.0003434248848881759
0.00030241224456886874
0.0002702347854333254
0.0002443697822832857
0.00022315780214616777
0.00020546689708570947
0.0001905006689140877
0.0001776836985717998
0.00016659053289840904
0.00015690019829359679
0.0001483662109427306
0.00014079629210341974
0.0001340383320310122
0.00012797047791927873
0.0001224940048211592
0.00011752810265178466
0.00011300600662981732
0.00010887208537905675
0.00010507962209595289
0.00010158910429905865
9.836689157539955e-05
9.53841675951577e-05
9.261610824892611e-05
9.004121576740474e-05
8.76407815202844e-05
8.539844945331399e-05
8.329985888074053e-05
8.133235033325627e-05
7.948472187178354e-05
7.774702606548573e-05
7.611039994570633e-05
7.456692186251282e-05
7.310949041419423e-05
7.173172158479288e-05
7.042786097826483e-05
6.919270863025814e-05
6.802155434711646e-05
6.691012189460697e-05
6.585452065725564e-05
6.48512036292156e-05
6.389693079168605e-05
6.29887370896012e-05
6.212390434903976e-05
6.129993658235515e-05
6.051453821493811e-05
5.976559483938104e-05
5.905115616245643e-05
5.836942086001367e-05
5.771872309644366e-05
5.709752050024083e-05
5.650438341651285e-05
5.593798528210881e-05
5.5397093990018844e-05
5.488056412755222e-05
5.4387329988008435e-05
5.391639926855492e-05
5.346684737816262e-05
5.303781228902151e-05
5.262848987310153e-05
5.2238129672642345e-05
5.18660310595174e-05
5.1511539743763534e-05
5.117404459621644e-05
5.085297475424385e-05
5.054779698310799e-05
5.025801326858638e-05
4.998315861919867e-05
4.9722799058775625e-05
4.9476529792211734e-05
4.924397352910107e-05
4.902477895159954e-05
4.881861931431493e-05
4.862519116532033e-05
4.844421317854098e-05
4.827542508879318e-05
4.8118586721676285e-05
4.7973477111344854e-05
4.7839893699932425e-05
4.771765161306942e-05
4.760658300654608e-05
4.750653647972289e-05
4.741737655179614e-05
4.7338983197486743e-05
4.727125143914659e-05
4.721409099266977e-05
4.716742596496217e-05
4.713119460106668e-05
4.710534907936493e-05
4.708985535358426e-05
4.7084693040634536e-05
4.708985535358426e-05
4.710534907936493e-05
4.713119460106668e-05
4.716742596496217e-05
4.721409099266977e-05
4.727125143914659e-05
4.7338983197486743e-05
4.741737655179614e-05
4.750653647972289e-05
4.760658300654608e-05
4.771765161306942e-05
4.7839893699932425e-05
4.7973477111344854e-05
4.8118586721676285e-05
4.827542508879318e-05
4.844421317854098e-05
4.862519116532033e-05
4.881861931431493e-05
4.902477895159954e-05
4.924397352910107e-05
4.9476529792211734e-05
4.9722799058775625e-05
4.998315861919867e-05
5.025801326858638e-05
5.054779698310799e-05
5.085297475424385e-05
5.117404459621644e-05
5.1511539743763534e-05
5.18660310595174e-05
5.2238129672642345e-05
5.262848987310153e-05
5.303781228902151e-05
5.346684737816262e-05
5.391639926855492e-05
5.4387329988008435e-05
5.488056412755222e-05
5.5397093990018844e-05
5.593798528210881e-05
5.650438341651285e-05
5.709752050024083e-05
5.771872309644366e-05
5.836942086001367e-05
5.905115616245643e-05
5.976559483938104e-05
6.051453821493811e-05
6.129993658235515e-05
6.212390434903976e-05
6.29887370896012e-05
6.389693079168605e-05
6.48512036292156e-05
6.585452065725564e-05
6.691012189460697e-05
6.802155434711646e-05
6.919270863025814e-05
7.042786097826483e-05
7.173172158479288e-05
7.310949041419423e-05
7.456692186251282e-05
7.611039994570633e-05
7.774702606548573e-05
7.948472187178354e-05
8.133235033325627e-05
8.329985888074053e-05
8.539844945331399e-05
8.76407815202844e-05
9.004121576740474e-05
9.261610824892611e-05
9.53841675951577e-05
9.836689157539955e-05
0.00010158910429905865
0.00010507962209595289
0.00010887208537905675
0.00011300600662981732
0.00011752810265178466
0.0001224940048211592
0.00012797047791927873
0.0001340383320310122
0.00014079629210341974
0.0001483662109427306
0.00015690019829359679
0.00016659053289840904
0.0001776836985717998
0.0001905006689140877
0.00020546689708570947
0.00022315780214616777
0.0002443697822832857
0.0002702347854333254
0.00030241224456886874
0.0003434248848881759
0.00039727664177242807
0.00047065885475933654
0.0005754746356496455
0.0007345778212909885
0.0009961752901353881
0.001474548745407171
0.002483252737585585
0.005061667405418712
0.013751241480042718
0.061212899711080106

0.0022475989605757465
0.005369544834486296
0.011623797708431598
0.022800823529062035
0.04052704542665721
0.06527265420607829
0.09525976866150963
0.12597364389628093
0.15095301133205455
0.16390635414231905
0.16126559343292843
0.14377373995982695
0.1161478292317269
0.0854546411277716
0.09918834075809124
0.4574293465344083
0.43956218880078113
0.06799367370459793
0.07239110704979446
0.1727785449190857
0.28288710146735524
0.30500972782063773
0.2155144956848958
0.09970948131681087
0.030200633304017815
0.005988241142720767
0.000777311785643026
6.60629971724344e-05
3.678200076612527e-06
1.3457999588618314e-07
3.306095926856365e-09
6.453514773386544e-11
2.1746730598626516e-12
1.7332395991146124e-13
1.5711976380902556e-14
1.3139473221333989e-15
9.965522590803093e-17
6.849005273808344e-18
4.2652763889514043e-19
2.406904076436537e-20
1.2307286375986977e-21
5.702400942938624e-23
2.3941155821227642e-24
9.108028827742401e-26
3.1397538353254384e-27
9.807509162589754e-29
2.775963588380643e-30
7.119684156173825e-32
1.6546251082414297e-33
3.4844193153313557e-35
6.648951033570625e-37
1.1496556459740535e-38
1.8012514283775456e-40
2.557247836008801e-42
3.289752466134465e-44
3.834824933039965e-46
4.050603964418389e-48
3.8769120090031596e-50
3.362358564044257e-52
2.642372406791584e-54
1.8816374401351028e-56
1.214142848436648e-58
7.098973355394272e-61
3.761085670868827e-63
1.8056053200478588e-65
7.854604918480825e-68
3.096119998122097e-70
1.1058676242978541e-72
3.5791543096371287e-75
1.0496623539682218e-77
2.789399638091597e-80
6.716821061812456e-83
1.4655773248102802e-85
2.897647919964318e-88
5.191279513445155e-91
8.427429556029622e-94
1.239674787544358e-96
1.6523891175657655e-99
1.99576224886183e-102
2.1842241295834803e-105
2.166095087904222e-108
1.9464791420311582e-111
1.584943959083914e-114
1.1694185736293519e-117
7.818401762137391e-121
4.736503905667503e-124
2.6000981105944124e-127
1.2933423287175492e-130
5.829471280789051e-134
2.3808759193266743e-137
8.811224724019578e-141
2.954797431584442e-144
8.978650522314363e-148
2.472215599773331e-151
6.168130265967639e-155
1.3944811611252599e-158
2.8566937573502767e-162
5.30281699893922e-166
8.919520617415369e-170
1.3594658653903062e-173
