0.9880314632585895
0.29486721324802007
0.10727278075900154
0.04234120827443106
0.017397629217450285
0.007347148628659608
0.0031829814218938307
0.0014205085235183905
0.0006594610364163224
0.000323630179469644
0.00017153889195770653
0.00010032946883168324
6.548452716775845e-05
4.741139381479544e-05
3.7325827798081485e-05
3.120396030626119e-05
2.7154199459147584e-05
2.425838049769861e-05
2.2052702249521722e-05
2.0291157572151954e-05
1.883557170723882e-05
1.760329689190458e-05
1.6541641635207595e-05
1.561495363842226e-05
1.4797836742827774e-05
1.4071426301331581e-05
1.342124070963224e-05
1.2835876823815869e-05
1.230617695049614e-05
1.1824671735334895e-05
1.1385192194114958e-05
1.0982590215606236e-05
1.0612531551205905e-05
1.0271339018737762e-05
9.955871565702185e-06
9.66342959424682e-06
9.391679921255203e-06
9.138595671521446e-06
8.902407690307671e-06
8.68156494917835e-06
8.474702045772589e-06
8.280612350083912e-06
8.098225681427814e-06
7.926589647262557e-06
7.764853961338238e-06
7.61225720074397e-06
7.468115570847863e-06
7.331813332117818e-06
7.20279460934167e-06
7.080556356213277e-06
6.964642289867861e-06
6.854637643172999e-06
6.750164609254459e-06
6.650878374265104e-06
6.556463651869638e-06
6.466631647153561e-06
6.381117389321226e-06
6.299677382133964e-06
6.222087528955519e-06
6.148141295835256e-06
6.077648081521869e-06
6.010431767862835e-06
5.9463294278693525e-06
5.88519017194307e-06
5.82687411547513e-06
5.771251453325437e-06
5.718201628640652e-06
5.667612585130289e-06
5.6193800933386e-06
5.573407142664284e-06
5.529603391922772e-06
5.487884672143178e-06
5.448172536066447e-06
5.410393849481161e-06
5.3744804201142254e-06
5.34036866029858e-06
5.307999280079767e-06
5.277317007807192e-06
5.2482703355918015e-06
5.220811287306653e-06
5.19489520706568e-06
5.170480566344118e-06
5.147528788105464e-06
5.126004086477925e-06
5.105873320681503e-06
5.087105862047207e-06
5.069673473095288e-06
5.053550197751203e-06
5.03871226187842e-06
5.025137983397337e-06
5.012807691340977e-06
5.001703653271773e-06
4.991810010550711e-06
4.983112721011259e-06
4.975599508646583e-06
4.9692598199702865e-06
4.964084786758984e-06
4.960067194929801e-06
4.95720145934823e-06
4.9554836044016915e-06
4.954911250212613e-06
4.9554836044016915e-06
4.95720145934823e-06
4.960067194929801e-06
4.964084786758984e-06
4.9692598199702865e-06
4.975599508646583e-06
4.983112721011259e-06
4.991810010550711e-06
5.001703653271773e-06
5.012807691340977e-06
5.025137983397337e-06
5.03871226187842e-06
5.053550197751203e-06
5.069673473095288e-06
5.087105862047207e-06
5.105873320681503e-06
5.126004086477925e-06
5.147528788105464e-06
5.170480566344118e-06
5.19489520706568e-06
5.220811287306653e-06
5.2482703355918015e-06
5.277317007807192e-06
5.307999280079767e-06
5.34036866029858e-06
5.3744804201142254e-06
5.410393849481161e-06
5.448172536066447e-06
5.487884672143178e-06
5.529603391922772e-06
5.573407142664284e-06
5.6193800933386e-06
5.667612585130289e-06
5.718201628640652e-06
5.771251453325437e-06
5.82687411547513e-06
5.88519017194307e-06
5.9463294278693525e-06
6.010431767862835e-06
6.077648081521869e-06
6.148141295835256e-06
6.222087528955519e-06
6.299677382133964e-06
6.381117389321226e-06
6.466631647153561e-06
6.556463651869638e-06
6.650878374265104e-06
6.750164609254459e-06
6.854637643172999e-06
6.964642289867861e-06
7.080556356213277e-06
7.20279460934167e-06
7.331813332117818e-06
7.468115570847863e-06
7.61225720074397e-06
7.764853961338238e-06
7.926589647262557e-06
8.098225681427814e-06
8.280612350083912e-06
8.474702045772589e-06
8.68156494917835e-06
8.902407690307671e-06
9.138595671521446e-06
9.391679921255203e-06
9.66342959424682e-06
9.955871565702185e-06
1.0271339018737762e-05
1.0612531551205905e-05
1.0982590215606236e-05
1.1385192194114958e-05
1.1824671735334895e-05
1.230617695049614e-05
1.2835876823815869e-05
1.342124070963224e-05
1.4071426301331581e-05
1.4797836742827774e-05
1.561495363842226e-05
1.6541641635207595e-05
1.760329689190458e-05
1.883557170723882e-05
2.0291157572151954e-05
2.2052702249521722e-05
2.425838049769861e-05
2.7154199459147584e-05
3.120396030626119e-05
3.7325827798081485e-05
4.741139381479544e-05
6.548452716775845e-05
0.00010032946883168324
0.00017153889195770653
0.000323630179469644
0.0006594610364163224
0.0014205085235183905
0.0031829814218938307
0.007347148628659608
0.017397629217450285
0.04234120827443106
0.10727278075900154
0.29486721324802007

0.0002303862029723905
0.0008909244456605485
0.003024609729518873
0.044571813610873076
1.302332630969473
1.5385053043993338
0.14931396309616374
0.15400282859384778
0.22170642574605287
0.27729881826831265
0.3011903053529023
0.2840908099334829
0.23270012001763263
0.16552334559377826
0.10224571834867995
0.05484717095873784
0.025549744320476398
0.010335752750887545
0.0036309552055011286
0.0011077018900344814
0.0002934594697785647
6.751442705824303e-05
1.3488643315885072e-05
2.3402549956070962e-06
3.525991958465623e-07
4.6134166660623225e-08
5.241882346963391e-09
5.172197310545257e-10
4.4318609443931466e-11
3.2977702269832703e-12
2.1309727019561948e-13
1.1958001571582996e-14
5.827235261746941e-16
2.4659809895907674e-17
9.062335213687569e-19
2.8921029410030716e-20
8.015130499690528e-22
1.928993102119555e-23
4.031567891489233e-25
7.317125550814589e-27
1.1532680547622393e-28
1.5784951212800418e-30
1.8762013828056853e-32
1.9365953542016354e-34
1.7358873799220806e-36
1.3512242541682505e-38
9.133906142809643e-41
5.361778677591176e-43
2.73328204300281e-45
1.2099940624500278e-47
4.651631003041773e-50
1.5529250652883438e-52
4.502139726059443e-55
1.1334716578328492e-57
2.4781385698460722e-60
4.7050444993545213e-63
7.75755939782985e-66
1.1107330896550065e-68
1.3810758678805389e-71
1.4912435888853436e-74
1.39830808456195e-77
1.1386241052922908e-80
8.051579866663962e-84
4.94430283130614e-87
2.6366485612034204e-90
1.221019659403721e-93
4.910393459422048e-97
1.714877708009784e-100
5.200837008145032e-104
1.3697350154458577e-107
3.1327309584153573e-111
6.222040962401574e-115
1.0731634158222794e-118
1.6073930215767752e-122
2.0907472012526124e-126
2.361588339801102e-130
2.316488207960242e-134
1.9732368528063204e-138
1.459659533654198e-142
9.376637891051165e-147
5.230773890871519e-151
2.5340079679619968e-155
1.0660393386069643e-159
3.894589712794016e-164
1.2355872544677674e-168
3.4041473724405336e-173
8.144539108694317e-178
1.692185225795782e-182
3.0531807186696395e-187
4.7838807952436036e-192
6.509256925576287e-197
7.691405429175276e-202
7.892293387462881e-207
7.032730323586368e-212
5.442117740244265e-217
3.657085625763545e-222
2.1341529957489844e-227
1.0815315628155266e-232
4.759661550838852e-238
1.8190145468709505e-243
