0.8702061450306354
0.27409589473737167
0.11413946883789125
0.06075098130502497
0.03812992351844918
0.026474047947792716
0.01962353819283338
0.01524205602367376
0.012271913456654434
0.01016794693669648
0.008623505517820589
0.007455359469710325
0.006548948325876528
0.005829958955528557
0.005248643061399614
0.004770761341478941
0.00437215930712681
0.004035414856283492
0.003747708461495492
0.003499435558903853
0.0032832818021587902
0.003093593780946233
0.002925942531049436
0.002776815397094177
0.0026433949499152574
0.0025233979726217116
0.0024149565609335962
0.0023165291902640045
0.0022268334014215
0.002144794283632399
0.0020695046399315663
0.00200019388886321
0.0019362035679730653
0.0018769678751555986
0.0018219980898701556
0.0017708700082996822
0.0017232137388677703
0.0016787053604523025
0.0016370600612056097
0.001598026462316822
0.0015613818962268643
0.0015269284583482342
0.0014944896892854574
0.0014639077738221574
0.0014350411656743002
0.001407762564780947
0.0013819571878829668
0.0013575212842010138
0.0013343608568252758
0.0013123905574704507
0.0012915327279111903
0.0012717165659884677
0.0012528773977919876
0.0012349560406533576
0.001217898244066373
0.0012016541976920254
0.0011861780972915578
0.001171427760828411
0.0011573642881427542
0.001143951758573324
0.001131156961714992
0.0011189491571844997
0.0011072998598437714
0.0010961826474182625
0.0010855729878619764
0.0010754480841731993
0.0010657867346657557
0.0010565692069579337
0.0010477771241619823
0.0010393933619469956
0.0010314019553116951
0.001023788014045155
0.0010165376459760867
0.001009637887217769
0.001003076638708335
0.0009968426084269431
0.0009909252587369827
0.000985314758369324
0.0009800019386129522
0.0009749782533280767
0.0009702357424389361
0.000965766998600727
0.0009615651367680092
0.0009576237664211874
0.0009539369662336411
0.0009504992609852672
0.0009473056005488775
0.0009443513407944695
0.0009416322262730448
0.0009391443745566682
0.0009368842621250547
0.0009348487117012851
0.0009330348809504859
0.0009314402524655793
0.0009300626249736574
0.0009289001057052667
0.0009279511038770063
0.0009272143252454404
0.0009266887676974979
0.0009263737178493178
0.0009262687486320394
0.0009263737178493178
0.0009266887676974979
0.0009272143252454404
0.0009279511038770063
0.0009289001057052667
0.0009300626249736574
0.0009314402524655793
0.0009330348809504859
0.0009348487117012851
0.0009368842621250547
0.0009391443745566682
0.0009416322262730448
0.0009443513407944695
0.0009473056005488775
0.0009504992609852672
0.0009539369662336411
0.0009576237664211874
0.0009615651367680092
0.000965766998600727
0.0009702357424389361
0.0009749782533280767
0.0009800019386129522
0.000985314758369324
0.0009909252587369827
0.0009968426084269431
0.001003076638708335
0.001009637887217769
0.0010165376459760867
0.001023788014045155
0.0010314019553116951
0.0010393933619469956
0.0010477771241619823
0.0010565692069579337
0.0010657867346657557
0.0010754480841731993
0.0010855729878619764
0.0010961826474182625
0.0011072998598437714
0.0011189491571844997
0.001131156961714992
0.001143951758573324
0.0011573642881427542
0.001171427760828411
0.0011861780972915578
0.0012016541976920254
0.001217898244066373
0.0012349560406533576
0.0012528773977919876
0.0012717165659884677
0.0012915327279111903
0.0013123905574704507
0.0013343608568252758
0.0013575212842010138
0.0013819571878829668
0.001407762564780947
0.0014350411656743002
0.0014639077738221574
0.0014944896892854574
0.0015269284583482342
0.0015613818962268643
0.001598026462316822
0.0016370600612056097
0.0016787053604523025
0.0017232137388677703
0.0017708700082996822
0.0018219980898701556
0.0018769678751555986
0.0019362035679730653
0.00200019388886321
0.0020695046399315663
0.002144794283632399
0.0022268334014215
0.0023165291902640045
0.0024149565609335962
0.0025233979726217116
0.0026433949499152574
0.002776815397094177
0.002925942531049436
0.003093593780946233
0.0032832818021587902
0.003499435558903853
0.003747708461495492
0.004035414856283492
0.00437215930712681
0.004770761341478941
0.005248643061399614
0.005829958955528557
0.006548948325876528
0.007455359469710325
0.008623505517820589
0.01016794693669648
0.012271913456654434
0.01524205602367376
0.01962353819283338
0.026474047947792716
0.03812992351844918
0.06075098130502497
0.11413946883789125
0.27409589473737167

0.04343909709184614
0.1283397624046877
0.2590113902904274
0.35707026502824807
0.33625263745659373
0.21629919601192127
0.0959959229747277
1.0895873851506817
0.9240098440294545
0.4950635926357905
0.0977779267063359
4.81590786169925e-05
2.2867612253103814e-07
6.971839901609724e-09
1.452216365597224e-10
2.06629554111001e-12
2.008309955444677e-14
1.3333563527848832e-16
6.04698537932013e-19
1.87330629878515e-21
3.9642027546980034e-24
5.7303363643880905e-27
5.6582425777777476e-30
3.816455477054707e-33
1.7583933345941943e-36
5.534126067747371e-40
1.1897597109951099e-43
1.747216245554862e-47
1.7527147871093783e-51
1.2010277252107372e-55
5.621756181563576e-60
1.797496982278035e-64
3.9259207137797477e-69
5.857227191365565e-74
5.969250520251166e-79
4.15551383717968e-84
1.976090591246648e-89
6.418982012549745e-95
1.4243038813383575e-100
2.1588195762478225e-106
2.235152853385534e-112
1.5807940752173544e-118
7.636960803451147e-125
2.52024646601333e-131
5.68123374545209e-138
8.748215894963368e-145
9.201815418982576e-152
6.611572022574973e-159
3.244988334070265e-166
1.0879244498948643e-173
2.4915036355946346e-181
3.8976380293132485e-189
4.165035176179133e-197
3.040276159405761e-205
1.5159489795894216e-213
5.1633709481446026e-222
1.201321526937441e-230
1.909248168895398e-239
2.072729826024373e-248
1.5370932013214408e-257
7.786367492513447e-267
2.694305164331966e-276
6.36848104639391e-286
1.0282580742744299e-295
1.1340849496983856e-305
8.5440983e-316
0.0
0.0
0.0
0.0
0.0
0.0
0.0
0.0
0.0
0.0
0.0
0.0
0.0
0.0
0.0
0.0
0.0
0.0
0.0
0.0
0.0
0.0
0.0
0.0
0.0
0.0
0.0
0.0
0.0
0.0
0.0
0.0
0.0
0.0
