1.1839916024582677
0.2514535738438415
0.1301193463289206
0.0784621083077392
0.05180321057182826
0.036758139471841964
0.027620618817705115
0.021714618981676374
0.017691688603653843
0.014828033346091854
0.012712833389080202
0.01110113960506269
0.009840431309463632
0.00883204595509891
0.008009979064377035
0.0073287446465267
0.006756163067095236
0.006268931893378361
0.00584982331852959
0.005485862297432279
0.005167112924591238
0.004885851873792995
0.004635993995051023
0.004412685743384945
0.004212012529362243
0.0040307848049481445
0.0038663794763542365
0.0037166207942752596
0.003579689813420104
0.0034540547997695815
0.0033384171850134735
0.003231669191073272
0.0031328603071980915
0.003041170548693911
0.0029558889588012574
0.002876396199330177
0.002802150355710237
0.00273267528836449
0.0026675510156618314
0.0026064057287357293
0.0025489091254816587
0.002494766817408006
0.002443715614005174
0.0023955195287576193
0.0023499663816692862
0.0023068648972838913
0.0022660422162063838
0.0022273417532314636
0.002190621347236464
0.0021557516576658146
0.0021226147702329444
0.002091102980785677
0.002061117731427083
0.002032568677192327
0.0020053728650388024
0.0019794540097576685
0.0019547418537754625
0.0019311715997762807
0.0019086834067116036
0.0018872219411347631
0.001866735976947705
0.0018471780376173273
0.0018285040757383228
0.0018106731855144127
0.0017936473443208516
0.0017773911800150822
0.001761871761093376
0.0017470584071608503
0.0017329225174998887
0.0017194374157957586
0.0017065782093146828
0.001694321661034438
0.0016826460734052572
0.0016715311825734418
0.0016609580620348895
0.001650909034803493
0.0016413675932825105
0.0016323183261174653
0.0016237468513887058
0.0016156397555718474
0.0016079845377562005
0.0016007695586660864
0.0015939839940784554
0.0015876177922734228
0.001581661635192736
0.0015761069030155268
0.0015709456418913927
0.001566170534598417
0.0015617748739185388
0.0015577525385450373
0.0015540979713571871
0.0015508061599155388
0.001547872619048073
0.0015452933754128814
0.0015430649539371847
0.0015411843660456267
0.0015396490996029757
0.001538457110507828
0.0015376068158846773
0.0015370970888320056
0.0015369272546938732
0.0015370970888320056
0.0015376068158846773
0.001538457110507828
0.0015396490996029757
0.0015411843660456267
0.0015430649539371847
0.0015452933754128814
0.001547872619048073
0.0015508061599155388
0.0015540979713571871
0.0015577525385450373
0.0015617748739185388
0.001566170534598417
0.0015709456418913927
0.0015761069030155268
0.001581661635192736
0.0015876177922734228
0.0015939839940784554
0.0016007695586660864
0.0016079845377562005
0.0016156397555718474
0.0016237468513887058
0.0016323183261174653
0.0016413675932825105
0.001650909034803493
0.0016609580620348895
0.0016715311825734418
0.0016826460734052572
0.001694321661034438
0.0017065782093146828
0.0017194374157957586
0.0017329225174998887
0.0017470584071608503
0.001761871761093376
0.0017773911800150822
0.0017936473443208516
0.0018106731855144127
0.0018285040757383228
0.0018471780376173273
0.001866735976947705
0.0018872219411347631
0.0019086834067116036
0.0019311715997762807
0.0019547418537754625
0.0019794540097576685
0.0020053728650388024
0.002032568677192327
0.002061117731427083
0.002091102980785677
0.0021226147702329444
0.0021557516576658146
0.002190621347236464
0.0022273417532314636
0.0022660422162063838
0.0023068648972838913
0.0023499663816692862
0.0023955195287576193
0.002443715614005174
0.002494766817408006
0.0025489091254816587
0.0026064057287357293
0.0026675510156618314
0.00273267528836449
0.002802150355710237
0.002876396199330177
0.0029558889588012574
0.003041170548693911
0.0031328603071980915
0.003231669191073272
0.0033384171850134735
0.0034540547997695815
0.003579689813420104
0.0037166207942752596
0.0038663794763542365
0.0040307848049481445
0.004212012529362243
0.004412685743384945
0.004635993995051023
0.004885851873792995
0.005167112924591238
0.005485862297432279
0.00584982331852959
0.006268931893378361
0.006756163067095236
0.0073287446465267
0.008009979064377035
0.00883204595509891
0.009840431309463632
0.01110113960506269
0.012712833389080202
0.014828033346091854
0.017691688603653843
0.021714618981676374
0.027620618817705115
0.036758139471841964
0.05180321057182826
0.0784621083077392
0.1301193463289206
0.2514535738438415

0.07302908311222235
0.17697403608269519
0.3292747057738959
0.47037290007558685
0.5158950037431174
0.43442564907166104
0.280869578828137
0.13942127932060952
0.05313599501686836
0.015548684891026081
0.0034963032640261244
0.0006251563364592993
0.00021897624603428877
0.0007716297121574199
0.003754872092292835
0.016050905564222506
0.05686394956016387
0.16002081939814697
0.3478332360994551
0.5747161706166586
0.7157017918139774
0.6690348131143969
0.4689029195910285
0.24668546885531153
0.09780766795503536
0.029473757118881182
0.006858884904536605
0.0012673803628405163
0.00019395290365838957
2.579594731804367e-05
3.0747377035056486e-06
3.2693813574560456e-07
3.0148092002538196e-08
2.343924910646684e-09
1.5096090425716815e-10
7.986300260227159e-12
3.45864560622886e-13
1.2246880083561969e-14
3.5443911490904484e-16
8.38319139488197e-18
1.6203818234237263e-19
2.5595465840602753e-21
3.304044515337159e-23
3.4855059085808523e-25
3.0048501751857165e-27
2.1169806347912498e-29
1.2188436843536957e-31
5.734772585519824e-34
2.2050652887860488e-36
6.928891621408685e-39
1.7792752883352695e-41
3.7338734014042796e-44
6.403436305215555e-47
8.974363621018347e-50
1.027853676377135e-52
9.620463321303493e-56
7.3586432031348585e-59
4.599774770375846e-62
2.349700184092306e-65
9.809014989079088e-69
3.3463811761800864e-72
9.329588360011791e-76
2.1256248519244624e-79
3.9577450918757285e-83
6.022073920276525e-87
7.488268505656447e-91
7.609459289752684e-95
6.31921672971236e-99
4.2885429747007506e-103
2.3784462724090447e-107
1.0779881520000859e-111
3.992746089192083e-116
1.2085551170162712e-120
2.9894981789816945e-125
6.043203069759071e-130
9.983277569117065e-135
1.3477711860704534e-139
1.4869496115513653e-144
1.3406437854575697e-149
9.877967890660952e-155
5.947834614652077e-160
2.926760742871852e-165
1.1769353880912295e-170
3.8677205223878336e-176
1.0387107145215411e-181
2.2796658912024445e-187
4.088696309479479e-193
5.992879845794474e-199
7.178328843154403e-205
7.026647904841764e-211
5.620954863228884e-217
3.67459150531171e-223
1.9631120946992516e-229
8.57073749941564e-236
3.0579357221857907e-242
8.91611320299201e-249
2.1245152779163788e-255
4.1369589016334264e-262
6.583238929734706e-269
8.561208849730683e-276
