1.3387161063472979
0.047805746384995615
0.0021014764534648465
0.00011139236358176149
7.4469665130355085e-06
6.784098541595614e-07
8.823582480671487e-08
1.6579287565660402e-08
4.051843362229074e-09
1.3208868830008375e-09
5.494984556644366e-10
2.791207044381291e-10
1.6575434286348124e-10
1.1051406659080053e-10
8.01750461319415e-11
6.183845050191771e-11
4.9890350054663885e-11
4.162898335290451e-11
3.564093816747725e-11
3.113318169450715e-11
2.7633792211806838e-11
2.484763070148394e-11
2.2582163667840155e-11
2.070718050589051e-11
1.913184422402466e-11
1.7791058591999236e-11
1.6637066891669293e-11
1.5634104360760548e-11
1.4754895353525354e-11
1.397829952027765e-11
1.3287693557625768e-11
1.2669835594024906e-11
1.2114053369750316e-11
1.1611654067370472e-11
1.1155488676613365e-11
1.073962591716092e-11
1.0359105031581495e-11
1.0009746160721962e-11
9.688003307968255e-12
9.390849182317664e-12
9.115684169680955e-12
8.860263755302471e-12
8.622640191910242e-12
8.401115265553762e-12
8.194201779372796e-12
8.000591939734518e-12
7.819131247630239e-12
7.648796811493813e-12
7.488679234198026e-12
7.337967407156413e-12
7.195935682737435e-12
7.061933003113273e-12
6.935373646911059e-12
6.815729320281442e-12
6.7025223704625845e-12
6.595319940752734e-12
6.493728918391278e-12
6.397391552994341e-12
6.305981644278451e-12
6.219201214897469e-12
6.13677759813671e-12
6.058460881594396e-12
5.984021657335411e-12
5.9132490367202166e-12
5.845948894504574e-12
5.781942312121325e-12
5.721064194491413e-12
5.663162038426664e-12
5.6080948338090665e-12
5.555732081363619e-12
5.505952913068534e-12
5.458645303135613e-12
5.413705359101159e-12
5.37103668393965e-12
5.330549801286506e-12
5.292161636863704e-12
5.255795050068931e-12
5.221378410436755e-12
5.188845214327045e-12
5.158133737756652e-12
5.1291867217777995e-12
5.101951087231308e-12
5.076377676073865e-12
5.0524210168033395e-12
5.030039111791522e-12
5.009193244584625e-12
4.9898478054535975e-12
4.971970133672431e-12
4.955530375176797e-12
4.940501354410482e-12
4.926858459305737e-12
4.914579538468038e-12
4.903644809747801e-12
4.894036779483065e-12
4.885740171789396e-12
4.878741867357744e-12
4.87303085129868e-12
4.868598169643643e-12
4.865436894181161e-12
4.863542095369623e-12
4.862910823128702e-12
4.863542095369623e-12
4.865436894181161e-12
4.868598169643643e-12
4.87303085129868e-12
4.878741867357744e-12
4.885740171789396e-12
4.894036779483065e-12
4.903644809747801e-12
4.914579538468038e-12
4.926858459305737e-12
4.940501354410482e-12
4.955530375176797e-12
4.971970133672431e-12
4.9898478054535975e-12
5.009193244584625e-12
5.030039111791522e-12
5.0524210168033395e-12
5.076377676073865e-12
5.101951087231308e-12
5.1291867217777995e-12
5.158133737756652e-12
5.188845214327045e-12
5.221378410436755e-12
5.255795050068931e-12
5.292161636863704e-12
5.330549801286506e-12
5.37103668393965e-12
5.413705359101159e-12
5.458645303135613e-12
5.505952913068534e-12
5.555732081363619e-12
5.6080948338090665e-12
5.663162038426664e-12
5.721064194491413e-12
5.781942312121325e-12
5.845948894504574e-12
5.9132490367202166e-12
5.984021657335411e-12
6.058460881594396e-12
6.13677759813671e-12
6.219201214897469e-12
6.305981644278451e-12
6.397391552994341e-12
6.493728918391278e-12
6.595319940752734e-12
6.7025223704625845e-12
6.815729320281442e-12
6.935373646911059e-12
7.061933003113273e-12
7.195935682737435e-12
7.337967407156413e-12
7.488679234198026e-12
7.648796811493813e-12
7.819131247630239e-12
8.000591939734518e-12
8.194201779372796e-12
8.401115265553762e-12
8.622640191910242e-12
8.860263755302471e-12
9.115684169680955e-12
9.390849182317664e-12
9.688003307968255e-12
1.0009746160721962e-11
1.0359105031581495e-11
1.073962591716092e-11
1.1155488676613365e-11
1.1611654067370472e-11
1.2114053369750316e-11
1.2669835594024906e-11
1.3287693557625768e-11
1.397829952027765e-11
1.4754895353525354e-11
1.5634104360760548e-11
1.6637066891669293e-11
1.7791058591999236e-11
1.913184422402466e-11
2.070718050589051e-11
2.2582163667840155e-11
2.484763070148394e-11
2.7633792211806838e-11
3.113318169450715e-11
3.564093816747725e-11
4.162898335290451e-11
4.9890350054663885e-11
6.183845050191771e-11
8.01750461319415e-11
1.1051406659080053e-10
1.6575434286348124e-10
2.791207044381291e-10
5.494984556644366e-10
1.3208868830008375e-09
4.051843362229074e-09
1.6579287565660402e-08
8.823582480671487e-08
6.784098541595614e-07
7.4469665130355085e-06
0.00011139236358176149
0.0021014764534648465
0.047805746384995615

2.1327537213134773e-10
2.3938520673560093e-09
2.3273969342852865e-08
1.960018448432995e-07
1.429770811185859e-06
9.034191980161196e-06
4.944575609746603e-05
0.0002344154432307522
0.0009626381236906935
0.0034242542749385206
0.010551479585412932
0.028167847563637726
0.06516398013427632
0.1308428649667249
0.28705154703199726
1.5737230695764701
1.5135753089183361
0.5748088022526413
0.5615799641591775
0.5298460537081674
0.4545139781057119
0.35349327882532566
0.24600194022028
0.15030052943281585
0.07910326570141749
0.03531261571967162
0.01322354336892339
0.00412327105827932
0.0010655987695202189
0.0002276238552889123
4.0135291079726255e-05
5.839933418350952e-06
7.017830495054757e-07
6.97872054923335e-08
5.763565742391219e-09
3.9765811086309623e-10
2.3130861674725895e-11
1.1494524444063918e-12
4.9658783780549856e-14
1.9021227466998814e-15
6.569619513704001e-17
2.062900782780335e-18
5.87382289854816e-20
1.5013580344055146e-21
3.404098267293455e-23
6.779901339158247e-25
1.1784330123076321e-26
1.7807120004084925e-28
2.3346633254647795e-30
2.6532648049882184e-32
2.612625531088145e-34
2.2286239293740726e-36
1.6467566023437653e-38
1.0540083874993396e-40
5.843553021589734e-43
2.8062539388775685e-45
1.1673299723028268e-47
4.206073816318798e-50
1.312733900662785e-52
3.548894272244375e-55
8.310477338325287e-58
1.6856811317786638e-60
2.961702482821354e-63
4.507378001427324e-66
5.941869095588125e-69
6.784826184051317e-72
6.710747841610561e-75
5.749362104627161e-78
4.266629693073575e-81
2.742627260505352e-84
1.5270918977269802e-87
7.365124712212244e-91
3.0768872686000573e-94
1.1134215228797882e-97
3.489990036256488e-101
9.475569243574448e-105
2.2284504388628096e-108
4.539595924830927e-112
8.010284899960661e-116
1.2243209351902555e-119
1.6209108759130935e-123
1.858829449528192e-127
1.8464455283868478e-131
1.588729660041163e-135
1.184077297521462e-139
7.644105158624834e-144
4.2745440710612555e-148
2.0704726249936183e-152
8.686918242250752e-157
3.1570286494958135e-161
9.938202910510696e-166
2.7099029873823308e-170
6.400533506675225e-175
1.3094687987518039e-179
2.3205486709579132e-184
3.562072513742878e-189
4.7362146666992894e-194
5.454771315875243e-199
5.441745983751923e-204
4.70236710133608e-209
