0.7352709542729251
0.02406123535746682
0.0008566946528520348
3.243873226689921e-05
1.296424581167304e-06
5.468008029591421e-08
3.3351498056873894e-09
1.7317551625085117e-10
9.620507288370547e-12
6.400858570285059e-13
6.313670956354681e-14
1.0612014714684493e-14
2.742011388911399e-15
9.472727492936226e-16
4.0809077542300275e-16
2.1043636070397384e-16
1.2523776241972596e-16
8.317993414846993e-17
5.99779648732467e-17
4.596589594916829e-17
3.686685112331275e-17
3.060426314653327e-17
2.6087378879960868e-17
2.2703632205087522e-17
2.0088870123661028e-17
1.8015855997977937e-17
1.6336779802794805e-17
1.4951999713109555e-17
1.3792237146086293e-17
1.2808011715313889e-17
1.19631418773524e-17
1.1230616831093083e-17
1.0589898904694728e-17
1.002511537716824e-17
9.523818542145134e-18
9.07611780566503e-18
8.674060813284478e-18
8.311184656894854e-18
7.982185389064243e-18
7.682671222110382e-18
7.408975837571594e-18
7.158015486824143e-18
6.927178412278437e-18
6.714238412167206e-18
6.517286643147668e-18
6.3346773432080234e-18
6.1649842826163196e-18
6.006965557605181e-18
5.8595349267926735e-18
5.72173831941782e-18
5.592734462173679e-18
5.471778808876815e-18
5.358210136262961e-18
5.251439305338995e-18
5.150939792051557e-18
5.056239671582277e-18
4.966914803208449e-18
4.882583011689366e-18
4.802899099753159e-18
4.727550556859846e-18
4.656253853806185e-18
4.588751232284039e-18
4.524807914250114e-18
4.464209668713308e-18
4.406760683916508e-18
4.352281701364408e-18
4.300608375104902e-18
4.251589825404725e-18
4.205087360704472e-18
4.160973345679548e-18
4.119130196520017e-18
4.079449487292622e-18
4.041831153557553e-18
4.006182781358359e-18
3.972418971347993e-18
3.94046076920844e-18
3.91023515470738e-18
3.8816745827468744e-18
3.854716570624539e-18
3.829303326469977e-18
3.8053814144579545e-18
3.782901452950659e-18
3.761817842197996e-18
3.742088518638147e-18
3.723674733200107e-18
3.706540851323523e-18
3.690654172685358e-18
3.67598476886356e-18
3.6625053373797e-18
3.6501910707495486e-18
3.639019539336296e-18
3.6289705869486205e-18
3.620026238257566e-18
3.612170617224552e-18
3.605389875839615e-18
3.599672132566043e-18
3.595007419976207e-18
3.591387641145132e-18
3.588806534444236e-18
3.587259646448813e-18
3.586744312740294e-18
3.587259646448813e-18
3.588806534444236e-18
3.591387641145132e-18
3.595007419976207e-18
3.599672132566043e-18
3.605389875839615e-18
3.612170617224552e-18
3.620026238257566e-18
3.6289705869486205e-18
3.639019539336296e-18
3.6501910707495486e-18
3.6625053373797e-18
3.67598476886356e-18
3.690654172685358e-18
3.706540851323523e-18
3.723674733200107e-18
3.742088518638147e-18
3.761817842197996e-18
3.782901452950659e-18
3.8053814144579545e-18
3.829303326469977e-18
3.854716570624539e-18
3.8816745827468744e-18
3.91023515470738e-18
3.94046076920844e-18
3.972418971347993e-18
4.006182781358359e-18
4.041831153557553e-18
4.079449487292622e-18
4.119130196520017e-18
4.160973345679548e-18
4.205087360704472e-18
4.251589825404725e-18
4.300608375104902e-18
4.352281701364408e-18
4.406760683916508e-18
4.464209668713308e-18
4.524807914250114e-18
4.588751232284039e-18
4.656253853806185e-18
4.727550556859846e-18
4.802899099753159e-18
4.882583011689366e-18
4.966914803208449e-18
5.056239671582277e-18
5.150939792051557e-18
5.251439305338995e-18
5.358210136262961e-18
5.471778808876815e-18
5.592734462173679e-18
5.72173831941782e-18
5.8595349267926735e-18
6.006965557605181e-18
6.1649842826163196e-18
6.3346773432080234e-18
6.517286643147668e-18
6.714238412167206e-18
6.927178412278437e-18
7.158015486824143e-18
7.408975837571594e-18
7.682671222110382e-18
7.982185389064243e-18
8.311184656894854e-18
8.674060813284478e-18
9.07611780566503e-18
9.523818542145134e-18
1.002511537716824e-17
1.0589898904694728e-17
1.1230616831093083e-17
1.19631418773524e-17
1.2808011715313889e-17
1.3792237146086293e-17
1.4951999713109555e-17
1.6336779802794805e-17
1.8015855997977937e-17
2.0088870123661028e-17
2.2703632205087522e-17
2.6087378879960868e-17
3.060426314653327e-17
3.686685112331275e-17
4.596589594916829e-17
5.99779648732467e-17
8.317993414846993e-17
1.2523776241972596e-16
2.1043636070397384e-16
4.0809077542300275e-16
9.472727492936226e-16
2.742011388911399e-15
1.0612014714684493e-14
6.313670956354681e-14
6.400858570285059e-13
9.620507288370547e-12
1.7317551625085117e-10
3.3351498056873894e-09
5.468008029591421e-08
1.296424581167304e-06
3.243873226689921e-05
0.0008566946528520348
0.02406123535746682

1.4949497088051723e-16
4.005176138841651e-15
9.079952327730554e-14
1.7418567167052787e-12
2.8275363557414054e-11
3.8839253922869935e-10
4.514404507431298e-09
4.440143170160214e-08
3.695390928264069e-07
2.6025005954775337e-06
1.5509849073937048e-05
7.846168403964407e-05
0.0003690680429680785
0.0031043640771247502
0.043016439084460796
0.323461308462727
0.9865046379481527
1.1833407056550034
0.5834217909297509
0.1721476956587149
0.09604225035751829
0.08538975745259827
0.06845170800438118
0.046520135892279456
0.026753148774561617
0.01301894538302139
0.005360972958195071
0.001868006310557134
0.0005507822964747169
0.0001374195483764183
2.9012421094570582e-05
5.183061221334676e-06
7.83529975655041e-07
1.0022863234916579e-07
1.0849129760601785e-08
9.93722020761233e-10
7.70197021979196e-11
5.051329135156162e-12
2.8033441087569183e-13
1.3164793902997264e-14
5.231408451306071e-16
1.7590982871161538e-17
5.005281330424155e-19
1.2051297032344336e-20
2.4553081181914768e-22
4.232969309807412e-24
6.175201745212911e-26
7.622967927796115e-28
7.962765853928279e-30
7.038347566342702e-32
5.264345496597747e-34
3.3318463838884565e-36
1.7844010356551068e-38
8.086616998221412e-41
3.101045889863364e-43
1.0062743965496597e-45
2.7630679375872016e-48
6.419979110875135e-51
1.2622418567459828e-53
2.099995920736565e-56
2.956386671426758e-59
3.521850618368646e-62
3.550156821329267e-65
3.0282453222549438e-68
2.1857550146902877e-71
1.3349924907431985e-74
6.8995866496126565e-78
3.0174093691062396e-81
1.116637752319141e-84
3.496691276426e-88
9.265506910205389e-92
2.0775332801045787e-95
3.941792017455057e-99
6.328580851058467e-103
8.597770947660138e-107
9.88399051643725e-111
9.61492011084173e-115
7.914544970892238e-119
5.512811376356182e-123
3.2492806637270536e-127
1.6205716234380354e-131
6.839370722731535e-136
2.4424797447916128e-140
7.380957552153787e-145
1.8873887216706437e-149
4.083917068394918e-154
7.477551005667056e-159
1.1585339496146221e-163
1.5188855714233247e-168
1.6850324128028295e-173
1.5818247735556157e-178
1.2565373361390231e-183
8.446160562052375e-189
4.8040794338241573e-194
2.3122135251804074e-199
9.417000766157168e-205
3.245369760742768e-210
9.464173116074238e-216
2.3354365736680176e-221
4.876636551895273e-227
