1.0781439453805248
0.36032922199140605
0.21599209003486203
0.15946341183943438
0.12658391281268125
0.10437141933094976
0.08836744476391115
0.07637573696133125
0.06712057047855735
0.05980199074169884
0.05389484867067938
0.049042416514152316
0.04499540073033619
0.04157524556406146
0.03865124977928645
0.03612586909360882
0.033925029444909015
0.03199159377108397
0.03028086281021699
0.02875741730852384
0.027392862959615537
0.02616419423270886
0.025052589794803085
0.024042513684817433
0.023121036262200804
0.022277315271333455
0.021502195025086455
0.020787893745261268
0.02012775741468405
0.01951606432048811
0.01894786859841502
0.018418874051046058
0.01792533166197866
0.017463955802814738
0.01703185529511301
0.01662647635960951
0.01624555514041332
0.015887077989585843
0.015549248078391099
0.01523045719512772
0.014929261817390654
0.014644362724730657
0.014374587557748765
0.01411887584047159
0.013876266071015905
0.013645884556079447
0.013426935721510248
0.013218693677042327
0.013020494850505002
0.01283173153717406
0.01265184623480807
0.01248032665537898
0.012316701321412151
0.012160535668870882
0.01201142859018958
0.011869009360807843
0.011732934900728428
0.011602887329493895
0.011478571778774519
0.011359714431666642
0.011246060761965828
0.011137373950224627
0.011033433456431738
0.010934033731740156
0.01083898305389533
0.010748102472927555
0.010661224855322796
0.01057819401631267
0.01049886393116066
0.010423098017395148
0.01035076848087467
0.01028175571938583
0.01021594777818718
0.010153239852536472
0.010093533832786782
0.010036737888118765
0.009982766085401032
0.009931538040045585
0.009882978596056984
0.009837017532767863
0.009793589296014564
0.009752632751739166
0.009714090960211206
0.00967791096924772
0.009644043624975956
0.009612443398832033
0.009583068229622602
0.0095558793795975
0.009530841303590467
0.0095079215303842
0.009487090555546107
0.009468321745063554
0.009451591249182708
0.009436877925924785
0.009424163273817544
0.009413431373439791
0.009404668837432276
0.00939786476868115
0.009393010726429648
0.009390100700121175
0.00938913109082268
0.009390100700121175
0.009393010726429648
0.00939786476868115
0.009404668837432276
0.009413431373439791
0.009424163273817544
0.009436877925924785
0.009451591249182708
0.009468321745063554
0.009487090555546107
0.0095079215303842
0.009530841303590467
0.0095558793795975
0.009583068229622602
0.009612443398832033
0.009644043624975956
0.00967791096924772
0.009714090960211206
0.009752632751739166
0.009793589296014564
0.009837017532767863
0.009882978596056984
0.009931538040045585
0.009982766085401032
0.010036737888118765
0.010093533832786782
0.010153239852536472
0.01021594777818718
0.01028175571938583
0.01035076848087467
0.010423098017395148
0.01049886393116066
0.01057819401631267
0.010661224855322796
0.010748102472927555
0.01083898305389533
0.010934033731740156
0.011033433456431738
0.011137373950224627
0.011246060761965828
0.011359714431666642
0.011478571778774519
0.011602887329493895
0.011732934900728428
0.011869009360807843
0.01201142859018958
0.012160535668870882
0.012316701321412151
0.01248032665537898
0.01265184623480807
0.01283173153717406
0.013020494850505002
0.013218693677042327
0.013426935721510248
0.013645884556079447
0.013876266071015905
0.01411887584047159
0.014374587557748765
0.014644362724730657
0.014929261817390654
0.01523045719512772
0.015549248078391099
0.015887077989585843
0.01624555514041332
0.01662647635960951
0.01703185529511301
0.017463955802814738
0.01792533166197866
0.018418874051046058
0.01894786859841502
0.01951606432048811
0.02012775741468405
0.020787893745261268
0.021502195025086455
0.022277315271333455
0.023121036262200804
0.024042513684817433
0.025052589794803085
0.02616419423270886
0.027392862959615537
0.02875741730852384
0.03028086281021699
0.03199159377108397
0.033925029444909015
0.03612586909360882
0.03865124977928645
0.04157524556406146
0.04499540073033619
0.049042416514152316
0.05389484867067938
0.05980199074169884
0.06712057047855735
0.07637573696133125
0.08836744476391115
0.10437141933094976
0.12658391281268125
0.15946341183943438
0.21599209003486203
0.36032922199140605

0.46147871112656047
0.5705098842479175
0.5268134040440622
0.363447578778993
0.18807924594865152
0.07755960116083464
0.046137830036580604
0.09218294117462715
0.22798091867521578
0.44220003976769
0.6459345855033941
0.7087366009868737
0.5840343888864782
0.361447282931845
0.1679980482213067
0.05864300540056743
0.015373788890304073
0.0030269017003093403
0.0004475776914942514
4.970399043796738e-05
4.145403336357008e-06
2.5965401271188177e-07
1.2214508471354487e-08
4.315286771459923e-10
1.144975092679944e-11
2.2815769839367174e-13
3.414498493065876e-15
3.837703640381403e-17
3.239430398621067e-19
2.053612895960685e-21
9.777351374386527e-24
3.4960414530638015e-26
9.38824975227878e-29
1.8934132235451876e-31
2.8678662149959383e-34
3.262308893869661e-37
2.7870450125279255e-40
1.7881979642970677e-43
8.61667910916001e-47
3.1182932453866543e-50
8.4751364400167e-54
1.7299324834500914e-57
2.651943817528716e-61
3.053178497186963e-65
2.639932250095326e-69
1.714297052214787e-73
8.360496813199699e-78
3.062180618915185e-82
8.42329928385941e-87
1.740148735761043e-91
2.6998722769979965e-96
3.1459569767110866e-101
2.7530560226808967e-106
1.809381016616805e-111
8.930951285347575e-117
3.3106869876058014e-122
9.217034937523104e-128
1.92715681878468e-133
3.0261857977278547e-139
3.5688379788989024e-145
3.160900211901158e-151
2.102555409164162e-157
1.0503567343216728e-163
3.940750227090479e-170
1.1103853026533718e-176
2.3497475780167413e-183
3.7344050958828016e-190
4.4573255394395314e-197
3.995581476584535e-204
2.689913650262613e-211
1.360032845652003e-218
5.164320246412467e-226
1.4727520797318356e-233
3.154269773352479e-241
5.073652682391597e-249
6.129080770861519e-257
5.56061293410972e-265
3.7888088652150125e-273
1.9388108376033117e-281
7.451108559574472e-290
2.15059708910095e-298
4.661760168362518e-307
7.5891565e-316
0.0
0.0
0.0
0.0
0.0
0.0
0.0
0.0
0.0
0.0
0.0
0.0
0.0
0.0
0.0
0.0
0.0
