0.3879429343636823
0.2604767555187076
0.19016775419087645
0.14745232536236114
0.11946841603898994
0.10001977484110512
0.0858568214766927
0.07515036538837368
0.06680799004372018
0.06014401577765549
0.054709555257307946
0.050200002096604475
0.046402186326268774
0.04316289562314278
0.04036942268649697
0.03793714959611701
0.03580139375959377
0.03391191481928166
0.03222912912916732
0.030721447234243193
0.029363366438570904
0.028134081363122947
0.02701645637782289
0.02599625508073599
0.02506155516276145
0.024202298855822986
0.02340994382583002
0.022677189368435418
0.021997759683927347
0.021366230862516197
0.02077789166256522
0.020228630647527935
0.01971484405425816
0.019233360094068362
0.01878137637467652
0.018356407870831502
0.017956243430687496
0.01757890923138648
0.01722263792491725
0.016885842468887167
0.016567093834473412
0.01626510193887165
0.015978699271969744
0.015706826784190116
0.015448521680091146
0.015202906824669259
0.014969181519631067
0.014746613447727496
0.014534531616510322
0.014332320160105853
0.014139412879991271
0.01395528842424381
0.013779466020053442
0.013611501687036008
0.013450984869527024
0.013297535434955026
0.013150800992891936
0.013010454495703278
0.012876192087073322
0.012747731169223018
0.012624808663505488
0.012507179442364513
0.012394614913467149
0.012286901739246125
0.012183840677174198
0.012085245527892181
0.011990942179868298
0.011900767740615006
0.011814569745660777
0.01173220543749391
0.01165354110758515
0.011578451495373485
0.011506819238780908
0.01143853437142
0.011373493862184234
0.011311601193374541
0.011252765973925098
0.01119690358465339
0.01114393485278071
0.011093785753254407
0.01104638713465677
0.01100167446771181
0.010959587614603155
0.010920070617497285
0.010883071504828538
0.010848542114048365
0.010816437929672807
0.010786717935580985
0.010759344480625165
0.010734283156710722
0.010711502688593605
0.010690974834724407
0.01067267429854318
0.010656578649698064
0.010642668254724891
0.010630926216784497
0.010621338324110129
0.010613893006869974
0.010608581302199625
0.01060539682720672
0.010604335759795941
0.01060539682720672
0.010608581302199625
0.010613893006869974
0.010621338324110129
0.010630926216784497
0.010642668254724891
0.010656578649698064
0.01067267429854318
0.010690974834724407
0.010711502688593605
0.010734283156710722
0.010759344480625165
0.010786717935580985
0.010816437929672807
0.010848542114048365
0.010883071504828538
0.010920070617497285
0.010959587614603155
0.01100167446771181
0.01104638713465677
0.011093785753254407
0.01114393485278071
0.01119690358465339
0.011252765973925098
0.011311601193374541
0.011373493862184234
0.01143853437142
0.011506819238780908
0.011578451495373485
0.01165354110758515
0.01173220543749391
0.011814569745660777
0.011900767740615006
0.011990942179868298
0.012085245527892181
0.012183840677174198
0.012286901739246125
0.012394614913467149
0.012507179442364513
0.012624808663505488
0.012747731169223018
0.012876192087073322
0.013010454495703278
0.013150800992891936
0.013297535434955026
0.013450984869527024
0.013611501687036008
0.013779466020053442
0.01395528842424381
0.014139412879991271
0.014332320160105853
0.014534531616510322
0.014746613447727496
0.014969181519631067
0.015202906824669259
0.015448521680091146
0.015706826784190116
0.015978699271969744
0.01626510193887165
0.016567093834473412
0.016885842468887167
0.01722263792491725
0.01757890923138648
0.017956243430687496
0.018356407870831502
0.01878137637467652
0.019233360094068362
0.01971484405425816
0.020228630647527935
0.02077789166256522
0.021366230862516197
0.021997759683927347
0.022677189368435418
0.02340994382583002
0.024202298855822986
0.02506155516276145
0.02599625508073599
0.02701645637782289
0.028134081363122947
0.029363366438570904
0.030721447234243193
0.03222912912916732
0.03391191481928166
0.03580139375959377
0.03793714959611701
0.04036942268649697
0.04316289562314278
0.046402186326268774
0.050200002096604475
0.054709555257307946
0.06014401577765549
0.06680799004372018
0.07515036538837368
0.0858568214766927
0.10001977484110512
0.11946841603898994
0.14745232536236114
0.19016775419087645
0.2604767555187076

0.529825011566464
0.506426653866405
0.42362528538815847
0.3101327967107351
0.19871140569497728
0.11143056957971004
0.05468612600302999
0.02348622634415984
0.008826161108334354
0.002902016532331994
0.0008347043725466783
0.0002099883608102268
4.61959035746273e-05
8.88517610183059e-06
1.4937775917695308e-06
2.194634962057806e-07
2.8170338608869645e-08
3.1584330475814454e-09
3.0924196766168676e-10
2.6434542626727606e-11
1.9723977571541117e-12
1.2843202521409897e-13
7.29658871122957e-15
3.616187520328119e-16
1.5631080098090904e-17
5.891993024505069e-19
1.9364431263533422e-20
5.548256403585647e-22
1.3856811879747207e-23
3.0163142342380396e-25
5.722071474826296e-27
9.459228713588003e-29
1.3625467954784888e-30
1.7100660489001848e-32
1.8698960037977234e-34
1.7813415282497998e-36
1.4783890988737902e-38
1.0688906488458966e-40
6.732499893586138e-43
3.6941793259820205e-45
1.7658854449352605e-47
7.353919073011776e-50
2.6680886808663827e-52
8.433826972881762e-55
2.3228156829913643e-57
5.574397308482633e-60
1.1657533503340934e-62
2.1246072632922974e-65
3.3748688001656268e-68
4.672936701467302e-71
5.640685421597515e-74
5.936669105284607e-77
5.4486468753081845e-80
4.361552340800466e-83
3.045633668823764e-86
1.8555878911566998e-89
9.865999412557728e-93
4.5787771291353844e-96
1.855256935183362e-99
6.564554731939799e-103
2.0288774548061449e-106
5.478469862243557e-110
1.292762347011137e-113
2.666459287949995e-117
4.808449867228862e-121
7.582641242552974e-125
1.045840043700045e-128
1.2618695442080074e-132
1.3320876053546506e-136
1.2304767531559358e-140
9.946657110409916e-145
7.036748500896073e-149
4.3568571733780945e-153
2.360934350237891e-157
1.1196829615406286e-161
4.647159358983125e-166
1.687846709003655e-170
5.364081030405124e-175
1.4915315776157003e-179
3.628255169081725e-184
7.720438793635687e-189
1.4368584568593737e-193
2.3386361027541533e-198
3.328416124134208e-203
4.141810715107432e-208
4.5058246222104833e-213
4.284955866837462e-218
3.5617734535517296e-223
2.587601144106903e-228
1.6428812269149938e-233
9.115130648046801e-239
4.419172353334057e-244
1.8720474015894353e-249
6.928992240331902e-255
2.2406953174258758e-260
6.330523827193292e-266
1.562526562767316e-271
3.369262570256446e-277
6.346765966103325e-283
1.044413047362659e-288
