0.35917629496853565
0.20577410902600018
0.1583020261258519
0.1299477996910278
0.10968966494004133
0.09444284685964457
0.08263721551238909
0.07329220846805473
0.06575433601631027
0.059573361636478486
0.054431243710763334
0.050098430901803916
0.046406012388642635
0.043227505973535654
0.040466681616009074
0.038049255617230646
0.03591712002943704
0.03402426492302332
0.032333851356649096
0.03081607957506
0.029446615299335843
0.028205413347887613
0.027075827947923427
0.026043932510038535
0.025097994243363404
0.02422806449455123
0.02342565646957448
0.022683489578183873
0.02199528503618133
0.021355601242599324
0.020759700270890476
0.020203438884807075
0.01968317902444286
0.019195713854991723
0.01873820633522806
0.01830813791931747
0.017903265508042002
0.017521585152796025
0.017161301316218566
0.016820800728022407
0.016498630059005856
0.01619347678201092
0.015904152704468353
0.015629579749775732
0.015368777639142545
0.015120853185585766
0.014884990960462644
0.014660445132607629
0.014446532312609584
0.014242625261445159
0.014048147344694499
0.013862567631794375
0.013685396554935739
0.013516182054853743
0.013354506151339457
0.013199981885189643
0.01305225058579937
0.01291097942493073
0.012775859222556349
0.012646602475237412
0.012522941581384709
0.012404627241075352
0.012291427010947062
0.012183123997140229
0.012079515671366756
0.011980412797005806
0.01188563845370241
0.011795027150312137
0.011708424017223322
0.011625684070123786
0.011546671538182958
0.011471259250411009
0.011399328074649865
0.011330766404259772
0.011265469688100924
0.011203339999882002
0.011144285643364912
0.011088220790284264
0.01103506514816771
0.010984743655534222
0.010937186202206363
0.010892327372703563
0.010850106210889892
0.010810466004234525
0.010773354086208992
0.010738721655494459
0.010706523610806732
0.010676718400268095
0.01064926788436527
0.010624137211632858
0.010601294706292654
0.010580711767162892
0.010562362777227897
0.010546225023329373
0.010532278625505927
0.010520506475568398
0.010510894184555539
0.010503430038768384
0.010498104964132497
0.010494912498685935
0.01049384877303759
0.010494912498685935
0.010498104964132497
0.010503430038768384
0.010510894184555539
0.010520506475568398
0.010532278625505927
0.010546225023329373
0.010562362777227897
0.010580711767162892
0.010601294706292654
0.010624137211632858
0.01064926788436527
0.010676718400268095
0.010706523610806732
0.010738721655494459
0.010773354086208992
0.010810466004234525
0.010850106210889892
0.010892327372703563
0.010937186202206363
0.010984743655534222
0.01103506514816771
0.011088220790284264
0.011144285643364912
0.011203339999882002
0.011265469688100924
0.011330766404259772
0.011399328074649865
0.011471259250411009
0.011546671538182958
0.011625684070123786
0.011708424017223322
0.011795027150312137
0.01188563845370241
0.011980412797005806
0.012079515671366756
0.012183123997140229
0.012291427010947062
0.012404627241075352
0.012522941581384709
0.012646602475237412
0.012775859222556349
0.01291097942493073
0.01305225058579937
0.013199981885189643
0.013354506151339457
0.013516182054853743
0.013685396554935739
0.013862567631794375
0.014048147344694499
0.014242625261445159
0.014446532312609584
0.014660445132607629
0.014884990960462644
0.015120853185585766
0.015368777639142545
0.015629579749775732
0.015904152704468353
0.01619347678201092
0.016498630059005856
0.016820800728022407
0.017161301316218566
0.017521585152796025
0.017903265508042002
0.01830813791931747
0.01873820633522806
0.019195713854991723
0.01968317902444286
0.020203438884807075
0.020759700270890476
0.021355601242599324
0.02199528503618133
0.022683489578183873
0.02342565646957448
0.02422806449455123
0.025097994243363404
0.026043932510038535
0.027075827947923427
0.028205413347887613
0.029446615299335843
0.03081607957506
0.032333851356649096
0.03402426492302332
0.03591712002943704
0.038049255617230646
0.040466681616009074
0.043227505973535654
0.046406012388642635
0.050098430901803916
0.054431243710763334
0.059573361636478486
0.06575433601631027
0.07329220846805473
0.08263721551238909
0.09444284685964457
0.10968966494004133
0.1299477996910278
0.1583020261258519
0.20577410902600018

0.520287578319292
0.5021498586590252
0.3072981003418796
0.11924302672488254
0.029364210470391908
0.004761725768151964
0.0014396184678422373
0.004108121758357904
0.01306948969486688
0.03243724281585518
0.06238762661912071
0.09297920683311527
0.10737561847922983
0.09608552890276663
0.0666258491434565
0.03579810145974161
0.014904235268678097
0.004808303424106112
0.0012020056229014892
0.00023283785957678272
3.494887195982348e-05
4.064856255946692e-06
3.663445099261592e-07
2.558389406178825e-08
1.3844461693604051e-09
5.805210408687366e-11
1.886219897904446e-12
4.7489669156021715e-14
9.264850833518614e-16
1.4005873008883637e-17
1.6406441809388582e-19
1.4891933427468754e-21
1.0474184872704083e-23
5.708497950014524e-26
2.4107708369498473e-28
7.889009413941743e-31
2.000421367492972e-33
3.9305467007725365e-36
5.984348846560298e-39
7.060139928673899e-42
6.454196458355007e-45
4.571971538177201e-48
2.5095584827664392e-51
1.0673911290890261e-54
3.517890544507855e-58
8.984078162369368e-62
1.7778584736699496e-65
2.726172394355602e-69
3.2392309314539257e-73
2.982379952465336e-77
2.1277299033161735e-81
1.1762577246093454e-85
5.038728350296857e-90
1.672522108156471e-94
4.301849916496985e-99
8.57375575519702e-104
1.3240958535890893e-108
1.5845290623580027e-113
1.4693100801934572e-118
1.0557453382068905e-123
5.878105170024453e-129
2.5359926892217386e-134
8.477955012721566e-140
2.1961736856830003e-145
4.4083363666289714e-151
6.856701313240818e-157
8.263959944066203e-163
7.717802147447642e-169
5.58510758975034e-175
3.131856911838589e-181
1.3608327275427483e-187
4.581841318111426e-194
1.1953850184770405e-200
2.41661817991772e-207
3.785652391349614e-214
4.595215613389815e-221
4.322186670969995e-228
3.1501672412081484e-235
1.7790828269060437e-242
7.785583906930316e-250
2.6400896645699056e-257
6.937110777059814e-265
1.4124433812419285e-272
2.2284142726347235e-280
2.724289649075486e-288
2.580733115251762e-296
1.89437247255783e-304
1.07750704745e-312
4.75e-321
0.0
0.0
0.0
0.0
0.0
0.0
0.0
0.0
0.0
0.0
0.0
