0.6867039684846924
0.13074779079392954
0.030728810464340534
0.00894417852228386
0.003224577717040416
0.0014233360122901434
0.0007494360141275137
0.0004547157799707713
0.0003072362216570826
0.0002247244470397953
0.00017421601681273167
0.0001410040855727103
0.00011788813631162157
0.00010105187605809246
8.83321783887126e-05
7.843133161064401e-05
7.053243882080659e-05
6.4099773821374e-05
5.876946146608555e-05
5.4286762188015123e-05
5.0468595508002426e-05
4.718032852193062e-05
4.432093758738922e-05
4.181325279535735e-05
3.9597381722689564e-05
3.762617595016652e-05
3.58620422052407e-05
3.427465811757219e-05
3.283930873069931e-05
3.1535656728917635e-05
3.034682072503617e-05
2.925867568462276e-05
2.825931576539653e-05
2.7338637434884724e-05
2.6488012720967574e-05
2.570003074979848e-05
2.4968291550083408e-05
2.4287240242893938e-05
2.36520327145732e-05
2.305842603700405e-05
2.2502688492322177e-05
2.1981525241728568e-05
2.149201656401701e-05
2.1031566259235854e-05
2.0597858323209348e-05
2.0188820390617972e-05
1.9802592747566414e-05
1.943750195079447e-05
1.909203827593043e-05
1.876483636336155e-05
1.845465854633064e-05
1.8160380438498977e-05
1.788097843256432e-05
1.7615518821504767e-05
1.7363148302649532e-05
1.7123085664390344e-05
1.689461448775938e-05
1.6677076721735616e-05
1.6469867013120252e-05
1.627242769003045e-05
1.6084244313202885e-05
1.5904841721937446e-05
1.573378051209744e-05
1.557065389247991e-05
1.541508487337159e-05
1.526672374745177e-05
1.512524582858704e-05
1.4990349418644513e-05
1.4861753976359095e-05
1.4739198465636399e-05
1.4622439863542733e-05
1.4511251810703005e-05
1.4405423388956757e-05
1.4304758012963369e-05
1.4209072424042963e-05
1.4118195775925097e-05
1.4031968803283998e-05
1.3950243064991837e-05
1.387288025494226e-05
1.3799751574103511e-05
1.3730737158169396e-05
1.3665725555800557e-05
1.3604613252999379e-05
1.3547304239648803e-05
1.349370961467742e-05
1.3443747226696796e-05
1.3397341347299011e-05
1.3354422374507715e-05
1.331492656414988e-05
1.3278795787161012e-05
1.3245977311058622e-05
1.3216423604019266e-05
1.3190092160176706e-05
1.3166945344925329e-05
1.3146950259165334e-05
1.3130078621567162e-05
1.3116306668062883e-05
1.3105615067894515e-05
1.30979888556636e-05
1.3093417378935531e-05
1.3091894261055711e-05
1.3093417378935531e-05
1.30979888556636e-05
1.3105615067894515e-05
1.3116306668062883e-05
1.3130078621567162e-05
1.3146950259165334e-05
1.3166945344925329e-05
1.3190092160176706e-05
1.3216423604019266e-05
1.3245977311058622e-05
1.3278795787161012e-05
1.331492656414988e-05
1.3354422374507715e-05
1.3397341347299011e-05
1.3443747226696796e-05
1.349370961467742e-05
1.3547304239648803e-05
1.3604613252999379e-05
1.3665725555800557e-05
1.3730737158169396e-05
1.3799751574103511e-05
1.387288025494226e-05
1.3950243064991837e-05
1.4031968803283998e-05
1.4118195775925097e-05
1.4209072424042963e-05
1.4304758012963369e-05
1.4405423388956757e-05
1.4511251810703005e-05
1.4622439863542733e-05
1.4739198465636399e-05
1.4861753976359095e-05
1.4990349418644513e-05
1.512524582858704e-05
1.526672374745177e-05
1.541508487337159e-05
1.557065389247991e-05
1.573378051209744e-05
1.5904841721937446e-05
1.6084244313202885e-05
1.627242769003045e-05
1.6469867013120252e-05
1.6677076721735616e-05
1.689461448775938e-05
1.7123085664390344e-05
1.7363148302649532e-05
1.7615518821504767e-05
1.788097843256432e-05
1.8160380438498977e-05
1.845465854633064e-05
1.876483636336155e-05
1.909203827593043e-05
1.943750195079447e-05
1.9802592747566414e-05
2.0188820390617972e-05
2.0597858323209348e-05
2.1031566259235854e-05
2.149201656401701e-05
2.1981525241728568e-05
2.2502688492322177e-05
2.305842603700405e-05
2.36520327145732e-05
2.4287240242893938e-05
2.4968291550083408e-05
2.570003074979848e-05
2.6488012720967574e-05
2.7338637434884724e-05
2.825931576539653e-05
2.925867568462276e-05
3.034682072503617e-05
3.1535656728917635e-05
3.283930873069931e-05
3.427465811757219e-05
3.58620422052407e-05
3.762617595016652e-05
3.9597381722689564e-05
4.181325279535735e-05
4.432093758738922e-05
4.718032852193062e-05
5.0468595508002426e-05
5.4286762188015123e-05
5.876946146608555e-05
6.4099773821374e-05
7.053243882080659e-05
7.843133161064401e-05
8.83321783887126e-05
0.00010105187605809246
0.00011788813631162157
0.0001410040855727103
0.00017421601681273167
0.0002247244470397953
0.0003072362216570826
0.0004547157799707713
0.0007494360141275137
0.0014233360122901434
0.003224577717040416
0.00894417852228386
0.030728810464340534
0.13074779079392954

0.0006064854116851868
0.0024841310017752077
0.008631238285462346
0.025635936990403223
0.06578745790269268
0.14670173781159998
0.28127197491476047
0.4510582552634276
0.586947531764195
0.6094396014466424
0.5071456629470641
0.34633034988685896
0.2002837553085033
0.10024941379662022
0.0435639738278876
0.016286256264235698
0.005185902685281808
0.001398195044502582
0.0003184117509077469
6.120057647994555e-05
9.926249686485493e-06
1.3585075596413509e-06
1.5688577178660012e-07
1.528795391559083e-08
1.2570699482810946e-09
8.721954032727607e-11
5.106371559116843e-12
2.5226401369252653e-13
1.0515803445533213e-14
3.69891105534747e-16
1.0978666342414482e-17
2.7496002228626424e-19
5.810771422341228e-21
1.036196925597486e-22
1.5591757680919364e-24
1.9796669081220685e-26
2.1209646989547774e-28
1.917427830803838e-30
1.4626785176455882e-32
9.415058199433976e-35
5.113772516249416e-37
2.3437110643303097e-39
9.063814435234868e-42
2.957755091568168e-44
8.144373562422671e-47
1.8923324207578437e-49
3.710064367390138e-52
6.137757540949029e-55
8.568055725889323e-58
1.009250808759289e-60
1.0031368849057879e-63
8.413284260386987e-67
5.95408726699352e-70
3.555568896217986e-73
1.791625647597196e-76
7.617802573678492e-80
2.733105682462459e-83
8.274226532806e-87
2.1136966467932383e-90
4.556193705608798e-94
8.287164712661264e-98
1.2719031170373675e-101
1.647200108605279e-105
1.8000433432603787e-109
1.6598308519742153e-113
1.2914838290156897e-117
8.4792683960578e-122
4.697557034642749e-126
2.1959882444026685e-130
8.662280241125828e-135
2.883226218712921e-139
8.097845323443907e-144
1.919130490088775e-148
3.8378129444371627e-153
6.476007918594642e-158
9.220940266586232e-163
1.1078662085074342e-167
1.1231653401117817e-172
9.608251002347368e-178
6.935683340006947e-183
4.224530431063433e-188
2.1712603366848164e-193
9.416502475231082e-199
3.445971018215808e-204
1.0640888340988658e-209
2.7726076755792324e-215
6.095975686148151e-221
1.130947124938886e-226
1.7704580683749953e-232
2.3386932361861746e-238
2.6067845818096666e-244
2.4517788674415065e-250
1.9458157795386342e-256
1.3030660032901605e-262
7.363348867445309e-269
3.510982058732534e-275
1.4126224787970964e-281
4.795875332355515e-288
1.3738962157940908e-294
3.321117486037723e-301
