0.7720446109273987
0.1506289895833885
0.08181796228869927
0.05108605860368039
0.034869488901867605
0.025504695028557102
0.019678234824860166
0.015822100487764546
0.013136356468656194
0.011185246444762409
0.009717448476311317
0.008580636159470186
0.0076784118273512305
0.006947434170578253
0.006344693128594307
0.005840131138332878
0.005412203655636041
0.005045118542636624
0.004727067941843885
0.004449065350408258
0.004204162223544294
0.003986908708102246
0.003792975077594402
0.0036188811983576745
0.0034618000276647153
0.0033194127450932136
0.003189800481804753
0.0030713623793534803
0.0029627528525321516
0.00286283303817468
0.002770632847245409
0.0026853210295934827
0.0026061813557536014
0.002532593513287104
0.002464017669199075
0.0023999819069990404
0.0023400719355315645
0.0022839226063921018
0.002231210881187641
0.0021816499686761813
0.0021349844117226104
0.0020909859499173558
0.002049450019147191
0.0020101927769623513
0.0019730485641484066
0.0019378677298941653
0.0019045147614016997
0.0018728666695055015
0.0018428115904566378
0.001814247570944558
0.0017870815090270191
0.0017612282281905282
0.0017366096654819997
0.0017131541577028778
0.0016907958121702084
0.0016694739506279129
0.001649132616617673
0.0016297201380573727
0.0016111887379782358
0.0015934941873815894
0.0015765954950264162
0.0015604546296770648
0.0015450362709490406
0.0015303075854079219
0.0015162380250171824
0.001502799145407368
0.0014899644417618156
0.0014777092003914161
0.0014660103643097562
0.001454846411326174
0.001444197243352772
0.001434044085776237
0.0014243693958799306
0.0014151567794190444
0.0014063909145540154
0.001398057482437081
0.001390143103825447
0.001382635281163654
0.0013755223456385476
0.0013687934087639813
0.0013624383180998211
0.0013564476167519158
0.0013508125063370399
0.0013455248131300623
0.001340576957140245
0.0013359619238900778
0.001331673238693807
0.0013277049432541706
0.0013240515744150697
0.0013207081449252726
0.0013176701260840462
0.0013149334321538831
0.0013124944064386397
0.0013103498089373816
0.0013084968054953147
0.001306932958383433
0.0013056562182480935
0.0013046649173806637
0.0013039577642658883
0.0013035338393756674
0.001303392592182666
0.0013035338393756674
0.0013039577642658883
0.0013046649173806637
0.0013056562182480935
0.001306932958383433
0.0013084968054953147
0.0013103498089373816
0.0013124944064386397
0.0013149334321538831
0.0013176701260840462
0.0013207081449252726
0.0013240515744150697
0.0013277049432541706
0.001331673238693807
0.0013359619238900778
0.001340576957140245
0.0013455248131300623
0.0013508125063370399
0.0013564476167519158
0.0013624383180998211
0.0013687934087639813
0.0013755223456385476
0.001382635281163654
0.001390143103825447
0.001398057482437081
0.0014063909145540154
0.0014151567794190444
0.0014243693958799306
0.001434044085776237
0.001444197243352772
0.001454846411326174
0.0014660103643097562
0.0014777092003914161
0.0014899644417618156
0.001502799145407368
0.0015162380250171824
0.0015303075854079219
0.0015450362709490406
0.0015604546296770648
0.0015765954950264162
0.0015934941873815894
0.0016111887379782358
0.0016297201380573727
0.001649132616617673
0.0016694739506279129
0.0016907958121702084
0.0017131541577028778
0.0017366096654819997
0.0017612282281905282
0.0017870815090270191
0.001814247570944558
0.0018428115904566378
0.0018728666695055015
0.0019045147614016997
0.0019378677298941653
0.0019730485641484066
0.0020101927769623513
0.002049450019147191
0.0020909859499173558
0.0021349844117226104
0.0021816499686761813
0.002231210881187641
0.0022839226063921018
0.0023400719355315645
0.0023999819069990404
0.002464017669199075
0.002532593513287104
0.0026061813557536014
0.0026853210295934827
0.002770632847245409
0.00286283303817468
0.0029627528525321516
0.0030713623793534803
0.003189800481804753
0.0033194127450932136
0.0034618000276647153
0.0036188811983576745
0.003792975077594402
0.003986908708102246
0.004204162223544294
0.004449065350408258
0.004727067941843885
0.005045118542636624
0.005412203655636041
0.005840131138332878
0.006344693128594307
0.006947434170578253
0.0076784118273512305
0.008580636159470186
0.009717448476311317
0.011185246444762409
0.013136356468656194
0.015822100487764546
0.019678234824860166
0.025504695028557102
0.034869488901867605
0.05108605860368039
0.08181796228869927
0.1506289895833885

0.06255095826946955
0.12754768796825874
0.2084439783426959
0.27301358378380963
0.28658753556459904
0.2411062561416664
0.16256902481812713
0.08785070707749157
0.03804791490441904
0.013206708784598023
0.0036739774042150336
0.0008191369184718352
0.00014637087149268243
2.0961915059376824e-05
2.405943335145533e-06
2.213186293728942e-07
1.6316563253357973e-08
9.640899272687427e-10
4.5654599938642816e-11
1.7327945723722087e-12
5.25759507678374e-10
5.5900620597320315e-05
0.08347693990443497
1.7506255784475624
0.5155809677735824
0.002132442568363119
1.2386102449079652e-07
1.010343032071733e-13
1.157390456108636e-21
2.417186441942824e-31
1.8466448651677127e-34
4.92227861518333e-37
1.051543256411642e-39
1.8003885088749903e-42
2.4704920558816747e-45
2.7169323860608737e-48
2.394706754410207e-51
1.6916245809600017e-54
9.5770945476645e-58
4.34551949052622e-61
1.5802571681355386e-64
4.605661072806414e-68
1.0758068899680382e-71
2.0139783931617869e-75
3.021714524315766e-79
3.633542102493128e-83
3.5017497079751583e-87
2.7046940459708156e-91
1.674284776601505e-95
8.306511132941484e-100
3.3028291893158274e-104
1.0525232941224329e-108
2.688162126691378e-113
5.502465641481523e-118
9.02687358139414e-123
1.1868491438659021e-127
1.2506385775982601e-132
1.0562002370030935e-137
7.1488937073960345e-143
3.878015661637985e-148
1.686003287374204e-153
5.874696231680912e-159
1.6405540851927934e-164
3.6717561398257554e-170
6.586205033202473e-176
9.468360888106253e-182
1.0909189822659002e-187
1.0073684248106329e-193
7.45525167768908e-200
4.4219560699657074e-206
2.1020579178720918e-212
8.008534885399323e-219
2.4453419882566288e-225
5.9841748970933115e-232
1.1736729368123726e-238
1.8448796593321957e-245
2.324165949724138e-252
2.3466286328283033e-259
1.8988896891790847e-266
1.2314966838483857e-273
6.400956807958846e-281
2.6664576245868027e-288
8.902307991087611e-296
2.382037993007316e-303
5.1082588066906e-311
8.77965e-319
0.0
0.0
0.0
0.0
0.0
0.0
0.0
0.0
0.0
0.0
0.0
0.0
0.0
0.0
