1.0120003636102464
0.16693157541420495
0.06709050160101379
0.03462038268578252
0.020372828633436816
0.0132454715353343
0.009315489912535514
0.006966287653964221
0.005463994667235289
0.004447822074895202
0.003727692627582469
0.003197228802548999
0.0027936708465537393
0.0024782478719192714
0.0022260261295031494
0.002020396780637196
0.0018499498994965198
0.001706631516414156
0.0015846186650048787
0.0014796109680542443
0.0013883718576501683
0.0013084238674495618
0.001237841585892342
0.0011751080309884243
0.0011190131302339756
0.0010685807227381304
0.0010230152421283735
0.0009816622113732933
0.0009439785829465051
0.0009095101984529469
0.0008778744653911045
0.0008487469043722877
0.0008218506007376718
0.0007969478589458518
0.0007738335442512977
0.0007523297288565718
0.000732281355362483
0.0007135527000413373
0.0006960244697734257
0.0006795914046286603
0.0006641602866820612
0.0006496482772904393
0.0006359815215574452
0.0006230939713915852
0.0006109263883727525
0.0005994254952875219
0.0005885432511889893
0.0005782362295682093
0.0005684650829798955
0.0005591940804629273
0.0005503907065020857
0.0005420253122180678
0.0005340708110458678
0.0005265024124426201
0.0005192973882138981
0.0005124348669083264
0.000505895652440503
0.0004996620636903484
0.0004937177923159027
0.00048804777642452534
0.00048263808808899684
0.00047747583298197077
0.00047254906064407744
0.0004678466841054734
0.0004633584077540645
0.00045907466249113353
0.000454986547340945
0.0004510857767885162
0.0004473646332120497
0.0004438159238558878
0.00044043294185825896
0.00043720943090720194
0.0004341395531492572
0.0004312178600199627
0.00042843926570387646
0.00042579902296557484
0.00042329270112256075
0.00042091616595683033
0.00041866556138452505
0.0004165372927230143
0.00041452801141234714
0.0004126346010635207
0.000410854164719769
0.0004091840132292645
0.00040762165463847255
0.00040616478452506767
0.00040481127719795874
0.00040355917769971356
0.000402406694553628
0.0004013521932039539
0.00040039419010347033
0.00039953134740772564
0.00039876246823996507
0.00039808649249504927
0.0003975024931546092
0.0003970096730893339
0.00039660736232767225
0.00039629501577340956
0.0003960722113575628
0.0003959386486128909
0.0003958941476620283
0.0003959386486128909
0.0003960722113575628
0.00039629501577340956
0.00039660736232767225
0.0003970096730893339
0.0003975024931546092
0.00039808649249504927
0.00039876246823996507
0.00039953134740772564
0.00040039419010347033
0.0004013521932039539
0.000402406694553628
0.00040355917769971356
0.00040481127719795874
0.00040616478452506767
0.00040762165463847255
0.0004091840132292645
0.000410854164719769
0.0004126346010635207
0.00041452801141234714
0.0004165372927230143
0.00041866556138452505
0.00042091616595683033
0.00042329270112256075
0.00042579902296557484
0.00042843926570387646
0.0004312178600199627
0.0004341395531492572
0.00043720943090720194
0.00044043294185825896
0.0004438159238558878
0.0004473646332120497
0.0004510857767885162
0.000454986547340945
0.00045907466249113353
0.0004633584077540645
0.0004678466841054734
0.00047254906064407744
0.00047747583298197077
0.00048263808808899684
0.00048804777642452534
0.0004937177923159027
0.0004996620636903484
0.000505895652440503
0.0005124348669083264
0.0005192973882138981
0.0005265024124426201
0.0005340708110458678
0.0005420253122180678
0.0005503907065020857
0.0005591940804629273
0.0005684650829798955
0.0005782362295682093
0.0005885432511889893
0.0005994254952875219
0.0006109263883727525
0.0006230939713915852
0.0006359815215574452
0.0006496482772904393
0.0006641602866820612
0.0006795914046286603
0.0006960244697734257
0.0007135527000413373
0.000732281355362483
0.0007523297288565718
0.0007738335442512977
0.0007969478589458518
0.0008218506007376718
0.0008487469043722877
0.0008778744653911045
0.0009095101984529469
0.0009439785829465051
0.0009816622113732933
0.0010230152421283735
0.0010685807227381304
0.0011190131302339756
0.0011751080309884243
0.001237841585892342
0.0013084238674495618
0.0013883718576501683
0.0014796109680542443
0.0015846186650048787
0.001706631516414156
0.0018499498994965198
0.002020396780637196
0.0022260261295031494
0.0024782478719192714
0.0027936708465537393
0.003197228802548999
0.003727692627582469
0.004447822074895202
0.005463994667235289
0.006966287653964221
0.009315489912535514
0.0132454715353343
0.020372828633436816
0.03462038268578252
0.06709050160101379
0.16693157541420495

0.018653407645779167
0.05383424258154672
0.12290028221147384
0.2219432579135489
0.3170515681036568
0.3582909519750648
0.3203753867782082
0.22697185492227126
0.12847092866049703
0.06145023033875409
0.03385431551648603
0.038638337555040494
0.06986149472110083
0.12616142838038963
0.2049381897817935
0.2956829089368614
0.37843674652972326
0.42961250633694903
0.4325869614209088
0.38635147934094094
0.3060584419053681
0.21504966726035002
0.13402499979409593
0.07408759274747845
0.036326016929173664
0.015798021715766636
0.0060939692760861395
0.002085021043536116
0.0006327516016838136
0.0001703211936834208
4.066462386304523e-05
8.611473219228181e-06
1.6175241722178706e-06
2.6948632503955683e-07
3.9823122794409825e-08
5.219711771272943e-09
6.068346347332413e-10
6.257585986068152e-11
5.723424002138436e-12
4.643202700083246e-13
3.3411193880185173e-14
2.1324505753770365e-15
1.2071982081535662e-16
6.0616494690142484e-18
2.6997010987650304e-19
1.0664811321253581e-20
3.7368296307138044e-22
1.1613578181117088e-23
3.201410951067126e-25
7.827614568867638e-27
1.6975792885986928e-28
3.265452203872184e-30
5.571462647644425e-32
8.431556284641627e-34
1.1317718613290554e-35
1.3474810586428271e-37
1.4229809120176788e-39
1.3328709672912035e-41
1.107362392915948e-43
8.160261212961275e-46
5.333729415785131e-48
3.0922210133945773e-50
1.5900936484013889e-52
7.252496149036724e-55
2.934032629384413e-57
1.0528221180201791e-59
3.35087084921957e-62
9.459605105137369e-65
2.3686503293500814e-67
5.260675667078258e-70
1.0363220292497526e-72
1.810758619788332e-75
2.80633182117752e-78
3.8577147244817844e-81
4.70363729259811e-84
5.086864503446566e-87
4.879542924198069e-90
4.15165010033789e-93
3.133105175693714e-96
2.0972095768679843e-99
1.2451489848600022e-102
6.557124562625676e-106
3.06279674733841e-109
1.268923817100133e-112
4.663001434964437e-116
1.5198760714399206e-119
4.394034217220816e-123
1.1267597371896236e-126
2.562782994288873e-130
5.170171812300605e-134
9.251470024499565e-138
1.4683485031733715e-141
2.0670937414282812e-145
2.5810940380555514e-149
2.8586442474646763e-153
2.808206395008281e-157
2.4468681321510664e-161
1.8910574981830702e-165
1.2963179401923014e-169
7.881900667655656e-174
