1.6025785881357006
0.18672962845300095
0.03297498963002278
0.007459680178961156
0.002156047921617893
0.0007829822331190171
0.0003461633036115456
0.000180009475959945
0.00010664957595763555
7.00135490412452e-05
4.975873081936235e-05
3.7581556278648035e-05
2.9738744154325236e-05
2.4393972098356142e-05
2.0578681994946694e-05
1.774911429221541e-05
1.558309686395308e-05
1.3880637802201359e-05
1.2512468211898975e-05
1.1392041318780864e-05
1.045960586882976e-05
9.672783889883131e-06
9.000797726487618e-06
8.420820535542975e-06
7.915603574663902e-06
7.4718942276393395e-06
7.079357005143987e-06
6.729822322833745e-06
6.4167536392972046e-06
6.134863010865599e-06
5.879829391814589e-06
5.648089269214601e-06
5.43667901613553e-06
5.2431147534146145e-06
5.065299774790435e-06
4.901452475510275e-06
4.750049706315245e-06
4.6097818551716405e-06
4.4795169333818945e-06
4.358271638758701e-06
4.24518787155408e-06
4.1395135462611205e-06
4.040586813513569e-06
3.947823008251758e-06
3.860703792097078e-06
3.7787680729101216e-06
3.7016043723910264e-06
3.6288443802295755e-06
3.5601574857591915e-06
3.495246119005686e-06
3.433841765180486e-06
3.375701542086375e-06
3.3206052501114795e-06
3.2683528206420775e-06
3.218762101707913e-06
3.1716669301609534e-06
3.126915448200468e-06
3.0843686289982827e-06
3.043898981862899e-06
3.0053894120571897e-06
2.9687322142461395e-06
2.933828181753048e-06
2.900585816467307e-06
2.8689206264726616e-06
2.8387545003303796e-06
2.8100151485206793e-06
2.7826356038694276e-06
2.7565537739074543e-06
2.731712039060842e-06
2.7080568913802424e-06
2.6855386092086045e-06
2.6641109637785377e-06
2.643730954238623e-06
2.624358568045224e-06
2.6059565640336764e-06
2.588490275809026e-06
2.5719274333794455e-06
2.5562380012013925e-06
2.5413940310197502e-06
2.5273695280732647e-06
2.514140329399315e-06
2.501683993115582e-06
2.489979697682516e-06
2.4790081502617125e-06
2.468751503383637e-06
2.459193279225187e-06
2.4503183008748736e-06
2.442112630032264e-06
2.4345635106497454e-06
2.427659318079745e-06
2.421389513340052e-06
2.4157446021544664e-06
2.410716098466486e-06
2.4062964921605133e-06
2.4024792207587174e-06
2.3992586448926003e-06
2.3966300273769896e-06
2.3945895157407838e-06
2.393134128093863e-06
2.392261742233227e-06
2.391971087914063e-06
2.392261742233227e-06
2.393134128093863e-06
2.3945895157407838e-06
2.3966300273769896e-06
2.3992586448926003e-06
2.4024792207587174e-06
2.4062964921605133e-06
2.410716098466486e-06
2.4157446021544664e-06
2.421389513340052e-06
2.427659318079745e-06
2.4345635106497454e-06
2.442112630032264e-06
2.4503183008748736e-06
2.459193279225187e-06
2.468751503383637e-06
2.4790081502617125e-06
2.489979697682516e-06
2.501683993115582e-06
2.514140329399315e-06
2.5273695280732647e-06
2.5413940310197502e-06
2.5562380012013925e-06
2.5719274333794455e-06
2.588490275809026e-06
2.6059565640336764e-06
2.624358568045224e-06
2.643730954238623e-06
2.6641109637785377e-06
2.6855386092086045e-06
2.7080568913802424e-06
2.731712039060842e-06
2.7565537739074543e-06
2.7826356038694276e-06
2.8100151485206793e-06
2.8387545003303796e-06
2.8689206264726616e-06
2.900585816467307e-06
2.933828181753048e-06
2.9687322142461395e-06
3.0053894120571897e-06
3.043898981862899e-06
3.0843686289982827e-06
3.126915448200468e-06
3.1716669301609534e-06
3.218762101707913e-06
3.2683528206420775e-06
3.3206052501114795e-06
3.375701542086375e-06
3.433841765180486e-06
3.495246119005686e-06
3.5601574857591915e-06
3.6288443802295755e-06
3.7016043723910264e-06
3.7787680729101216e-06
3.860703792097078e-06
3.947823008251758e-06
4.040586813513569e-06
4.1395135462611205e-06
4.24518787155408e-06
4.358271638758701e-06
4.4795169333818945e-06
4.6097818551716405e-06
4.750049706315245e-06
4.901452475510275e-06
5.065299774790435e-06
5.2431147534146145e-06
5.43667901613553e-06
5.648089269214601e-06
5.879829391814589e-06
6.134863010865599e-06
6.4167536392972046e-06
6.729822322833745e-06
7.079357005143987e-06
7.4718942276393395e-06
7.915603574663902e-06
8.420820535542975e-06
9.000797726487618e-06
9.672783889883131e-06
1.045960586882976e-05
1.1392041318780864e-05
1.2512468211898975e-05
1.3880637802201359e-05
1.558309686395308e-05
1.774911429221541e-05
2.0578681994946694e-05
2.4393972098356142e-05
2.9738744154325236e-05
3.7581556278648035e-05
4.975873081936235e-05
7.00135490412452e-05
0.00010664957595763555
0.000180009475959945
0.0003461633036115456
0.0007829822331190171
0.002156047921617893
0.007459680178961156
0.03297498963002278
0.18672962845300095

0.00010840013071307088
0.0006537298457081129
0.0031872283833905375
0.012562454066302325
0.040029924102257544
0.10313470311594262
0.21529383417946962
0.3708235437905038
0.5735621144588464
0.9102107329639866
1.3411400109674363
1.3778786201479007
0.8387776132110463
0.29745186450460365
0.06919210912387544
0.013853101271697215
0.0028663191707722
0.0005537813480485691
8.95909105540872e-05
3.165054925635091e-05
0.0012393703204750016
0.02752368016446304
0.21875800422648442
0.6216442577535651
0.6315951438356753
0.22943227219395837
0.0297981360132316
0.0013837019661188349
2.297285047336339e-05
1.3636599370774716e-07
2.8941174060026913e-10
2.1960644257490303e-13
5.957895443851331e-17
5.779092198986833e-21
2.0042757275965404e-25
2.5101075894009074e-30
9.922461563322611e-35
2.518677742923952e-37
5.813349679694437e-40
1.0848176693751491e-42
1.6365656225769044e-45
1.9959812689121825e-48
1.9680034787972313e-51
1.5687062449308886e-54
1.0108896554314296e-57
5.2663806035113486e-61
2.2180283660196355e-64
7.552110097657344e-68
2.0788152427237067e-71
4.626044815789622e-75
8.322429831844266e-79
1.210422009235518e-82
1.4232128125711982e-86
1.3528487386540009e-90
1.0396208970542743e-94
6.458729903340804e-99
3.2438861927765965e-103
1.3171355097225281e-107
4.323561798166359e-112
1.147358788544169e-116
2.4615189615756926e-121
4.2692686846909794e-126
5.986185260988828e-131
6.785676980698557e-136
6.21845611876659e-141
4.607001241356995e-146
2.7593097007633747e-151
1.33606912947584e-156
5.230025116740567e-162
1.6551028358392121e-167
4.234406564975336e-173
8.758031221542037e-179
1.4644238290776663e-184
1.9795817820401265e-190
2.163348430698539e-196
1.9112868011447485e-202
1.3651224589755255e-208
7.882495400624214e-215
3.6796135000022956e-221
1.3886316013487168e-227
4.2366076726741673e-234
1.0449507348183072e-240
2.0836258955990402e-247
3.3588455961618145e-254
4.377303880124581e-261
4.611792062141716e-268
3.9280689375007515e-275
2.7047980699762024e-282
1.5056948256573074e-289
6.776187760196986e-297
2.4653595601114097e-304
7.251393412565e-312
1.7243e-319
0.0
0.0
0.0
0.0
0.0
0.0
0.0
