1.3070389851797197
0.41319065090669116
0.27393459953196325
0.20227174018500946
0.15873628437237716
0.13002142502691266
0.10988739880820053
0.09508900913706228
0.08380214787583293
0.07493474151097841
0.06779812993449731
0.06193885934267328
0.057047285479640414
0.052905321082030665
0.04935522887087198
0.0462802656891049
0.043592274930564084
0.041223499442368805
0.03912103932344547
0.037243013851603515
0.035555848932938255
0.03403232463840572
0.032650146442300715
0.031390883910672275
0.03023917150594979
0.029182099214668446
0.02820874256048456
0.02730979627804398
0.026477285990412904
0.02570433922474918
0.024985002024796907
0.02431409093120476
0.023687072636388945
0.023099965471832268
0.022549258251316644
0.02203184301089401
0.021544958951232342
0.021086145467976117
0.020653202599190575
0.020244157560588654
0.019857236304354174
0.019490839244530034
0.019143520454863536
0.018813969773930784
0.018500997354991944
0.01820352028018143
0.01792055092474836
0.01765118681053601
0.017394601731350323
0.01715003796835545
0.016916799442739997
0.0166942456768709
0.016481786454977894
0.01627887709087155
0.01608501422391541
0.01589973207594535
0.015722599111457732
0.015553215051495718
0.01539120819851254
0.015236233035294283
0.015087968065957845
0.014946113871244221
0.014810391353921452
0.014680540153191632
0.014556317209643316
0.014437495464570784
0.0143238626794507
0.014215220363071279
0.014111382795287994
0.014012176137665816
0.013917437622388923
0.013827014811797513
0.01374076492176822
0.013658554202905801
0.013580257374174124
0.013505757104175675
0.013434943535801804
0.013367713850429232
0.013303971868239818
0.013243627681597009
0.013186597318729043
0.01313280243525138
0.01308217003131269
0.013034632192374138
0.01299012585183382
0.01294859257388968
0.012909978355197905
0.012874233444031265
0.01284131217577579
0.012811172823725323
0.012783777464244311
0.012759091855470157
0.012737085328819267
0.012717730692646362
0.012701004147485897
0.012686885212377874
0.012675356661849399
0.012666404473188089
0.01266001778370494
0.01265618885774297
0.012654913063244276
0.01265618885774297
0.01266001778370494
0.012666404473188089
0.012675356661849399
0.012686885212377874
0.012701004147485897
0.012717730692646362
0.012737085328819267
0.012759091855470157
0.012783777464244311
0.012811172823725323
0.01284131217577579
0.012874233444031265
0.012909978355197905
0.01294859257388968
0.01299012585183382
0.013034632192374138
0.01308217003131269
0.01313280243525138
0.013186597318729043
0.013243627681597009
0.013303971868239818
0.013367713850429232
0.013434943535801804
0.013505757104175675
0.013580257374174124
0.013658554202905801
0.01374076492176822
0.013827014811797513
0.013917437622388923
0.014012176137665816
0.014111382795287994
0.014215220363071279
0.0143238626794507
0.014437495464570784
0.014556317209643316
0.014680540153191632
0.014810391353921452
0.014946113871244221
0.015087968065957845
0.015236233035294283
0.01539120819851254
0.015553215051495718
0.015722599111457732
0.01589973207594535
0.01608501422391541
0.01627887709087155
0.016481786454977894
0.0166942456768709
0.016916799442739997
0.01715003796835545
0.017394601731350323
0.01765118681053601
0.01792055092474836
0.01820352028018143
0.018500997354991944
0.018813969773930784
0.019143520454863536
0.019490839244530034
0.019857236304354174
0.020244157560588654
0.020653202599190575
0.021086145467976117
0.021544958951232342
0.02203184301089401
0.022549258251316644
0.023099965471832268
0.023687072636388945
0.02431409093120476
0.024985002024796907
0.02570433922474918
0.026477285990412904
0.02730979627804398
0.02820874256048456
0.029182099214668446
0.03023917150594979
0.031390883910672275
0.032650146442300715
0.03403232463840572
0.035555848932938255
0.037243013851603515
0.03912103932344547
0.041223499442368805
0.043592274930564084
0.0462802656891049
0.04935522887087198
0.052905321082030665
0.057047285479640414
0.06193885934267328
0.06779812993449731
0.07493474151097841
0.08380214787583293
0.09508900913706228
0.10988739880820053
0.13002142502691266
0.15873628437237716
0.20227174018500946
0.27393459953196325
0.41319065090669116

0.6299997959963919
0.6594979546327325
0.6291662990004796
0.547186710472068
0.4339462413332293
0.31386810661792675
0.20706890216286483
0.12460857860825805
0.06839414078147815
0.03423465506839114
0.015624161345573668
0.006499697020643004
0.0024638663840136836
0.0008507792770321927
0.0002675052670320836
7.655977504112909e-05
1.993704586074752e-05
4.722339849947224e-06
1.0170506477411303e-06
2.005119381036321e-07
0.002227481228438455
1.882875166784167
0.8505140063897193
0.00020529917963504101
4.003441089261843e-11
1.4888445251015533e-12
1.484446389197274e-13
1.3431804904761285e-14
1.1028430851698587e-15
8.216065405065694e-17
5.553309755816644e-18
3.4052559499803237e-19
1.894234657881062e-20
9.5583726570411e-22
4.37505460894792e-23
1.816428135698953e-24
6.840319192502972e-26
2.3364045980377314e-27
7.238107862590486e-29
2.033763862758029e-30
5.18285198367538e-32
1.1979127645622004e-33
2.511110382063555e-35
4.774055202848503e-37
8.231660575425519e-39
1.2872523409652882e-40
1.8256367366869164e-42
2.348215912116261e-44
2.7392614207867127e-46
2.898009189990778e-48
2.780584307167171e-50
2.4195899099923803e-52
1.9094853386212907e-54
1.36665638314391e-56
8.87095630848027e-59
5.22215033175801e-61
2.788020096031159e-63
1.349925653578169e-65
5.9277663612877205e-68
2.360692747919545e-70
8.526188339881302e-73
2.792784153000602e-75
8.29634408493768e-78
2.2351312341127986e-80
5.461175699088972e-83
1.2101413215508165e-85
2.431939846751664e-88
4.4323734442905984e-91
7.326332462887508e-94
1.0982561713782919e-96
1.4930949410835683e-99
1.840932777604172e-102
2.0585203552456607e-105
2.0875607648618105e-108
1.9199495055390683e-111
1.6014272214975376e-114
1.21141046837329e-117
8.310787017696224e-121
5.170823292044918e-124
2.9177222851664604e-127
1.4931207127139293e-130
6.929670721239041e-134
2.916735097958285e-137
1.1133919753058673e-140
3.8544808812867564e-144
1.2101812350498353e-147
3.445891848095148e-151
8.898556866745214e-155
2.084031250106224e-158
4.4264502036300364e-162
8.526555985240212e-166
1.4895614429861838e-169
2.3599886015712444e-173
3.391002403995905e-177
4.418888048521208e-181
5.222333580332165e-185
5.5973559869144865e-189
5.440865082394652e-193
4.7964474870908156e-197
3.8347595729034275e-201
