0.7156136908529075
0.19245705161983562
0.10768707561093557
0.0660040378551434
0.04287593004107047
0.029346896691857097
0.021049691213456782
0.015734407301785727
0.012190933010370747
0.00974171171288327
0.007992826398785529
0.006707088869401498
0.005736954946684027
0.004987836274677589
0.004397383611533032
0.003923432413814234
0.003536788913130303
0.003216798108503209
0.0029485533107176964
0.002721098603495174
0.0025262459790129184
0.002357781351932435
0.0022109216573329834
0.002081937181328217
0.0019678845839423607
0.0018664153251862223
0.001775636265130885
0.001694006897856605
0.001620262663679121
0.0015533570663879535
0.0014924175158866307
0.0014367113033238053
0.0013856191367702328
0.0013386143754329444
0.0012952465999195076
0.0012551285114849864
0.0012179254087731758
0.0011833466762009833
0.0011511388542598932
0.0011210799627327272
0.0010929748229961097
0.0010666511821409762
0.0010419564845341612
0.0010187551692093142
0.0009969263966824867
0.0009763621283109771
0.0009569654965322949
0.000938649416255634
0.0009213353970940976
0.0009049525235957889
0.0008894365765897672
0.0008747292735393657
0.0008607776096435674
0.0008475332845421906
0.0008349522020136604
0.00082299403212289
0.0008116218269734679
0.0008008016826154436
0.0007905024408149546
0.0007806954253502165
0.0007713542082964163
0.0007624544024288859
0.0007539734764330487
0.00074589059007992
0.0007381864469227816
0.0007308431624065163
0.0007238441455661536
0.0007171739927338807
0.0007108183918808951
0.0007047640363977793
0.0006989985472691874
0.0006935104027295176
0.0006882888745990851
0.0006833239705978687
0.0006786063820184402
0.0006741274362130775
0.0006698790534139744
0.0006658537074611837
0.0006620443900616752
0.0006584445782455751
0.0006550482047231563
0.0006518496308791327
0.0006488436221699246
0.0006460253257152723
0.0006433902498983779
0.000640934245808997
0.0006386534903819216
0.0006365444710993972
0.0006346039721404171
0.0006328290618727835
0.000631217081595476
0.0006297656354494237
0.0006284725814243344
0.0006273360233979845
0.0006263543041523553
0.0006255259993183942
0.0006248499122079986
0.0006243250694982125
0.0006239507177386199
0.0006237263206586067
0.0006236515572565947
0.0006237263206586067
0.0006239507177386199
0.0006243250694982125
0.0006248499122079986
0.0006255259993183942
0.0006263543041523553
0.0006273360233979845
0.0006284725814243344
0.0006297656354494237
0.000631217081595476
0.0006328290618727835
0.0006346039721404171
0.0006365444710993972
0.0006386534903819216
0.000640934245808997
0.0006433902498983779
0.0006460253257152723
0.0006488436221699246
0.0006518496308791327
0.0006550482047231563
0.0006584445782455751
0.0006620443900616752
0.0006658537074611837
0.0006698790534139744
0.0006741274362130775
0.0006786063820184402
0.0006833239705978687
0.0006882888745990851
0.0006935104027295176
0.0006989985472691874
0.0007047640363977793
0.0007108183918808951
0.0007171739927338807
0.0007238441455661536
0.0007308431624065163
0.0007381864469227816
0.00074589059007992
0.0007539734764330487
0.0007624544024288859
0.0007713542082964163
0.0007806954253502165
0.0007905024408149546
0.0008008016826154436
0.0008116218269734679
0.00082299403212289
0.0008349522020136604
0.0008475332845421906
0.0008607776096435674
0.0008747292735393657
0.0008894365765897672
0.0009049525235957889
0.0009213353970940976
0.000938649416255634
0.0009569654965322949
0.0009763621283109771
0.0009969263966824867
0.0010187551692093142
0.0010419564845341612
0.0010666511821409762
0.0010929748229961097
0.0011210799627327272
0.0011511388542598932
0.0011833466762009833
0.0012179254087731758
0.0012551285114849864
0.0012952465999195076
0.0013386143754329444
0.0013856191367702328
0.0014367113033238053
0.0014924175158866307
0.0015533570663879535
0.001620262663679121
0.001694006897856605
0.001775636265130885
0.0018664153251862223
0.0019678845839423607
0.002081937181328217
0.0022109216573329834
0.002357781351932435
0.0025262459790129184
0.002721098603495174
0.0029485533107176964
0.003216798108503209
0.003536788913130303
0.003923432413814234
0.004397383611533032
0.004987836274677589
0.005736954946684027
0.006707088869401498
0.007992826398785529
0.00974171171288327
0.012190933010370747
0.015734407301785727
0.021049691213456782
0.029346896691857097
0.04287593004107047
0.0660040378551434
0.10768707561093557
0.19245705161983562

0.02840980172716593
0.13256716887483488
0.348310812445491
0.5153011681873513
0.4292580948687404
0.2013441688621821
0.05317687540667038
0.007908056618142015
0.0006621858873890636
3.122146427972881e-05
8.288764683628375e-07
1.239052045639173e-08
1.0429235729013737e-10
4.942863468614436e-13
1.325349630729376e-15
4.774614619896665e-13
5.590132250841544e-09
1.0077902903143851e-05
0.0027975688424900077
0.1195787255575827
0.7870269135529183
0.797604825545656
0.12446535641035626
0.0029906922597549464
1.1065154742390024e-05
6.303848717376023e-09
5.529891344653304e-13
7.46947261371278e-18
1.5535520412425908e-23
4.975356422079901e-30
2.4534946504891785e-37
1.862981568603228e-45
2.1781838138081554e-54
3.921416935293779e-64
1.0870613105459447e-74
4.640102599164367e-86
3.049745880415622e-98
3.0864713396467792e-111
4.809759589208014e-125
1.1541094980173289e-139
4.264157001751077e-155
2.4259502330426608e-171
2.7347415327302987e-188
9.49836143724631e-199
8.333623682086664e-209
4.117013472119394e-219
1.1452330875722495e-229
1.7937779527317285e-240
1.5820007048153154e-251
7.856115494555907e-263
2.1967075482052709e-274
3.4585958909851628e-286
3.066130222945985e-298
1.53053958656626e-310
4e-323
0.0
0.0
0.0
0.0
0.0
0.0
0.0
0.0
0.0
0.0
0.0
0.0
0.0
0.0
0.0
0.0
0.0
0.0
0.0
0.0
0.0
0.0
0.0
0.0
0.0
0.0
0.0
0.0
0.0
0.0
0.0
0.0
0.0
0.0
0.0
0.0
0.0
0.0
0.0
0.0
0.0
0.0
0.0
0.0
0.0
