1.217779961245184
0.15134419276507013
0.034414095159522005
0.01093670027246595
0.004424750113647732
0.0021716517652878575
0.001241960294443877
0.0007987529695980292
0.0005611088941410459
0.0004210190966847792
0.00033191239471729657
0.00027166673641055986
0.00022887857176912333
0.00019724887687261436
0.0001730882000659974
0.00015412495356399892
0.00013889946429395316
0.00012643863090159172
0.00011607273110966018
0.00010732787095180795
9.986047348908069e-05
9.341605090619463e-05
8.780249421096968e-05
8.28723133883065e-05
7.851055042334805e-05
7.462637862229718e-05
7.11471520231213e-05
6.801411699455942e-05
6.51792727743098e-05
6.260303987069618e-05
6.0252505481422865e-05
5.8100087035033615e-05
5.6122502774076836e-05
5.429997060117223e-05
5.261557856896213e-05
5.105478581471098e-05
4.960502361317478e-05
4.82553739834186e-05
4.699630889093321e-05
4.581947717880814e-05
4.47175293798603e-05
4.3683972808840286e-05
4.271305102216011e-05
4.179964301180406e-05
4.0939178477118605e-05
4.0127566270079835e-05
3.936113369244697e-05
3.8636574778034346e-05
3.7950906050580226e-05
3.730142853000435e-05
3.668569498430027e-05
3.610148160365186e-05
3.554676341757482e-05
3.5019692892289875e-05
3.4518581240045126e-05
3.404188204915695e-05
3.3588176906645546e-05
3.315616273724535e-05
3.2744640625436024e-05
3.23525059226786e-05
3.197873947161775e-05
3.1622399803714023e-05
3.1282616187474136e-05
3.095858242185981e-05
3.0649551284145156e-05
3.0354829553925475e-05
3.0073773545533717e-05
2.9805785090106027e-05
2.955030791620861e-05
2.930682438450522e-05
2.9074852537581404e-05
2.8853943430892836e-05
2.8643678714989975e-05
2.8443668442790836e-05
2.8253549078811463e-05
2.8072981689989913e-05
2.7901650300114518e-05
2.7739260391939154e-05
2.7585537542882484e-05
2.7440226181796814e-05
2.730308845569026e-05
2.7173903196515204e-05
2.70524649792226e-05
2.6938583263241923e-05
2.6832081610398333e-05
2.6732796973035964e-05
2.664057904679071e-05
2.6555289683058905e-05
2.6476802356748538e-05
2.640500168538495e-05
2.6339782996081207e-05
2.6281051937279514e-05
2.622872413253015e-05
2.6182724873903443e-05
2.6142988852931608e-05
2.6109459927255806e-05
2.6082090921411295e-05
2.606084346042535e-05
2.604568783512885e-05
2.6036602898297885e-05
2.603357599094743e-05
2.6036602898297885e-05
2.604568783512885e-05
2.606084346042535e-05
2.6082090921411295e-05
2.6109459927255806e-05
2.6142988852931608e-05
2.6182724873903443e-05
2.622872413253015e-05
2.6281051937279514e-05
2.6339782996081207e-05
2.640500168538495e-05
2.6476802356748538e-05
2.6555289683058905e-05
2.664057904679071e-05
2.6732796973035964e-05
2.6832081610398333e-05
2.6938583263241923e-05
2.70524649792226e-05
2.7173903196515204e-05
2.730308845569026e-05
2.7440226181796814e-05
2.7585537542882484e-05
2.7739260391939154e-05
2.7901650300114518e-05
2.8072981689989913e-05
2.8253549078811463e-05
2.8443668442790836e-05
2.8643678714989975e-05
2.8853943430892836e-05
2.9074852537581404e-05
2.930682438450522e-05
2.955030791620861e-05
2.9805785090106027e-05
3.0073773545533717e-05
3.0354829553925475e-05
3.0649551284145156e-05
3.095858242185981e-05
3.1282616187474136e-05
3.1622399803714023e-05
3.197873947161775e-05
3.23525059226786e-05
3.2744640625436024e-05
3.315616273724535e-05
3.3588176906645546e-05
3.404188204915695e-05
3.4518581240045126e-05
3.5019692892289875e-05
3.554676341757482e-05
3.610148160365186e-05
3.668569498430027e-05
3.730142853000435e-05
3.7950906050580226e-05
3.8636574778034346e-05
3.936113369244697e-05
4.0127566270079835e-05
4.0939178477118605e-05
4.179964301180406e-05
4.271305102216011e-05
4.3683972808840286e-05
4.47175293798603e-05
4.581947717880814e-05
4.699630889093321e-05
4.82553739834186e-05
4.960502361317478e-05
5.105478581471098e-05
5.261557856896213e-05
5.429997060117223e-05
5.6122502774076836e-05
5.8100087035033615e-05
6.0252505481422865e-05
6.260303987069618e-05
6.51792727743098e-05
6.801411699455942e-05
7.11471520231213e-05
7.462637862229718e-05
7.851055042334805e-05
8.28723133883065e-05
8.780249421096968e-05
9.341605090619463e-05
9.986047348908069e-05
0.00010732787095180795
0.00011607273110966018
0.00012643863090159172
0.00013889946429395316
0.00015412495356399892
0.0001730882000659974
0.00019724887687261436
0.00022887857176912333
0.00027166673641055986
0.00033191239471729657
0.0004210190966847792
0.0005611088941410459
0.0007987529695980292
0.001241960294443877
0.0021716517652878575
0.004424750113647732
0.01093670027246595
0.034414095159522005
0.15134419276507013

0.001206178296416781
0.004842452738854781
0.015872519692925295
0.042811199784783684
0.09606665597387855
0.1817921451488777
0.2940940940793586
0.410704797859413
0.4966320719731374
0.5194117365454015
0.47223704207202327
0.38528324309693973
0.3074842984054789
0.2725663852013541
0.2817165611392821
0.31304612246438496
0.3407170768401086
0.34719753126398994
0.32641953660546735
0.28205864886446735
0.2238233215275629
0.16308205497968858
0.10910156428474624
0.06701595448664836
0.03779616000371618
0.01957218769229562
0.009305790794264798
0.004062462990471125
0.001628350043048027
0.0005992780103463317
0.00020250284734642146
6.282842108711716e-05
1.7897953574144182e-05
4.681368498590718e-06
1.1242541498599735e-06
2.479010635442603e-07
5.018968851487914e-08
9.329810666877059e-09
1.5924044422606105e-09
2.495491816930278e-10
3.5907166828565605e-11
4.743821604211955e-12
5.754369925334616e-13
6.408987523369719e-14
6.553952575532505e-15
6.153743394659194e-16
5.305150276627751e-17
4.199312726039358e-18
3.0519749552214e-19
2.0366009055540685e-20
1.2478233822862333e-21
7.019764231092124e-23
3.625886056798079e-24
1.7196022250008695e-25
7.487969455859724e-27
2.9937970063290493e-28
1.0990130644153363e-29
3.7042951256247105e-31
1.1463850794580054e-32
3.257449484275588e-34
8.498593832590359e-36
2.035816724557804e-37
4.477674312700027e-39
9.042500577276443e-41
1.676666968183106e-42
2.854481886371806e-44
4.462004400177797e-46
6.404052988941197e-48
8.439215150619957e-50
1.0211073939978503e-51
1.1343916020386388e-53
1.1571157479863436e-55
1.0837093627233403e-57
9.319037652660671e-60
7.357860119540373e-62
5.334014693098019e-64
3.550414903205708e-66
2.1698325900579106e-68
1.2175745661277855e-70
6.273171013114358e-73
2.9675695503068647e-75
1.2889524761725297e-77
5.140378800629392e-80
1.8822424435070036e-82
6.328171208430986e-85
1.9534535929119541e-87
5.536689848039033e-90
1.440852463838836e-92
3.442794104868853e-95
7.553092572652767e-98
1.5214608590029383e-100
2.8139668739297663e-103
4.778585893884937e-106
7.450785018355084e-109
1.066662158943315e-111
1.4020837749894034e-114
1.6921671458210033e-117
1.875144643531993e-120
1.907868810343646e-123
1.7823150019565925e-126
