1.0392752074846516
0.012410910322907118
0.00018940755687371654
3.885177396540436e-06
1.1047325637732926e-07
4.3596016912735955e-09
2.3131361524130177e-10
1.6023490745053822e-11
1.4337851910399272e-12
1.660667371637688e-13
2.4809118296667553e-14
4.760928924594229e-15
1.1701772277366537e-15
3.657745129746556e-16
1.4314589029570098e-16
6.809931754152667e-17
3.8113451694704804e-17
2.4192463169576242e-17
1.687828487660084e-17
1.2628330474148229e-17
9.950971503940978e-18
8.151762004056956e-18
6.8784951338569346e-18
5.93907623808597e-18
5.222075557817267e-18
4.659379221191202e-18
4.207448714723241e-18
3.837367705095347e-18
3.529286752054088e-18
3.2691847234568967e-18
3.0469070736193185e-18
2.854936666123904e-18
2.687600122928634e-18
2.5405414895514536e-18
2.4103647228143415e-18
2.294385570738878e-18
2.190455997871263e-18
2.0968377418871537e-18
2.0121097861182817e-18
1.935099656389267e-18
1.864831722501085e-18
1.800487815963657e-18
1.7413768894118418e-18
1.6869113969805455e-18
1.6365887285372463e-18
1.5899764850923999e-18
1.546700702916429e-18
1.5064363623714793e-18
1.468899682412499e-18
1.4338418221026822e-18
1.4010436992646e-18
1.3703117024859907e-18
1.341474122359589e-18
1.314378165467162e-18
1.2888874433637633e-18
1.2648798509447638e-18
1.2422457657329129e-18
1.220886513013843e-18
1.2007130522696722e-18
1.1816448486778765e-18
1.163608900056557e-18
1.1465388949259897e-18
1.1303744816080195e-18
1.1150606317201527e-18
1.1005470842104448e-18
1.0867878583544814e-18
1.0737408259998793e-18
1.0613673348776518e-18
1.0496318760671095e-18
1.0385017897521472e-18
1.0279470042820324e-18
1.0179398042811491e-18
1.0084546241655016e-18
9.994678639398e-19
9.909577245846138e-19
9.829040607119784e-19
9.752882484812497e-19
9.680930670339928e-19
9.613025919348602e-19
9.549020993009425e-19
9.488779794700956e-19
9.432176592035476e-19
9.379095315432185e-19
9.329428925526079e-19
9.283078842643221e-19
9.239954432394044e-19
9.199972542153956e-19
9.163057083829272e-19
9.129138658859721e-19
9.098154221896593e-19
9.070046780027868e-19
9.044765124805757e-19
9.022263594675044e-19
9.002501865708521e-19
8.98544476883333e-19
8.971062131983962e-19
8.959328645847794e-19
8.950223752081103e-19
8.943731553069918e-19
8.939840742494702e-19
8.938544556132156e-19
8.939840742494702e-19
8.943731553069918e-19
8.950223752081103e-19
8.959328645847794e-19
8.971062131983962e-19
8.98544476883333e-19
9.002501865708521e-19
9.022263594675044e-19
9.044765124805757e-19
9.070046780027868e-19
9.098154221896593e-19
9.129138658859721e-19
9.163057083829272e-19
9.199972542153956e-19
9.239954432394044e-19
9.283078842643221e-19
9.329428925526079e-19
9.379095315432185e-19
9.432176592035476e-19
9.488779794700956e-19
9.549020993009425e-19
9.613025919348602e-19
9.680930670339928e-19
9.752882484812497e-19
9.829040607119784e-19
9.909577245846138e-19
9.994678639398e-19
1.0084546241655016e-18
1.0179398042811491e-18
1.0279470042820324e-18
1.0385017897521472e-18
1.0496318760671095e-18
1.0613673348776518e-18
1.0737408259998793e-18
1.0867878583544814e-18
1.1005470842104448e-18
1.1150606317201527e-18
1.1303744816080195e-18
1.1465388949259897e-18
1.163608900056557e-18
1.1816448486778765e-18
1.2007130522696722e-18
1.220886513013843e-18
1.2422457657329129e-18
1.2648798509447638e-18
1.2888874433637633e-18
1.314378165467162e-18
1.341474122359589e-18
1.3703117024859907e-18
1.4010436992646e-18
1.4338418221026822e-18
1.468899682412499e-18
1.5064363623714793e-18
1.546700702916429e-18
1.5899764850923999e-18
1.6365887285372463e-18
1.6869113969805455e-18
1.7413768894118418e-18
1.800487815963657e-18
1.864831722501085e-18
1.935099656389267e-18
2.0121097861182817e-18
2.0968377418871537e-18
2.190455997871263e-18
2.294385570738878e-18
2.4103647228143415e-18
2.5405414895514536e-18
2.687600122928634e-18
2.854936666123904e-18
3.0469070736193185e-18
3.2691847234568967e-18
3.529286752054088e-18
3.837367705095347e-18
4.207448714723241e-18
4.659379221191202e-18
5.222075557817267e-18
5.93907623808597e-18
6.8784951338569346e-18
8.151762004056956e-18
9.950971503940978e-18
1.2628330474148229e-17
1.687828487660084e-17
2.4192463169576242e-17
3.8113451694704804e-17
6.809931754152667e-17
1.4314589029570098e-16
3.657745129746556e-16
1.1701772277366537e-15
4.760928924594229e-15
2.4809118296667553e-14
1.660667371637688e-13
1.4337851910399272e-12
1.6023490745053822e-11
2.3131361524130177e-10
4.3596016912735955e-09
1.1047325637732926e-07
3.885177396540436e-06
0.00018940755687371654
0.012410910322907118

3.708461090550849e-17
1.0756209180506986e-15
2.651821563309984e-14
5.557108821251027e-13
9.898583487367785e-12
1.4987070311914929e-10
1.9287679668321357e-09
2.10990436126713e-08
1.961846845322124e-07
1.5505542901836075e-06
1.0416657993968332e-05
5.9482533629638786e-05
0.00028871601010010636
0.001191183505978151
0.0041778623267783475
0.012463176369426105
0.0317001308449335
0.0693618476648868
0.13383782672914427
0.23852726978177116
0.40846465828253736
0.6560048399774878
0.9084929046839998
0.999809496483109
0.8321883242940102
0.5122488149319397
0.23205314218905237
0.07815405905970084
0.02017267443800634
0.004240581988558609
0.000793193369575034
0.0001415667715975061
2.40626629189449e-05
3.7122466695861476e-06
4.995688285710462e-07
5.7588491279485284e-08
5.653262585931651e-09
4.718882761515527e-10
3.348297845747074e-11
2.019444435814791e-12
1.0352843620982509e-13
4.5113547589661885e-15
1.670990012126817e-16
5.2609027482827955e-18
1.4078819421844841e-19
3.2025192505862012e-21
6.192083509082041e-23
1.0176569571851563e-24
1.4216266381026848e-26
1.6880653077645786e-28
1.703775943664733e-30
1.4616899628500525e-32
1.0659027751964958e-34
6.606926364448514e-37
3.4809748499981355e-39
1.5589128966360944e-41
5.934202465946806e-44
1.9200936656259062e-46
5.280827914987309e-49
1.2345286167413757e-51
2.4531259852200056e-54
4.143411715041883e-57
5.948615136036168e-60
7.259274172492706e-63
7.52991497581156e-66
6.639058428471099e-69
4.975565577205287e-72
3.1695526019799735e-75
1.7162202354780996e-78
7.898918235131215e-82
3.090165671585561e-85
1.0275795540831775e-88
2.904482008509427e-92
6.978168824198888e-96
1.4250621300561092e-99
2.4736922678171326e-103
3.6498674214794693e-107
4.577496833182598e-111
4.879761105204651e-115
4.4216932955498356e-119
3.405635893736776e-123
2.2296020715762605e-127
1.240726474878557e-131
5.868732099709269e-136
2.359565654081821e-140
8.063793399863307e-145
2.342428072124798e-149
5.7837922001441695e-154
1.213888071660245e-158
2.1655297368210697e-163
3.2837433414399774e-168
4.232469175938765e-173
4.637009099042065e-178
4.318188909505982e-183
3.418100852636665e-188
2.299787202756535e-193
1.315255052399637e-198
6.39369403947434e-204
2.641881091185344e-209
9.278851589475025e-215
