0.15053451590371217
0.010049843946592148
0.0011035717092118275
0.00014798697124725871
2.2583083522474128e-05
3.868293224489104e-06
7.416311827998626e-07
1.5903567192507797e-07
3.813788425354984e-08
1.0227479053522224e-08
3.0661613965249904e-09
1.0274696890185705e-09
3.8457638481932566e-10
1.6052897186788317e-10
7.450571623988552e-11
3.825996417635556e-11
2.1581968142982605e-11
1.325001201026752e-11
8.760620961734763e-12
6.170321680329594e-12
4.581674291537513e-12
3.553499483324998e-12
2.856087078642482e-12
2.363396915067512e-12
2.002903607115206e-12
1.7310431584175281e-12
1.5206157636625499e-12
1.3540380790808944e-12
1.2195830248655018e-12
1.1092071622864334e-12
1.0172531028070508e-12
9.396507076019542e-13
8.734115432917466e-13
8.163007299995026e-13
7.666189417837978e-13
7.230544755038694e-13
6.845808916823676e-13
6.503849086450763e-13
6.198147641710482e-13
5.923426686541315e-13
5.675371185248701e-13
5.450422136865757e-13
5.245620200471159e-13
5.058486136229621e-13
4.886928439251037e-13
4.729171286797088e-13
4.58369782088696e-13
4.449205123269848e-13
4.324568188185474e-13
4.2088108798543117e-13
4.1010823565848573e-13
4.000637806454078e-13
3.9068226083795787e-13
3.8190592332910077e-13
3.736836351484726e-13
3.659699727231749e-13
3.5872445697194425e-13
3.519109077259413e-13
3.4549689643649746e-13
3.394532802456294e-13
3.337538037308289e-13
3.283747571947904e-13
3.2329468240628935e-13
3.1849411832628086e-13
3.139553806618725e-13
3.0966237014794944e-13
3.05600405314302e-13
3.0175607619575705e-13
2.981171160158003e-13
2.9467228834539374e-13
2.914112876277825e-13
2.8832465128260704e-13
2.8540368187098603e-13
2.8264037802731157e-13
2.8002737305126074e-13
2.775578802113958e-13
2.7522564394488695e-13
2.730248962505782e-13
2.7095031766826077e-13
2.689970023184592e-13
2.671604265465701e-13
2.6543642077474844e-13
2.6382114421608794e-13
2.623110621497022e-13
2.609029254933719e-13
2.59593752443404e-13
2.583808119800037e-13
2.5726160906143834e-13
2.562338713521215e-13
2.5529553734891083e-13
2.54444745786804e-13
2.536798262201435e-13
2.5299929068870566e-13
2.5240182638988967e-13
2.5188628928884106e-13
2.514516986079451e-13
2.5109723214584547e-13
2.508222223841385e-13
2.5062615334728824e-13
2.505086581882056e-13
2.504695174784464e-13
2.505086581882056e-13
2.5062615334728824e-13
2.508222223841385e-13
2.5109723214584547e-13
2.514516986079451e-13
2.5188628928884106e-13
2.5240182638988967e-13
2.5299929068870566e-13
2.536798262201435e-13
2.54444745786804e-13
2.5529553734891083e-13
2.562338713521215e-13
2.5726160906143834e-13
2.583808119800037e-13
2.59593752443404e-13
2.609029254933719e-13
2.623110621497022e-13
2.6382114421608794e-13
2.6543642077474844e-13
2.671604265465701e-13
2.689970023184592e-13
2.7095031766826077e-13
2.730248962505782e-13
2.7522564394488695e-13
2.775578802113958e-13
2.8002737305126074e-13
2.8264037802731157e-13
2.8540368187098603e-13
2.8832465128260704e-13
2.914112876277825e-13
2.9467228834539374e-13
2.981171160158003e-13
3.0175607619575705e-13
3.05600405314302e-13
3.0966237014794944e-13
3.139553806618725e-13
3.1849411832628086e-13
3.2329468240628935e-13
3.283747571947904e-13
3.337538037308289e-13
3.394532802456294e-13
3.4549689643649746e-13
3.519109077259413e-13
3.5872445697194425e-13
3.659699727231749e-13
3.736836351484726e-13
3.8190592332910077e-13
3.9068226083795787e-13
4.000637806454078e-13
4.1010823565848573e-13
4.2088108798543117e-13
4.324568188185474e-13
4.449205123269848e-13
4.58369782088696e-13
4.729171286797088e-13
4.886928439251037e-13
5.058486136229621e-13
5.245620200471159e-13
5.450422136865757e-13
5.675371185248701e-13
5.923426686541315e-13
6.198147641710482e-13
6.503849086450763e-13
6.845808916823676e-13
7.230544755038694e-13
7.666189417837978e-13
8.163007299995026e-13
8.734115432917466e-13
9.396507076019542e-13
1.0172531028070508e-12
1.1092071622864334e-12
1.2195830248655018e-12
1.3540380790808944e-12
1.5206157636625499e-12
1.7310431584175281e-12
2.002903607115206e-12
2.363396915067512e-12
2.856087078642482e-12
3.553499483324998e-12
4.581674291537513e-12
6.170321680329594e-12
8.760620961734763e-12
1.325001201026752e-11
2.1581968142982605e-11
3.825996417635556e-11
7.450571623988552e-11
1.6052897186788317e-10
3.8457638481932566e-10
1.0274696890185705e-09
3.0661613965249904e-09
1.0227479053522224e-08
3.813788425354984e-08
1.5903567192507797e-07
7.416311827998626e-07
3.868293224489104e-06
2.2583083522474128e-05
0.00014798697124725871
0.0011035717092118275
0.010049843946592148

9.998035614094328e-12
5.008990802630182e-10
1.7419107972505684e-08
4.204204208364145e-07
7.04220455626364e-06
8.186455440314507e-05
0.0006604568144831913
0.0036978963083669643
0.014369105751005926
0.03875067619978432
0.07253353919450146
0.09426639744018506
0.08520498110951845
0.05409195653802346
0.025745810332059554
0.013288921521179463
0.014385284365012812
0.023028077239394432
0.03485526642880125
0.046018185385157284
0.05260176137595892
0.05203032187331291
0.04453340371504837
0.03298282750427497
0.021137930956868962
0.01172221449533351
0.005625089672523689
0.002335725669976768
0.0008392412358556258
0.0002609302274727812
7.019958883802012e-05
1.634245664029052e-05
3.2920976718048235e-06
5.738530301488928e-07
8.65568103481357e-08
1.1297293361313788e-08
1.2759103664980378e-09
1.246919804940543e-10
1.054458464030665e-11
7.716014388195692e-13
4.8857267922288624e-14
2.6769356043054913e-15
1.2691684503645442e-16
5.206827723969183e-18
1.8484161181029263e-19
5.678045685282396e-21
1.5092827745816456e-22
3.471482224140162e-24
6.909265371452633e-26
1.1899299574634182e-27
1.7733053351690767e-29
2.28674764411994e-31
2.5516761672477425e-33
2.4638001176827397e-35
2.0585337100027785e-37
1.4882746769187025e-39
9.310667094344935e-42
5.040238672527148e-44
2.3609892151805138e-46
9.569946317060329e-49
3.3565845966402825e-51
1.0187281108478548e-53
2.6754176055839654e-56
6.0799144486791785e-59
1.195572599851507e-61
2.0343563818730144e-64
2.995371652126289e-67
3.8163394118954897e-70
4.207419997163429e-73
4.0138148781751786e-76
3.3133812284933443e-79
2.3667809981159117e-82
1.4629090869317383e-85
7.82436674546779e-89
3.6212095495549826e-92
1.4502093895904465e-95
5.025512594965489e-99
1.506963092993867e-102
3.910186427087484e-106
8.779401465250359e-110
1.705709040695566e-113
2.867593524923665e-117
4.1716016267507055e-121
5.251225430290524e-125
5.719935009158424e-129
5.391307752129674e-133
4.397134497242099e-137
3.1032586423941515e-141
1.8951290751915946e-145
1.0014567844616652e-149
4.579290855884404e-154
1.8119109180292797e-158
6.203660923755916e-163
1.8379422451035253e-167
4.711815377953901e-172
1.0452429998355236e-176
2.006406229128754e-181
3.3326757745977682e-186
4.790047929851769e-191
5.957434153122715e-196
