1.0284777651212127
0.04229302268889368
0.001815346901717745
8.204424455420075e-05
3.937265468598916e-06
2.0195720817646656e-07
1.13781463650478e-08
5.118772780209048e-10
2.9460011753662054e-11
1.8609395345766424e-12
1.3176577746042777e-13
1.0444734601556937e-14
9.063141812168272e-16
8.362328979367708e-17
8.013767927647172e-18
7.8614841881543565e-19
7.839890614654693e-20
7.935565155381547e-21
8.172571796695253e-22
8.612261909576394e-23
9.36492927309409e-24
1.0615338316694472e-24
1.2669168370014043e-25
1.6035176859153518e-26
2.1572289574064403e-27
3.075980476440006e-28
4.620981699411286e-29
7.267330231992633e-30
1.190872541368254e-30
2.0289066856701463e-31
3.594449262688729e-32
6.633002092339415e-33
1.277816156670888e-33
2.5748064198674686e-34
5.432753858537917e-35
1.2005747714241944e-35
2.7776480758230663e-36
6.723757448701754e-37
1.7020179353806054e-37
4.504128892336706e-38
1.2460379301282524e-38
3.603832621403606e-39
1.0898447744029249e-39
3.4464439167707848e-40
1.139729965745142e-40
3.9414640670191907e-41
1.4253814952761937e-41
5.390328887567672e-42
2.1315972209251154e-42
8.814502956908533e-43
3.811447646948968e-43
1.7233538842278007e-43
8.147720214857961e-44
4.0275855550184023e-44
2.081350300084501e-44
1.1241949562094983e-44
6.344208024282089e-45
3.738604776591287e-45
2.2986963448749145e-45
1.4729866899242382e-45
9.827805427089675e-46
6.803149680882074e-46
4.883586186275717e-46
3.6242794781720155e-46
2.773326528179344e-46
2.1821358843742157e-46
1.7605765085742427e-46
1.4528455746403566e-46
1.2231235856306156e-46
1.0481018065790704e-46
9.122913680511755e-47
8.051239314557322e-47
7.192631175915515e-47
6.495219611655224e-47
5.921696597507127e-47
5.444793172771055e-47
5.044276683765233e-47
4.70492356630926e-47
4.4151289345845755e-47
4.165938568811684e-47
3.950365381586692e-47
3.762900268909233e-47
3.599157624354099e-47
3.455615371318963e-47
3.3294221664136223e-47
3.2182529079689253e-47
3.1201993769208905e-47
3.0336867068649524e-47
2.957409041425465e-47
2.890279588385649e-47
2.831391581965109e-47
2.7799876093380426e-47
2.7354352886902193e-47
2.69720815371611e-47
2.6648703452627166e-47
2.638064528659054e-47
2.616502358121148e-47
2.5999570389129304e-47
2.5882576430977383e-47
2.581284924363329e-47
2.5789684495367993e-47
2.581284924363329e-47
2.5882576430977383e-47
2.5999570389129304e-47
2.616502358121148e-47
2.638064528659054e-47
2.6648703452627166e-47
2.69720815371611e-47
2.7354352886902193e-47
2.7799876093380426e-47
2.831391581965109e-47
2.890279588385649e-47
2.957409041425465e-47
3.0336867068649524e-47
3.1201993769208905e-47
3.2182529079689253e-47
3.3294221664136223e-47
3.455615371318963e-47
3.599157624354099e-47
3.762900268909233e-47
3.950365381586692e-47
4.165938568811684e-47
4.4151289345845755e-47
4.70492356630926e-47
5.044276683765233e-47
5.444793172771055e-47
5.921696597507127e-47
6.495219611655224e-47
7.192631175915515e-47
8.051239314557322e-47
9.122913680511755e-47
1.0481018065790704e-46
1.2231235856306156e-46
1.4528455746403566e-46
1.7605765085742427e-46
2.1821358843742157e-46
2.773326528179344e-46
3.6242794781720155e-46
4.883586186275717e-46
6.803149680882074e-46
9.827805427089675e-46
1.4729866899242382e-45
2.2986963448749145e-45
3.738604776591287e-45
6.344208024282089e-45
1.1241949562094983e-44
2.081350300084501e-44
4.0275855550184023e-44
8.147720214857961e-44
1.7233538842278007e-43
3.811447646948968e-43
8.814502956908533e-43
2.1315972209251154e-42
5.390328887567672e-42
1.4253814952761937e-41
3.9414640670191907e-41
1.139729965745142e-40
3.4464439167707848e-40
1.0898447744029249e-39
3.603832621403606e-39
1.2460379301282524e-38
4.504128892336706e-38
1.7020179353806054e-37
6.723757448701754e-37
2.7776480758230663e-36
1.2005747714241944e-35
5.432753858537917e-35
2.5748064198674686e-34
1.277816156670888e-33
6.633002092339415e-33
3.594449262688729e-32
2.0289066856701463e-31
1.190872541368254e-30
7.267330231992633e-30
4.620981699411286e-29
3.075980476440006e-28
2.1572289574064403e-27
1.6035176859153518e-26
1.2669168370014043e-25
1.0615338316694472e-24
9.36492927309409e-24
8.612261909576394e-23
8.172571796695253e-22
7.935565155381547e-21
7.839890614654693e-20
7.8614841881543565e-19
8.013767927647172e-18
8.362328979367708e-17
9.063141812168272e-16
1.0444734601556937e-14
1.3176577746042777e-13
1.8609395345766424e-12
2.9460011753662054e-11
5.118772780209048e-10
1.13781463650478e-08
2.0195720817646656e-07
3.937265468598916e-06
8.204424455420075e-05
0.001815346901717745
0.04229302268889368

4.179985967955136e-46
2.5810864247113696e-40
6.394325167638577e-35
6.355523609380438e-30
2.5343839135488582e-25
4.054692449626633e-21
2.6026027325960855e-17
6.702275760078685e-14
6.924703008288714e-11
2.8704134679406758e-08
4.773668033937914e-06
0.00031851098695867737
0.008526309029713451
0.09157188808257181
0.3945771767007756
0.7188328654998959
2.751129019670196
1.0525947492028407
0.017123255427554156
0.0006583390985581479
1.1829718531414186e-05
8.528862154439625e-08
2.4670174839937406e-10
2.862976660215087e-13
1.3329928986375756e-16
2.490016999445984e-20
1.866127171458471e-24
5.611056073604676e-29
6.768811646308503e-34
3.2760060703106124e-39
6.361234628214928e-45
4.955672285074707e-51
1.5489171621152696e-57
1.9423086871739802e-64
9.77175931457189e-72
1.9723851240067816e-79
1.5972581887923252e-87
5.189469650104419e-96
6.764493401642596e-105
3.53762689223846e-114
7.422551574098715e-124
6.248256780915884e-134
2.110225965403745e-144
2.85932488475873e-155
1.554398947186697e-166
3.3902047730743343e-178
2.9665646451357526e-190
1.04146852721219e-202
1.4669081855370172e-215
8.289420328477361e-229
1.879359396320284e-242
1.7094640246588587e-256
6.238418985929842e-271
9.133843405873905e-286
5.365337324717592e-301
1.26445954e-316
0.0
0.0
0.0
0.0
0.0
0.0
0.0
0.0
0.0
0.0
0.0
0.0
0.0
0.0
0.0
0.0
0.0
0.0
0.0
0.0
0.0
0.0
0.0
0.0
0.0
0.0
0.0
0.0
0.0
0.0
0.0
0.0
0.0
0.0
0.0
0.0
0.0
0.0
0.0
0.0
0.0
0.0
0.0
0.0
