1.0834900387187396
0.13318949271414368
0.03559449037119747
0.013662518992319734
0.006815248269729861
0.004092212366069406
0.002787314802568314
0.0020677296791322343
0.0016270779906880912
0.0013351712764523927
0.0011298904894897252
0.0009786963148526
0.0008632053028305599
0.0007723694674918009
0.0006992016567003882
0.0006390906905391588
0.0005888821374277797
0.0005463510727497921
0.0005098863642355182
0.0004782944314224721
0.0004506732265592551
0.0004263289571841834
0.0004047196408542386
0.0003854159736591988
0.0003680736484524647
0.00035241341377804567
0.00033820647124557963
0.000325263621703036
0.0003134270875425277
0.0003025642743135122
0.00029256295718061586
0.00028332752759166057
0.0002747760381161015
0.00026683785471904865
0.000259451775982179
0.0002525645146457873
0.000246129462750153
0.0002401056805741465
0.00023445706353209208
0.0002291516515958258
0.00022416105363511372
0.00021945996500653144
0.0002150257612613024
0.00021083815434162144
0.0002068789003510863
0.0002031315501076833
0.0001995812353577244
0.00019621448485094366
0.0001930190655293549
0.00018998384492504468
0.00018709867154025365
0.0001843542705317278
0.00018174215246730222
0.00017925453328689457
0.00017688426389884628
0.00017462476808865942
0.0001724699876207366
0.00017041433358275948
0.00016845264316321657
0.0001665801411704293
0.00016479240570033417
0.00016308533744357475
0.00016145513219283133
0.00015989825617095845
0.0001584114238511962
0.00015699157798393785
0.00015563587158148195
0.00015434165164386507
0.00015310644443608586
0.00015192794215048238
0.00015080399080827497
0.00014973257927183042
0.000148711829254409
0.00014773998622740487
0.0001468154111366241
0.0001459365728492257
0.00014510204126178062
0.00014431048100764794
0.00014356064570867757
0.00014285137272224837
0.00014218157833995255
0.000141550253398921
0.00014095645927094666
0.00014039932419825392
0.00013987803994805693
0.00013939185876098566
0.0001389400905710908
0.00013852210047749836
0.00013813730644990832
0.00013778517725205157
0.00013746523056895341
0.0001371770313254308
0.00013692019018469247
0.00013669436221722773
0.00013649924573138703
0.00013633458125818243
0.00013620015068388147
0.00013609577652495255
0.00013602132134084296
0.00013597668728095527
0.00013596181576302916
0.00013597668728095527
0.00013602132134084296
0.00013609577652495255
0.00013620015068388147
0.00013633458125818243
0.00013649924573138703
0.00013669436221722773
0.00013692019018469247
0.0001371770313254308
0.00013746523056895341
0.00013778517725205157
0.00013813730644990832
0.00013852210047749836
0.0001389400905710908
0.00013939185876098566
0.00013987803994805693
0.00014039932419825392
0.00014095645927094666
0.000141550253398921
0.00014218157833995255
0.00014285137272224837
0.00014356064570867757
0.00014431048100764794
0.00014510204126178062
0.0001459365728492257
0.0001468154111366241
0.00014773998622740487
0.000148711829254409
0.00014973257927183042
0.00015080399080827497
0.00015192794215048238
0.00015310644443608586
0.00015434165164386507
0.00015563587158148195
0.00015699157798393785
0.0001584114238511962
0.00015989825617095845
0.00016145513219283133
0.00016308533744357475
0.00016479240570033417
0.0001665801411704293
0.00016845264316321657
0.00017041433358275948
0.0001724699876207366
0.00017462476808865942
0.00017688426389884628
0.00017925453328689457
0.00018174215246730222
0.0001843542705317278
0.00018709867154025365
0.00018998384492504468
0.0001930190655293549
0.00019621448485094366
0.0001995812353577244
0.0002031315501076833
0.0002068789003510863
0.00021083815434162144
0.0002150257612613024
0.00021945996500653144
0.00022416105363511372
0.0002291516515958258
0.00023445706353209208
0.0002401056805741465
0.000246129462750153
0.0002525645146457873
0.000259451775982179
0.00026683785471904865
0.0002747760381161015
0.00028332752759166057
0.00029256295718061586
0.0003025642743135122
0.0003134270875425277
0.000325263621703036
0.00033820647124557963
0.00035241341377804567
0.0003680736484524647
0.0003854159736591988
0.0004047196408542386
0.0004263289571841834
0.0004506732265592551
0.0004782944314224721
0.0005098863642355182
0.0005463510727497921
0.0005888821374277797
0.0006390906905391588
0.0006992016567003882
0.0007723694674918009
0.0008632053028305599
0.0009786963148526
0.0011298904894897252
0.0013351712764523927
0.0016270779906880912
0.0020677296791322343
0.002787314802568314
0.004092212366069406
0.006815248269729861
0.013662518992319734
0.03559449037119747
0.13318949271414368

0.006497913258214344
0.015187524602568983
0.03224690067193343
0.06219806384572258
0.10898171859749946
0.17346758776729768
0.2508250611226995
0.3294666156590366
0.393133274128703
0.42614371968269815
0.41962396394035334
0.37536378709022034
0.305022842305246
0.22516469242006745
0.1509931410126874
0.09198776094192561
0.050975980912820705
0.02622401251599332
0.015681282098959227
0.02336589118713795
0.06506159072628723
0.15971897049889644
0.2951027641595505
0.4028259649366103
0.4053044945614017
0.3004802796048886
0.16413257851358765
0.06605601497638969
0.01958697459347372
0.004279168439371571
0.0006887923552239977
8.168722475309095e-05
7.13767676516542e-06
4.5951176417648986e-07
2.1795848152883994e-08
7.617098271036966e-10
1.9613229638939334e-11
3.721146429857289e-13
5.203663244874312e-15
5.3747924293184575e-17
4.1696552575741863e-19
2.8038403638938835e-21
3.3600448761987515e-23
1.0316468248387758e-24
3.777756501024404e-26
1.2880108153347829e-27
3.995344519802713e-29
1.1259248581572507e-30
2.8823968490801547e-32
6.703260285018227e-34
1.4161403381663173e-35
2.7177806651282426e-37
4.738167572785751e-39
7.50402596696175e-41
1.0796081161114613e-42
1.4109962315424348e-44
1.6752262418239084e-46
1.80679542239321e-48
1.7702410046676867e-50
1.5755917981889707e-52
1.2739222621514533e-54
9.356858100276397e-57
6.243168551318894e-59
3.784146812938158e-61
2.0836213321219634e-63
1.0422154654858755e-65
4.735699450263759e-68
1.9547834415063243e-70
7.329951000067697e-73
2.4968439014704007e-75
7.726265231137378e-78
2.1718795404020256e-80
5.546126309556977e-83
1.2865648401427974e-85
2.7111996615981903e-88
5.19014182109744e-91
9.025782195585564e-94
1.425864885179778e-96
2.0462552131466425e-99
2.667651693010588e-102
3.1592671418179223e-105
3.398845920898751e-108
3.3217313432512268e-111
2.9490723829224013e-114
2.3784512830995946e-117
1.74257303393455e-120
1.1597800084192006e-123
7.012100762020077e-127
3.851310897197422e-130
1.921573095007942e-133
8.709498338859943e-137
3.5860576952130413e-140
1.3413104401172728e-143
4.557526870420841e-147
1.4067504777135714e-150
3.944507673636235e-154
1.0047463559697662e-157
2.324919792655579e-161
4.887057066038432e-165
9.332000348869861e-169
