1.2334316435515427
0.671535763853323
0.40164723055518337
0.25912390029502635
0.1782702844916788
0.1295164485002715
0.09848600652147155
0.07776629440095822
0.0633370625616931
0.0529151677726939
0.04514743542307402
0.039199571727245267
0.03453826492550725
0.03081125880332295
0.0277789479760231
0.02527402099622614
0.023176886013313677
0.021400261559048873
0.019879250337473953
0.018564785738900032
0.017419207209467873
0.01641321165022807
0.015523713820186765
0.014732319301709061
0.014024217841009483
0.013387370016363894
0.012811901731374987
0.012289648035250534
0.011813805636484723
0.01137866548758372
0.010979405016415618
0.010611925253358488
0.010272722080983883
0.009958783655255158
0.009667508072304985
0.009396636823287034
0.009144200655136884
0.008908475249897406
0.008687944727909376
0.008481271425739186
0.00828727073734947
0.008104890064774826
0.007933191122738645
0.007771334995042005
0.007618569460054897
0.007474218196306397
0.007337671553019688
0.007208378628989954
0.00708584044987665
0.006969604071377988
0.006859257465866796
0.006754425074427425
0.006654763926030959
0.0065599602417459844
0.0064697264551282704
0.006383798590834351
0.006301933952511203
0.006223909078483989
0.0061495179299811825
0.006078570281829327
0.006010890289901505
0.0059463152132627544
0.0058846942720415735
0.005825887624667643
0.005769765450331001
0.005716207124402925
0.0056651004761671024
0.0056163411195856985
0.005569831849005217
0.005525482092722048
0.005483207418202623
0.005442929083509097
0.005404573630136494
0.005368072513035646
0.00533336176409102
0.005300381685753809
0.005269076571907603
0.0052393944533740315
0.005211286865755499
0.005184708637566871
0.005159617696832505
0.0051359748945232955
0.005113743843384005
0.005092890770856719
0.005073384384944821
0.00505519575198511
0.005038298185406039
0.0050226671446486305
0.00500828014351539
0.004995116667292419
0.0049831580980621145
0.0049723876476893926
0.004962790298024044
0.0049543527479163855
0.004947063366693609
0.004940912153790524
0.004935890704271556
0.004931992180021185
0.004929211286418025
0.004927544254343805
0.004926988827413209
0.004927544254343805
0.004929211286418025
0.004931992180021185
0.004935890704271556
0.004940912153790524
0.004947063366693609
0.0049543527479163855
0.004962790298024044
0.0049723876476893926
0.0049831580980621145
0.004995116667292419
0.00500828014351539
0.0050226671446486305
0.005038298185406039
0.00505519575198511
0.005073384384944821
0.005092890770856719
0.005113743843384005
0.0051359748945232955
0.005159617696832505
0.005184708637566871
0.005211286865755499
0.0052393944533740315
0.005269076571907603
0.005300381685753809
0.00533336176409102
0.005368072513035646
0.005404573630136494
0.005442929083509097
0.005483207418202623
0.005525482092722048
0.005569831849005217
0.0056163411195856985
0.0056651004761671024
0.005716207124402925
0.005769765450331001
0.005825887624667643
0.0058846942720415735
0.0059463152132627544
0.006010890289901505
0.006078570281829327
0.0061495179299811825
0.006223909078483989
0.006301933952511203
0.006383798590834351
0.0064697264551282704
0.0065599602417459844
0.006654763926030959
0.006754425074427425
0.006859257465866796
0.006969604071377988
0.00708584044987665
0.007208378628989954
0.007337671553019688
0.007474218196306397
0.007618569460054897
0.007771334995042005
0.007933191122738645
0.008104890064774826
0.00828727073734947
0.008481271425739186
0.008687944727909376
0.008908475249897406
0.009144200655136884
0.009396636823287034
0.009667508072304985
0.009958783655255158
0.010272722080983883
0.010611925253358488
0.010979405016415618
0.01137866548758372
0.011813805636484723
0.012289648035250534
0.012811901731374987
0.013387370016363894
0.014024217841009483
0.014732319301709061
0.015523713820186765
0.01641321165022807
0.017419207209467873
0.018564785738900032
0.019879250337473953
0.021400261559048873
0.023176886013313677
0.02527402099622614
0.0277789479760231
0.03081125880332295
0.03453826492550725
0.039199571727245267
0.04514743542307402
0.0529151677726939
0.0633370625616931
0.07776629440095822
0.09848600652147155
0.1295164485002715
0.1782702844916788
0.25912390029502635
0.40164723055518337
0.671535763853323

0.23207897877134448
0.6920558939191338
1.2201165237926233
1.437788187775791
1.6183937950384832
0.5350616055822819
0.15177643052329856
0.10912002852998874
0.07858344963533236
0.05217442276290523
0.031911468566757965
0.017980239899523062
0.009332622662948396
0.004462430499812893
0.0019656163565859976
0.0007976008042870357
0.0002981480290673602
0.00010266864632654799
3.2568912905982116e-05
9.517616979267232e-06
2.562198175340702e-06
6.354139504295259e-07
1.4516446138787623e-07
3.0550857345189554e-08
5.9230586254617335e-09
1.0578599952004548e-09
1.7404834184862737e-10
2.63797770095834e-11
3.683255819815708e-12
4.737532268366923e-13
5.6134778336893186e-14
6.12733149475018e-15
6.161270484668556e-16
5.707273790530529e-17
4.870198614736655e-18
3.828460513843121e-19
2.772433930098658e-20
1.8495146342327902e-21
1.136616280466806e-22
6.4347178179892956e-24
3.3558664883783978e-25
1.612275949976163e-26
7.135651164945008e-28
2.909292448446195e-29
1.0926993435140203e-30
3.780711325894846e-32
1.2050522783266648e-33
3.538325576162312e-35
9.570821771859112e-37
2.3848452298624385e-38
5.474326603627922e-40
1.1576059290663142e-41
2.25501956576595e-43
4.0466851901455075e-45
6.689721826914154e-47
1.0187701981835728e-48
1.429235973630575e-50
1.8471032781520533e-52
2.199064425848254e-54
2.4118164928314524e-56
2.4367451032977143e-58
2.267960451053051e-60
1.9445556913276715e-62
1.5359066757605038e-64
1.1175547378492116e-66
7.490870924428128e-69
4.625464553643581e-71
2.6311035116768818e-73
1.3787326013263438e-75
6.655515349814715e-78
2.9596671180055098e-80
1.212449278098117e-82
4.5755554700231496e-85
1.5906828687373422e-87
5.094281231498463e-90
1.5029404153142266e-92
4.084699792546105e-95
1.0226759835992479e-97
2.358715194228296e-100
5.011554825940678e-103
9.809096357090646e-106
1.7686628318220027e-108
2.9377892106977037e-111
4.49526964264503e-114
6.336513974522075e-117
8.22819509032881e-120
9.842791764223496e-123
1.0846548132414399e-125
1.1010938376954265e-128
1.029714077339738e-131
8.870916711895327e-135
7.040117166713058e-138
5.146960153321737e-141
3.466420614353889e-144
2.150657461177142e-147
1.2291949437115007e-150
6.471870503433592e-154
3.1390512493952107e-157
1.4025764005849972e-160
5.7731678181650085e-164
