0.5295139601171148
0.019038761651183008
0.0008455468299290515
4.725096403003274e-05
3.367091860983205e-06
3.070406723914346e-07
3.568596449769397e-08
5.256772898573422e-09
9.757184704207876e-10
2.2749735623727318e-10
6.63258762326057e-11
2.3940573443042522e-11
1.0505046957115701e-11
5.456184872908655e-12
3.251268640816139e-12
2.1558312805946826e-12
1.5500385417030352e-12
1.184194117942009e-12
9.469396631520736e-13
7.839638433942513e-13
6.66674370381993e-13
5.790017450639303e-13
5.113952404391966e-13
4.579000461458892e-13
4.14647406405112e-13
3.7903297332694613e-13
3.492487196855732e-13
3.240052786305395e-13
3.023612469737683e-13
2.8361486178286977e-13
2.6723328599259197e-13
2.5280526175126533e-13
2.400086803042307e-13
2.285879086959179e-13
2.1833764089558884e-13
2.0909120032672708e-13
2.0071193557381149e-13
1.930868017760424e-13
1.8612151038281795e-13
1.7973682033196866e-13
1.7386567084336017e-13
1.684509423038553e-13
1.6344369116832303e-13
1.5880174633847688e-13
1.5448858388424789e-13
1.5047241804058256e-13
1.4672546168128194e-13
1.432233206556918e-13
1.3994449464868925e-13
1.368699634042094e-13
1.3398284180887766e-13
1.312680908701402e-13
1.2871227433255962e-13
1.2630335276624287e-13
1.2403050858552925e-13
1.218839967265308e-13
1.1985501671223592e-13
1.1793560262597917e-13
1.1611852814502444e-13
1.1439722429136088e-13
1.1276570796369481e-13
1.112185196438597e-13
1.0975066893855887e-13
1.0835758683599967e-13
1.0703508373634715e-13
1.0577931246269257e-13
1.0458673558145722e-13
1.0345409646264266e-13
1.0237839359492557e-13
1.0135685774134776e-13
1.0038693158073864e-13
9.946625153001712e-14
9.859263148477443e-14
9.776404825134643e-14
9.697862847402533e-14
9.623463688701157e-14
9.55304657428957e-14
9.486462528848508e-14
9.423573517514335e-14
9.364251670491278e-14
9.308378582587237e-14
9.255844680074623e-14
9.206548648195096e-14
9.160396913426307e-14
9.117303175326832e-14
9.077187983386915e-14
9.039978354849566e-14
9.005607429939548e-14
8.974014161355746e-14
8.945143035252778e-14
8.918943821267417e-14
8.895371349439593e-14
8.874385312141813e-14
8.855950089368712e-14
8.840034595953865e-14
8.826612149477464e-14
8.815660357808459e-14
8.807161025391271e-14
8.801100077542145e-14
8.797467502165986e-14
8.796257308442848e-14
8.797467502165986e-14
8.801100077542145e-14
8.807161025391271e-14
8.815660357808459e-14
8.826612149477464e-14
8.840034595953865e-14
8.855950089368712e-14
8.874385312141813e-14
8.895371349439593e-14
8.918943821267417e-14
8.945143035252778e-14
8.974014161355746e-14
9.005607429939548e-14
9.039978354849566e-14
9.077187983386915e-14
9.117303175326832e-14
9.160396913426307e-14
9.206548648195096e-14
9.255844680074623e-14
9.308378582587237e-14
9.364251670491278e-14
9.423573517514335e-14
9.486462528848508e-14
9.55304657428957e-14
9.623463688701157e-14
9.697862847402533e-14
9.776404825134643e-14
9.859263148477443e-14
9.946625153001712e-14
1.0038693158073864e-13
1.0135685774134776e-13
1.0237839359492557e-13
1.0345409646264266e-13
1.0458673558145722e-13
1.0577931246269257e-13
1.0703508373634715e-13
1.0835758683599967e-13
1.0975066893855887e-13
1.112185196438597e-13
1.1276570796369481e-13
1.1439722429136088e-13
1.1611852814502444e-13
1.1793560262597917e-13
1.1985501671223592e-13
1.218839967265308e-13
1.2403050858552925e-13
1.2630335276624287e-13
1.2871227433255962e-13
1.312680908701402e-13
1.3398284180887766e-13
1.368699634042094e-13
1.3994449464868925e-13
1.432233206556918e-13
1.4672546168128194e-13
1.5047241804058256e-13
1.5448858388424789e-13
1.5880174633847688e-13
1.6344369116832303e-13
1.684509423038553e-13
1.7386567084336017e-13
1.7973682033196866e-13
1.8612151038281795e-13
1.930868017760424e-13
2.0071193557381149e-13
2.0909120032672708e-13
2.1833764089558884e-13
2.285879086959179e-13
2.400086803042307e-13
2.5280526175126533e-13
2.6723328599259197e-13
2.8361486178286977e-13
3.023612469737683e-13
3.240052786305395e-13
3.492487196855732e-13
3.7903297332694613e-13
4.14647406405112e-13
4.579000461458892e-13
5.113952404391966e-13
5.790017450639303e-13
6.66674370381993e-13
7.839638433942513e-13
9.469396631520736e-13
1.184194117942009e-12
1.5500385417030352e-12
2.1558312805946826e-12
3.251268640816139e-12
5.456184872908655e-12
1.0505046957115701e-11
2.3940573443042522e-11
6.63258762326057e-11
2.2749735623727318e-10
9.757184704207876e-10
5.256772898573422e-09
3.568596449769397e-08
3.070406723914346e-07
3.367091860983205e-06
4.725096403003274e-05
0.0008455468299290515
0.019038761651183008

3.7465320629764716e-12
6.90483975343135e-11
1.0642111040148662e-09
1.3716774527108011e-08
1.4785167379334366e-07
1.3327556205996493e-06
1.0046732331620638e-05
6.333578719348989e-05
0.0003339054830172566
0.0014721366201904966
0.005427825843233705
0.016737796090237417
0.043205719898218385
0.09383695350053581
0.1746362945437486
0.2876215640367471
0.4204171468497374
0.5084083005531673
0.46564657105862606
0.3149606065424325
0.16668279234639358
0.07570793713298321
0.03072660957371107
0.01088779531215606
0.0032736047119919995
0.0008255824054722909
0.0001741881950931821
3.07356709044205e-05
4.535421597065675e-06
5.596837553374719e-07
5.775874826647221e-08
4.984744185278737e-09
3.597642540028122e-10
2.171416712314223e-11
1.0960197345713582e-12
4.626404520593189e-14
1.6331228866755554e-15
4.821078003035914e-17
1.1901987317533688e-18
2.457224516789565e-20
4.242484147606208e-22
6.1255578873845306e-24
7.396412097561497e-26
7.4687269772993915e-28
6.306989373806079e-30
4.453973680992784e-32
2.6304086576672148e-34
1.2991187050773581e-36
5.365676414009131e-39
1.8533188903036611e-41
5.353352710970775e-44
1.29315801481523e-46
2.6123259537296925e-49
4.4131954962347484e-52
6.234892919584967e-55
7.366392640521339e-58
7.27831353298241e-61
6.013906727457094e-64
4.155589573688249e-67
2.4013675603447663e-70
1.1604719909993483e-73
4.689869064482436e-77
1.585027511470683e-80
4.479844332972697e-84
1.0588612947802203e-87
2.0929808542232758e-91
3.4597241204509376e-95
4.782640254770729e-99
5.528966928306132e-103
5.345278050206199e-107
4.3216206495760364e-111
2.9219515772918e-115
1.652149787191549e-119
7.812245000549217e-124
3.089244787292489e-128
1.0215951489962649e-132
2.825240044700718e-137
6.53404191762363e-142
1.2637422666929932e-146
2.0440199839052823e-151
2.764787744519899e-156
3.1274363934977036e-161
2.9584566323742584e-166
2.340410085038978e-171
1.5483486010872404e-176
8.566345037089308e-182
3.9634411284327763e-187
1.533554773526827e-192
4.962222165766945e-198
1.3427746951573053e-203
3.0386461114649067e-209
5.750520174254281e-215
9.100896399315725e-221
1.2045123063611271e-226
1.3331786317666217e-232
1.2340009060340951e-238
9.551963290217226e-245
6.183293231586196e-251
3.347318765778605e-257
1.5153897091031117e-263
