1.4157521199115932
0.20105496519059857
0.06979735651113066
0.02941947312359999
0.013378032002565187
0.006482925163354672
0.003341120291902172
0.0018288371863619973
0.001061317290773517
0.0006513800064638202
0.00042146391082919225
0.00028638947325720525
0.0002034915369363895
0.00015049986597409138
0.00011532478571761815
9.115485004447866e-05
7.401559823436338e-05
6.15103777050494e-05
5.214879758027067e-05
4.497704936011558e-05
3.936821188042638e-05
3.489989343239247e-05
3.1280908496464986e-05
2.8306224520290295e-05
2.5828620684172205e-05
2.37404621879533e-05
2.1961735091524003e-05
2.0432037863706128e-05
1.9105123356465177e-05
1.7945115480413716e-05
1.692384486913811e-05
1.6018944560976393e-05
1.5212469889537605e-05
1.4489885206983685e-05
1.3839310827631145e-05
1.3250956942531633e-05
1.2716693503432813e-05
1.2229720115490461e-05
1.178431028009066e-05
1.1375611472875908e-05
1.0999487554059497e-05
1.0652393563722716e-05
1.0331275503916996e-05
1.0033489555308134e-05
9.756736525554622e-06
9.499008322081947e-06
9.258543982594496e-06
9.033793352297192e-06
8.823386916874054e-06
8.62611062023025e-06
8.440884741441925e-06
8.266746094909257e-06
8.102832965047763e-06
7.948372302090962e-06
7.802668796242392e-06
7.665095519151657e-06
7.5350858787576065e-06
7.412126679177774e-06
7.295752113999341e-06
7.185538550943666e-06
7.081099989902523e-06
6.982084095921599e-06
6.888168724726527e-06
6.799058871549675e-06
6.71448398487343e-06
6.6341955956962816e-06
6.557965220399381e-06
6.485582501522492e-06
6.416853555972603e-06
6.351599504566653e-06
6.289655160497205e-06
6.230867857425606e-06
6.175096400547217e-06
6.122210126217163e-06
6.07208805763748e-06
6.0246181457408785e-06
5.979696585806968e-06
5.9372272015501475e-06
5.897120889454988e-06
5.859295117030129e-06
5.823673469426883e-06
5.790185239541352e-06
5.758765057304381e-06
5.729352554374218e-06
5.701892060893441e-06
5.676332331363281e-06
5.652626297032843e-06
5.63073084250437e-06
5.6106066045242574e-06
5.592217791167802e-06
5.575532019837811e-06
5.560520172686967e-06
5.547156268243909e-06
5.535417348176599e-06
5.5252833782656405e-06
5.51673716278713e-06
5.50976427162101e-06
5.504352979508566e-06
5.500494216983041e-06
5.498181532591674e-06
5.4974110661170525e-06
5.498181532591674e-06
5.500494216983041e-06
5.504352979508566e-06
5.50976427162101e-06
5.51673716278713e-06
5.5252833782656405e-06
5.535417348176599e-06
5.547156268243909e-06
5.560520172686967e-06
5.575532019837811e-06
5.592217791167802e-06
5.6106066045242574e-06
5.63073084250437e-06
5.652626297032843e-06
5.676332331363281e-06
5.701892060893441e-06
5.729352554374218e-06
5.758765057304381e-06
5.790185239541352e-06
5.823673469426883e-06
5.859295117030129e-06
5.897120889454988e-06
5.9372272015501475e-06
5.979696585806968e-06
6.0246181457408785e-06
6.07208805763748e-06
6.122210126217163e-06
6.175096400547217e-06
6.230867857425606e-06
6.289655160497205e-06
6.351599504566653e-06
6.416853555972603e-06
6.485582501522492e-06
6.557965220399381e-06
6.6341955956962816e-06
6.71448398487343e-06
6.799058871549675e-06
6.888168724726527e-06
6.982084095921599e-06
7.081099989902523e-06
7.185538550943666e-06
7.295752113999341e-06
7.412126679177774e-06
7.5350858787576065e-06
7.665095519151657e-06
7.802668796242392e-06
7.948372302090962e-06
8.102832965047763e-06
8.266746094909257e-06
8.440884741441925e-06
8.62611062023025e-06
8.823386916874054e-06
9.033793352297192e-06
9.258543982594496e-06
9.499008322081947e-06
9.756736525554622e-06
1.0033489555308134e-05
1.0331275503916996e-05
1.0652393563722716e-05
1.0999487554059497e-05
1.1375611472875908e-05
1.178431028009066e-05
1.2229720115490461e-05
1.2716693503432813e-05
1.3250956942531633e-05
1.3839310827631145e-05
1.4489885206983685e-05
1.5212469889537605e-05
1.6018944560976393e-05
1.692384486913811e-05
1.7945115480413716e-05
1.9105123356465177e-05
2.0432037863706128e-05
2.1961735091524003e-05
2.37404621879533e-05
2.5828620684172205e-05
2.8306224520290295e-05
3.1280908496464986e-05
3.489989343239247e-05
3.936821188042638e-05
4.497704936011558e-05
5.214879758027067e-05
6.15103777050494e-05
7.401559823436338e-05
9.115485004447866e-05
0.00011532478571761815
0.00015049986597409138
0.0002034915369363895
0.00028638947325720525
0.00042146391082919225
0.0006513800064638202
0.001061317290773517
0.0018288371863619973
0.003341120291902172
0.006482925163354672
0.013378032002565187
0.02941947312359999
0.06979735651113066
0.20105496519059857

0.00023142675279336244
0.0042334261744208625
0.040464977293224264
0.202104274072076
0.5274491744187008
0.719275052603425
0.5125348744396916
0.19088281877370697
0.03743383374078862
0.005271562572882896
0.006214442689596418
0.01989110114418972
0.05412828172306912
0.12128830494436545
0.223742140387515
0.3407159808198747
0.4507207783598515
0.6764543591099342
1.1353911445124445
1.1081538864179912
0.47640160963240274
0.11408347165351768
0.029299276144249257
0.008758133988666823
0.002300294609721169
0.0004991710847186973
8.917827047825755e-05
1.311528767748109e-05
1.5878352189584188e-06
1.5824932735444734e-07
1.2983361439725045e-08
8.768822009565394e-10
4.875331990993216e-11
2.2313924915993545e-12
8.407300539347213e-14
2.6076302498461525e-15
6.658007512985022e-17
1.3994306579116378e-18
2.421404357567021e-20
3.4489912131518257e-22
4.044135411730535e-24
3.903625284903846e-26
3.1018399742077476e-28
2.0289880411564217e-30
1.0925678548331146e-32
4.8431306256703e-35
1.7673101810369576e-37
5.308944785303411e-40
1.3128420252464366e-42
2.672548312904366e-45
4.478653791900756e-48
6.1784317228011e-51
7.016456612568534e-54
6.559432525066001e-57
5.048048589620379e-60
3.1980821596503426e-63
1.6678789958355597e-66
7.160581545720434e-70
2.5307012694848475e-73
7.362788131628724e-77
1.763406985475264e-80
3.4767354252699206e-84
5.642863712482562e-88
7.539391790375757e-92
8.292431564662541e-96
7.508208294806254e-100
5.596281622097861e-104
3.433773486821123e-108
1.734413148325572e-112
7.211777246655752e-117
2.4685440616283148e-121
6.955819367869385e-126
1.6134835432792266e-130
3.080985237933183e-135
4.843101014259853e-140
6.26709488280147e-145
6.676023319947136e-150
5.8543442008525816e-155
4.226175161130004e-160
2.511455955601235e-165
1.2286055470154958e-170
4.947755269481263e-176
1.640260327442136e-181
4.4763721420221307e-187
1.0056536180190533e-192
1.859856723629665e-198
2.8315184147869754e-204
3.5486905036789165e-210
3.661218860131834e-216
3.109510946810864e-222
2.1740389560837074e-228
1.2512710200397231e-234
5.92849261564539e-241
2.3123097631918212e-247
7.424318166558994e-254
1.9623477423545315e-260
4.269767208071857e-267
7.647883392382871e-274
1.1276833035642933e-280
1.3688059226473186e-287
