1.3252416390093176
0.2559135158461969
0.09511398757065058
0.0449661764785892
0.02463647756460653
0.015162897238302296
0.01023647863095682
0.00742713266322287
0.0056966155069822205
0.0045603129401755055
0.0037738351194436773
0.0032053328082382176
0.0027793738590432687
0.0024505474189245
0.0021902792828047742
0.0019798842190281705
0.0018067265892356959
0.0016620070012633803
0.00153943736090926
0.0014344206077610093
0.0013435273796031375
0.001264152976876428
0.0011942869746123103
0.00113235505432255
0.0010771082349612512
0.001027543883363543
0.0009828484507151188
0.0009423553291231992
0.0009055134044774323
0.00087186329085587
0.0008410191585671715
0.0008126546880687846
0.0007864921035735357
0.0007622935309925653
0.000739854128276779
0.0007189965803228268
0.0006995666539257202
0.0006814295831682971
0.0006644671105231095
0.0006485750495564021
0.000633661265458258
0.0006196439924791591
0.0006064504247178233
0.0005940155300013084
0.0005822810468549906
0.0005711946325276476
0.0005607091362677995
0.000550781976951128
0.0005413746080412784
0.0005324520559579764
0.0005239825204017651
0.0005159370271769988
0.0005082891256662964
0.0005010146244194463
0.0004940913593891669
0.000487498990223081
0.00048121882074343025
0.00047523364034314465
0.0004695275835224723
0.0004640860052032514
0.00045889536980309496
0.0004539431523413633
0.0004492177500925721
0.0004447084035087263
0.00044040512530643596
0.0004362986367628016
0.0004323803103902681
0.000428642118268482
0.0004250765854035673
0.0004216767475645934
0.0004184361131153351
0.00041534862841842045
0.00041240864644000755
0.0004096108982274093
0.00040695046697057966
0.00040442276439191574
0.00040202350923812156
0.00039974870767351707
0.00039759463539665025
0.00039555782132184457
0.0003936350326847112
0.00039182326144602864
0.0003901197118819825
0.0003885217892608155
0.0003870270895166496
0.000385633389840783
0.00038433864011929114
0.0003831409551533915
0.0003820386076058818
0.0003810300216231383
0.0003801137670877368
0.0003792885544618164
0.00037855323018591526
0.0003779067726022182
0.00037734828837503127
0.0003768770093848673
0.00037649229007586407
0.00037619360523935417
0.00037598054821934594
0.00037585282952845394
0.00037581027586548374
0.00037585282952845394
0.00037598054821934594
0.00037619360523935417
0.00037649229007586407
0.0003768770093848673
0.00037734828837503127
0.0003779067726022182
0.00037855323018591526
0.0003792885544618164
0.0003801137670877368
0.0003810300216231383
0.0003820386076058818
0.0003831409551533915
0.00038433864011929114
0.000385633389840783
0.0003870270895166496
0.0003885217892608155
0.0003901197118819825
0.00039182326144602864
0.0003936350326847112
0.00039555782132184457
0.00039759463539665025
0.00039974870767351707
0.00040202350923812156
0.00040442276439191574
0.00040695046697057966
0.0004096108982274093
0.00041240864644000755
0.00041534862841842045
0.0004184361131153351
0.0004216767475645934
0.0004250765854035673
0.000428642118268482
0.0004323803103902681
0.0004362986367628016
0.00044040512530643596
0.0004447084035087263
0.0004492177500925721
0.0004539431523413633
0.00045889536980309496
0.0004640860052032514
0.0004695275835224723
0.00047523364034314465
0.00048121882074343025
0.000487498990223081
0.0004940913593891669
0.0005010146244194463
0.0005082891256662964
0.0005159370271769988
0.0005239825204017651
0.0005324520559579764
0.0005413746080412784
0.000550781976951128
0.0005607091362677995
0.0005711946325276476
0.0005822810468549906
0.0005940155300013084
0.0006064504247178233
0.0006196439924791591
0.000633661265458258
0.0006485750495564021
0.0006644671105231095
0.0006814295831682971
0.0006995666539257202
0.0007189965803228268
0.000739854128276779
0.0007622935309925653
0.0007864921035735357
0.0008126546880687846
0.0008410191585671715
0.00087186329085587
0.0009055134044774323
0.0009423553291231992
0.0009828484507151188
0.001027543883363543
0.0010771082349612512
0.00113235505432255
0.0011942869746123103
0.001264152976876428
0.0013435273796031375
0.0014344206077610093
0.00153943736090926
0.0016620070012633803
0.0018067265892356959
0.0019798842190281705
0.0021902792828047742
0.0024505474189245
0.0027793738590432687
0.0032053328082382176
0.0037738351194436773
0.0045603129401755055
0.0056966155069822205
0.00742713266322287
0.01023647863095682
0.015162897238302296
0.02463647756460653
0.0449661764785892
0.09511398757065058
0.2559135158461969

0.017643590457791666
0.05494429247855794
0.13770653913375175
0.27776844235365006
0.45092841668661504
0.5891537783448237
0.6195068192756922
0.5242758786162153
0.3570836979192435
0.19573862443200493
0.08635339558354477
0.030661581553189446
0.008893278073533035
0.007748600451666848
0.09276829531020872
0.5518579218837266
1.2213309202672529
1.0018267756701202
0.3045564110818998
0.034312864814445454
0.0014327162883311043
2.2170599278919243e-05
1.2714787848048225e-07
2.7024780848019277e-10
2.129835264151136e-13
6.408687328520581e-17
3.330776292265768e-20
2.9273294456176427e-22
2.589461942477975e-24
1.845196397526024e-26
1.0582120333592062e-28
4.884264285810086e-31
1.8143537911125115e-33
5.424268252350095e-36
1.3051388064070208e-38
2.5273687328346854e-41
3.9389174134685264e-44
4.940620583060108e-47
4.987495226013109e-50
4.0520971027036363e-53
2.6495587668505435e-56
1.3943237678047134e-59
5.90541014511672e-63
2.0129494209177162e-66
5.522198590340237e-70
1.219235334416108e-73
2.166503631918926e-77
3.098329941023786e-81
3.566089738844299e-85
3.3033396718052844e-89
2.4626946098354086e-93
1.4776250600848546e-97
7.1353338462847206e-102
2.773069208812278e-106
8.673681706861949e-111
2.1834468008901734e-115
4.42362302809492e-120
7.212900926246245e-125
9.46538285721193e-130
9.996840538013752e-135
8.497353887882271e-140
5.8130091697427805e-145
3.200476715246706e-150
1.4181582544672265e-155
5.057444014139998e-161
1.4515561226155597e-166
3.352995275489608e-172
6.233449026993115e-178
9.326533292464072e-184
1.1230741694905112e-189
1.0884111794083345e-195
8.489339668604358e-202
5.329067100533626e-208
2.692308536232331e-214
1.0946992716182495e-220
3.582293718082155e-227
9.434609194109114e-234
1.9997835909337092e-240
3.4114455753171105e-247
4.683712783054216e-254
5.175334496152367e-261
4.6023851062597564e-268
3.2940019197682997e-275
1.8974096355348723e-282
8.796192333988545e-290
3.281895085157065e-297
9.854872992500514e-305
2.381626922414e-312
4.6324e-320
0.0
0.0
0.0
0.0
0.0
0.0
0.0
0.0
0.0
0.0
0.0
