1.2571870802477798
0.05470597528724766
0.0038370744591701357
0.00030284669199919087
2.4640819684484348e-05
2.0334228300981537e-06
1.696480410669554e-07
1.4299099442036491e-08
9.271849968848324e-10
9.186077784755811e-11
9.101255220373473e-12
9.017287195349718e-13
8.934133048688022e-14
8.851775478564578e-15
8.770214389182058e-16
8.689476139586603e-17
8.6096543204997e-18
8.531056601104363e-19
8.454774382630608e-20
8.385150807769195e-21
8.341774179821802e-22
8.424538547227357e-23
9.203649122364441e-24
1.4268759067304557e-24
4.813659785088417e-25
2.8963675009094217e-25
2.1130534404512944e-25
1.6522904805761203e-25
1.3454380750939619e-25
1.1287597026255704e-25
9.693706039360536e-26
8.482121259309281e-26
7.535689449857581e-26
6.779239293671204e-26
6.162770159997278e-26
5.651968123961527e-26
5.222630128002509e-26
4.857267120237539e-26
4.5429681921051564e-26
4.2700190110160086e-26
4.030985090997732e-26
3.820089346009143e-26
3.6327805617864356e-26
3.465428514858223e-26
3.315104826923982e-26
3.1794229468203393e-26
3.056419610489656e-26
2.944465857076904e-26
2.84219941221427e-26
2.748472725868443e-26
2.662312622016468e-26
2.5828886607956513e-26
2.509488107836422e-26
2.4414959643003698e-26
2.3783789092970054e-26
2.3196722933351622e-26
2.2649695305751403e-26
2.2139133915767476e-26
2.1661888126393786e-26
2.1215169236251215e-26
2.0796500610482577e-26
2.0403675826938092e-26
2.0034723380433896e-26
1.9687876782060729e-26
1.9361549119756378e-26
1.905431132614076e-26
1.8764873541490104e-26
1.8492069072350744e-26
1.823484053619809e-26
1.7992227854701227e-26
1.7763357816360412e-26
1.754743497646883e-26
1.7343733700780526e-26
1.7151591190706287e-26
1.6970401353693028e-26
1.679960940375704e-26
1.6638707094798023e-26
1.6487228504004595e-26
1.6344746294917736e-26
1.6210868399986024e-26
1.6085235071078e-26
1.596751625369808e-26
1.5857409246815583e-26
1.575463661544993e-26
1.565894432761471e-26
1.5570100091035208e-26
1.5487891868323834e-26
1.541212655211169e-26
1.53426287840652e-26
1.5279239903823291e-26
1.5221817015724157e-26
1.5170232162793216e-26
1.512437159887078e-26
1.5084135150999498e-26
1.5049435665294133e-26
1.5020198530500467e-26
1.4996361274336794e-26
1.4977873228515222e-26
1.4964695259077022e-26
1.4956799559358433e-26
1.4954169503542397e-26
1.4956799559358433e-26
1.4964695259077022e-26
1.4977873228515222e-26
1.4996361274336794e-26
1.5020198530500467e-26
1.5049435665294133e-26
1.5084135150999498e-26
1.512437159887078e-26
1.5170232162793216e-26
1.5221817015724157e-26
1.5279239903823291e-26
1.53426287840652e-26
1.541212655211169e-26
1.5487891868323834e-26
1.5570100091035208e-26
1.565894432761471e-26
1.575463661544993e-26
1.5857409246815583e-26
1.596751625369808e-26
1.6085235071078e-26
1.6210868399986024e-26
1.6344746294917736e-26
1.6487228504004595e-26
1.6638707094798023e-26
1.679960940375704e-26
1.6970401353693028e-26
1.7151591190706287e-26
1.7343733700780526e-26
1.754743497646883e-26
1.7763357816360412e-26
1.7992227854701227e-26
1.823484053619809e-26
1.8492069072350744e-26
1.8764873541490104e-26
1.905431132614076e-26
1.9361549119756378e-26
1.9687876782060729e-26
2.0034723380433896e-26
2.0403675826938092e-26
2.0796500610482577e-26
2.1215169236251215e-26
2.1661888126393786e-26
2.2139133915767476e-26
2.2649695305751403e-26
2.3196722933351622e-26
2.3783789092970054e-26
2.4414959643003698e-26
2.509488107836422e-26
2.5828886607956513e-26
2.662312622016468e-26
2.748472725868443e-26
2.84219941221427e-26
2.944465857076904e-26
3.056419610489656e-26
3.1794229468203393e-26
3.315104826923982e-26
3.465428514858223e-26
3.6327805617864356e-26
3.820089346009143e-26
4.030985090997732e-26
4.2700190110160086e-26
4.5429681921051564e-26
4.857267120237539e-26
5.222630128002509e-26
5.651968123961527e-26
6.162770159997278e-26
6.779239293671204e-26
7.535689449857581e-26
8.482121259309281e-26
9.693706039360536e-26
1.1287597026255704e-25
1.3454380750939619e-25
1.6522904805761203e-25
2.1130534404512944e-25
2.8963675009094217e-25
4.813659785088417e-25
1.4268759067304557e-24
9.203649122364441e-24
8.424538547227357e-23
8.341774179821802e-22
8.385150807769195e-21
8.454774382630608e-20
8.531056601104363e-19
8.6096543204997e-18
8.689476139586603e-17
8.770214389182058e-16
8.851775478564578e-15
8.934133048688022e-14
9.017287195349718e-13
9.101255220373473e-12
9.186077784755811e-11
9.271849968848324e-10
1.4299099442036491e-08
1.696480410669554e-07
2.0334228300981537e-06
2.4640819684484348e-05
0.00030284669199919087
0.0038370744591701357
0.05470597528724766

5.630351870169895e-25
7.496248177599845e-23
7.960699139089904e-21
6.74306429508947e-19
4.555774568129883e-17
2.4550819108360802e-15
1.0552821259508276e-13
3.6180120870706083e-12
9.893963022173594e-11
2.169710235772045e-09
3.3341367846389076e-06
0.015528060521051936
1.2143996132225277
1.5770656279466122
0.03436264175484388
0.002026081924242802
0.00902257471129637
0.032241873360409096
0.09189859835467495
0.20892785358672206
0.37886338302593037
0.5479838491588953
0.6321959650097484
0.581747487046948
0.4269884697148528
0.24997502160216947
0.1167282344883203
0.043476447923633706
0.0129160889560817
0.003060601844923748
0.0005784708502599497
8.720772521428514e-05
1.048642059002538e-05
1.0057694085378943e-06
7.694287447175265e-08
4.695017626464069e-09
2.2850982756780904e-10
8.8709753700392e-12
2.746861103308633e-13
6.784234656526767e-15
1.3364842894072497e-16
2.1000309243555164e-18
2.6320028639964896e-20
2.6311515308907633e-22
2.0979937902147156e-24
1.334324228098672e-26
6.768888816558271e-29
2.738875080683637e-31
8.839463442849907e-34
2.275508272870347e-36
4.672289763908024e-39
7.6520879709592e-42
9.996062776034593e-45
1.0415421040564591e-47
8.656125057972887e-51
5.738112370516504e-54
3.0339848709893e-57
1.27954807606014e-60
4.304261423570025e-64
1.1548870424863416e-67
2.4716058358323055e-71
4.2190799052170866e-75
5.7445382361135e-79
6.2386602299663545e-83
5.404137348574391e-87
3.733879155250989e-91
2.057751719973045e-95
9.045332251054692e-100
3.1714283911091574e-104
8.869193517829883e-109
1.9783912720735334e-113
3.5199709494318e-118
4.995337161587237e-123
5.654436989294935e-128
5.10520007118592e-133
3.6765036352527453e-138
2.111815962117245e-143
9.675556914247077e-149
3.535857149695955e-154
1.0306525577843914e-159
2.396231070555471e-165
4.443691903325754e-171
6.572915067280541e-177
7.754805974408608e-183
7.297644232161388e-189
5.477637317247255e-195
3.279462696561902e-201
1.5660692139311072e-207
5.965104338299579e-214
1.812274468620569e-220
4.391660254761374e-227
8.488526980024724e-234
1.308683922265138e-240
1.6092963855661967e-247
1.578469301785427e-254
1.2349093523192288e-261
7.706068311554786e-269
3.835566040243542e-276
1.5227370343416603e-283
4.821911010991047e-291
