0.6166814669501359
0.06613966375592117
0.023390907635187218
0.011945066709159432
0.006938145146489786
0.004406704749080472
0.003011785995511947
0.0021866872974000786
0.0016678005541066578
0.0013237467488963046
0.0010850096069508646
0.0009127854140203448
0.0007843513630548701
0.0006858192331029398
0.0006083698850106348
0.0005462090028930247
0.0004954122014357865
0.0004532485197869204
0.00041777088136596007
0.0003875606356326674
0.000361563811783832
0.00033898352231371084
0.00031920764393076896
0.0003017591940111907
0.0002862616296251189
0.00027241415689728245
0.0002599738806076697
0.0002487427081777769
0.0002385576107210073
0.0002292832893543039
0.0002208065883176261
0.0002130321927701651
0.00020587928252992663
0.0001992789049606942
0.0001931718944210292
0.00018750721109796846
0.00018224060453712833
0.0001773335306835767
0.0001727522684265857
0.0001684671943209273
0.00016445218360265865
0.00016068411271485646
0.0001571424439361627
0.00015380887681109057
0.00015066705423964226
0.0001477023135306781
0.00014490147463171456
0.00014225265924547488
0.00013974513572605738
0.0001373691855867202
0.00013511598820122728
0.000132977520882732
0.0001309464720099007
0.00012901616526375543
0.0001271804933594322
0.00012543385991941044
0.00012377112835031004
0.00012218757676314687
0.00012067885812417076
0.00011924096494579844
0.00011787019792925371
0.0001165631380560022
0.00011531662169686724
0.0001141277183682125
0.00011299371081573538
0.0001119120771497653
0.00011088047479285708
0.0001098967260319111
0.00010895880499394781
0.0001080648258877239
0.00010721303237320057
0.00010640178793795497
0.00010562956717438505
0.0001048949478643365
0.0001041966037888713
0.00010353329819054879
0.00010290387782400182
0.00010230726753794257
0.00010174246533817186
0.00010120853788681504
0.00010070461639797837
0.0001002298928944006
9.978361679354459e-05
9.936509179500074e-05
9.897367304411503e-05
9.860876454946058e-05
9.826981683418343e-05
9.795632480341239e-05
9.766782581185627e-05
9.740389791745328e-05
9.716415830850767e-05
9.694826189317176e-05
9.67559000414249e-05
9.658679947088305e-05
9.644072126885701e-05
9.63174600440793e-05
9.621684320244762e-05
9.613873034200261e-05
9.608301276317483e-05
9.604961309111146e-05
9.603848500763604e-05
9.604961309111146e-05
9.608301276317483e-05
9.613873034200261e-05
9.621684320244762e-05
9.63174600440793e-05
9.644072126885701e-05
9.658679947088305e-05
9.67559000414249e-05
9.694826189317176e-05
9.716415830850767e-05
9.740389791745328e-05
9.766782581185627e-05
9.795632480341239e-05
9.826981683418343e-05
9.860876454946058e-05
9.897367304411503e-05
9.936509179500074e-05
9.978361679354459e-05
0.0001002298928944006
0.00010070461639797837
0.00010120853788681504
0.00010174246533817186
0.00010230726753794257
0.00010290387782400182
0.00010353329819054879
0.0001041966037888713
0.0001048949478643365
0.00010562956717438505
0.00010640178793795497
0.00010721303237320057
0.0001080648258877239
0.00010895880499394781
0.0001098967260319111
0.00011088047479285708
0.0001119120771497653
0.00011299371081573538
0.0001141277183682125
0.00011531662169686724
0.0001165631380560022
0.00011787019792925371
0.00011924096494579844
0.00012067885812417076
0.00012218757676314687
0.00012377112835031004
0.00012543385991941044
0.0001271804933594322
0.00012901616526375543
0.0001309464720099007
0.000132977520882732
0.00013511598820122728
0.0001373691855867202
0.00013974513572605738
0.00014225265924547488
0.00014490147463171456
0.0001477023135306781
0.00015066705423964226
0.00015380887681109057
0.0001571424439361627
0.00016068411271485646
0.00016445218360265865
0.0001684671943209273
0.0001727522684265857
0.0001773335306835767
0.00018224060453712833
0.00018750721109796846
0.0001931718944210292
0.0001992789049606942
0.00020587928252992663
0.0002130321927701651
0.0002208065883176261
0.0002292832893543039
0.0002385576107210073
0.0002487427081777769
0.0002599738806076697
0.00027241415689728245
0.0002862616296251189
0.0003017591940111907
0.00031920764393076896
0.00033898352231371084
0.000361563811783832
0.0003875606356326674
0.00041777088136596007
0.0004532485197869204
0.0004954122014357865
0.0005462090028930247
0.0006083698850106348
0.0006858192331029398
0.0007843513630548701
0.0009127854140203448
0.0010850096069508646
0.0013237467488963046
0.0016678005541066578
0.0021866872974000786
0.003011785995511947
0.004406704749080472
0.006938145146489786
0.011945066709159432
0.023390907635187218
0.06613966375592117

0.004455040774942827
0.01657660202721967
0.044541997081595466
0.08643199282296632
0.12111893854650495
0.12257364798194927
0.08961010913628095
0.047464583278471154
0.01884308246426452
0.00799009478559449
0.010512044593673837
0.025813488646069718
0.059343877133143055
0.1175884382578215
0.19986483829889692
0.2913370421120605
0.3641991062810147
0.3904503218350951
0.3589851069730024
0.28305498970805837
0.19140308592967933
0.11099688549036328
0.05520220013680089
0.023544296519497174
0.008611896208963573
0.0027014416561568096
0.0007267350972799061
0.00016766422816827584
3.317328121605851e-05
5.628856584819494e-06
8.19097638538473e-07
1.022197703932076e-07
1.0940013686728051e-08
1.0041175703050995e-09
7.90378293871742e-11
5.335426971697249e-12
3.088780821563736e-13
1.533517517051272e-14
6.529412815869378e-16
2.3842031115774994e-17
7.466139677769793e-19
2.0050846285139795e-20
4.617990568908076e-22
9.121307828764376e-24
1.545058475420206e-25
2.2444837512086134e-27
2.7962226398254235e-29
2.987519623710701e-31
2.737370121514691e-33
2.150998044380036e-35
1.4495401377179874e-37
8.377302779406974e-40
4.152043704320437e-42
1.764831948359494e-44
6.433221948124238e-47
2.011117521715141e-49
5.3917544022471366e-52
1.239671138871111e-54
2.4443681495606258e-57
4.1334289694483155e-60
5.994294536333694e-63
7.455030342538376e-66
7.951416251978238e-69
7.273162649732675e-72
5.705396711783651e-75
3.8382400445585663e-78
2.214431006323722e-81
1.0956602662900465e-84
4.649148389367404e-88
1.6918218928529088e-91
5.279825998255611e-95
1.4130850988576929e-98
3.2434018513521562e-102
6.384353720667239e-106
1.077747088504157e-109
1.5602727109475126e-113
1.937170756194171e-117
2.0626190889568964e-121
1.8834491442433412e-125
1.4749337062887232e-129
9.905464365476858e-134
5.705069196767977e-138
2.8179334329529063e-142
1.1936700027308967e-146
4.336322434177417e-151
1.3509603152183417e-155
3.6095025503179425e-160
8.270577798917921e-165
1.6252047633763088e-169
2.7388235832021413e-174
3.958254990786687e-179
4.905996276267729e-184
5.214760862523658e-189
4.7536293686504353e-194
3.7162076650266507e-199
2.4914855281722805e-204
1.4325193600562159e-209
7.063604395603809e-215
2.9870051627079632e-220
1.0832515404720974e-225
