0.7225662513910226
0.10531124725082029
0.020367587373694616
0.005368506423532797
0.001951498072555069
0.0009369867656405728
0.0005508039668991587
0.0003705950933403748
0.0002726724180965802
0.0002132454620495242
0.00017413571535307808
0.00014678015676758616
0.00012672620913696411
0.0001114707990343501
9.9515684828774e-05
8.991677633876804e-05
8.205316548981202e-05
7.550149039989e-05
6.996406537273173e-05
6.522595550287693e-05
6.112836343656032e-05
5.755158251012955e-05
5.4403759656415837e-05
5.1613297348322575e-05
4.9123598430923675e-05
4.688935691277162e-05
4.487389167547376e-05
4.3047197946577894e-05
4.138450179434392e-05
3.9865173020780915e-05
3.847189729563847e-05
3.719003842389084e-05
3.600714185136293e-05
3.49125443296989e-05
3.389706424868372e-05
3.2952753888573176e-05
3.2072699651579884e-05
3.125085979821287e-05
3.04819317424202e-05
2.9761242822785003e-05
2.9084659853783574e-05
2.8448513802744145e-05
2.784953672734254e-05
2.728480871130576e-05
2.675171300003519e-05
2.624789789767152e-05
2.577124426802924e-05
2.531983770263103e-05
2.4891944593571597e-05
2.4485991487863908e-05
2.4100547210946836e-05
2.3734307336366443e-05
2.3386080650836313e-05
2.3054777322521275e-05
2.2739398528239506e-05
2.2439027334498603e-05
2.2152820659566355e-05
2.1880002170461087e-05
2.1619855990888395e-05
2.137172111459311e-05
2.1134986434011203e-05
2.0909086307038108e-05
2.069349659561339e-05
2.0487731119011814e-05
2.0291338472514816e-05
2.010389916874897e-05
1.9925023064612726e-05
1.9754347041526427e-05
1.9591532910865318e-05
1.9436265519977964e-05
1.9288251037244007e-05
1.914721539725907e-05
1.901290288951498e-05
1.8885074875920547e-05
1.876350862422847e-05
1.8647996245931924e-05
1.853834372850379e-05
1.8434370052996706e-05
1.8335906389027526e-05
1.8242795360053096e-05
1.8154890372622737e-05
1.8072055003979977e-05
1.7994162442994454e-05
1.792109497994406e-05
1.7852743541146772e-05
1.7789007264869027e-05
1.7729793115318787e-05
1.767501553187346e-05
1.7624596110999612e-05
1.7578463318597996e-05
1.7536552230757473e-05
1.749880430112803e-05
1.7465167153329697e-05
1.7435594397003126e-05
1.7410045466281108e-05
1.738848547962097e-05
1.7370885120086933e-05
1.735722053531102e-05
1.7347473256492912e-05
1.7341630135923867e-05
1.7339683302639755e-05
1.7341630135923867e-05
1.7347473256492912e-05
1.735722053531102e-05
1.7370885120086933e-05
1.738848547962097e-05
1.7410045466281108e-05
1.7435594397003126e-05
1.7465167153329697e-05
1.749880430112803e-05
1.7536552230757473e-05
1.7578463318597996e-05
1.7624596110999612e-05
1.767501553187346e-05
1.7729793115318787e-05
1.7789007264869027e-05
1.7852743541146772e-05
1.792109497994406e-05
1.7994162442994454e-05
1.8072055003979977e-05
1.8154890372622737e-05
1.8242795360053096e-05
1.8335906389027526e-05
1.8434370052996706e-05
1.853834372850379e-05
1.8647996245931924e-05
1.876350862422847e-05
1.8885074875920547e-05
1.901290288951498e-05
1.914721539725907e-05
1.9288251037244007e-05
1.9436265519977964e-05
1.9591532910865318e-05
1.9754347041526427e-05
1.9925023064612726e-05
2.010389916874897e-05
2.0291338472514816e-05
2.0487731119011814e-05
2.069349659561339e-05
2.0909086307038108e-05
2.1134986434011203e-05
2.137172111459311e-05
2.1619855990888395e-05
2.1880002170461087e-05
2.2152820659566355e-05
2.2439027334498603e-05
2.2739398528239506e-05
2.3054777322521275e-05
2.3386080650836313e-05
2.3734307336366443e-05
2.4100547210946836e-05
2.4485991487863908e-05
2.4891944593571597e-05
2.531983770263103e-05
2.577124426802924e-05
2.624789789767152e-05
2.675171300003519e-05
2.728480871130576e-05
2.784953672734254e-05
2.8448513802744145e-05
2.9084659853783574e-05
2.9761242822785003e-05
3.04819317424202e-05
3.125085979821287e-05
3.2072699651579884e-05
3.2952753888573176e-05
3.389706424868372e-05
3.49125443296989e-05
3.600714185136293e-05
3.719003842389084e-05
3.847189729563847e-05
3.9865173020780915e-05
4.138450179434392e-05
4.3047197946577894e-05
4.487389167547376e-05
4.688935691277162e-05
4.9123598430923675e-05
5.1613297348322575e-05
5.4403759656415837e-05
5.755158251012955e-05
6.112836343656032e-05
6.522595550287693e-05
6.996406537273173e-05
7.550149039989e-05
8.205316548981202e-05
8.991677633876804e-05
9.9515684828774e-05
0.0001114707990343501
0.00012672620913696411
0.00014678015676758616
0.00017413571535307808
0.0002132454620495242
0.0002726724180965802
0.0003705950933403748
0.0005508039668991587
0.0009369867656405728
0.001951498072555069
0.005368506423532797
0.020367587373694616
0.10531124725082029

0.0008178904838877217
0.0024444383904589414
0.006546416043108038
0.0157098062247411
0.03378698521785125
0.0652990752268232
0.11605583855346947
0.20601422345646925
0.38074310551003665
0.6008857412570037
0.6562615104055521
0.5042324854680578
0.34250782411923986
0.24393012461207955
0.1711754533671354
0.10983968097921745
0.06328533259094614
0.03267639347532392
0.015118441743368892
0.0062678774208999345
0.0023284905917699476
0.0007751201190727418
0.00023120864089106586
6.179874293807657e-05
1.4801159901965949e-05
3.176525813886791e-06
6.10871067877728e-07
1.0526578977873192e-07
1.625419549847164e-08
2.248972959895907e-09
2.788325803383801e-10
3.097728352981714e-11
3.083782026949213e-12
2.750835017424669e-13
2.1988010945658115e-14
1.5748814727910212e-15
1.01076531960652e-16
5.8129062669680565e-18
2.995551819142427e-19
1.3832506485630452e-20
5.723549687700734e-22
2.1221230440797966e-23
7.050439568304897e-25
2.0989512732050528e-26
5.5992395468184845e-28
1.338431866889285e-29
2.8668437118474735e-31
5.5024017454771125e-33
9.463267224021421e-35
1.4583791295231992e-36
2.0139111503120592e-38
2.492015282634444e-40
2.763131954881535e-42
2.74532066071036e-44
2.444134271345219e-46
1.9498336988085862e-48
1.3938325822774571e-50
8.92820558285938e-53
5.124580037088756e-55
2.635681377870441e-57
1.2146972964798148e-59
5.016302877872401e-62
1.856264955594837e-64
6.155122627876692e-67
1.8288327188806979e-69
4.869134656067041e-72
1.1616361438582305e-74
2.48329878985732e-77
4.756947588238483e-80
8.165227414499952e-83
1.2558817015812397e-85
1.730890959265613e-88
2.1376235009296631e-91
2.3655560916655325e-94
2.345718075951227e-97
2.0842936609197619e-100
1.6595201498040364e-103
1.1839863113481158e-106
7.569224070606562e-110
4.336072861966361e-113
2.225780380749082e-116
1.0237845651529064e-119
4.2196397473601e-123
1.5584134956788063e-126
5.15739690753951e-130
1.5293924419424273e-133
4.0639452911722807e-137
9.676477589815838e-141
2.0645588483357367e-144
3.9470967066116056e-148
6.761900822434298e-152
1.0380071745752839e-155
1.427816653476546e-159
1.7598881213415464e-163
1.9437401515811944e-167
1.9236757974201914e-171
1.7059491630352367e-175
1.3556288987419147e-179
9.652861628282076e-184
6.159023655830266e-188
