0.5521775609721623
0.14834670102889377
0.0494618229960291
0.020423514925270635
0.010368378770416645
0.006279798037491919
0.004340910457663341
0.0032858541302195382
0.0026425688225874358
0.0022140597413824225
0.0019089637370543371
0.0016806518680592074
0.001503251100107868
0.0013613517333213986
0.0012452201330548527
0.0011484032705328126
0.0010664493462778418
0.0009961842927629135
0.0009352818409328304
0.0008819968876682741
0.0008349939481870037
0.0007932332305639971
0.0007558928703481427
0.0007223145610024681
0.0006919647332307597
0.0006644063157027588
0.0006392778495817015
0.0006162778105114871
0.0005951526807865859
0.0005756877636058544
0.0005577000301535178
0.0005410324927841836
0.0005255497371803315
0.0005111343440510616
0.0004976840002920406
0.00048510914939734997
0.00047333106720865093
0.0004622802757965438
0.0004518952281286756
0.0004421212110885972
0.0004329094257036877
0.0004242162120687217
0.00041600239309561417
0.000408232716374193
0.00040087537745573954
0.00039390161103809533
0.0003872853390376721
0.0003810028665293427
0.0003750326181331038
0.0003693549087127453
0.0003639517432926261
0.00035880664194499725
0.0003539044860917218
0.0003492313832315828
0.00034477454757191045
0.0003405221944301286
0.0003364634465921853
0.00033258825108279684
0.00032888730502667914
0.0003253519894682384
0.000321974310175854
0.000318746844590986
0.0003156626941960434
0.00031271544167164585
0.0003098991122963753
0.0003072081391126475
0.000304637331442813
0.00030218184639160063
0.000299837163015846
0.00029759905888117273
0.00029546358875885074
0.00029342706524517647
0.00029148604111106955
0.0002896372932116759
0.00028787780780509074
0.00028620476714622645
0.00028461553723670423
0.00028310765662470225
0.0002816788261602094
0.0002803268996212886
0.0002790498751359572
0.00027784588733226233
0.00027671320015622096
0.0002756502003036054
0.0002746553912171917
0.00027372738760612724
0.00027286491044859894
0.0002720667824430454
0.00027133192387682615
0.00027065934888457235
0.0002700481620714578
0.000269497555479361
0.00026900680587639965
0.0002685752723526148
0.00026820239420670156
0.00026788768911065257
0.0002676307515410116
0.0002674312514671565
0.00026728893328865905
0.00026720361501531264
0.0002671751876849139
0.00026720361501531264
0.00026728893328865905
0.0002674312514671565
0.0002676307515410116
0.00026788768911065257
0.00026820239420670156
0.0002685752723526148
0.00026900680587639965
0.000269497555479361
0.0002700481620714578
0.00027065934888457235
0.00027133192387682615
0.0002720667824430454
0.00027286491044859894
0.00027372738760612724
0.0002746553912171917
0.0002756502003036054
0.00027671320015622096
0.00027784588733226233
0.0002790498751359572
0.0002803268996212886
0.0002816788261602094
0.00028310765662470225
0.00028461553723670423
0.00028620476714622645
0.00028787780780509074
0.0002896372932116759
0.00029148604111106955
0.00029342706524517647
0.00029546358875885074
0.00029759905888117273
0.000299837163015846
0.00030218184639160063
0.000304637331442813
0.0003072081391126475
0.0003098991122963753
0.00031271544167164585
0.0003156626941960434
0.000318746844590986
0.000321974310175854
0.0003253519894682384
0.00032888730502667914
0.00033258825108279684
0.0003364634465921853
0.0003405221944301286
0.00034477454757191045
0.0003492313832315828
0.0003539044860917218
0.00035880664194499725
0.0003639517432926261
0.0003693549087127453
0.0003750326181331038
0.0003810028665293427
0.0003872853390376721
0.00039390161103809533
0.00040087537745573954
0.000408232716374193
0.00041600239309561417
0.0004242162120687217
0.0004329094257036877
0.0004421212110885972
0.0004518952281286756
0.0004622802757965438
0.00047333106720865093
0.00048510914939734997
0.0004976840002920406
0.0005111343440510616
0.0005255497371803315
0.0005410324927841836
0.0005577000301535178
0.0005756877636058544
0.0005951526807865859
0.0006162778105114871
0.0006392778495817015
0.0006644063157027588
0.0006919647332307597
0.0007223145610024681
0.0007558928703481427
0.0007932332305639971
0.0008349939481870037
0.0008819968876682741
0.0009352818409328304
0.0009961842927629135
0.0010664493462778418
0.0011484032705328126
0.0012452201330548527
0.0013613517333213986
0.001503251100107868
0.0016806518680592074
0.0019089637370543371
0.0022140597413824225
0.0026425688225874358
0.0032858541302195382
0.004340910457663341
0.006279798037491919
0.010368378770416645
0.020423514925270635
0.0494618229960291
0.14834670102889377

0.012947966042673124
0.02345244979717421
0.041620673004289455
0.07965080172104545
0.1666237733317732
0.3237387964110338
0.49259643156358884
0.5425068614420596
0.43027503425775354
0.2624176634110057
0.14411577654406316
0.08515011990631688
0.054949918429972766
0.03519575926278727
0.021123520978424987
0.011696286039739887
0.005959647208868631
0.0027935725607311983
0.0012046381368089575
0.0004778702415810838
0.00017438939525718508
5.854460266647055e-05
1.8080496828884307e-05
5.136775240070187e-06
1.342540738814915e-06
3.227907557185104e-07
7.139559385271777e-08
1.4527083676381577e-08
2.719206388773666e-09
4.68233639751771e-10
7.417196043265534e-11
1.0808703661660553e-11
1.4489859298723252e-12
1.7869460164279312e-13
2.0272877825579554e-14
2.1158071461612357e-15
2.0313907111738497e-16
1.794186361045654e-17
1.457801342226373e-18
1.089647048054498e-19
7.492556967101509e-21
4.739482965977999e-22
2.7579639550016286e-23
1.476396174317298e-24
7.270661782150543e-26
3.293833786326061e-27
1.3727331563023166e-28
5.2629261159849676e-30
1.856201541154696e-31
6.022539966850819e-33
1.7975913048062358e-34
4.9358156730111746e-36
1.2467621603008804e-37
2.8971100921983304e-39
6.193028681007419e-41
1.2178614671136695e-42
2.2031770256418532e-44
3.666549940974291e-46
5.613355163944485e-48
7.90576943211625e-50
1.0242889157562152e-51
1.2208365081009337e-53
1.3385951559610199e-55
1.3501987332776936e-57
1.252860881841236e-59
1.0694604015530908e-61
8.398143171080862e-64
6.066784181361451e-66
4.031721487813664e-68
2.464785934730415e-70
1.3861958579668384e-72
7.171775606325887e-75
3.4133867214517277e-77
1.4945174931333578e-79
6.019677390182952e-82
2.2304995358274794e-84
7.603048547066365e-87
2.3841308971226494e-89
6.877476808037e-92
1.8250924948332783e-94
4.4555090477652167e-97
1.00061379671053e-99
2.067246901542464e-102
3.928935676180693e-105
6.869327051144157e-108
1.1048674392533342e-110
1.6347933494559872e-113
2.2252164184683005e-116
2.786367238537923e-119
3.2096757476750055e-122
3.401266584377675e-125
3.31571268018751e-128
2.973512811422641e-131
2.453123675568573e-134
1.8617689371081039e-137
1.2998367817599073e-140
8.348502284772624e-144
4.93270365278448e-147
2.6811319320595163e-150
1.340627277338501e-153
