0.6220212190175892
0.08701183745039016
0.017383449906910313
0.004035311398207452
0.0009941096071989489
0.0002522104069374088
6.542209349311517e-05
1.7434114467678855e-05
4.8663106506168905e-06
1.4890404814704282e-06
5.41465614366989e-07
2.536653613641661e-07
1.5320246364778084e-07
1.1040708163515808e-07
8.749904563231718e-08
7.305355307026103e-08
6.290320133250166e-08
5.529550897741949e-08
4.935910757684953e-08
4.4596229171254135e-08
4.069357242970207e-08
3.744102184316012e-08
3.469151249826752e-08
3.2338860063576954e-08
3.0304504303722556e-08
2.8529126643452583e-08
2.6967145287354653e-08
2.5582989260332117e-08
2.434851545569094e-08
2.3241180926957802e-08
2.2242726022971144e-08
2.1338210102640987e-08
2.051529499840411e-08
1.976370540628758e-08
1.907481750399655e-08
1.844134176938967e-08
1.785707587047649e-08
1.7316710283483103e-08
1.6815674015125562e-08
1.6350011132602225e-08
1.591628118032056e-08
1.5511478278306253e-08
1.5132964950393075e-08
1.4778417654913539e-08
1.4445781679435007e-08
1.4133233578917037e-08
1.3839149729286264e-08
1.3562079868516493e-08
1.3300724728421823e-08
1.3053917039656849e-08
1.2820605332446955e-08
1.2599840065649106e-08
1.2390761703809537e-08
1.219259043115337e-08
1.2004617246858234e-08
1.1826196230535274e-08
1.1656737802870848e-08
1.1495702835649334e-08
1.1342597489260974e-08
1.1196968675375569e-08
1.1058400058578063e-08
1.0926508524081469e-08
1.0800941049684757e-08
1.068137192934825e-08
1.05675003034536e-08
1.0459047957269484e-08
1.0355757354576034e-08
1.0257389877987421e-08
1.0163724251396418e-08
1.0074555123264931e-08
9.98969179229586e-09
9.908957059424211e-09
9.832186192123346e-09
9.759225988790458e-09
9.689933932498077e-09
9.624177424713307e-09
9.561833090724554e-09
9.502786149503149e-09
9.446929841586101e-09
9.394164909315166e-09
9.34439912442176e-09
9.29754685852046e-09
9.253528692577186e-09
9.212271061861057e-09
9.173705933279758e-09
9.137770512343811e-09
9.104406977311892e-09
9.073562238341686e-09
9.045187719714074e-09
9.019239163415917e-09
8.995676452561856e-09
8.97446345331183e-09
8.955567874099791e-09
8.938961141134172e-09
8.924618289262679e-09
8.912517867415397e-09
8.90264185795256e-09
8.894975609347639e-09
8.889507781734564e-09
8.886230304940399e-09
8.885138348713248e-09
8.886230304940399e-09
8.889507781734564e-09
8.894975609347639e-09
8.90264185795256e-09
8.912517867415397e-09
8.924618289262679e-09
8.938961141134172e-09
8.955567874099791e-09
8.97446345331183e-09
8.995676452561856e-09
9.019239163415917e-09
9.045187719714074e-09
9.073562238341686e-09
9.104406977311892e-09
9.137770512343811e-09
9.173705933279758e-09
9.212271061861057e-09
9.253528692577186e-09
9.29754685852046e-09
9.34439912442176e-09
9.394164909315166e-09
9.446929841586101e-09
9.502786149503149e-09
9.561833090724554e-09
9.624177424713307e-09
9.689933932498077e-09
9.759225988790458e-09
9.832186192123346e-09
9.908957059424211e-09
9.98969179229586e-09
1.0074555123264931e-08
1.0163724251396418e-08
1.0257389877987421e-08
1.0355757354576034e-08
1.0459047957269484e-08
1.05675003034536e-08
1.068137192934825e-08
1.0800941049684757e-08
1.0926508524081469e-08
1.1058400058578063e-08
1.1196968675375569e-08
1.1342597489260974e-08
1.1495702835649334e-08
1.1656737802870848e-08
1.1826196230535274e-08
1.2004617246858234e-08
1.219259043115337e-08
1.2390761703809537e-08
1.2599840065649106e-08
1.2820605332446955e-08
1.3053917039656849e-08
1.3300724728421823e-08
1.3562079868516493e-08
1.3839149729286264e-08
1.4133233578917037e-08
1.4445781679435007e-08
1.4778417654913539e-08
1.5132964950393075e-08
1.5511478278306253e-08
1.591628118032056e-08
1.6350011132602225e-08
1.6815674015125562e-08
1.7316710283483103e-08
1.785707587047649e-08
1.844134176938967e-08
1.907481750399655e-08
1.976370540628758e-08
2.051529499840411e-08
2.1338210102640987e-08
2.2242726022971144e-08
2.3241180926957802e-08
2.434851545569094e-08
2.5582989260332117e-08
2.6967145287354653e-08
2.8529126643452583e-08
3.0304504303722556e-08
3.2338860063576954e-08
3.469151249826752e-08
3.744102184316012e-08
4.069357242970207e-08
4.4596229171254135e-08
4.935910757684953e-08
5.529550897741949e-08
6.290320133250166e-08
7.305355307026103e-08
8.749904563231718e-08
1.1040708163515808e-07
1.5320246364778084e-07
2.536653613641661e-07
5.41465614366989e-07
1.4890404814704282e-06
4.8663106506168905e-06
1.7434114467678855e-05
6.542209349311517e-05
0.0002522104069374088
0.0009941096071989489
0.004035311398207452
0.017383449906910313
0.08701183745039016

4.0049838460189847e-07
2.7430368896665244e-06
1.620721825906743e-05
8.26097420563231e-05
0.00036324530705243545
0.0013949509815385436
0.09930815181813324
1.1175933859738623
0.05800686515255389
0.0651241735775424
0.11802593403122981
0.18453037099730998
0.24888814834191933
0.2895919807583421
0.2906797641065249
0.25170336386740966
0.1880222273879328
0.1211644791285021
0.06735772322811946
0.03230319145476441
0.013364398490512764
0.00476979105560779
0.0014685720079381716
0.0003900650957714104
8.937681763336574e-05
1.7666830281650087e-05
3.0125782745665985e-06
4.431635121930988e-07
5.623874289627244e-08
6.156773347860343e-09
5.814557647178016e-10
4.7372482947084544e-11
3.329519544557209e-12
2.0187518700202835e-13
1.0559181824352529e-14
4.764568197149806e-16
1.854653484228655e-17
6.22799083610665e-19
1.8041768374969392e-20
4.508750400697929e-22
9.720290352920266e-24
1.8077910614222779e-25
2.9004353159501142e-27
4.014431827775512e-29
4.7932595130628085e-31
4.937234459147783e-33
4.387150297691679e-35
3.3630027886894842e-37
2.2239135186917027e-39
1.2686870741994726e-41
6.243628989629257e-44
2.650730740345768e-46
9.708230826277546e-49
3.067330166130365e-51
8.360397192882783e-54
1.9657996286117649e-56
3.98747101825594e-59
6.977531139156165e-62
1.0532997474256318e-64
1.3716652291904361e-67
1.540955979079917e-70
1.4934073615838306e-73
1.2485682765922899e-76
9.0051770868345e-80
5.602968385158682e-83
3.00739199372036e-86
1.3925405787174195e-89
5.562520602262054e-93
1.9168201166462115e-96
5.698191460659279e-100
1.4612975947921076e-103
3.2328552102626655e-107
6.169923681741747e-111
1.0158259028069875e-114
1.4427953251321524e-118
1.7678121850772689e-122
1.868587643196108e-126
1.7038712501538807e-130
1.3403123842158435e-134
9.0953881751322e-139
5.324543751562247e-143
2.688992024701404e-147
1.1715007777653598e-151
4.402928179493194e-156
1.4275343731793837e-160
3.992799479162508e-165
9.634171633894103e-170
2.0053824542406652e-174
3.601023831632091e-179
5.578285438913692e-184
7.454549858151678e-189
8.593855900777178e-194
8.546743369685912e-199
7.332620575309919e-204
5.427048658224688e-209
3.4650872193864608e-214
1.9085809242184786e-219
9.068865061921948e-225
3.717416771804187e-230
1.3145451917654942e-235
