1.1072389357124723
0.0702277612191601
0.005360499895403104
0.00047675254902122187
4.8934671041799075e-05
5.8604623825822565e-06
8.430706392032259e-07
1.515911883860042e-07
3.521078757725864e-08
1.0603015353639133e-08
4.055303786608097e-09
1.8949806645809664e-09
1.0399684421675444e-09
6.469708714178475e-10
4.428812951003228e-10
3.258528583586711e-10
2.5312914316464163e-10
2.0490060804500767e-10
1.7118608508668497e-10
1.4658512406938803e-10
1.279924901787212e-10
1.1352721308311493e-10
1.0199775038677397e-10
9.261957602204345e-11
8.485857218773589e-11
7.83403524380774e-11
7.27957154328375e-11
6.80267016585091e-11
6.388482360726736e-11
6.025672151949414e-11
5.7054480170811136e-11
5.42089479947014e-11
5.166503587624134e-11
4.937834931639238e-11
4.731273620744568e-11
4.543847456234044e-11
4.373091483614576e-11
4.2169450011477274e-11
4.073672526854221e-11
3.941802501779661e-11
3.820079278349219e-11
3.7074251687978445e-11
3.602910189219948e-11
3.5057277464638677e-11
3.4151749550632215e-11
3.3306365913857335e-11
3.251571927342351e-11
3.177503860519829e-11
3.1080098883126136e-11
3.0427145723835625e-11
2.981283215004198e-11
2.923416526566309e-11
2.8688461082051254e-11
2.8173306082391134e-11
2.768652438379168e-11
2.7226149571499753e-11
2.6790400450164023e-11
2.637766009311973e-11
2.5986457679801305e-11
2.561545269939326e-11
2.5263421170143325e-11
2.492924358182305e-11
2.4611894316306523e-11
2.4310432340241886e-11
2.402399299596099e-11
2.3751780743412302e-11
2.349306272804703e-11
2.3247163068064138e-11
2.3013457769889193e-11
2.2791370193758356e-11
2.2580367002233617e-11
2.2379954533738514e-11
2.2189675551060935e-11
2.2009106321453405e-11
2.1837853990664706e-11
2.1675554218115697e-11
2.152186904461888e-11
2.1376484967642205e-11
2.123911120222382e-11
2.1109478108330453e-11
2.0987335767780792e-11
2.0872452695878943e-11
2.0764614674666805e-11
2.0663623696244753e-11
2.0569297005959485e-11
2.0481466236442776e-11
2.0399976624528527e-11
2.032468630399709e-11
2.025546566791208e-11
2.019219679504071e-11
2.013477293549536e-11
2.0083098051313553e-11
2.00370864082144e-11
1.999666221523967e-11
1.996175930941504e-11
1.9932320882956895e-11
1.9908299250908607e-11
1.988965565742223e-11
1.9876360119211266e-11
1.9868391304991735e-11
1.9865736450006208e-11
1.9868391304991735e-11
1.9876360119211266e-11
1.988965565742223e-11
1.9908299250908607e-11
1.9932320882956895e-11
1.996175930941504e-11
1.999666221523967e-11
2.00370864082144e-11
2.0083098051313553e-11
2.013477293549536e-11
2.019219679504071e-11
2.025546566791208e-11
2.032468630399709e-11
2.0399976624528527e-11
2.0481466236442776e-11
2.0569297005959485e-11
2.0663623696244753e-11
2.0764614674666805e-11
2.0872452695878943e-11
2.0987335767780792e-11
2.1109478108330453e-11
2.123911120222382e-11
2.1376484967642205e-11
2.152186904461888e-11
2.1675554218115697e-11
2.1837853990664706e-11
2.2009106321453405e-11
2.2189675551060935e-11
2.2379954533738514e-11
2.2580367002233617e-11
2.2791370193758356e-11
2.3013457769889193e-11
2.3247163068064138e-11
2.349306272804703e-11
2.3751780743412302e-11
2.402399299596099e-11
2.4310432340241886e-11
2.4611894316306523e-11
2.492924358182305e-11
2.5263421170143325e-11
2.561545269939326e-11
2.5986457679801305e-11
2.637766009311973e-11
2.6790400450164023e-11
2.7226149571499753e-11
2.768652438379168e-11
2.8173306082391134e-11
2.8688461082051254e-11
2.923416526566309e-11
2.981283215004198e-11
3.0427145723835625e-11
3.1080098883126136e-11
3.177503860519829e-11
3.251571927342351e-11
3.3306365913857335e-11
3.4151749550632215e-11
3.5057277464638677e-11
3.602910189219948e-11
3.7074251687978445e-11
3.820079278349219e-11
3.941802501779661e-11
4.073672526854221e-11
4.2169450011477274e-11
4.373091483614576e-11
4.543847456234044e-11
4.731273620744568e-11
4.937834931639238e-11
5.166503587624134e-11
5.42089479947014e-11
5.7054480170811136e-11
6.025672151949414e-11
6.388482360726736e-11
6.80267016585091e-11
7.27957154328375e-11
7.83403524380774e-11
8.485857218773589e-11
9.261957602204345e-11
1.0199775038677397e-10
1.1352721308311493e-10
1.279924901787212e-10
1.4658512406938803e-10
1.7118608508668497e-10
2.0490060804500767e-10
2.5312914316464163e-10
3.258528583586711e-10
4.428812951003228e-10
6.469708714178475e-10
1.0399684421675444e-09
1.8949806645809664e-09
4.055303786608097e-09
1.0603015353639133e-08
3.521078757725864e-08
1.515911883860042e-07
8.430706392032259e-07
5.8604623825822565e-06
4.8934671041799075e-05
0.00047675254902122187
0.005360499895403104
0.0702277612191601

8.584950145184867e-10
1.2250488084813788e-08
1.447914121804939e-07
1.4171467865896472e-06
1.1485473134468994e-05
7.709763107963732e-05
0.0004294274383908324
0.002010693516143559
0.00837826811300685
0.03444583621251489
0.13553642308199626
0.4110428143840857
0.8136256715969248
1.0172354977278297
0.8864632019986134
0.6751371644481352
0.5290708406995229
0.40199386572902485
0.2715169967444375
0.15897088301994627
0.08049150612289277
0.035226562757840855
0.013297728835978479
0.0043157062998512305
0.0011997656540693818
0.00028471398780977205
5.7508539028901476e-05
9.865094224983941e-06
1.4348940755102446e-06
1.7677152538351914e-07
1.8431764144854287e-08
1.6258740878512357e-09
1.2129762668586345e-10
7.65230220918673e-12
4.0819303980082704e-13
1.840984020898026e-14
7.019934349802897e-16
2.2631231000667742e-17
6.168393233161373e-19
1.421421886739838e-20
2.769237469101279e-22
4.561243593823382e-24
6.351729875336612e-26
7.478015820034235e-28
7.443313458719026e-30
6.263712163724524e-32
4.456386235343374e-34
2.6805221567340563e-36
1.363143330688279e-38
5.86069592093334e-41
2.130308000931326e-43
6.546680583805674e-46
1.700926115730178e-48
3.736244514369968e-51
6.93858120449368e-54
1.0894106186610702e-56
1.4460991693567614e-59
1.622893769814407e-62
1.5398118347001213e-65
1.2351814397980778e-68
8.376824272883074e-72
4.803011169728402e-75
2.328269945232196e-78
9.541982402344124e-82
3.306202381136502e-85
9.685137732032545e-89
2.3986545815347904e-92
5.0224447314474635e-96
8.890949932683608e-100
1.330658788690749e-103
1.6837235743590537e-107
1.8011937128065892e-111
1.629054432565247e-115
1.245650805625775e-119
8.052719551775385e-124
4.401233190102839e-128
2.0337226623829123e-132
7.945013156594789e-137
2.6241161682222976e-141
7.327520418955498e-146
1.729882325112441e-150
3.4527221363322242e-155
5.82629192165741e-160
8.312054770766303e-165
1.0025593589888213e-169
1.0223446734477253e-174
8.813940724781934e-180
6.424339094916159e-185
3.9588799351942093e-190
2.0625370041048172e-195
9.084828036663333e-201
3.383118554810071e-206
1.0651315936619896e-211
2.8351422915557297e-217
6.3801662840857755e-223
1.2138769894821457e-228
1.9525533269953728e-234
2.655318814492828e-240
3.0529239457957275e-246
2.967569109789084e-252
