1.1709554188186437
0.3180041539018768
0.1343417553273828
0.07798593530886307
0.054606898423366
0.042309102898873206
0.034685403793517276
0.029443117321396595
0.02559624017792428
0.022648652595499245
0.020318871546928463
0.018432948511950834
0.016876733181601256
0.015571968940849576
0.014463176334840868
0.01350994576256371
0.012682170605701325
0.011956980352787618
0.011316704029516228
0.010747481675919
0.010238295980739701
0.009780283386232439
0.009366235262142995
0.008990230913649148
0.008647363658084073
0.008333533662150162
0.00804528937094741
0.00777970478032981
0.007534283475959754
0.007306882889330676
0.007095653985370332
0.006898992844771198
0.0067155014987872585
0.006543956022704089
0.006383280369366021
0.006232524775888284
0.006090847839544873
0.005957501557027931
0.005831818771989104
0.005713202591290013
0.005601117419594383
0.005495081331311715
0.005394659553223112
0.005299458873923534
0.0052091228301482375
0.00512332754710806
0.005041778131650685
0.0049642055345479495
0.004890363812369919
0.004820027730931089
0.004752990661716132
0.004689062730429599
0.004628069183193566
0.004569848941199031
0.004514253319006379
0.004461144885351904
0.004410396448382637
0.004361890149816585
0.00431551665469552
0.004271174425232069
0.004228769068808738
0.004188212751509845
0.004149423669696123
0.004112325573097213
0.0040768473337253535
0.004042922555625514
0.0040104892210909345
0.003979489369503379
0.003949868805416729
0.003921576832901265
0.003894566013513009
0.0038687919455549506
0.003844213062561388
0.003820790449168115
0.0037984876727342864
0.003777270629260396
0.0037571074023041782
0.003737968133735077
0.003719824905290831
0.0037026516300085544
0.0036864239526993863
0.003671119158721782
0.0036567160903852366
0.0036431950703847173
0.003630537831727468
0.003618727453668899
0.0036077483032238016
0.0035975859818638237
0.003588227277052531
0.003579660118306019
0.0035718735375004267
0.0035648576331780858
0.003558603538632032
0.0035531033935742137
0.003548350319216578
0.0035443383966162205
0.0035410626481564996
0.0035385190220553965
0.0035367043798108047
0.0035356164865099652
0.003535254003947143
0.0035356164865099652
0.0035367043798108047
0.0035385190220553965
0.0035410626481564996
0.0035443383966162205
0.003548350319216578
0.0035531033935742137
0.003558603538632032
0.0035648576331780858
0.0035718735375004267
0.003579660118306019
0.003588227277052531
0.0035975859818638237
0.0036077483032238016
0.003618727453668899
0.003630537831727468
0.0036431950703847173
0.0036567160903852366
0.003671119158721782
0.0036864239526993863
0.0037026516300085544
0.003719824905290831
0.003737968133735077
0.0037571074023041782
0.003777270629260396
0.0037984876727342864
0.003820790449168115
0.003844213062561388
0.0038687919455549506
0.003894566013513009
0.003921576832901265
0.003949868805416729
0.003979489369503379
0.0040104892210909345
0.004042922555625514
0.0040768473337253535
0.004112325573097213
0.004149423669696123
0.004188212751509845
0.004228769068808738
0.004271174425232069
0.00431551665469552
0.004361890149816585
0.004410396448382637
0.004461144885351904
0.004514253319006379
0.004569848941199031
0.004628069183193566
0.004689062730429599
0.004752990661716132
0.004820027730931089
0.004890363812369919
0.0049642055345479495
0.005041778131650685
0.00512332754710806
0.0052091228301482375
0.005299458873923534
0.005394659553223112
0.005495081331311715
0.005601117419594383
0.005713202591290013
0.005831818771989104
0.005957501557027931
0.006090847839544873
0.006232524775888284
0.006383280369366021
0.006543956022704089
0.0067155014987872585
0.006898992844771198
0.007095653985370332
0.007306882889330676
0.007534283475959754
0.00777970478032981
0.00804528937094741
0.008333533662150162
0.008647363658084073
0.008990230913649148
0.009366235262142995
0.009780283386232439
0.010238295980739701
0.010747481675919
0.011316704029516228
0.011956980352787618
0.012682170605701325
0.01350994576256371
0.014463176334840868
0.015571968940849576
0.016876733181601256
0.018432948511950834
0.020318871546928463
0.022648652595499245
0.02559624017792428
0.029443117321396595
0.034685403793517276
0.042309102898873206
0.054606898423366
0.07798593530886307
0.1343417553273828
0.3180041539018768

0.17449692587206964
0.214455097018637
0.2343975674508294
0.22788894150123842
0.2012886895342588
0.2641836009047484
0.8159481367314603
1.1539620053116595
0.5014144211455994
0.2540195668341517
0.3722208200351975
0.4756252076477874
0.4479326772467917
0.3080895238301558
0.15448841220605203
0.05644987879692136
0.015028475622744668
0.0029149550674724394
0.00041191891486897284
4.240994531281731e-05
3.181593410790569e-06
1.7397451321700918e-07
6.9421715461375516e-09
2.0309994791153712e-10
4.451120469442872e-12
8.105960448755131e-14
1.7704933533084944e-15
6.652682519183597e-17
3.1725926610478533e-18
1.44682016742579e-19
5.92220042411163e-21
2.1578052400452504e-22
6.992617991620708e-24
2.01528522745625e-25
5.165358633157371e-27
1.1774204573863386e-28
2.3868757291782333e-30
4.3032360869335846e-32
6.899659710431564e-34
9.838464081810278e-36
1.2476537340323664e-37
1.4071097449959406e-39
1.4113314019157001e-41
1.2589172148670095e-43
9.986940759075707e-46
7.045874591244411e-48
4.420836751475047e-50
2.4668411296185008e-52
1.224179259977177e-54
5.402763881032781e-57
2.1205772213373916e-59
7.40217468768596e-62
2.2979030511953088e-64
6.344117344991514e-67
1.557678576036101e-69
3.4013523233081603e-72
6.605299690658878e-75
1.1407765039338762e-77
1.752167990569108e-80
2.3934152314721345e-83
2.907552013725626e-86
3.1412613338780905e-89
3.0181983565011443e-92
2.5790432296284935e-95
1.9599121223606424e-98
1.3245907264391794e-101
7.961482688015e-105
4.2557228164988694e-108
2.023111628023473e-111
8.553295818579351e-115
3.2159869114362134e-118
1.0753805726105474e-121
3.1979909770268215e-125
8.457839032653243e-129
1.9893386972388038e-132
4.161263142265798e-136
7.741208460551746e-140
1.2807355930304092e-143
1.88441837157671e-147
2.465825354334598e-151
2.869554198081187e-155
2.9698443165979076e-159
2.733506237093404e-163
2.2375543265418416e-167
1.628899318882704e-171
1.054586065656614e-175
6.072072514754389e-180
3.1092740622153606e-184
1.41595089485214e-188
5.734618275581663e-193
2.0655131790382177e-197
6.616351356685414e-202
1.8848477850462356e-206
4.775305281061739e-211
1.075952581709384e-215
2.1560173770646617e-220
3.842187153031417e-225
6.089363616344124e-230
8.582868018228705e-235
1.0758707350119844e-239
