1.1616028093631448
0.32804531984358254
0.1475016961326547
0.07302502878283143
0.03692804090970204
0.01884379665845585
0.009682299709343062
0.005007249087652821
0.0026060754862343963
0.0013649928961034167
0.000719491950087676
0.00038165632743622654
0.00020373683505354952
0.0001094503243197714
5.917181991898596e-05
3.219313104493809e-05
1.7626335445846048e-05
9.712064504448621e-06
5.3853274401601235e-06
3.005136532606849e-06
1.6875966382686975e-06
9.537328463650278e-07
5.424260424672665e-07
3.1046546402738813e-07
1.7883404757531728e-07
1.0367151113251619e-07
6.048585685033133e-08
3.551841322567879e-08
2.099375280928964e-08
1.2491435339985407e-08
7.485252679513309e-09
4.515887625043774e-09
2.744916451842849e-09
1.6820387105050185e-09
1.0400827780404178e-09
6.498575816621225e-10
4.1109386964762473e-10
2.64017676135827e-10
1.7278539296438887e-10
1.157763122651593e-10
7.98717084599777e-11
5.7064321442228715e-11
4.243765009953091e-11
3.295486286597037e-11
2.672886243693548e-11
2.2579872865599186e-11
1.9765785511856377e-11
1.781687826867674e-11
1.643393899126711e-11
1.5425116981861807e-11
1.4666559903463626e-11
1.4077739007915345e-11
1.3605894595379843e-11
1.3216175366335033e-11
1.288535196952095e-11
1.2597786395656398e-11
1.2342832897773357e-11
1.2113152282304883e-11
1.1903612141083846e-11
1.1710565025203754e-11
1.1531371734816093e-11
1.1364084458554882e-11
1.1207234739829702e-11
1.1059690577387901e-11
1.0920559385121447e-11
1.0789121553410077e-11
1.0664784556728175e-11
1.0547050945118313e-11
1.0435495781030312e-11
1.0329750548078175e-11
1.0229491528324548e-11
1.0134431290306503e-11
1.0044312361920217e-11
9.958902452748744e-12
9.87799078681717e-12
9.801385240289657e-12
9.728910069926499e-12
9.660404080917495e-12
9.595719126166322e-12
9.534718859368559e-12
9.477277685450348e-12
9.423279866924601e-12
9.372618755389072e-12
9.325196125044636e-12
9.280921590651539e-12
9.239712096388674e-12
9.201491465067498e-12
9.16618999938023e-12
9.133744128543345e-12
9.104096094981798e-12
9.077193676693569e-12
9.052989941714365e-12
9.031443031723302e-12
9.012515972332387e-12
8.996176508014636e-12
8.982396959969413e-12
8.971154105515209e-12
8.962429077851818e-12
8.956207285254952e-12
8.952478348964334e-12
8.951236059206855e-12
8.952478348964334e-12
8.956207285254952e-12
8.962429077851818e-12
8.971154105515209e-12
8.982396959969413e-12
8.996176508014636e-12
9.012515972332387e-12
9.031443031723302e-12
9.052989941714365e-12
9.077193676693569e-12
9.104096094981798e-12
9.133744128543345e-12
9.16618999938023e-12
9.201491465067498e-12
9.239712096388674e-12
9.280921590651539e-12
9.325196125044636e-12
9.372618755389072e-12
9.423279866924601e-12
9.477277685450348e-12
9.534718859368559e-12
9.595719126166322e-12
9.660404080917495e-12
9.728910069926499e-12
9.801385240289657e-12
9.87799078681717e-12
9.958902452748744e-12
1.0044312361920217e-11
1.0134431290306503e-11
1.0229491528324548e-11
1.0329750548078175e-11
1.0435495781030312e-11
1.0547050945118313e-11
1.0664784556728175e-11
1.0789121553410077e-11
1.0920559385121447e-11
1.1059690577387901e-11
1.1207234739829702e-11
1.1364084458554882e-11
1.1531371734816093e-11
1.1710565025203754e-11
1.1903612141083846e-11
1.2113152282304883e-11
1.2342832897773357e-11
1.2597786395656398e-11
1.288535196952095e-11
1.3216175366335033e-11
1.3605894595379843e-11
1.4077739007915345e-11
1.4666559903463626e-11
1.5425116981861807e-11
1.643393899126711e-11
1.781687826867674e-11
1.9765785511856377e-11
2.2579872865599186e-11
2.672886243693548e-11
3.295486286597037e-11
4.243765009953091e-11
5.7064321442228715e-11
7.98717084599777e-11
1.157763122651593e-10
1.7278539296438887e-10
2.64017676135827e-10
4.1109386964762473e-10
6.498575816621225e-10
1.0400827780404178e-09
1.6820387105050185e-09
2.744916451842849e-09
4.515887625043774e-09
7.485252679513309e-09
1.2491435339985407e-08
2.099375280928964e-08
3.551841322567879e-08
6.048585685033133e-08
1.0367151113251619e-07
1.7883404757531728e-07
3.1046546402738813e-07
5.424260424672665e-07
9.537328463650278e-07
1.6875966382686975e-06
3.005136532606849e-06
5.3853274401601235e-06
9.712064504448621e-06
1.7626335445846048e-05
3.219313104493809e-05
5.917181991898596e-05
0.0001094503243197714
0.00020373683505354952
0.00038165632743622654
0.000719491950087676
0.0013649928961034167
0.0026060754862343963
0.005007249087652821
0.009682299709343062
0.01884379665845585
0.03692804090970204
0.07302502878283143
0.1475016961326547
0.32804531984358254

3.7952203642500293e-10
1.613188542102234e-08
0.0028045379247442605
1.43221502897006
1.161884124778518
0.0016100527887770476
0.0007130533592698406
0.0035970692111322164
0.014482023950220468
0.0465330549273879
0.11932891879663059
0.24422025628589053
0.3989050150236963
0.5200069480851194
0.541004195814228
0.44920435365708267
0.29767277546314813
0.15742949901789544
0.06644846403767814
0.022383892759566443
0.006017805167191472
0.001291196873896239
0.0002211050416695351
3.0217369957095448e-05
3.29584299255263e-06
2.8689845137529923e-07
1.9931580134522293e-08
1.1051140302999316e-09
4.890173770417359e-11
1.7270039373557627e-12
4.867592352721436e-14
1.0949313966831237e-15
1.9656738257165756e-17
2.8163578565836184e-19
3.2204462555289453e-21
2.9389764848965494e-23
2.1405629456159225e-25
1.244261696304973e-27
5.7722787712864326e-30
2.1371484937021665e-32
6.315008469501973e-35
1.4892410966650557e-37
2.802902068030837e-40
4.210199469781219e-43
5.047185387499673e-46
4.828894069374035e-49
3.687210539318717e-52
2.2469842645586295e-55
1.0928334064070719e-58
4.241893202409309e-62
1.3140664720436997e-65
3.248828419823894e-69
6.410443151992887e-73
1.0094880154883288e-76
1.2687209702862842e-80
1.2725735890510142e-84
1.0187122525926186e-88
6.508366339600531e-93
3.3185188395582576e-97
1.3504186318883556e-101
4.385755248287207e-106
1.1367689398512889e-110
2.351537140218739e-115
3.882248426538052e-120
5.115247354392843e-125
5.379003078596558e-130
4.514283014385288e-135
3.0236227857006196e-140
1.6162862290099242e-145
6.895420767199171e-151
2.3477676217165604e-156
6.379715058180914e-162
1.3835641220489101e-167
2.394689102042362e-173
3.307888182868054e-179
3.646736131486808e-185
3.208556535235345e-191
2.2530295542362063e-197
1.2626294590586156e-203
5.647247003825661e-210
2.0158094930251116e-216
5.742672177112085e-223
1.3056609060694318e-229
2.3691830284722314e-236
3.4309837548484806e-243
3.9654323675139235e-250
3.657752107189616e-257
2.6927115165069246e-264
1.582039136963981e-271
7.418164416448101e-279
2.7760515290592447e-286
8.291067067899148e-294
1.9762649571167566e-301
3.759514360478237e-309
5.7078184e-317
0.0
0.0
0.0
0.0
0.0
