0.8630498351513294
0.20335153044303048
0.082268546572927
0.046853845811616425
0.032239598834606115
0.024599410507821984
0.019928638125808085
0.016768779231759103
0.014483840476743372
0.012753897726420355
0.011399415840701817
0.010311129231320906
0.009418428109573301
0.00867356415324091
0.008043078558092331
0.007502837504577219
0.007035006726996201
0.006626131372461654
0.006265876192354246
0.005946175513498691
0.005660645742952816
0.005404170671245703
0.005172603222830293
0.004962547329709803
0.004771195971110705
0.0045962092526444336
0.0044356214679993665
0.00428776943441744
0.004151236644861035
0.0040248093191939385
0.003907441505251769
0.0037982271328348316
0.0036963774600065934
0.0036012027381743953
0.003512097204952188
0.00342852672217865
0.0033500185316637414
0.0032761527179006244
0.0032065550554381973
0.0031408909862302293
0.003078860524367604
0.003020193926019878
0.002964647993992243
0.0029120029111387303
0.0028620595165238035
0.002814636953865932
0.0027695706343162634
0.0027267104656997967
0.002685919308494296
0.0026470716254440637
0.0026100522971123042
0.0025747555801098926
0.0025410841883902373
0.002508948481019918
0.0024782657423418884
0.0024489595425373255
0.0024209591683394373
0.002394199115118862
0.002368618632795022
0.0023441613190707303
0.0023207747543711123
0.002298410173619033
0.002277022170619358
0.002256568431371601
0.0022370094930994435
0.0022183085261885493
0.002200431136571242
0.0021833451863963456
0.002167020631082008
0.0021514293710743954
0.00213654511683098
0.002122343265717718
0.002108800789658447
0.002095896132505228
0.002083609116212784
0.0020719208550006455
0.0020608136767751883
0.0020502710511618094
0.0020402775235665582
0.0020308186547477033
0.0020218809654319906
0.002013451885558666
0.0020055197077773375
0.0019980735448642075
0.0019911032907556146
0.0019845995849286577
0.001978553779886464
0.0019729579115306648
0.001967804672226262
0.001963087386384602
0.001958799988408805
0.0019549370028630426
0.0019514935267426654
0.0019484652137365347
0.0019458482603861918
0.0019436393940588479
0.001941835862662688
0.0019404354260438377
0.0019394363490146148
0.0019388373959724494
0.0019386378270782954
0.0019388373959724494
0.0019394363490146148
0.0019404354260438377
0.001941835862662688
0.0019436393940588479
0.0019458482603861918
0.0019484652137365347
0.0019514935267426654
0.0019549370028630426
0.001958799988408805
0.001963087386384602
0.001967804672226262
0.0019729579115306648
0.001978553779886464
0.0019845995849286577
0.0019911032907556146
0.0019980735448642075
0.0020055197077773375
0.002013451885558666
0.0020218809654319906
0.0020308186547477033
0.0020402775235665582
0.0020502710511618094
0.0020608136767751883
0.0020719208550006455
0.002083609116212784
0.002095896132505228
0.002108800789658447
0.002122343265717718
0.00213654511683098
0.0021514293710743954
0.002167020631082008
0.0021833451863963456
0.002200431136571242
0.0022183085261885493
0.0022370094930994435
0.002256568431371601
0.002277022170619358
0.002298410173619033
0.0023207747543711123
0.0023441613190707303
0.002368618632795022
0.002394199115118862
0.0024209591683394373
0.0024489595425373255
0.0024782657423418884
0.002508948481019918
0.0025410841883902373
0.0025747555801098926
0.0026100522971123042
0.0026470716254440637
0.002685919308494296
0.0027267104656997967
0.0027695706343162634
0.002814636953865932
0.0028620595165238035
0.0029120029111387303
0.002964647993992243
0.003020193926019878
0.003078860524367604
0.0031408909862302293
0.0032065550554381973
0.0032761527179006244
0.0033500185316637414
0.00342852672217865
0.003512097204952188
0.0036012027381743953
0.0036963774600065934
0.0037982271328348316
0.003907441505251769
0.0040248093191939385
0.004151236644861035
0.00428776943441744
0.0044356214679993665
0.0045962092526444336
0.004771195971110705
0.004962547329709803
0.005172603222830293
0.005404170671245703
0.005660645742952816
0.005946175513498691
0.006265876192354246
0.006626131372461654
0.007035006726996201
0.007502837504577219
0.008043078558092331
0.00867356415324091
0.009418428109573301
0.010311129231320906
0.011399415840701817
0.012753897726420355
0.014483840476743372
0.016768779231759103
0.019928638125808085
0.024599410507821984
0.032239598834606115
0.046853845811616425
0.082268546572927
0.20335153044303048

0.09550529680716335
0.12298898922744582
0.14396105695770972
0.1548040551794459
0.15708130329237546
0.2000859559485106
0.5564069723430409
0.40985575752108666
0.2527926528928412
0.3055767730684359
0.3558607466824591
0.376011379355115
0.3552873293837259
0.29834681051652506
0.22206976098980277
0.14635333063967654
0.08536005783435442
0.04405100912957794
0.020112510123125905
0.00812396364834183
0.0029030377837192733
0.0009177334447872985
0.00025665973358856984
6.350023514941739e-05
1.3898530976424812e-05
2.691151910991869e-06
4.609811448876316e-07
6.985599538725744e-08
9.364826840685956e-09
1.1106349694864823e-09
1.1652482305070398e-10
1.081536228984008e-11
8.880536424561507e-13
6.450788966829036e-14
4.145357347530397e-15
2.3566040488727813e-16
1.1851866993418948e-17
5.273056476296462e-19
2.075456239273943e-20
7.226703601913881e-22
2.2260884117165482e-23
6.066246851057157e-25
1.4624238220703942e-26
3.1189034500027728e-28
5.884453192198787e-30
9.821680408742567e-32
1.4502437016343433e-33
1.894399984885413e-35
2.189161889578541e-37
2.2379974142065895e-39
2.0240292560855914e-41
1.6193826980268053e-43
1.1461928840680247e-45
7.176974858175268e-48
3.975581360104535e-50
1.948208215696964e-52
8.4458934669268e-55
3.2391520263398246e-57
1.0989870328161744e-59
3.2985973708315144e-62
8.758738348205277e-65
2.0574500527283186e-67
4.2755555471118797e-70
7.860158598781209e-73
1.2783376178105054e-75
1.8392269973582762e-78
2.3409956204296065e-81
2.635975524092651e-84
2.625775850432374e-87
2.313925811117719e-90
1.8039176838391952e-93
1.2441120788257954e-96
7.59062965961215e-100
4.097053233106299e-103
1.9563246174308784e-106
8.263913188389502e-110
3.088204794204489e-113
1.0209441191177308e-116
2.9858872610621107e-120
7.72539043100601e-124
1.7682478804077867e-127
3.580483587828783e-131
6.413814063229541e-135
1.016407336059721e-138
1.4249420671675493e-142
1.7672874781455316e-146
1.9391135139184607e-150
1.8823356912180032e-154
1.616644601634822e-158
1.2286080819631147e-162
8.264655313500216e-167
4.9243883702431e-171
2.603207789615093e-175
1.2256984341784911e-179
5.187593684705205e-184
2.0154030429115927e-188
7.504394622312378e-193
2.8697991231295245e-197
1.2002801503089396e-201
5.482855371262715e-206
