0.8820179479706024
0.02698253336039222
0.001163523153811271
7.197315827784981e-05
6.543642480205584e-06
8.938841747035989e-07
1.8426247855959208e-07
5.567565943840514e-08
2.312984501177715e-08
1.2199250300429506e-08
7.598778154092112e-09
5.300863089246015e-09
3.994816035321967e-09
3.177432405621073e-09
2.6273079290208764e-09
2.2358612466861165e-09
1.944972936058528e-09
1.7212410751276187e-09
1.5443153236638172e-09
1.4011820557630516e-09
1.283174665534966e-09
1.18431974013958e-09
1.1003774042931709e-09
1.0282610099607208e-09
9.656733999154314e-10
9.108716427909056e-10
8.625105910288346e-10
8.195362667871732e-10
7.811115963670378e-10
7.465636521479606e-10
7.153455043593988e-10
6.87008191604176e-10
6.611798241751091e-10
6.375497967362421e-10
6.158567151198703e-10
5.958790596677731e-10
5.774278900529827e-10
5.603410906396973e-10
5.444787907868967e-10
5.297196901554834e-10
5.159580875355936e-10
5.03101461280381e-10
4.910684857207623e-10
4.797873947741685e-10
4.691946240014287e-10
4.5923367746667043e-10
4.498541772303033e-10
4.410110620953206e-10
4.3266390901154127e-10
4.2477635581629523e-10
4.173156081175207e-10
4.102520163763152e-10
4.035587118223682e-10
3.972112918893046e-10
3.911875475028959e-10
3.8546722588124153e-10
3.800318235798924e-10
3.7486440538862663e-10
3.6994944540078396e-10
3.652726871623934e-10
3.608210202917164e-10
3.565823713599595e-10
3.525456071563991e-10
3.487004487384812e-10
3.450373948995794e-10
3.4154765388206486e-10
3.382230823276354e-10
3.350561305957591e-10
3.320397936988639e-10
3.2916756720310103e-10
3.2643340752895686e-10
3.2383169615909336e-10
3.2135720732349205e-10
3.190050787858918e-10
3.1677078540200504e-10
3.1465011516016914e-10
3.1263914744991085e-10
3.107342333341383e-10
3.089319776270017e-10
3.072292226024375e-10
3.0562303317850626e-10
3.041106834402516e-10
3.0268964437929255e-10
3.0135757274199657e-10
3.00112300890127e-10
2.989518275885194e-10
2.978743096438019e-10
2.968780543265986e-10
2.9596151251717325e-10
2.951232725211989e-10
2.943620545083915e-10
2.936767055321931e-10
2.930661950936394e-10
2.9252961121702555e-10
2.920661570091042e-10
2.916751476773136e-10
2.9135600798603614e-10
2.911082701331298e-10
2.9093157203203676e-10
2.908256559876537e-10
2.907903677569099e-10
2.908256559876537e-10
2.9093157203203676e-10
2.911082701331298e-10
2.9135600798603614e-10
2.916751476773136e-10
2.920661570091042e-10
2.9252961121702555e-10
2.930661950936394e-10
2.936767055321931e-10
2.943620545083915e-10
2.951232725211989e-10
2.9596151251717325e-10
2.968780543265986e-10
2.978743096438019e-10
2.989518275885194e-10
3.00112300890127e-10
3.0135757274199657e-10
3.0268964437929255e-10
3.041106834402516e-10
3.0562303317850626e-10
3.072292226024375e-10
3.089319776270017e-10
3.107342333341383e-10
3.1263914744991085e-10
3.1465011516016914e-10
3.1677078540200504e-10
3.190050787858918e-10
3.2135720732349205e-10
3.2383169615909336e-10
3.2643340752895686e-10
3.2916756720310103e-10
3.320397936988639e-10
3.350561305957591e-10
3.382230823276354e-10
3.4154765388206486e-10
3.450373948995794e-10
3.487004487384812e-10
3.525456071563991e-10
3.565823713599595e-10
3.608210202917164e-10
3.652726871623934e-10
3.6994944540078396e-10
3.7486440538862663e-10
3.800318235798924e-10
3.8546722588124153e-10
3.911875475028959e-10
3.972112918893046e-10
4.035587118223682e-10
4.102520163763152e-10
4.173156081175207e-10
4.2477635581629523e-10
4.3266390901154127e-10
4.410110620953206e-10
4.498541772303033e-10
4.5923367746667043e-10
4.691946240014287e-10
4.797873947741685e-10
4.910684857207623e-10
5.03101461280381e-10
5.159580875355936e-10
5.297196901554834e-10
5.444787907868967e-10
5.603410906396973e-10
5.774278900529827e-10
5.958790596677731e-10
6.158567151198703e-10
6.375497967362421e-10
6.611798241751091e-10
6.87008191604176e-10
7.153455043593988e-10
7.465636521479606e-10
7.811115963670378e-10
8.195362667871732e-10
8.625105910288346e-10
9.108716427909056e-10
9.656733999154314e-10
1.0282610099607208e-09
1.1003774042931709e-09
1.18431974013958e-09
1.283174665534966e-09
1.4011820557630516e-09
1.5443153236638172e-09
1.7212410751276187e-09
1.944972936058528e-09
2.2358612466861165e-09
2.6273079290208764e-09
3.177432405621073e-09
3.994816035321967e-09
5.300863089246015e-09
7.598778154092112e-09
1.2199250300429506e-08
2.312984501177715e-08
5.567565943840514e-08
1.8426247855959208e-07
8.938841747035989e-07
6.543642480205584e-06
7.197315827784981e-05
0.001163523153811271
0.02698253336039222

1.3193412454266384e-08
8.17719659271508e-08
4.570591959179467e-07
2.3051525610872344e-06
1.0499989820871087e-05
4.325832919560474e-05
0.00016152561132286574
0.0005480881399321161
0.0016949220427264747
0.004788590044496701
0.012374022327387688
0.029214974369278716
0.06279985372522585
0.1222174700422448
0.21389548070998646
0.3343618193103115
0.46407592805664105
0.5692612936468399
0.6152595538852696
0.5850738362048957
0.4896204719146262
0.36124816982839336
0.23580566806474929
0.13685962239980115
0.07106858182157175
0.033246407470644036
0.014103420535902543
0.005453238802967152
0.0019275031303190612
0.0006230658786892036
0.0001839061185142366
4.9434558673552476e-05
1.2066741283074047e-05
2.667984567884309e-06
5.333128198597433e-07
9.625430360217517e-08
1.5672675748149953e-08
2.3011496311207456e-09
3.0458831225627445e-10
3.63405130206347e-11
3.9079660569486375e-12
3.787737798281916e-13
3.30881929385324e-14
2.6051217094824525e-15
1.8486043411758108e-16
1.1822806774225003e-17
6.814873208112745e-19
3.5404258105323504e-20
1.6577297628655896e-21
6.995721096301702e-23
2.6607970665993753e-24
9.121190651297672e-26
2.818070332158374e-27
7.847162321179291e-29
1.9694001135288496e-30
4.4546726442062257e-32
9.081511670780533e-34
1.6686336975648916e-35
2.7632767834301463e-37
4.124281314477974e-39
5.547951897468076e-41
6.726321279316241e-43
7.349927271651035e-45
7.238506856248324e-47
6.42503432945957e-49
5.139991832062591e-51
3.706038436749456e-53
2.408340691594673e-55
1.410543363648422e-57
7.445870427365612e-60
3.542460535772597e-62
1.5189905818675066e-64
5.870372440028863e-67
2.0447336485528668e-69
6.419014345402023e-72
1.8161865813808785e-74
4.63140854941016e-77
1.0644523800876881e-79
2.2049558386794426e-82
4.116556382579078e-85
6.926737896148496e-88
1.050470727578167e-90
1.435818911499782e-93
1.768788465928333e-96
1.9638695660756483e-99
1.9652142125859967e-102
1.7724241820478355e-105
1.4407411185593208e-108
1.0555158261979594e-111
6.969539146555861e-115
4.147667065288927e-118
2.2246629831185927e-121
1.0754372692477892e-124
4.685613380573221e-128
1.8399597960478928e-131
6.511945091504917e-135
2.0771776464983424e-138
5.971687386592511e-142
1.5473230780442319e-145
3.6134783363451947e-149
