0.8138870510750804
0.03685450846754451
0.006258547214200376
0.002282737330071692
0.0011344086909201416
0.0006803276774841835
0.00046288739611710585
0.0003430682757543411
0.0002697544049100581
0.00022122586851808636
0.00018712238993387267
0.0001620196400660741
0.00014285475029637726
0.00012778802978556227
0.0001156566085663225
0.00010569343126680267
9.737400939328974e-05
9.032855987253164e-05
8.428941517816604e-05
7.905834792751877e-05
7.448559589319506e-05
7.04560060926154e-05
6.687964648020792e-05
6.368529944764314e-05
6.081586047437522e-05
5.822502438590316e-05
5.587485937089968e-05
5.373400423868451e-05
5.177631047340959e-05
4.9979806541387466e-05
4.832589891060542e-05
4.679874916775918e-05
4.538478368237752e-05
4.407230412490153e-05
4.2851175499233805e-05
4.1712574311450084e-05
4.064878380131678e-05
3.965302630693747e-05
3.871932515253586e-05
3.784239017782496e-05
3.701752232715799e-05
3.6240533702485294e-05
3.550768023796598e-05
3.481560473493297e-05
3.416128844672919e-05
3.354200975523698e-05
3.2955308758033144e-05
3.239895680441667e-05
3.18709301931505e-05
3.136938738452648e-05
3.0892649191852146e-05
3.043918150843682e-05
3.0007580200144347e-05
2.959655785392112e-05
2.9204932122296768e-05
2.8831615444624563e-05
2.8475605959585146e-05
2.8135979451493723e-05
2.781188219630119e-05
2.750252459270966e-05
2.7207175480214295e-05
2.6925157059687135e-05
2.6655840343779353e-05
2.6398641074300684e-05
2.615301605213409e-05
2.5918459832403618e-05
2.569450174373354e-05
2.5480703195682903e-05
2.5276655242947577e-05
2.5081976378805808e-05
2.4896310533637907e-05
2.4719325257254905e-05
2.4550710066291058e-05
2.4390174940107446e-05
2.42374489505643e-05
2.409227901268958e-05
2.3954428744732318e-05
2.382367742737218e-05
2.3699819052983596e-05
2.3582661456846926e-05
2.3472025523075564e-05
2.3367744458804717e-05
2.3269663130875234e-05
2.3177637459857993e-05
2.3091533866808698e-05
2.301122876862981e-05
2.2936608118351118e-05
2.2867566987031713e-05
2.2804009184337295e-05
2.2745846915164138e-05
2.2693000469968565e-05
2.2645397946721807e-05
2.260297500264839e-05
2.2565674634124743e-05
2.2533446983315564e-05
2.250624917031171e-05
2.2484045149706816e-05
2.2466805590711863e-05
2.2454507780060626e-05
2.2447135547104455e-05
2.2444679210634415e-05
2.2447135547104455e-05
2.2454507780060626e-05
2.2466805590711863e-05
2.2484045149706816e-05
2.250624917031171e-05
2.2533446983315564e-05
2.2565674634124743e-05
2.260297500264839e-05
2.2645397946721807e-05
2.2693000469968565e-05
2.2745846915164138e-05
2.2804009184337295e-05
2.2867566987031713e-05
2.2936608118351118e-05
2.301122876862981e-05
2.3091533866808698e-05
2.3177637459857993e-05
2.3269663130875234e-05
2.3367744458804717e-05
2.3472025523075564e-05
2.3582661456846926e-05
2.3699819052983596e-05
2.382367742737218e-05
2.3954428744732318e-05
2.409227901268958e-05
2.42374489505643e-05
2.4390174940107446e-05
2.4550710066291058e-05
2.4719325257254905e-05
2.4896310533637907e-05
2.5081976378805808e-05
2.5276655242947577e-05
2.5480703195682903e-05
2.569450174373354e-05
2.5918459832403618e-05
2.615301605213409e-05
2.6398641074300684e-05
2.6655840343779353e-05
2.6925157059687135e-05
2.7207175480214295e-05
2.750252459270966e-05
2.781188219630119e-05
2.8135979451493723e-05
2.8475605959585146e-05
2.8831615444624563e-05
2.9204932122296768e-05
2.959655785392112e-05
3.0007580200144347e-05
3.043918150843682e-05
3.0892649191852146e-05
3.136938738452648e-05
3.18709301931505e-05
3.239895680441667e-05
3.2955308758033144e-05
3.354200975523698e-05
3.416128844672919e-05
3.481560473493297e-05
3.550768023796598e-05
3.6240533702485294e-05
3.701752232715799e-05
3.784239017782496e-05
3.871932515253586e-05
3.965302630693747e-05
4.064878380131678e-05
4.1712574311450084e-05
4.2851175499233805e-05
4.407230412490153e-05
4.538478368237752e-05
4.679874916775918e-05
4.832589891060542e-05
4.9979806541387466e-05
5.177631047340959e-05
5.373400423868451e-05
5.587485937089968e-05
5.822502438590316e-05
6.081586047437522e-05
6.368529944764314e-05
6.687964648020792e-05
7.04560060926154e-05
7.448559589319506e-05
7.905834792751877e-05
8.428941517816604e-05
9.032855987253164e-05
9.737400939328974e-05
0.00010569343126680267
0.0001156566085663225
0.00012778802978556227
0.00014285475029637726
0.0001620196400660741
0.00018712238993387267
0.00022122586851808636
0.0002697544049100581
0.0003430682757543411
0.00046288739611710585
0.0006803276774841835
0.0011344086909201416
0.002282737330071692
0.006258547214200376
0.03685450846754451

0.0010723837852430961
0.002518615176507382
0.005367445911091062
0.010379294165872492
0.01821219317618357
0.028996859155192147
0.04189227573269988
0.054917559730790794
0.06532550746874773
0.07050966261974922
0.06905716805520908
0.061370996599235166
0.049489363759656076
0.03621219485492807
0.024043191200745866
0.014485201343376402
0.00800847001001028
0.03049071351458331
0.7612075938689858
2.100538683117734
0.5617512509054702
0.014609784387614818
6.377108777808384e-05
7.611523701852535e-06
1.9100747296466134e-06
4.354363602343081e-07
9.007273570705e-08
1.6906600837397284e-08
2.8794764320622954e-09
4.4500515382779897e-10
6.240377132256173e-11
7.940556057268816e-12
9.168225335247394e-13
9.605366158582837e-14
9.131389214259611e-15
7.876877063625357e-16
6.165461124596285e-17
4.378963683790026e-18
2.8220935529212314e-19
1.650310843107112e-20
8.756980509339058e-22
4.21635623157442e-23
1.842105474326387e-24
7.30274226391561e-26
2.626949577527097e-27
8.574558819215717e-29
2.539604653516925e-30
6.825189719613635e-32
1.664399685707056e-33
3.682941373775955e-35
7.394797226057508e-37
1.347261864977641e-38
2.227265796451448e-40
3.341076055532541e-42
4.547733004391102e-44
5.616914853481299e-46
6.294989424748755e-48
6.401569319664193e-50
5.907070903662111e-52
4.945978206393811e-54
3.7577379980260913e-56
2.590568484062738e-58
1.6205332359975685e-60
9.198459292157721e-63
4.737688713478088e-65
2.214176500999957e-67
9.38971121827665e-70
3.6131543744247943e-72
1.2615808343881214e-74
3.997034816903944e-77
1.1490926937098478e-79
2.997550294650059e-82
7.095323112304657e-85
1.5239550579966297e-87
2.9700682232641553e-90
5.252365914590851e-93
8.428257713738425e-96
1.2271988016584423e-98
1.6213856378365847e-101
1.943801909195648e-104
2.1145208429528074e-107
2.0872103505958024e-110
1.8694538677976302e-113
1.519349085662086e-116
1.1204556436488228e-119
7.49766533652017e-123
4.552518485380182e-126
2.5082548907980644e-129
1.2539664035610721e-132
5.6884561889259115e-136
2.3415164739281964e-139
8.745694466823708e-143
2.9640509726842204e-146
9.115307378912e-150
2.5436142643587624e-153
6.44058726329053e-157
1.4797691510835508e-160
3.0850112574110564e-164
5.835980342689759e-168
1.0017634244450234e-171
