1.0688716094787656
0.06714972211480108
0.008157408138815218
0.001332855516651218
0.0002487420566759867
5.0943988396542824e-05
1.1351900823400618e-05
2.747413744846021e-06
7.222785911316088e-07
2.065102146132293e-07
6.440096820403155e-08
2.2034224796932473e-08
8.358304121098671e-09
3.5700868858691415e-09
1.746464736344366e-09
9.875873487852477e-10
6.406796888204453e-10
4.656761719643605e-10
3.6813896737138834e-10
3.08347163964668e-10
2.684439767717789e-10
2.398528622419673e-10
2.181765724881469e-10
2.010124086304344e-10
1.8696503902227485e-10
1.7517664192931863e-10
1.6509172318975525e-10
1.563335366734381e-10
1.4863605006706935e-10
1.418047923290559e-10
1.3569336138618162e-10
1.3018876915384228e-10
1.2520196585332852e-10
1.2066150966867984e-10
1.1650921099464296e-10
1.1269705498191328e-10
1.0918497532496563e-10
1.0593920972181056e-10
1.0293106222705231e-10
1.001359563361462e-10
9.753269981413023e-11
9.510290642317302e-11
9.283053572889238e-11
9.070152302315885e-11
8.870347889782082e-11
8.682544327096948e-11
8.5057682428068e-11
8.33915203654288e-11
8.181919772539527e-11
8.033375310171655e-11
7.892892261421508e-11
7.759905450418125e-11
7.633903615663765e-11
7.514423146312837e-11
7.401042683543824e-11
7.293378449325661e-11
7.191080189691869e-11
7.093827639464047e-11
7.001327431313254e-11
6.913310384950187e-11
6.829529122732999e-11
6.749755966568308e-11
6.67378107803963e-11
6.601410809527406e-11
6.532466238921372e-11
6.466781864555688e-11
6.404204440367913e-11
6.344591934113488e-11
6.28781259385287e-11
6.233744109946037e-11
6.182272861501174e-11
6.133293237681888e-11
6.086707025521954e-11
6.042422856962712e-11
6.00035570874396e-11
5.96042644956797e-11
5.922561429637584e-11
5.886692108259334e-11
5.852754715714788e-11
5.82068994604927e-11
5.790442677816154e-11
5.761961720155363e-11
5.7351995818832644e-11
5.710112261533543e-11
5.686659056520102e-11
5.6648023897974066e-11
5.644507652574942e-11
5.6257430618034855e-11
5.608479531294403e-11
5.592690555461564e-11
5.578352104790652e-11
5.565442532244423e-11
5.553942489906279e-11
5.5438348552498444e-11
5.535104666500103e-11
5.527739066623194e-11
5.521727255548088e-11
5.517060450284891e-11
5.5137318526622345e-11
5.5117366244607716e-11
5.511071869771874e-11
5.5117366244607716e-11
5.5137318526622345e-11
5.517060450284891e-11
5.521727255548088e-11
5.527739066623194e-11
5.535104666500103e-11
5.5438348552498444e-11
5.553942489906279e-11
5.565442532244423e-11
5.578352104790652e-11
5.592690555461564e-11
5.608479531294403e-11
5.6257430618034855e-11
5.644507652574942e-11
5.6648023897974066e-11
5.686659056520102e-11
5.710112261533543e-11
5.7351995818832644e-11
5.761961720155363e-11
5.790442677816154e-11
5.82068994604927e-11
5.852754715714788e-11
5.886692108259334e-11
5.922561429637584e-11
5.96042644956797e-11
6.00035570874396e-11
6.042422856962712e-11
6.086707025521954e-11
6.133293237681888e-11
6.182272861501174e-11
6.233744109946037e-11
6.28781259385287e-11
6.344591934113488e-11
6.404204440367913e-11
6.466781864555688e-11
6.532466238921372e-11
6.601410809527406e-11
6.67378107803963e-11
6.749755966568308e-11
6.829529122732999e-11
6.913310384950187e-11
7.001327431313254e-11
7.093827639464047e-11
7.191080189691869e-11
7.293378449325661e-11
7.401042683543824e-11
7.514423146312837e-11
7.633903615663765e-11
7.759905450418125e-11
7.892892261421508e-11
8.033375310171655e-11
8.181919772539527e-11
8.33915203654288e-11
8.5057682428068e-11
8.682544327096948e-11
8.870347889782082e-11
9.070152302315885e-11
9.283053572889238e-11
9.510290642317302e-11
9.753269981413023e-11
1.001359563361462e-10
1.0293106222705231e-10
1.0593920972181056e-10
1.0918497532496563e-10
1.1269705498191328e-10
1.1650921099464296e-10
1.2066150966867984e-10
1.2520196585332852e-10
1.3018876915384228e-10
1.3569336138618162e-10
1.418047923290559e-10
1.4863605006706935e-10
1.563335366734381e-10
1.6509172318975525e-10
1.7517664192931863e-10
1.8696503902227485e-10
2.010124086304344e-10
2.181765724881469e-10
2.398528622419673e-10
2.684439767717789e-10
3.08347163964668e-10
3.6813896737138834e-10
4.656761719643605e-10
6.406796888204453e-10
9.875873487852477e-10
1.746464736344366e-09
3.5700868858691415e-09
8.358304121098671e-09
2.2034224796932473e-08
6.440096820403155e-08
2.065102146132293e-07
7.222785911316088e-07
2.747413744846021e-06
1.1351900823400618e-05
5.0943988396542824e-05
0.0002487420566759867
0.001332855516651218
0.008157408138815218
0.06714972211480108

2.5099948754480906e-09
1.6928850756304893e-08
2.596529498953909e-07
7.154356353376156e-06
0.00015002173578367234
0.0019645559701441206
0.01566276412147269
0.07573793253011102
0.22197216223428312
0.394300605684171
0.4248741635206242
0.27931502845995526
0.11841592466623828
0.05532096818915547
0.08839090047566812
0.20622290845145252
0.401066788541524
0.6125013253232459
0.7278330639566332
0.6723311706774261
0.4852839472143454
0.27794383169612996
0.1311685825585212
0.05530840473938897
0.02361947768484928
0.011125089428974699
0.005574438641813657
0.0027370239968419552
0.0012541691822210953
0.0005271408718116825
0.00020231248570229773
7.083243184934387e-05
2.2619572448630576e-05
6.588239301909834e-06
1.7501927847244036e-06
4.240663830103641e-07
9.371588842957874e-08
1.8889655187727087e-08
3.4726919242821323e-09
5.822907710460601e-10
8.905226697602244e-11
1.2421712561391638e-11
1.5803358575161103e-12
1.8337863518709107e-13
1.9407942686219882e-14
1.873448197231718e-15
1.649435357180962e-16
1.3245255303613474e-17
9.70100639233834e-19
6.480442637503739e-20
3.948425734045093e-21
2.194192366468541e-22
1.1121333105283882e-23
5.141270106881016e-25
2.1677810529880472e-26
8.33665509628524e-28
2.9241501924479744e-29
9.354895480488618e-31
2.7296667322895456e-32
7.264600513569367e-34
1.7633773996083595e-35
3.90400375424815e-37
7.883273714788108e-39
1.4518923209852044e-40
2.438897978022021e-42
3.736666014091547e-44
5.221633108959627e-46
6.655180639255811e-48
7.7365041944835235e-50
8.202780792600667e-52
7.932477872620666e-54
6.99661627334365e-56
5.62857769616493e-58
4.1299110506339546e-60
2.7638479911199444e-62
1.687015342274934e-64
9.391940528452863e-67
4.768953178446984e-69
2.208626131561005e-71
9.32937987244913e-74
3.594303706441256e-76
1.2630140667236773e-78
4.0479303128821263e-81
1.1832848118384063e-83
3.1548373659138183e-86
7.67177902061549e-89
1.7015574495774495e-91
3.442140329066192e-94
6.350997614290165e-97
1.0687761419143822e-99
1.6404499119453441e-102
2.2965220602220238e-105
2.9323087182957395e-108
3.414917252543744e-111
3.627288514787001e-114
3.514110712534644e-117
3.1051329662123696e-120
2.502513259066179e-123
1.8395178031754335e-126
1.233283799386008e-129
