1.0549818875211214
0.07408012401653546
0.006854744531522254
0.000769094183601722
9.848755312207163e-05
1.3941354814635034e-05
2.1484344132331787e-06
3.578764209776344e-07
6.422396918235247e-08
1.2398185980549378e-08
2.575706614982109e-09
5.741997840337504e-10
1.3754227528808452e-10
3.541031718552795e-11
9.797781991166285e-12
2.913205739741456e-12
9.307138249333192e-13
3.1947991277957207e-13
1.1782557882854095e-13
4.668405650344603e-14
1.9867404563760666e-14
9.077572458851596e-15
4.44942871824469e-15
2.336409337018088e-15
1.3115225892658223e-15
7.846227512178229e-16
4.982771955024924e-16
3.3428338818631137e-16
2.356415911165401e-16
1.7357536618797347e-16
1.328341029782034e-16
1.0504980332474261e-16
8.547391067698543e-17
7.124247302493811e-17
6.061040259703408e-17
5.2472435318790184e-17
4.6108038534096826e-17
4.103483108604194e-17
3.692187615844962e-17
3.353698049709151e-17
3.071384124074432e-17
2.83310761670826e-17
2.629854118317717e-17
2.4548217804573482e-17
2.302802731100471e-17
2.1697556330335406e-17
2.0525053926471424e-17
1.9485289171341346e-17
1.8558000492449464e-17
1.7726758179408444e-17
1.697811944826253e-17
1.630099342803738e-17
1.5686158659008608e-17
1.5125892694091592e-17
1.4613685010331012e-17
1.4144012475268217e-17
1.3712162242647823e-17
1.3314090940319949e-17
1.2946311869568386e-17
1.2605804001843493e-17
1.2289938068905995e-17
1.1996416155888887e-17
1.1723222035114617e-17
1.146858009985126e-17
1.1230921226983516e-17
1.1008854255467632e-17
1.080114204205253e-17
1.0606681267910701e-17
1.0424485334809086e-17
1.0253669818555578e-17
1.0093440049089019e-17
9.943080467044046e-18
9.80194547067515e-18
9.669451518281794e-18
9.54507029250116e-18
9.42832276615115e-18
9.318774036356464e-18
9.216028815751356e-18
9.11972748762268e-18
9.029542646719045e-18
8.945176059726118e-18
8.866355989583969e-18
8.79283483629162e-18
8.724387053918824e-18
8.660807309477261e-18
8.60190885429549e-18
8.5475220827586e-18
8.497493256848042e-18
8.451683377959203e-18
8.40996719007301e-18
8.372232300587273e-18
8.338378407034692e-18
8.308316619577491e-18
8.281968870616668e-18
8.259267404121522e-18
8.240154338402862e-18
8.224581297046258e-18
8.212509103611965e-18
8.203907536513959e-18
8.198755141229292e-18
8.197039097674203e-18
8.198755141229292e-18
8.203907536513959e-18
8.212509103611965e-18
8.224581297046258e-18
8.240154338402862e-18
8.259267404121522e-18
8.281968870616668e-18
8.308316619577491e-18
8.338378407034692e-18
8.372232300587273e-18
8.40996719007301e-18
8.451683377959203e-18
8.497493256848042e-18
8.5475220827586e-18
8.60190885429549e-18
8.660807309477261e-18
8.724387053918824e-18
8.79283483629162e-18
8.866355989583969e-18
8.945176059726118e-18
9.029542646719045e-18
9.11972748762268e-18
9.216028815751356e-18
9.318774036356464e-18
9.42832276615115e-18
9.54507029250116e-18
9.669451518281794e-18
9.80194547067515e-18
9.943080467044046e-18
1.0093440049089019e-17
1.0253669818555578e-17
1.0424485334809086e-17
1.0606681267910701e-17
1.080114204205253e-17
1.1008854255467632e-17
1.1230921226983516e-17
1.146858009985126e-17
1.1723222035114617e-17
1.1996416155888887e-17
1.2289938068905995e-17
1.2605804001843493e-17
1.2946311869568386e-17
1.3314090940319949e-17
1.3712162242647823e-17
1.4144012475268217e-17
1.4613685010331012e-17
1.5125892694091592e-17
1.5686158659008608e-17
1.630099342803738e-17
1.697811944826253e-17
1.7726758179408444e-17
1.8558000492449464e-17
1.9485289171341346e-17
2.0525053926471424e-17
2.1697556330335406e-17
2.302802731100471e-17
2.4548217804573482e-17
2.629854118317717e-17
2.83310761670826e-17
3.071384124074432e-17
3.353698049709151e-17
3.692187615844962e-17
4.103483108604194e-17
4.6108038534096826e-17
5.2472435318790184e-17
6.061040259703408e-17
7.124247302493811e-17
8.547391067698543e-17
1.0504980332474261e-16
1.328341029782034e-16
1.7357536618797347e-16
2.356415911165401e-16
3.3428338818631137e-16
4.982771955024924e-16
7.846227512178229e-16
1.3115225892658223e-15
2.336409337018088e-15
4.44942871824469e-15
9.077572458851596e-15
1.9867404563760666e-14
4.668405650344603e-14
1.1782557882854095e-13
3.1947991277957207e-13
9.307138249333192e-13
2.913205739741456e-12
9.797781991166285e-12
3.541031718552795e-11
1.3754227528808452e-10
5.741997840337504e-10
2.575706614982109e-09
1.2398185980549378e-08
6.422396918235247e-08
3.578764209776344e-07
2.1484344132331787e-06
1.3941354814635034e-05
9.848755312207163e-05
0.000769094183601722
0.006854744531522254
0.07408012401653546

2.820634758708002e-16
1.2029436231030678e-13
2.9071664197229152e-11
3.981261564375339e-09
3.089567779195049e-07
1.3586291918544615e-05
0.0003385558750280618
0.004780639173876211
0.03825320039445072
0.1734505910759951
0.44566700177228097
0.6491230683977679
0.5541851102037797
0.5107906541067704
0.6934992535344293
0.3487396536392444
0.4133594420981466
0.7200727252177151
0.51196612511472
0.14195130094175515
0.015343273117216193
0.0006465110539099429
1.0619722100831118e-05
6.800323999270601e-08
1.6975607022993094e-10
1.6519628480095096e-13
6.266924953619705e-17
9.268041444632522e-21
5.343190956277204e-25
1.200860828663961e-29
1.0521167069444563e-34
3.593473202220515e-40
4.784583743592736e-46
2.4834371838298576e-52
5.025064996204706e-59
3.963827649599825e-66
1.2193927377797625e-73
1.4907431669540314e-81
1.6264253889228706e-89
1.714982371952978e-96
1.7407663529992442e-103
1.0084744674482064e-110
3.3108336289767377e-118
6.159367418434477e-126
6.493234144869032e-134
3.8789324311316036e-142
1.3130750934313714e-150
2.5187966744386985e-159
2.737933257913642e-168
1.6864707048491426e-177
5.886551452349219e-187
1.164311764204036e-196
1.3049799081459564e-206
8.288282842652457e-217
2.982987954371038e-227
6.083655797571545e-238
7.03078743162927e-249
4.604362406440719e-260
1.7086819409371097e-271
3.593181523707525e-283
4.281769504489187e-295
2.8913030210243786e-307
1.1063e-319
0.0
0.0
0.0
0.0
0.0
0.0
0.0
0.0
0.0
0.0
0.0
0.0
0.0
0.0
0.0
0.0
0.0
0.0
0.0
0.0
0.0
0.0
0.0
0.0
0.0
0.0
0.0
0.0
0.0
0.0
0.0
0.0
0.0
0.0
0.0
0.0
0.0
