0.633464026515523
0.14670616479105641
0.059136920518178565
0.031133770953185105
0.01949861117624925
0.013697316954739249
0.0103910750200506
0.008311991378801042
0.006905193389826468
0.005898899737698614
0.005147461448310735
0.0045669569465158375
0.004106089385532232
0.003731938896458173
0.003422503066945608
0.0031625635349183273
0.002941282165724352
0.0027507437545222844
0.0025850401453670806
0.002439676223182591
0.002311173853356025
0.00219680125710977
0.0020943840183155734
0.0020021704948417476
0.0019187342730750947
0.0018429023368526642
0.001773701402453144
0.001710317293721813
0.0016520638155060772
0.001598358638915439
0.0015487044270972624
0.0015026739225629977
0.0014598980610015647
0.0014200564199895922
0.0013828694855507404
0.0013480923461102867
0.001315509516212795
0.0012849306611259173
0.0012561870448702193
0.001229128563011815
0.001203621251076935
0.0011795451820916876
0.0011567926842495537
0.0011352668233288066
0.0011148801051536566
0.0010955533618080722
0.0010772147919872852
0.00105979913119896
0.0010432469317997954
0.0010275039363001716
0.0010125205301631586
0.0009982512625994146
0.0009846544257208095
0.0009716916839450165
0.0009593277468052262
0.000947530079364501
0.0009362686453036282
0.0009255156784769095
0.000915245479338101
0.0009054342331495503
0.0008960598473183153
0.0008871018055674352
0.0008785410369597026
0.0008703597980543937
0.0008625415667019617
0.0008550709461738608
0.0008479335784895615
0.0008411160659446613
0.0008346058999663331
0.0008283913965281249
0.000822461637447771
0.000816806416971283
0.0008114161931159001
0.0008062820433049275
0.0008013956238803675
0.0007967491331255589
0.0007923352774707091
0.0007881472405899871
0.0007841786551303847
0.0007804235768404252
0.0007768764608914662
0.0007735321402062238
0.0007703858056286073
0.0007674329877862709
0.0007646695405127752
0.0007620916257100892
0.0007596956995445928
0.0007574784998809099
0.0007554370348679792
0.0007535685726008936
0.000751870631790303
0.0007503409733787199
0.0007489775930499536
0.0007477787145842278
0.0007467427840173707
0.0007458684645678859
0.0007451546323007635
0.0007446003725016211
0.0007442049767392578
0.0007439679405989708
0.000743888962073064
0.0007439679405989708
0.0007442049767392578
0.0007446003725016211
0.0007451546323007635
0.0007458684645678859
0.0007467427840173707
0.0007477787145842278
0.0007489775930499536
0.0007503409733787199
0.000751870631790303
0.0007535685726008936
0.0007554370348679792
0.0007574784998809099
0.0007596956995445928
0.0007620916257100892
0.0007646695405127752
0.0007674329877862709
0.0007703858056286073
0.0007735321402062238
0.0007768764608914662
0.0007804235768404252
0.0007841786551303847
0.0007881472405899871
0.0007923352774707091
0.0007967491331255589
0.0008013956238803675
0.0008062820433049275
0.0008114161931159001
0.000816806416971283
0.000822461637447771
0.0008283913965281249
0.0008346058999663331
0.0008411160659446613
0.0008479335784895615
0.0008550709461738608
0.0008625415667019617
0.0008703597980543937
0.0008785410369597026
0.0008871018055674352
0.0008960598473183153
0.0009054342331495503
0.000915245479338101
0.0009255156784769095
0.0009362686453036282
0.000947530079364501
0.0009593277468052262
0.0009716916839450165
0.0009846544257208095
0.0009982512625994146
0.0010125205301631586
0.0010275039363001716
0.0010432469317997954
0.00105979913119896
0.0010772147919872852
0.0010955533618080722
0.0011148801051536566
0.0011352668233288066
0.0011567926842495537
0.0011795451820916876
0.001203621251076935
0.001229128563011815
0.0012561870448702193
0.0012849306611259173
0.001315509516212795
0.0013480923461102867
0.0013828694855507404
0.0014200564199895922
0.0014598980610015647
0.0015026739225629977
0.0015487044270972624
0.001598358638915439
0.0016520638155060772
0.001710317293721813
0.001773701402453144
0.0018429023368526642
0.0019187342730750947
0.0020021704948417476
0.0020943840183155734
0.00219680125710977
0.002311173853356025
0.002439676223182591
0.0025850401453670806
0.0027507437545222844
0.002941282165724352
0.0031625635349183273
0.003422503066945608
0.003731938896458173
0.004106089385532232
0.0045669569465158375
0.005147461448310735
0.005898899737698614
0.006905193389826468
0.008311991378801042
0.0103910750200506
0.013697316954739249
0.01949861117624925
0.031133770953185105
0.059136920518178565
0.14670616479105641

0.03608720231426874
0.06332262458486103
0.10184798679338967
0.15015293977283403
0.2029098262844563
0.25133916480952084
0.28536789065877577
0.29698730920859673
0.28330779693835817
0.2477233881490211
0.1985470069606143
0.14586380112414774
0.09822443921963382
0.060628865007766514
0.03430261012561884
0.017789459183630747
0.008456412750138887
0.0036846792102370723
0.0015218519683630103
0.01195735811423423
0.2230278300918862
0.37342153751055523
0.0537184560289304
0.0006671729218788675
1.6626502524819598e-06
2.0844118140691696e-07
4.1471728796510656e-08
7.565574287368586e-09
1.2650844408553997e-09
1.9390320064362183e-10
2.7241956184097462e-11
3.508160475805404e-12
4.1410308080169884e-13
4.4804880225729513e-14
4.443549564772644e-15
4.039453246184082e-16
3.365913817147098e-17
2.570817495483292e-18
1.7998128604206448e-19
1.1549715952716335e-20
6.793649007357536e-22
3.662880549848615e-23
1.8102154024697764e-24
8.20022189676054e-26
3.404934815120941e-27
1.295924942181761e-28
4.521044108593038e-30
1.4457243260619876e-31
4.237601191312058e-33
1.1385248767392559e-34
2.803837343480014e-36
6.329231136903579e-38
1.3095948096383513e-39
2.4837666035563036e-41
4.317898909416055e-43
6.880531801492954e-45
1.0049845644695932e-46
1.3455028606628002e-48
1.6511925039908408e-50
1.8573709136060683e-52
1.9150822059500356e-54
1.8099394693283071e-56
1.5679367142058485e-58
1.2450329841408636e-60
9.061936900023125e-63
6.045734336234427e-65
3.697131806212211e-67
2.0723764924437887e-69
1.0647808449632245e-71
5.014638736013964e-74
2.1647458782643928e-76
8.565683843066674e-79
3.106740713823744e-81
1.0328466043767743e-83
3.1474184924931224e-86
8.791460056120328e-89
2.25089569860206e-91
5.282476627916348e-94
1.1363383037045081e-96
2.2406063218419056e-99
4.049592437767302e-102
6.708801243812714e-105
1.0187470948922263e-107
1.4179982339771802e-110
1.8091427894089682e-113
2.1157183371514568e-116
2.267935523962265e-119
2.2283910531974136e-122
2.0069657337469586e-125
1.6568239275137246e-128
1.253720153665152e-131
8.695863330855377e-135
5.528567962544088e-138
3.2218138853595245e-141
1.7209810728088895e-144
8.426351822114884e-148
3.781733590581757e-151
1.5557153007033667e-154
5.866204031155702e-158
2.027552245745648e-161
