0.7359079089619582
0.22531116689847547
0.10520456282885358
0.06257648980273983
0.042761787199411566
0.03187309212782192
0.0251835794160446
0.020732957494151244
0.017590401701311875
0.015267672352694628
0.01348808751465167
0.012084807343564527
0.01095197364032773
0.010019515944797292
0.009239369814431724
0.00857755046945393
0.008009393934511
0.007516591674805827
0.007085281902712501
0.006704785520795678
0.006366747625429022
0.0060645412339430434
0.005792844750867704
0.005547337100599002
0.005324474144446608
0.0051213222662010085
0.004935432827479033
0.004764746280324585
0.004607518097298719
0.004462260955124547
0.004327699168441184
0.004202732456182677
0.004086406889270213
0.00397789141579001
0.0038764587557124195
0.0037814697466544327
0.0036923604360155795
0.0036086313743210544
0.003529838684675208
0.0034555865743901
0.003385521024628213
0.0033193244477114888
0.0032567111435516556
0.003197423419351949
0.0031412282624678767
0.0030879144766998204
0.0030372902085305203
0.0029891808028306337
0.0029434269380332373
0.002899882999259011
0.0028584156547715673
0.002818902606778321
0.002781231492217721
0.002745298912985597
0.0027110095782078257
0.0026782755437869026
0.0026470155366348797
0.0026171543528334808
0.0025886223204974073
0.002561354819410236
0.002535291850595414
0.0025103776499116066
0.002486560340549626
0.002463791619980141
0.00244202647747596
0.0024212229388253406
0.002401341835276331
0.0023823465941171097
0.002364203048612634
0.0023468792652910006
0.0023303453868099063
0.0023145734888398244
0.0022995374495802753
0.0022852128306826524
0.0022715767684906023
0.002258607874629629
0.0022462861450836986
0.0022345928769900983
0.002223510592466294
0.002213022968855577
0.002203114774842896
0.0021937718119498426
0.002184980860968783
0.002176729632941829
0.002169006724331075
0.0021618015760630424
0.002155104436163138
0.0021489063257253953
0.0021431990079895215
0.002137974960321378
0.002133227348914976
0.0021289500060541005
0.0021251374097899685
0.002121784665908169
0.0021188874920736755
0.002116442204057165
0.0021144457039593357
0.002112895470362577
0.0021117895503513385
0.002111126553353916
0.0021109056467693774
0.002111126553353916
0.0021117895503513385
0.002112895470362577
0.0021144457039593357
0.002116442204057165
0.0021188874920736755
0.002121784665908169
0.0021251374097899685
0.0021289500060541005
0.002133227348914976
0.002137974960321378
0.0021431990079895215
0.0021489063257253953
0.002155104436163138
0.0021618015760630424
0.002169006724331075
0.002176729632941829
0.002184980860968783
0.0021937718119498426
0.002203114774842896
0.002213022968855577
0.002223510592466294
0.0022345928769900983
0.0022462861450836986
0.002258607874629629
0.0022715767684906023
0.0022852128306826524
0.0022995374495802753
0.0023145734888398244
0.0023303453868099063
0.0023468792652910006
0.002364203048612634
0.0023823465941171097
0.002401341835276331
0.0024212229388253406
0.00244202647747596
0.002463791619980141
0.002486560340549626
0.0025103776499116066
0.002535291850595414
0.002561354819410236
0.0025886223204974073
0.0026171543528334808
0.0026470155366348797
0.0026782755437869026
0.0027110095782078257
0.002745298912985597
0.002781231492217721
0.002818902606778321
0.0028584156547715673
0.002899882999259011
0.0029434269380332373
0.0029891808028306337
0.0030372902085305203
0.0030879144766998204
0.0031412282624678767
0.003197423419351949
0.0032567111435516556
0.0033193244477114888
0.003385521024628213
0.0034555865743901
0.003529838684675208
0.0036086313743210544
0.0036923604360155795
0.0037814697466544327
0.0038764587557124195
0.00397789141579001
0.004086406889270213
0.004202732456182677
0.004327699168441184
0.004462260955124547
0.004607518097298719
0.004764746280324585
0.004935432827479033
0.0051213222662010085
0.005324474144446608
0.005547337100599002
0.005792844750867704
0.0060645412339430434
0.006366747625429022
0.006704785520795678
0.007085281902712501
0.007516591674805827
0.008009393934511
0.00857755046945393
0.009239369814431724
0.010019515944797292
0.01095197364032773
0.012084807343564527
0.01348808751465167
0.015267672352694628
0.017590401701311875
0.020732957494151244
0.0251835794160446
0.03187309212782192
0.042761787199411566
0.06257648980273983
0.10520456282885358
0.22531116689847547

0.10314304777986466
0.15682116688098757
0.21773303911407577
0.27605715207385334
0.31961755402047826
0.3379493944015417
0.3266252741472873
0.29071388988660307
0.2483745161042204
0.23117239254640343
0.2610092279298472
0.30469348415690467
0.2883911091317992
0.19576812640158595
0.09164993317493061
0.02958135379237142
0.006838514842729111
0.0012771505085225243
0.0002453458356506538
5.7160230190672704e-05
1.4553909956059055e-05
3.562506632483823e-06
8.033292314491544e-07
1.6558773777690917e-07
3.1171237753019173e-08
5.358423016064564e-09
8.411529350922293e-10
1.2057794184095928e-10
1.5783950075224585e-11
1.886767820619748e-12
2.0595680817611917e-13
2.0529991750176057e-14
1.8687720371693322e-15
1.5533839345733851e-16
1.1791151556235246e-17
8.173132956909402e-19
5.1733973497457744e-20
2.9903225694530737e-21
1.578393090692831e-22
7.607942711596019e-24
3.3486844560424214e-25
1.3459723824643432e-26
4.940296350959463e-28
1.655864457210719e-29
5.068173770514738e-31
1.4165540162384654e-32
3.615511211498958e-34
8.426771455699565e-36
1.7935258826313112e-37
3.485852539626867e-39
6.186788996433785e-41
1.0027127275290911e-42
1.484030000857178e-44
2.005689790417571e-46
2.4753680266631205e-48
2.7897849065549244e-50
2.871154702433293e-52
2.698344508325008e-54
2.3157577725340846e-56
1.814862779157601e-58
1.298821255477094e-60
8.488088731467409e-63
5.065535513660546e-65
2.7605508293701146e-67
1.37379224919336e-69
6.243114578757415e-72
2.590815456347648e-74
9.818080375973807e-77
3.397595063787803e-79
1.0736718851111005e-81
3.0983214586473143e-84
8.164626061638047e-87
1.9647217502314343e-89
4.317384590236405e-92
8.663539328779723e-95
1.5875407997068172e-97
2.656497244094871e-100
4.059277803396477e-103
5.664259064607297e-106
7.217592737034822e-109
8.39840022706613e-112
8.923920479330277e-115
8.659040006591857e-118
7.672532394463965e-121
6.208156342229569e-124
4.587134666101102e-127
3.095104130009211e-130
1.907058298350601e-133
1.0730194749684375e-136
5.513230742943201e-140
2.586781010317848e-143
1.1083274487286323e-146
4.3364210514029104e-150
1.549350687199297e-153
5.055020768205992e-157
1.5060905701110617e-160
4.0976434336557236e-164
1.0180571766577938e-167
2.3097506874421056e-171
4.7853418774568556e-175
