1.2153298233273662
0.017507087372046735
0.0003249340937176105
7.497153150830149e-06
2.2383353692310948e-07
8.969314751767112e-09
6.812858198544082e-10
8.929508317141553e-11
1.8503153418494074e-11
5.666664827262592e-12
2.3834555716746106e-12
1.2701963939841989e-12
7.978860939421061e-13
5.603727239600635e-13
4.2456712768521303e-13
3.39126037725379e-13
2.81359434488447e-13
2.40094310397216e-13
2.0932726077455848e-13
1.8559566271398397e-13
1.6678285209186278e-13
1.5153110658761035e-13
1.3893368859907138e-13
1.2836403020701915e-13
1.1937635963445762e-13
1.116454623790876e-13
1.0492883663410635e-13
9.904216238883072e-14
9.384295625394718e-14
8.92194112240214e-14
8.508260887016754e-14
8.136097774390059e-14
7.799628016800688e-14
7.494065925778973e-14
7.21544344192482e-14
6.960443374778271e-14
6.726271722785141e-14
6.51055882317549e-14
6.311282034443398e-14
6.126704685769338e-14
5.955327446013181e-14
5.795849268428787e-14
5.647135786247141e-14
5.508193555457528e-14
5.378148923044341e-14
5.256230581684411e-14
5.141755083241107e-14
5.034114742768823e-14
4.9327674859568167e-14
4.8372282858692954e-14
4.74706190661806e-14
4.661876727443402e-14
4.581319464411803e-14
4.505070641409312e-14
4.4328406894444424e-14
4.364366575076517e-14
4.299408876269985e-14
4.237749238071203e-14
4.1791881519248746e-14
4.123543011744942e-14
4.0706464074583924e-14
4.020344622986044e-14
3.9724963107759936e-14
3.926971319271727e-14
3.8836496532436255e-14
3.84242054987223e-14
3.803181655949869e-14
3.765838293649843e-14
3.730302804067978e-14
3.6964939592262614e-14
3.6643364344879804e-14
3.6337603344056416e-14
3.604700765937696e-14
3.577097453752746e-14
3.5508943930116724e-14
3.5260395355958916e-14
3.502484506248436e-14
3.480184345525631e-14
3.459097276830789e-14
3.439184495126105e-14
3.420409975201901e-14
3.402740297629411e-14
3.38614449073961e-14
3.3705938871604325e-14
3.3560619936117047e-14
3.342524372804448e-14
3.329958536421504e-14
3.318343848271959e-14
3.307661436814653e-14
3.297894116337824e-14
3.289026316164034e-14
3.281044017323361e-14
3.2739346962045925e-14
3.26768727475442e-14
3.26229207684989e-14
3.2577407905197e-14
3.254026435736632e-14
3.251143337546559e-14
3.249087104340024e-14
3.247854611110614e-14
3.2474439875807484e-14
3.247854611110614e-14
3.249087104340024e-14
3.251143337546559e-14
3.254026435736632e-14
3.2577407905197e-14
3.26229207684989e-14
3.26768727475442e-14
3.2739346962045925e-14
3.281044017323361e-14
3.289026316164034e-14
3.297894116337824e-14
3.307661436814653e-14
3.318343848271959e-14
3.329958536421504e-14
3.342524372804448e-14
3.3560619936117047e-14
3.3705938871604325e-14
3.38614449073961e-14
3.402740297629411e-14
3.420409975201901e-14
3.439184495126105e-14
3.459097276830789e-14
3.480184345525631e-14
3.502484506248436e-14
3.5260395355958916e-14
3.5508943930116724e-14
3.577097453752746e-14
3.604700765937696e-14
3.6337603344056416e-14
3.6643364344879804e-14
3.6964939592262614e-14
3.730302804067978e-14
3.765838293649843e-14
3.803181655949869e-14
3.84242054987223e-14
3.8836496532436255e-14
3.926971319271727e-14
3.9724963107759936e-14
4.020344622986044e-14
4.0706464074583924e-14
4.123543011744942e-14
4.1791881519248746e-14
4.237749238071203e-14
4.299408876269985e-14
4.364366575076517e-14
4.4328406894444424e-14
4.505070641409312e-14
4.581319464411803e-14
4.661876727443402e-14
4.74706190661806e-14
4.8372282858692954e-14
4.9327674859568167e-14
5.034114742768823e-14
5.141755083241107e-14
5.256230581684411e-14
5.378148923044341e-14
5.508193555457528e-14
5.647135786247141e-14
5.795849268428787e-14
5.955327446013181e-14
6.126704685769338e-14
6.311282034443398e-14
6.51055882317549e-14
6.726271722785141e-14
6.960443374778271e-14
7.21544344192482e-14
7.494065925778973e-14
7.799628016800688e-14
8.136097774390059e-14
8.508260887016754e-14
8.92194112240214e-14
9.384295625394718e-14
9.904216238883072e-14
1.0492883663410635e-13
1.116454623790876e-13
1.1937635963445762e-13
1.2836403020701915e-13
1.3893368859907138e-13
1.5153110658761035e-13
1.6678285209186278e-13
1.8559566271398397e-13
2.0932726077455848e-13
2.40094310397216e-13
2.81359434488447e-13
3.39126037725379e-13
4.2456712768521303e-13
5.603727239600635e-13
7.978860939421061e-13
1.2701963939841989e-12
2.3834555716746106e-12
5.666664827262592e-12
1.8503153418494074e-11
8.929508317141553e-11
6.812858198544082e-10
8.969314751767112e-09
2.2383353692310948e-07
7.497153150830149e-06
0.0003249340937176105
0.017507087372046735

1.443439742591559e-12
1.3030691226209118e-11
1.0684365025237915e-10
7.956873397190073e-10
5.382061385602764e-09
3.306490761081649e-08
1.8450088263178196e-07
9.350655366545832e-07
4.304256318111412e-06
1.7995619242565994e-05
6.833615180971759e-05
0.00023571365808877266
0.0007391531069733063
0.002120000600606464
0.005727116170594261
0.015809156562027523
0.04811274009802842
0.1476792743188794
0.37928428878183684
0.7225643004539771
0.9799730746664914
0.9601169409327381
0.7366433781385306
0.5232740557204483
0.4032854713787937
0.3323406716657544
0.2657971889111981
0.19609549355535744
0.13171886402952457
0.080381524035526
0.04455393425546316
0.02242997909435115
0.0102561453534202
0.004259434400463335
0.0016066902891943447
0.0005504588664356579
0.00017128922402962675
4.841140425732703e-05
1.2427328729570637e-05
2.897479424139777e-06
6.135859443992196e-07
1.180165493673477e-07
2.061687747863821e-08
3.2712620510882987e-09
4.714332924172093e-10
6.170745429626127e-11
7.336137782271565e-12
7.921543225232078e-13
7.768990335794567e-14
6.920410142085113e-15
5.599014014104157e-16
4.1143737734572893e-17
2.7460497387830407e-18
1.664659921167344e-19
9.165477919670845e-21
4.583499363842685e-22
2.081860873722213e-23
8.588527267349614e-25
3.2180898259365804e-26
1.095191573590883e-27
3.385279200636118e-29
9.504107939131116e-31
2.4234870028569132e-32
5.612837872672637e-34
1.1806924019307329e-35
2.2558151393696914e-37
3.914557830894314e-39
6.169846902800879e-41
8.832395947702634e-43
1.14840517223619e-44
1.3562014915865997e-46
1.454674290886046e-48
1.41716290858121e-50
1.2539674357992994e-52
1.0077787760031665e-54
7.356252452650252e-57
4.877087080932665e-59
2.936816847854924e-61
1.6062224205275503e-63
7.978972575716229e-66
3.5999853123363737e-68
1.4752545176761694e-70
5.4909266907320835e-73
1.85625144863855e-75
5.699548236708572e-78
1.58948534972773e-80
4.026104963479257e-83
9.262455289605383e-86
1.9354396061276246e-88
3.6732085905461587e-91
6.331753899134994e-94
9.913224224840555e-97
1.4096727362788518e-99
1.8206821697371317e-102
2.1358091646362323e-105
2.275638224833797e-108
2.2021985001284482e-111
1.9356292341350622e-114
1.5452556876038366e-117
1.1204461707428896e-120
