0.7353142698270281
0.28690922371153815
0.15970974387572873
0.10770114536272556
0.08058854923951142
0.06415820938128823
0.05320143315893407
0.04540582125847936
0.03959443774647252
0.035106526855882524
0.0315432088288381
0.028649908999275504
0.026256819568919763
0.02424652435602425
0.022535362248874185
0.021062187269252224
0.019781320357903767
0.018657980815048818
0.017665239169706692
0.016781933446827636
0.01599121251926912
0.015279497686629166
0.014635729294183131
0.014050811431733541
0.013517196718557408
0.013028571750738838
0.0125796159406687
0.012165814583270351
0.011783312481851311
0.011428798255797122
0.011099412101993734
0.010792671659667814
0.010506411975789035
0.010238736546333053
0.009987977126485689
0.009752660534932995
0.009531481075532337
0.009323277500260905
0.0091270136661974
0.008941762214910966
0.008766690738402114
0.008601050001446795
0.008444163873044483
0.008295420685019284
0.008154265787676978
0.00802019511380324
0.007892749595493962
0.007771510305091608
0.007656094213211855
0.007546150474526142
0.007441357166431476
0.0073414184176250445
0.0072460618734084235
0.00715503645267037
0.007068110358252926
0.006985069308044096
0.006905714958862881
0.006829863499171505
0.006757344389996132
0.006687999236267983
0.006621680773198292
0.006558251954343952
0.006497585129764466
0.006439561304162804
0.006384069466182866
0.00633100598113727
0.00628027404038865
0.0062317831614281905
0.006185448733406301
0.006141191603487603
0.006098937699939911
0.006058617688335549
0.0060201666576529715
0.005983523833425611
0.005948632315399714
0.005915438837439958
0.005883893547665695
0.005853949807016187
0.005825564004633795
0.005798695388623162
0.005773305910894381
0.005749360084931869
0.005726824855449657
0.005705669479000309
0.005685865414699998
0.005667386224317829
0.0056502074810545
0.005634306686404856
0.005619663194561651
0.00560625814387492
0.005594074394933123
0.005583096474879683
0.005573310527621882
0.0055647042696291135
0.005557266951054469
0.005550989321947955
0.005545863603361847
0.005541883463178885
0.005539043996522651
0.005537341710636775
0.005536774514145903
0.005537341710636775
0.005539043996522651
0.005541883463178885
0.005545863603361847
0.005550989321947955
0.005557266951054469
0.0055647042696291135
0.005573310527621882
0.005583096474879683
0.005594074394933123
0.00560625814387492
0.005619663194561651
0.005634306686404856
0.0056502074810545
0.005667386224317829
0.005685865414699998
0.005705669479000309
0.005726824855449657
0.005749360084931869
0.005773305910894381
0.005798695388623162
0.005825564004633795
0.005853949807016187
0.005883893547665695
0.005915438837439958
0.005948632315399714
0.005983523833425611
0.0060201666576529715
0.006058617688335549
0.006098937699939911
0.006141191603487603
0.006185448733406301
0.0062317831614281905
0.00628027404038865
0.00633100598113727
0.006384069466182866
0.006439561304162804
0.006497585129764466
0.006558251954343952
0.006621680773198292
0.006687999236267983
0.006757344389996132
0.006829863499171505
0.006905714958862881
0.006985069308044096
0.007068110358252926
0.00715503645267037
0.0072460618734084235
0.0073414184176250445
0.007441357166431476
0.007546150474526142
0.007656094213211855
0.007771510305091608
0.007892749595493962
0.00802019511380324
0.008154265787676978
0.008295420685019284
0.008444163873044483
0.008601050001446795
0.008766690738402114
0.008941762214910966
0.0091270136661974
0.009323277500260905
0.009531481075532337
0.009752660534932995
0.009987977126485689
0.010238736546333053
0.010506411975789035
0.010792671659667814
0.011099412101993734
0.011428798255797122
0.011783312481851311
0.012165814583270351
0.0125796159406687
0.013028571750738838
0.013517196718557408
0.014050811431733541
0.014635729294183131
0.015279497686629166
0.01599121251926912
0.016781933446827636
0.017665239169706692
0.018657980815048818
0.019781320357903767
0.021062187269252224
0.022535362248874185
0.02424652435602425
0.026256819568919763
0.028649908999275504
0.0315432088288381
0.035106526855882524
0.03959443774647252
0.04540582125847936
0.05320143315893407
0.06415820938128823
0.08058854923951142
0.10770114536272556
0.15970974387572873
0.28690922371153815

0.2733765892769308
0.329314080753866
0.34803696003206364
0.33635618300710607
0.3159729006740686
0.3053622612654004
0.3071031267363917
0.30997027256819537
0.3001347813847442
0.27071450109632733
0.22431516700156479
0.16981836502911093
0.11723937813474056
0.07376893102156505
0.04229746385435408
0.022099283042009414
0.0105210948740769
0.004564168999511236
0.0018041820473944177
0.0006498555435569084
0.000213290309813444
6.378862598671679e-05
1.738333882446659e-05
4.316591669214714e-06
9.767120966222577e-07
2.0137705720230806e-07
3.7833039939806747e-08
6.476648280528778e-09
1.01029269399791e-09
1.4360247895233867e-10
1.8599209527510174e-11
2.1950522485471616e-12
2.360549232318052e-13
2.3131249251823123e-14
2.0653941349093207e-15
1.6804462107229116e-16
1.2458452976070294e-17
8.416304585187676e-19
5.180797247030461e-20
2.9059596098030595e-21
1.485252788393553e-22
6.917178841085819e-24
2.9354552059608324e-25
1.1351146690600303e-26
3.999648627541139e-28
1.2841677792342227e-29
3.7569855376270317e-31
1.0015556906531503e-32
2.4329238048683954e-34
5.3851739702663985e-36
1.086147466095033e-37
1.9961614953229185e-39
3.342876868269382e-41
5.101089123049921e-43
7.092890705667093e-45
8.986724948023074e-47
1.037522340039464e-48
1.0914687078983257e-50
1.046268009857371e-52
9.138868529604897e-55
7.273772906266132e-57
5.275272169887399e-59
3.486164130469872e-61
2.0992715208600385e-63
1.15187996195613e-65
5.759219856983672e-68
2.6238434392619982e-70
1.0892561054538437e-72
4.120405073934356e-75
1.4202593235543742e-77
4.460804702506942e-80
1.276663953028986e-82
3.3293373860922456e-85
7.91146378437081e-88
1.713064465222059e-90
3.379935353133885e-93
6.076603596680518e-96
9.954770318605923e-99
1.4860020459484348e-101
2.0212749595103497e-104
2.5052392629196186e-107
2.8293771930324286e-110
2.911724714311888e-113
2.730408342571014e-116
2.333042858913828e-119
1.8165010661657735e-122
1.288743305905322e-125
8.331342969403941e-129
4.9077386683917644e-132
2.634302658452544e-135
1.2884504947241576e-138
5.742323143354509e-142
2.33198281316956e-145
8.6294057071155e-149
2.909740474662999e-152
8.940163224668869e-156
2.5029632096598044e-159
6.385300043574385e-163
1.4843146643962972e-166
3.144042963366386e-170
