1.0067605316930697
0.6084965633623234
0.42270493570984485
0.3086980423594254
0.23454778972788284
0.1841208410253814
0.14851366840157798
0.12255760191686485
0.10311632799523787
0.08821104831009155
0.07654984414826788
0.06726361693729485
0.05975215493312953
0.053591245814112176
0.04847486181611518
0.04417816232092263
0.04053322280532198
0.037412753987913994
0.03471895975746883
0.03237577266617146
0.03032335352812417
0.028514136117691758
0.026909943633279428
0.0254798597828232
0.024198638540239105
0.023045503328309996
0.022003231062420206
0.021057446858176725
0.020196076130642497
0.019408915413899226
0.018687293538736466
0.01802380216556214
0.017412079977643703
0.01684663870556822
0.016322721995052053
0.01583619023655485
0.015383426049452413
0.014961256299323766
0.014566887426675196
0.014197851552948882
0.013851961358526791
0.013527272136854887
0.013222049747690364
0.012934743442286336
0.012663962730126734
0.012408457612689666
0.01216710163379852
0.011938877295385257
0.011722863467279658
0.011518224484065202
0.011324200674293003
0.011140100109900014
0.010965291398477118
0.010799197369601674
0.01064128952999225
0.01049108318171539
0.010348133113836627
0.010212029791368525
0.010082395976616422
0.009958883727451113
0.009841171724966003
0.00972896288966269
0.009621982250964764
0.009519975039656759
0.009422704976925315
0.009329952737159333
0.009241514564640733
0.009157201026807433
0.009076835888960995
0.009000255097178573
0.008927305857817532
0.008857845803410617
0.0087917422359716
0.00872887143979345
0.008669118056745716
0.008612374517885187
0.008558540525899494
0.008507522583521804
0.0084592335635979
0.008413592316964568
0.008370523314719585
0.008329956321835582
0.008291826099399623
0.008256072133052468
0.008222638385461455
0.008191473070892507
0.008162528450153611
0.008135760644367461
0.008111129466197351
0.008088598267300377
0.008068133800917374
0.008049706098632004
0.008033288360443189
0.008018856857397448
0.008006390846121677
0.007995872494683698
0.00798728681928869
0.007980621631395029
0.007975867494904155
0.007973017693146666
0.00797206820545138
0.007973017693146666
0.007975867494904155
0.007980621631395029
0.00798728681928869
0.007995872494683698
0.008006390846121677
0.008018856857397448
0.008033288360443189
0.008049706098632004
0.008068133800917374
0.008088598267300377
0.008111129466197351
0.008135760644367461
0.008162528450153611
0.008191473070892507
0.008222638385461455
0.008256072133052468
0.008291826099399623
0.008329956321835582
0.008370523314719585
0.008413592316964568
0.0084592335635979
0.008507522583521804
0.008558540525899494
0.008612374517885187
0.008669118056745716
0.00872887143979345
0.0087917422359716
0.008857845803410617
0.008927305857817532
0.009000255097178573
0.009076835888960995
0.009157201026807433
0.009241514564640733
0.009329952737159333
0.009422704976925315
0.009519975039656759
0.009621982250964764
0.00972896288966269
0.009841171724966003
0.009958883727451113
0.010082395976616422
0.010212029791368525
0.010348133113836627
0.01049108318171539
0.01064128952999225
0.010799197369601674
0.010965291398477118
0.011140100109900014
0.011324200674293003
0.011518224484065202
0.011722863467279658
0.011938877295385257
0.01216710163379852
0.012408457612689666
0.012663962730126734
0.012934743442286336
0.013222049747690364
0.013527272136854887
0.013851961358526791
0.014197851552948882
0.014566887426675196
0.014961256299323766
0.015383426049452413
0.01583619023655485
0.016322721995052053
0.01684663870556822
0.017412079977643703
0.01802380216556214
0.018687293538736466
0.019408915413899226
0.020196076130642497
0.021057446858176725
0.022003231062420206
0.023045503328309996
0.024198638540239105
0.0254798597828232
0.026909943633279428
0.028514136117691758
0.03032335352812417
0.03237577266617146
0.03471895975746883
0.037412753987913994
0.04053322280532198
0.04417816232092263
0.04847486181611518
0.053591245814112176
0.05975215493312953
0.06726361693729485
0.07654984414826788
0.08821104831009155
0.10311632799523787
0.12255760191686485
0.14851366840157798
0.1841208410253814
0.23454778972788284
0.3086980423594254
0.42270493570984485
0.6084965633623234

0.3633473360846202
1.2521043268204606
1.3797975712246686
0.893244849610478
0.5327099101826986
0.21507255504032458
0.0516697165268538
0.007317628010125001
0.0006107881643541137
3.0046650635076482e-05
8.711374589754323e-07
1.4885467455609808e-08
1.499112798015927e-10
3.218643072042566e-12
6.890588403178255e-10
9.725957663387455e-08
6.549121322489977e-06
0.0002103809105268295
0.00322405363834678
0.023570609896274443
0.08220760868906804
0.13678102189417282
0.10857061708873303
0.041112264807201405
0.00742682398477818
0.0006400405564164711
2.6313855799929854e-05
5.16100310416554e-07
4.828990863020135e-09
2.1555161473597302e-11
4.590064739848663e-14
4.6629308494782254e-17
2.2598092004801725e-20
5.2246500142293455e-24
5.762557448788044e-28
3.032117075061043e-32
7.611132766345957e-37
9.114340785553852e-42
5.206835551555832e-47
1.4190414903395621e-52
1.844968515832311e-58
1.1443410007303265e-64
3.3860595474288385e-71
4.779762940406505e-78
3.218776022284733e-85
1.0340648856980557e-92
1.5848109297151227e-100
1.1587233482142931e-108
4.041612685278948e-117
6.72515439776876e-126
5.338539499687856e-135
2.021693407458838e-144
3.652420426343261e-154
3.1478850460521765e-164
1.2942840510345138e-174
2.53870926614687e-185
2.3755762257507607e-196
1.0604680925516557e-207
2.2583896517623095e-219
2.2944192508585068e-231
1.1120371962703563e-243
2.5712155378616197e-256
2.8361571235731673e-269
1.492432589642353e-282
3.746552255317127e-296
4.4868494559445e-310
0.0
0.0
0.0
0.0
0.0
0.0
0.0
0.0
0.0
0.0
0.0
0.0
0.0
0.0
0.0
0.0
0.0
0.0
0.0
0.0
0.0
0.0
0.0
0.0
0.0
0.0
0.0
0.0
0.0
0.0
0.0
0.0
0.0
0.0
