0.5901647969926802
0.04544089158716116
0.0058590787567865945
0.0011805067087058546
0.0003533111781978014
0.0001465368300525157
7.751749575407474e-05
4.853092941592112e-05
3.4028419944414184e-05
2.57609314702528e-05
2.0567794490270625e-05
1.705959258727349e-05
1.455449600154632e-05
1.2686965672949308e-05
1.1246473596608853e-05
1.0104447959298582e-05
9.178467491109313e-06
8.413509562689304e-06
7.771561847885991e-06
7.225584154704359e-06
6.755850511534783e-06
6.34765216925543e-06
5.989809173198959e-06
5.673678838205397e-06
5.392478857730868e-06
5.1408150068949864e-06
4.914345089876738e-06
4.7095355794416955e-06
4.523482550339878e-06
4.353777998679352e-06
4.198408716623722e-06
4.055678863214353e-06
3.9241500161526205e-06
3.802594279996232e-06
3.6899572581243012e-06
3.5853285557639997e-06
3.4879180898081698e-06
3.3970369170722136e-06
3.312081608622758e-06
3.2325214293676967e-06
3.157887753524033e-06
3.087765274710138e-06
3.0217846660416207e-06
2.9596164191063187e-06
2.9009656470404363e-06
2.84556768045242e-06
2.7931843188014603e-06
2.743600626357388e-06
2.6966221827726553e-06
2.652072714874444e-06
2.609792049507387e-06
2.5696343378617953e-06
2.5314665102717914e-06
2.4951669273949023e-06
2.4606241993242773e-06
2.4277361487969736e-06
2.396408898450368e-06
2.366556065203833e-06
2.3380980474309296e-06
2.310961392739007e-06
2.2850782359685554e-06
2.260385798528158e-06
2.2368259414442767e-06
2.214344765570198e-06
2.1928922532992457e-06
2.1724219468915246e-06
2.1528906591736454e-06
2.1342582129256457e-06
2.116487205744031e-06
2.0995427975771014e-06
2.083392518479054e-06
2.0680060944314305e-06
2.0533552893416258e-06
2.0394137615544916e-06
2.0261569334095927e-06
2.0135618725478116e-06
2.0016071838203035e-06
1.990272910783348e-06
1.9795404458770843e-06
1.9693924484866063e-06
1.9598127701723727e-06
1.9507863864348942e-06
1.9422993344476814e-06
1.934338656253568e-06
1.9268923469738025e-06
1.9199493076276737e-06
1.9134993022035655e-06
1.907532918660953e-06
1.9020415335775195e-06
1.8970172801867672e-06
1.8924530195796645e-06
1.888342314869442e-06
1.8846794081418786e-06
1.8814592000346681e-06
1.8786772318090126e-06
1.8763296697945733e-06
1.8744132921057056e-06
1.872925477542537e-06
1.8718641966052277e-06
1.8712280045637594e-06
1.871016036538998e-06
1.8712280045637594e-06
1.8718641966052277e-06
1.872925477542537e-06
1.8744132921057056e-06
1.8763296697945733e-06
1.8786772318090126e-06
1.8814592000346681e-06
1.8846794081418786e-06
1.888342314869442e-06
1.8924530195796645e-06
1.8970172801867672e-06
1.9020415335775195e-06
1.907532918660953e-06
1.9134993022035655e-06
1.9199493076276737e-06
1.9268923469738025e-06
1.934338656253568e-06
1.9422993344476814e-06
1.9507863864348942e-06
1.9598127701723727e-06
1.9693924484866063e-06
1.9795404458770843e-06
1.990272910783348e-06
2.0016071838203035e-06
2.0135618725478116e-06
2.0261569334095927e-06
2.0394137615544916e-06
2.0533552893416258e-06
2.0680060944314305e-06
2.083392518479054e-06
2.0995427975771014e-06
2.116487205744031e-06
2.1342582129256457e-06
2.1528906591736454e-06
2.1724219468915246e-06
2.1928922532992457e-06
2.214344765570198e-06
2.2368259414442767e-06
2.260385798528158e-06
2.2850782359685554e-06
2.310961392739007e-06
2.3380980474309296e-06
2.366556065203833e-06
2.396408898450368e-06
2.4277361487969736e-06
2.4606241993242773e-06
2.4951669273949023e-06
2.5314665102717914e-06
2.5696343378617953e-06
2.609792049507387e-06
2.652072714874444e-06
2.6966221827726553e-06
2.743600626357388e-06
2.7931843188014603e-06
2.84556768045242e-06
2.9009656470404363e-06
2.9596164191063187e-06
3.0217846660416207e-06
3.087765274710138e-06
3.157887753524033e-06
3.2325214293676967e-06
3.312081608622758e-06
3.3970369170722136e-06
3.4879180898081698e-06
3.5853285557639997e-06
3.6899572581243012e-06
3.802594279996232e-06
3.9241500161526205e-06
4.055678863214353e-06
4.198408716623722e-06
4.353777998679352e-06
4.523482550339878e-06
4.7095355794416955e-06
4.914345089876738e-06
5.1408150068949864e-06
5.392478857730868e-06
5.673678838205397e-06
5.989809173198959e-06
6.34765216925543e-06
6.755850511534783e-06
7.225584154704359e-06
7.771561847885991e-06
8.413509562689304e-06
9.178467491109313e-06
1.0104447959298582e-05
1.1246473596608853e-05
1.2686965672949308e-05
1.455449600154632e-05
1.705959258727349e-05
2.0567794490270625e-05
2.57609314702528e-05
3.4028419944414184e-05
4.853092941592112e-05
7.751749575407474e-05
0.0001465368300525157
0.0003533111781978014
0.0011805067087058546
0.0058590787567865945
0.04544089158716116

8.786323711932046e-05
0.00028781031581246515
0.0008588676425958267
0.002334897133173911
0.00578272675801423
0.01304741675720028
0.026819477640318955
0.050225436366090226
0.08569817442843977
0.13324353216676488
0.18882033581243546
0.24399159921114433
0.2877388926446683
0.3101907430017289
0.3066114208855602
0.2794348833250535
0.23707105644650783
0.19013659846349965
0.14727643799988932
0.11275339611476118
0.08661319024568419
0.06661561113197545
0.05037839357143736
0.03657281714452262
0.024959495936198433
0.01578066046764078
0.00916006978969593
0.004856086577000687
0.002344347371095693
0.0010289913903350518
0.00041027847084346185
0.00014853148754316784
4.881129223640509e-05
1.4558741289347424e-05
3.9409079294383236e-06
9.680989548290728e-07
2.1581636823524767e-07
4.3660103426752886e-08
8.01526527665672e-09
1.3353101251842558e-09
2.0187222120662522e-10
2.7694953679377803e-11
3.4478955216573673e-12
3.8952627825896356e-13
3.993452686062633e-14
3.715261532140266e-15
3.136600984322885e-16
2.4030243794543128e-17
1.670652360201418e-18
1.054005807695708e-19
6.034328093631857e-21
3.1350453953719265e-22
1.4780453020687882e-23
6.323545586616183e-25
2.4550625328186685e-26
8.649548922555837e-28
2.7653706958272003e-29
8.023100813271611e-31
2.1123220772182692e-32
5.046694583904787e-34
1.0941652140541481e-35
2.1527211611526564e-37
3.843453686901876e-39
6.227081078610406e-41
9.155380205362652e-43
1.2215106119646424e-44
1.4789282337599842e-46
1.6248974291669632e-48
1.6200700709316265e-50
1.4657862459253575e-52
1.2034733602837454e-54
8.966672674128852e-57
6.062547398388968e-59
3.719700504903033e-61
2.071046243377044e-63
1.0464069475892058e-65
4.7977810929359075e-68
1.996223843664196e-70
7.537148023113613e-73
2.582461443917465e-75
8.029521101996705e-78
2.26555409933429e-80
5.800804465404141e-83
1.3478172535699992e-85
2.841860740849084e-88
5.43755382863567e-91
9.441333569908152e-94
1.4876203488525725e-96
2.127060656498414e-99
2.7599208973389996e-102
3.2496934185548525e-105
3.472299219524392e-108
3.36682769079774e-111
2.962467768659766e-114
2.3654587192000853e-117
1.713981415477833e-120
1.1270049918934055e-123
6.724725581684549e-127
3.641265022721703e-130
1.789200488306419e-133
