0.7443212844709671
0.030551262229330328
0.0014030521166543022
7.259043821811565e-05
4.290401359481094e-06
2.9470435205028726e-07
2.387339504348226e-08
2.362045373506245e-09
2.655186221601509e-10
3.5528380436184235e-11
5.598382606116675e-12
1.0328111558596761e-12
2.2233447298230184e-13
5.573408335454472e-14
1.6246788083987204e-14
5.4981111061202995e-15
2.15258609381321e-15
9.685571402119884e-16
4.955233850881022e-16
2.84123258889626e-16
1.7952528642282334e-16
1.2290295865130465e-16
8.974628714629635e-17
6.897941181118758e-17
5.520893489692639e-17
4.562809025326167e-17
3.86873822642025e-17
3.348554075965889e-17
2.947362119158581e-17
2.6303419261911946e-17
2.3746016575497392e-17
2.1646087837630705e-17
1.9895257264219836e-17
1.8416011482035247e-17
1.715167619262761e-17
1.605999119877399e-17
1.51088848920464e-17
1.4273629827950973e-17
1.3534887066968171e-17
1.2877335430393076e-17
1.2288693684101977e-17
1.1759011697014296e-17
1.1280148938727787e-17
1.0845385555656948e-17
1.0449128664063754e-17
1.0086687965495525e-17
9.75410247406305e-18
9.448005373900155e-18
9.165517634967267e-18
8.904163541130879e-18
8.661803074059947e-18
8.436577379505615e-18
8.226864472588016e-18
8.03124301994359e-18
7.848462540459782e-18
7.677418742464459e-18
7.517132998477793e-18
7.366735173679473e-18
7.225449188788279e-18
7.092580824885369e-18
6.967507376165334e-18
6.849668833530944e-18
6.738560342443158e-18
6.633725726296772e-18
6.534751904670444e-18
6.4412640662636955e-18
6.3529214808322306e-18
6.269413854233929e-18
6.190458146778248e-18
6.115795788190677e-18
6.045190233253954e-18
5.978424811033688e-18
5.9153008279050785e-18
5.8556358906596615e-18
5.799262421018689e-18
5.746026337097396e-18
5.695785880901286e-18
5.648410573911458e-18
5.603780285328302e-18
5.561784399670438e-18
5.522321072233593e-18
5.485296562454418e-18
5.4506246365412305e-18
5.41822603186263e-18
5.388027976556036e-18
5.359963758655704e-18
5.333972339764701e-18
5.309998008924424e-18
5.287990072883332e-18
5.2679025794455715e-18
5.2496940710003955e-18
5.2333273657036155e-18
5.2187693641098496e-18
5.205990879345804e-18
5.19496648917535e-18
5.18567440854167e-18
5.178096381384273e-18
5.172217590722902e-18
5.168026586179217e-18
5.165515228273959e-18
5.1646786489940786e-18
5.165515228273959e-18
5.168026586179217e-18
5.172217590722902e-18
5.178096381384273e-18
5.18567440854167e-18
5.19496648917535e-18
5.205990879345804e-18
5.2187693641098496e-18
5.2333273657036155e-18
5.2496940710003955e-18
5.2679025794455715e-18
5.287990072883332e-18
5.309998008924424e-18
5.333972339764701e-18
5.359963758655704e-18
5.388027976556036e-18
5.41822603186263e-18
5.4506246365412305e-18
5.485296562454418e-18
5.522321072233593e-18
5.561784399670438e-18
5.603780285328302e-18
5.648410573911458e-18
5.695785880901286e-18
5.746026337097396e-18
5.799262421018689e-18
5.8556358906596615e-18
5.9153008279050785e-18
5.978424811033688e-18
6.045190233253954e-18
6.115795788190677e-18
6.190458146778248e-18
6.269413854233929e-18
6.3529214808322306e-18
6.4412640662636955e-18
6.534751904670444e-18
6.633725726296772e-18
6.738560342443158e-18
6.849668833530944e-18
6.967507376165334e-18
7.092580824885369e-18
7.225449188788279e-18
7.366735173679473e-18
7.517132998477793e-18
7.677418742464459e-18
7.848462540459782e-18
8.03124301994359e-18
8.226864472588016e-18
8.436577379505615e-18
8.661803074059947e-18
8.904163541130879e-18
9.165517634967267e-18
9.448005373900155e-18
9.75410247406305e-18
1.0086687965495525e-17
1.0449128664063754e-17
1.0845385555656948e-17
1.1280148938727787e-17
1.1759011697014296e-17
1.2288693684101977e-17
1.2877335430393076e-17
1.3534887066968171e-17
1.4273629827950973e-17
1.51088848920464e-17
1.605999119877399e-17
1.715167619262761e-17
1.8416011482035247e-17
1.9895257264219836e-17
2.1646087837630705e-17
2.3746016575497392e-17
2.6303419261911946e-17
2.947362119158581e-17
3.348554075965889e-17
3.86873822642025e-17
4.562809025326167e-17
5.520893489692639e-17
6.897941181118758e-17
8.974628714629635e-17
1.2290295865130465e-16
1.7952528642282334e-16
2.84123258889626e-16
4.955233850881022e-16
9.685571402119884e-16
2.15258609381321e-15
5.4981111061202995e-15
1.6246788083987204e-14
5.573408335454472e-14
2.2233447298230184e-13
1.0328111558596761e-12
5.598382606116675e-12
3.5528380436184235e-11
2.655186221601509e-10
2.362045373506245e-09
2.387339504348226e-08
2.9470435205028726e-07
4.290401359481094e-06
7.259043821811565e-05
0.0014030521166543022
0.030551262229330328

2.0259167749998057e-16
1.3994660555156532e-14
7.383937342934698e-13
2.975764112583518e-11
9.159966099569836e-10
2.1536448959491946e-08
3.86757898047394e-07
5.305045971604914e-06
5.5580695565614295e-05
0.000444778385070905
0.0027186233313488835
0.012693894780753353
0.04544474831791171
0.13017077570825722
0.3431206976299985
0.7746013403971167
1.0187472293543829
0.7107973886618353
0.3656003248418173
0.17783209118632523
0.07257857333101973
0.022887814457272195
0.00551597690863058
0.0010153837363241418
0.00014276536950276074
1.533205646395945e-05
1.2576587351493859e-06
7.879707173746489e-08
3.770875646484709e-09
1.3783490407327855e-10
3.8482304456470415e-12
8.206307745609311e-14
1.3366552022883985e-15
1.6629372125268345e-17
1.580218624453749e-19
1.146947041813769e-21
6.358496264129971e-24
2.6924666994716596e-26
8.708254765848354e-29
2.151279193869822e-31
4.059263961773496e-34
5.850361124876165e-37
6.440252892971913e-40
5.4151193564883026e-43
3.477747210555795e-46
1.7059757508922108e-49
6.391938118114324e-53
1.8292671493972845e-56
3.9985872236174573e-60
6.676069944017179e-64
8.513733418564738e-68
8.292855197384357e-72
6.169826936054104e-76
3.506119769721985e-80
1.521827326854357e-84
5.0453218318871115e-89
1.277606861800984e-93
2.4711008058206904e-98
3.6506361860271807e-103
4.119376732536464e-108
3.5504167540646656e-113
2.3372868855138486e-118
1.1752481481780188e-123
4.5136927617227756e-129
1.324095404011191e-134
2.966821566800659e-140
5.077482578676953e-146
6.637282792736001e-152
6.6270014731878705e-158
5.053923661503544e-164
2.943914235264837e-170
1.3098045501963872e-176
4.451154832154136e-183
1.1553771473760169e-189
2.2906551383751493e-196
3.4688100032599043e-203
4.012233324903354e-210
3.544677380639269e-217
2.391950084100138e-224
1.2328560656738395e-231
4.853527619732144e-239
1.4594442164959352e-246
3.3519872624393498e-254
5.880335222284122e-262
7.879282562634656e-270
8.064104201930038e-278
6.303916501153427e-286
3.7640002054837034e-294
1.7166181110451313e-302
5.979744214068e-311
1.591e-319
0.0
0.0
0.0
0.0
0.0
0.0
0.0
0.0
0.0
