0.739715796049384
0.03167319604849393
0.0016741307770104553
0.00010886707495293196
8.68656465766303e-06
8.488262636031002e-07
1.0147069562645163e-07
1.4835441538483973e-08
2.65475114529191e-09
5.815397645301909e-10
1.56091942928886e-10
5.121052129742483e-11
2.0361602074536588e-11
9.64661033200009e-12
5.31282778827418e-12
3.3067377355372902e-12
2.263328410237503e-12
1.665463134134683e-12
1.2942479137546976e-12
1.0482190596267074e-12
8.762858488133328e-13
7.508380769643084e-13
6.56018931243477e-13
5.822327526960922e-13
5.234054442782278e-13
4.755397776258535e-13
4.359152337607134e-13
4.0262519053217404e-13
3.7429875675827726e-13
3.499277893791471e-13
3.2875600535252814e-13
3.1020594360983346e-13
2.9382967246925297e-13
2.792747858050175e-13
2.6626047709113686e-13
2.5456039969116533e-13
2.439901865040558e-13
2.343982259304307e-13
2.256587508978817e-13
2.1766659563578164e-13
2.1033317157620424e-13
2.0358334583138705e-13
1.9735299579868722e-13
1.9158707581913062e-13
1.8623807559052395e-13
1.8126478115069916e-13
1.766312716267065e-13
1.723061012235556e-13
1.6826162788945637e-13
1.6447345897348336e-13
1.609199908423563e-13
1.5758202444818188e-13
1.5444244266709774e-13
1.5148593816760543e-13
1.4869878284012e-13
1.4606863158912385e-13
1.4358435467665597e-13
1.4123589390019903e-13
1.3901413875637887e-13
1.369108194348433e-13
1.3491841404266595e-13
1.3303006790800292e-13
1.3123952317513007e-13
1.2954105719889324e-13
1.2792942848865182e-13
1.2639982915063103e-13
1.2494784294162866e-13
1.2356940818286818e-13
1.2226078489573246e-13
1.2101852561535427e-13
1.1983944941696223e-13
1.187206187561929e-13
1.1765931878048892e-13
1.166530388159836e-13
1.156994557743882e-13
1.147964192585285e-13
1.1394193817430813e-13
1.131341686818055e-13
1.1237140333960382e-13
1.1165206131486848e-13
1.1097467954756966e-13
1.1033790477099498e-13
1.0974048630261933e-13
1.0918126952976925e-13
1.086591900235655e-13
1.08173268222535e-13
1.0772260463422226e-13
1.0730637550923025e-13
1.0692382894750619e-13
1.0657428140145229e-13
1.0625711454467619e-13
1.0597177247897272e-13
1.0571775925551076e-13
1.0549463668924325e-13
1.0530202244831318e-13
1.0513958840273498e-13
1.0500705921892703e-13
1.0490421118879148e-13
1.0483087128401005e-13
1.0478691642807721e-13
1.0477227298034986e-13
1.0478691642807721e-13
1.0483087128401005e-13
1.0490421118879148e-13
1.0500705921892703e-13
1.0513958840273498e-13
1.0530202244831318e-13
1.0549463668924325e-13
1.0571775925551076e-13
1.0597177247897272e-13
1.0625711454467619e-13
1.0657428140145229e-13
1.0692382894750619e-13
1.0730637550923025e-13
1.0772260463422226e-13
1.08173268222535e-13
1.086591900235655e-13
1.0918126952976925e-13
1.0974048630261933e-13
1.1033790477099498e-13
1.1097467954756966e-13
1.1165206131486848e-13
1.1237140333960382e-13
1.131341686818055e-13
1.1394193817430813e-13
1.147964192585285e-13
1.156994557743882e-13
1.166530388159836e-13
1.1765931878048892e-13
1.187206187561929e-13
1.1983944941696223e-13
1.2101852561535427e-13
1.2226078489573246e-13
1.2356940818286818e-13
1.2494784294162866e-13
1.2639982915063103e-13
1.2792942848865182e-13
1.2954105719889324e-13
1.3123952317513007e-13
1.3303006790800292e-13
1.3491841404266595e-13
1.369108194348433e-13
1.3901413875637887e-13
1.4123589390019903e-13
1.4358435467665597e-13
1.4606863158912385e-13
1.4869878284012e-13
1.5148593816760543e-13
1.5444244266709774e-13
1.5758202444818188e-13
1.609199908423563e-13
1.6447345897348336e-13
1.6826162788945637e-13
1.723061012235556e-13
1.766312716267065e-13
1.8126478115069916e-13
1.8623807559052395e-13
1.9158707581913062e-13
1.9735299579868722e-13
2.0358334583138705e-13
2.1033317157620424e-13
2.1766659563578164e-13
2.256587508978817e-13
2.343982259304307e-13
2.439901865040558e-13
2.5456039969116533e-13
2.6626047709113686e-13
2.792747858050175e-13
2.9382967246925297e-13
3.1020594360983346e-13
3.2875600535252814e-13
3.499277893791471e-13
3.7429875675827726e-13
4.0262519053217404e-13
4.359152337607134e-13
4.755397776258535e-13
5.234054442782278e-13
5.822327526960922e-13
6.56018931243477e-13
7.508380769643084e-13
8.762858488133328e-13
1.0482190596267074e-12
1.2942479137546976e-12
1.665463134134683e-12
2.263328410237503e-12
3.3067377355372902e-12
5.31282778827418e-12
9.64661033200009e-12
2.0361602074536588e-11
5.121052129742483e-11
1.56091942928886e-10
5.815397645301909e-10
2.65475114529191e-09
1.4835441538483973e-08
1.0147069562645163e-07
8.488262636031002e-07
8.68656465766303e-06
0.00010886707495293196
0.0016741307770104553
0.03167319604849393

4.427473863385682e-12
9.34694895305796e-11
1.6507775847266543e-09
2.4322056508161167e-08
2.978381081697138e-07
3.0185354071180266e-06
2.5212806658532656e-05
0.00017290368085881125
0.0009704713888874213
0.004447752228130614
0.01661999932460853
0.050603608061095234
0.12557224951559584
0.2542398192523858
0.42080417326828956
0.5709685226145722
0.6373375626037192
0.5876469023268747
0.4494770573950734
0.2863449885157501
0.15243526174279395
0.06795461094812343
0.025388685054516844
0.007946487307384087
0.002081002851489944
0.00045518640682446496
8.301444999366173e-05
1.2603091748725306e-05
1.5907642350667975e-06
1.6677450981465684e-07
1.4513246721346079e-08
1.047912251542051e-09
6.276182800090819e-11
3.1175150059059962e-12
1.2841785330785778e-13
4.3865730916392396e-15
1.2425036546129966e-16
2.9183471963387474e-18
5.683824488020382e-20
9.179258426187815e-22
1.2292416078119791e-23
1.364989789118587e-25
1.256851471615694e-27
9.596235165493557e-30
6.075473932812532e-32
3.189494016535258e-34
1.3884356947287002e-36
5.011781131025817e-39
1.5001019339337762e-41
3.723160795658243e-44
7.662406049330159e-47
1.30761796895995e-49
1.8503715608470365e-52
2.1711976371515295e-55
2.112526269263271e-58
1.704383127326669e-61
1.140235825168293e-64
6.3253488963000936e-68
2.9096224346650213e-71
1.1098163932821431e-74
3.510168641826122e-78
9.205919572759509e-82
2.0020214133133224e-85
3.61021118962913e-89
5.39832273842511e-93
6.693410031846917e-97
6.881741624643347e-101
5.8669399537376075e-105
4.147508373030663e-109
2.431225528088238e-113
1.1817498903796748e-117
4.763084013209865e-122
1.5918907554646917e-126
4.411645703146064e-131
1.0137954586311138e-135
1.9318010747580081e-140
3.0523674450782018e-145
3.999204111616765e-150
4.344828866871955e-155
3.914119924973727e-160
2.9238691179618864e-165
1.8111068631209343e-170
9.302347778634368e-176
3.9618991418122706e-181
1.3991897230462136e-186
4.097435684973982e-192
9.949701046841092e-198
2.003411978571636e-203
3.344974782568662e-209
4.631031953599911e-215
5.31649065516785e-221
5.060980684514697e-227
3.9949068059225736e-233
2.6148150309086283e-239
1.4191805183862386e-245
6.386996181646313e-252
2.3835157164466623e-258
7.375674307159315e-265
1.8925518637765808e-271
4.026764176132247e-278
