0.9801945730181263
0.011601604384089897
0.00019182063625650052
4.062460162801276e-06
1.0476833227844121e-07
2.738882363171661e-09
1.0452814396392886e-10
4.925652213673447e-12
2.729564254568007e-13
1.8395637038854292e-14
1.6891987613770915e-15
2.3896639501656467e-16
5.3254407976027375e-17
1.7339247338405065e-17
7.519395030813603e-18
4.023795283403495e-18
2.5046885111949378e-18
1.734961309712894e-18
1.2966582653728964e-18
1.023292217175988e-18
8.4038442505203e-19
7.110909960554334e-19
6.156377675755058e-19
5.426701466199683e-19
4.852901391294313e-19
4.391039425804794e-19
4.011983563376138e-19
3.6957463457583597e-19
3.428204968830444e-19
3.199122875338666e-19
3.000913468911385e-19
2.827843151391358e-19
2.6755032122575135e-19
2.540451183831555e-19
2.419961878912865e-19
2.311851125090032e-19
2.2143487266259354e-19
2.126005415851076e-19
2.0456236915503154e-19
1.9722057177806476e-19
1.904913589056131e-19
1.8430386820587352e-19
1.785977768111191e-19
1.7332142145539308e-19
1.6843030579498284e-19
1.6388590526593362e-19
1.596547027237514e-19
1.5570740464728464e-19
1.5201829976755343e-19
1.4856473089623367e-19
1.4532665737075193e-19
1.422862905276166e-19
1.3942778840364245e-19
1.367369987608928e-19
1.3420124176238285e-19
1.3180912535696259e-19
1.29550387784504e-19
1.2741576267624292e-19
1.2539686306675975e-19
1.234860813039101e-19
1.2167650237907151e-19
1.199618286313703e-19
1.183363141283111e-19
1.1679470730862586e-19
1.1533220070450314e-19
1.13944386750051e-19
1.126272188390472e-19
1.113769769241804e-19
1.1019023705718618e-19
1.090638443585956e-19
1.0799488898050228e-19
1.0698068468842139e-19
1.0601874974108053e-19
1.0510678979154988e-19
1.0424268257088682e-19
1.0342446414756714e-19
1.0265031658333874e-19
1.0191855682952692e-19
1.0122762672787567e-19
1.0057608399725268e-19
9.996259410241009e-20
9.93859229138406e-20
9.884493007890589e-20
9.833856303409147e-20
9.786585159667482e-20
9.742590308146534e-20
9.701789789472977e-20
9.664108556309552e-20
9.629478116022723e-20
9.597836209850064e-20
9.5691265256827e-20
9.54329844192859e-20
9.520306800235903e-20
9.500111705137872e-20
9.482678348935462e-20
9.467976860366174e-20
9.45598217581971e-20
9.446673932057097e-20
9.440036379572203e-20
9.436058315905585e-20
9.434733038382905e-20
9.436058315905585e-20
9.440036379572203e-20
9.446673932057097e-20
9.45598217581971e-20
9.467976860366174e-20
9.482678348935462e-20
9.500111705137872e-20
9.520306800235903e-20
9.54329844192859e-20
9.5691265256827e-20
9.597836209850064e-20
9.629478116022723e-20
9.664108556309552e-20
9.701789789472977e-20
9.742590308146534e-20
9.786585159667482e-20
9.833856303409147e-20
9.884493007890589e-20
9.93859229138406e-20
9.996259410241009e-20
1.0057608399725268e-19
1.0122762672787567e-19
1.0191855682952692e-19
1.0265031658333874e-19
1.0342446414756714e-19
1.0424268257088682e-19
1.0510678979154988e-19
1.0601874974108053e-19
1.0698068468842139e-19
1.0799488898050228e-19
1.090638443585956e-19
1.1019023705718618e-19
1.113769769241804e-19
1.126272188390472e-19
1.13944386750051e-19
1.1533220070450314e-19
1.1679470730862586e-19
1.183363141283111e-19
1.199618286313703e-19
1.2167650237907151e-19
1.234860813039101e-19
1.2539686306675975e-19
1.2741576267624292e-19
1.29550387784504e-19
1.3180912535696259e-19
1.3420124176238285e-19
1.367369987608928e-19
1.3942778840364245e-19
1.422862905276166e-19
1.4532665737075193e-19
1.4856473089623367e-19
1.5201829976755343e-19
1.5570740464728464e-19
1.596547027237514e-19
1.6388590526593362e-19
1.6843030579498284e-19
1.7332142145539308e-19
1.785977768111191e-19
1.8430386820587352e-19
1.904913589056131e-19
1.9722057177806476e-19
2.0456236915503154e-19
2.126005415851076e-19
2.2143487266259354e-19
2.311851125090032e-19
2.419961878912865e-19
2.540451183831555e-19
2.6755032122575135e-19
2.827843151391358e-19
3.000913468911385e-19
3.199122875338666e-19
3.428204968830444e-19
3.6957463457583597e-19
4.011983563376138e-19
4.391039425804794e-19
4.852901391294313e-19
5.426701466199683e-19
6.156377675755058e-19
7.110909960554334e-19
8.4038442505203e-19
1.023292217175988e-18
1.2966582653728964e-18
1.734961309712894e-18
2.5046885111949378e-18
4.023795283403495e-18
7.519395030813603e-18
1.7339247338405065e-17
5.3254407976027375e-17
2.3896639501656467e-16
1.6891987613770915e-15
1.8395637038854292e-14
2.729564254568007e-13
4.925652213673447e-12
1.0452814396392886e-10
2.738882363171661e-09
1.0476833227844121e-07
4.062460162801276e-06
0.00019182063625650052
0.011601604384089897

3.977915835368089e-18
8.918475068639931e-17
1.7583320981596578e-15
3.0485068143814855e-14
4.647878009189243e-13
6.232163276436673e-12
7.35250679424322e-11
7.648059541309292e-10
7.070138245384624e-09
5.947828083540301e-08
4.787568279372909e-07
3.899638556247163e-06
3.1954347040990644e-05
0.000242170880986843
0.001547311733493308
0.007863578799611613
0.030896925524345663
0.09276025693408922
0.21227997219360137
0.3722695764308709
0.508595112052259
0.5619327408757371
0.5393148113856787
0.4958334354351891
0.4645010385031159
0.4330138849887368
0.37826028315691235
0.2973738016475289
0.20694155152036933
0.12683356618519626
0.06837946428245022
0.032420048801896126
0.013516983618021025
0.004955887792674367
0.001597858753260103
0.00045303371114951936
0.00011295302431723169
2.4765118878852082e-05
4.774832927589942e-06
8.095639353953752e-07
1.2070335324392823e-07
1.5825692664955638e-08
1.8246573853883404e-09
1.8500145360277749e-10
1.6494690155467325e-11
1.2932675863074073e-12
8.91677551882672e-14
5.406329156693507e-15
2.882520094259727e-16
1.3515042416713775e-17
5.572341090691109e-19
2.0203805608368283e-20
6.441750204395342e-22
1.8061332516086426e-23
4.453186729742362e-25
9.65533249469852e-27
1.840936342129531e-28
3.0866367190415315e-30
4.551006701627272e-32
5.900715032370142e-34
6.727861113447364e-36
6.745662415948046e-38
5.947677321228958e-40
4.611533882428194e-42
3.144261215470012e-44
1.8852417250592337e-46
9.940098257105196e-49
4.608817605929726e-51
1.8791592011038498e-53
6.7377181230336655e-56
2.1244049805789244e-58
5.890294290553704e-61
1.4361899581110404e-63
3.07937080338678e-66
5.806137271204657e-69
9.626930149863166e-72
1.4036652607759897e-74
1.7997595735342786e-77
2.029273774533088e-80
2.0120649827310506e-83
1.7543594176061327e-86
1.3451488725612244e-89
9.06979228561329e-93
5.37773676154248e-96
2.8039931497117456e-99
1.2856701666686029e-102
5.183909299292137e-106
1.8380631647363053e-109
5.73110913943581e-113
1.5714194918546568e-116
3.7889668217540956e-120
8.033867755886924e-124
1.4979722376167424e-127
2.4561679503941853e-131
3.54150260350487e-135
4.490474974127659e-139
5.006937900463042e-143
4.909387803391086e-147
4.233091766254401e-151
3.209691092824635e-155
