1.119685181102912
0.3989203680682106
0.2237105677291301
0.14607024763634446
0.10496202721157197
0.08065460060820197
0.06502751409014879
0.05430681963102169
0.046568260226307105
0.040752754080443945
0.0362389717537597
0.032642342349652805
0.029713839366671838
0.027285908608084206
0.025242062467501106
0.02349900301675026
0.02199569407019016
0.020686448877560076
0.01953642408798728
0.01851860282625769
0.0176117261579216
0.016798844305495733
0.01606628233550839
0.015402888880834468
0.014799481836633297
0.014248433517853949
0.013743356123333434
0.013278860391253717
0.012850368372241312
0.012453966708242701
0.012086290572902647
0.011744431065576396
0.01142586072065086
0.011128373136096865
0.010850033700027304
0.010589139109727683
0.010344183908382326
0.010113832662072114
0.009896896699756292
0.009692314567563615
0.00949913552423112
0.00931650554028495
0.009143655369305342
0.008979890342543125
0.008824581603596499
0.008677158551812884
0.00853710230456663
0.008403940021870603
0.008277239963659476
0.008156607171883393
0.008041679687315858
0.007932125225522113
0.007827638248390315
0.007727937377498127
0.007632763103768607
0.007541875754676175
0.007455053685947855
0.007372091669468734
0.007292799453106417
0.007217000471548589
0.007144530690107946
0.007075237565876433
0.007008979112677789
0.0069456230580320615
0.006885046081856635
0.006827133127925139
0.006771776780221817
0.006718876697291745
0.0066683390985201535
0.006620076296995943
0.0065740062742417555
0.006530052292639129
0.006488142541853912
0.006448209815984007
0.006410191218516777
0.006374027892504333
0.006339664773647215
0.006307050364225871
0.006276136526039344
0.006246878290705212
0.006219233685847531
0.006193163575853125
0.0061686315160131705
0.006145603618989191
0.006124048432651683
0.006103936828437507
0.00608524189946017
0.006067938867686396
0.006052004999563997
0.00603741952955102
0.0060241635910551344
0.006012220154346055
0.006001573971053178
0.005992211524905912
0.005984120988416123
0.005977292185241057
0.005971716558001481
0.005967387141363958
0.005964298540228554
0.005962446912894077
0.005961829959102651
0.005962446912894077
0.005964298540228554
0.005967387141363958
0.005971716558001481
0.005977292185241057
0.005984120988416123
0.005992211524905912
0.006001573971053178
0.006012220154346055
0.0060241635910551344
0.00603741952955102
0.006052004999563997
0.006067938867686396
0.00608524189946017
0.006103936828437507
0.006124048432651683
0.006145603618989191
0.0061686315160131705
0.006193163575853125
0.006219233685847531
0.006246878290705212
0.006276136526039344
0.006307050364225871
0.006339664773647215
0.006374027892504333
0.006410191218516777
0.006448209815984007
0.006488142541853912
0.006530052292639129
0.0065740062742417555
0.006620076296995943
0.0066683390985201535
0.006718876697291745
0.006771776780221817
0.006827133127925139
0.006885046081856635
0.0069456230580320615
0.007008979112677789
0.007075237565876433
0.007144530690107946
0.007217000471548589
0.007292799453106417
0.007372091669468734
0.007455053685947855
0.007541875754676175
0.007632763103768607
0.007727937377498127
0.007827638248390315
0.007932125225522113
0.008041679687315858
0.008156607171883393
0.008277239963659476
0.008403940021870603
0.00853710230456663
0.008677158551812884
0.008824581603596499
0.008979890342543125
0.009143655369305342
0.00931650554028495
0.00949913552423112
0.009692314567563615
0.009896896699756292
0.010113832662072114
0.010344183908382326
0.010589139109727683
0.010850033700027304
0.011128373136096865
0.01142586072065086
0.011744431065576396
0.012086290572902647
0.012453966708242701
0.012850368372241312
0.013278860391253717
0.013743356123333434
0.014248433517853949
0.014799481836633297
0.015402888880834468
0.01606628233550839
0.016798844305495733
0.0176117261579216
0.01851860282625769
0.01953642408798728
0.020686448877560076
0.02199569407019016
0.02349900301675026
0.025242062467501106
0.027285908608084206
0.029713839366671838
0.032642342349652805
0.0362389717537597
0.040752754080443945
0.046568260226307105
0.05430681963102169
0.06502751409014879
0.08065460060820197
0.10496202721157197
0.14607024763634446
0.2237105677291301
0.3989203680682106

0.2929876765967439
0.40368340620158794
0.5186288311099337
0.6066411437731849
0.632065222325465
0.5770293371653122
0.45654633943560946
0.3110990442853355
0.18247713183579423
0.0937028123283652
0.046326483530911386
0.030544507733857452
0.03589538950869634
0.05562068764958931
0.08551273001483956
0.12105953943799735
0.15579055627177882
0.18189015659778937
0.19261189175143015
0.18498930645761408
0.16113788927863998
0.127302216810489
0.0912139949243952
0.05927535967691307
0.03493607637556362
0.018675028285102972
0.009053898420620887
0.00398104582346739
0.001587617746549772
0.00057422477023018
0.00018836712526558119
5.604224271015089e-05
1.5122135070575669e-05
3.700819710900905e-06
8.214288532294744e-07
1.653595144063025e-07
3.019087029429318e-08
4.999301002028719e-09
7.508101738844367e-10
1.0226763703747406e-10
1.2633785625234964e-11
1.4155199506029175e-12
1.4384199428236382e-13
1.3256919100012295e-14
1.108119827765002e-15
8.400749893962578e-17
5.776125143112046e-18
3.6019886676757474e-19
2.0372076570187616e-20
1.0449980186462347e-21
4.861640526806052e-23
2.0513389662600652e-24
7.850172956898404e-26
2.7246343676949724e-27
8.576783448222503e-29
2.4486565154463303e-30
6.34042693607206e-32
1.4890056484986424e-33
3.171475769118042e-35
6.126517233356883e-37
1.0733790901533116e-38
1.7056103062305569e-40
2.4580669179417527e-42
3.2128821934229337e-44
3.808755644001643e-46
4.095044537220971e-48
3.993202713836255e-50
3.5315982683415336e-52
2.832751265736689e-54
2.060785542161439e-56
1.3597039676222496e-58
8.136603259044934e-61
4.416000615480924e-63
2.173713585433463e-65
9.704266698216529e-68
3.929256107620175e-70
1.4429296570941074e-72
4.805816586932752e-75
1.4516985190329936e-77
3.977158371081584e-80
9.882266139465331e-83
2.2270369148950893e-85
4.551824357833446e-88
8.43783025951122e-91
1.4186108696743889e-93
2.163131846470443e-96
2.9915062100087398e-99
3.75218320938495e-102
4.268402564326927e-105
4.403864196936216e-108
4.120877204493466e-111
3.4972979900533145e-114
2.6919241124828964e-117
1.879231122899731e-120
1.189829656897165e-123
6.832452048060212e-127
3.558406874459544e-130
1.6808223962981697e-133
7.200708951961563e-137
2.797795053272776e-140
