0.8910845889131022
0.23848804623909806
0.16049971689923712
0.12038830431841212
0.09456538674154476
0.07690121350115108
0.06429366761798078
0.05497256982291136
0.047872276648298046
0.04232410132893906
0.03789308976914231
0.0342871841652238
0.031304655984246234
0.028802613595911304
0.02667753723927168
0.024852902646349057
0.023271106871313584
0.021888076067220458
0.02066958665749156
0.019588706019062922
0.018623979903696863
0.01775812750436122
0.016977087724791493
0.016269312383021112
0.015625235653735473
0.015036871050337495
0.014497501900673206
0.014001441184782897
0.013543843409395722
0.01312055593043301
0.012728000473166896
0.012363077980871355
0.012023091640403353
0.011705684185229458
0.011408786498253347
0.01113057522189366
0.01086943759653702
0.010623942136876782
0.010392814051638955
0.01017491453947513
0.009969223269566879
0.009774823492337768
0.009590889332910722
0.00941667490450406
0.009251504946019163
0.009094766741553545
0.008945903122453063
0.008804406387072188
0.008669813001394326
0.008541698966430622
0.008419675756921022
0.00830338675113161
0.008192504084126473
0.008086725867304545
0.007985773725639318
0.00788939061126758
0.00779733885810313
0.007709398447212337
0.007625365456950286
0.007545050675456339
0.007468278356158383
0.007394885099527317
0.007324718846532556
0.007257637971137251
0.007193510460789586
0.007132213175256208
0.007073631175340568
0.007017657114062287
0.006964190683767567
0.006913138113416306
0.006864411710965476
0.006817929446355752
0.006773614571120933
0.006731395271088345
0.006691204349031501
0.006652978934481869
0.006616660218210487
0.0065821932091583955
0.00654952651183177
0.006518612122387454
0.006489405241820707
0.00646186410483247
0.006435949823100828
0.006411626241812959
0.006388859808431508
0.006367619452774959
0.006347876477586345
0.00632960445885022
0.0063127791551949725
0.006297378425787603
0.006283382156191749
0.006270772191717688
0.00625953227784642
0.006249648007358597
0.006241106773844463
0.006233897731312794
0.006228011759656153
0.006223441435766506
0.006220181010130218
0.006218226388764638
0.0062175751203904115
0.006218226388764638
0.006220181010130218
0.006223441435766506
0.006228011759656153
0.006233897731312794
0.006241106773844463
0.006249648007358597
0.00625953227784642
0.006270772191717688
0.006283382156191749
0.006297378425787603
0.0063127791551949725
0.00632960445885022
0.006347876477586345
0.006367619452774959
0.006388859808431508
0.006411626241812959
0.006435949823100828
0.00646186410483247
0.006489405241820707
0.006518612122387454
0.00654952651183177
0.0065821932091583955
0.006616660218210487
0.006652978934481869
0.006691204349031501
0.006731395271088345
0.006773614571120933
0.006817929446355752
0.006864411710965476
0.006913138113416306
0.006964190683767567
0.007017657114062287
0.007073631175340568
0.007132213175256208
0.007193510460789586
0.007257637971137251
0.007324718846532556
0.007394885099527317
0.007468278356158383
0.007545050675456339
0.007625365456950286
0.007709398447212337
0.00779733885810313
0.00788939061126758
0.007985773725639318
0.008086725867304545
0.008192504084126473
0.00830338675113161
0.008419675756921022
0.008541698966430622
0.008669813001394326
0.008804406387072188
0.008945903122453063
0.009094766741553545
0.009251504946019163
0.00941667490450406
0.009590889332910722
0.009774823492337768
0.009969223269566879
0.01017491453947513
0.010392814051638955
0.010623942136876782
0.01086943759653702
0.01113057522189366
0.011408786498253347
0.011705684185229458
0.012023091640403353
0.012363077980871355
0.012728000473166896
0.01312055593043301
0.013543843409395722
0.014001441184782897
0.014497501900673206
0.015036871050337495
0.015625235653735473
0.016269312383021112
0.016977087724791493
0.01775812750436122
0.018623979903696863
0.019588706019062922
0.02066958665749156
0.021888076067220458
0.023271106871313584
0.024852902646349057
0.02667753723927168
0.028802613595911304
0.031304655984246234
0.0342871841652238
0.03789308976914231
0.04232410132893906
0.047872276648298046
0.05497256982291136
0.06429366761798078
0.07690121350115108
0.09456538674154476
0.12038830431841212
0.16049971689923712
0.23848804623909806

0.3034021122903284
0.4281493706748306
0.44101928662194995
0.33160030724369693
0.18202897474971852
0.07306579729022321
0.021822351574294623
0.005949807911833849
0.004205343500978293
0.007951629127486695
0.015975693756302752
0.029199873198544116
0.04812377604225139
0.07152901266760618
0.09618462338220932
0.11860779829619224
0.14009918707381436
0.17290053736468594
0.23632451064668636
0.33112527520049717
0.4131298497280298
0.41752985436859735
0.3272994766067517
0.19561643880900195
0.08866162291674633
0.030525351172383645
0.008064961385422877
0.0016809781612945665
0.0002952082647402849
4.9449614794365895e-05
8.977422736043593e-06
1.7754665381772064e-06
3.499250203374037e-07
6.429356655202476e-08
1.0736106363076817e-08
1.6184048465728617e-09
2.1993132273652088e-10
2.6936864504243274e-11
2.9734019920511778e-12
2.9580490113953087e-13
2.6521746508551437e-14
2.1431071294083172e-15
1.560740314736238e-16
1.0243831409576321e-17
6.059533661326143e-19
3.230434863646294e-20
1.5521288849380032e-21
6.721087972448279e-23
2.622988490535729e-24
9.225675953781095e-26
2.9244554759245914e-27
8.354814994357154e-29
2.1511647241936423e-30
4.991780771261344e-32
1.0439563644270492e-33
1.9676787480813854e-35
3.34249718409053e-37
5.117206128298245e-39
7.060570256185216e-41
8.779942113366653e-43
9.839851236129588e-45
9.938719160181602e-47
9.047265002120545e-49
7.422482974822082e-51
5.488151798092365e-53
3.657194233938418e-55
2.1964177456597224e-57
1.1888494675906192e-59
5.799409793600043e-62
2.5496803320739192e-64
1.0102588797025574e-66
3.6076518919195393e-69
1.1610784918047888e-71
3.367778665216954e-74
8.803806911362049e-77
2.0741610885999987e-79
4.404123233185149e-82
8.427940266219337e-85
1.4535448654213743e-87
2.259334011182095e-90
3.16502718839073e-93
3.9959445797269e-96
4.546806516944276e-99
4.66271099249296e-102
4.309387300861495e-105
3.589529804919498e-108
2.6946639125273723e-111
1.8231258753141445e-114
1.1116644305820267e-117
6.1090794208048625e-121
3.0256789140746974e-124
1.3505632014623952e-127
5.43315371627986e-131
1.9698541811501217e-134
6.436668919959037e-138
1.895541381006723e-141
5.030954328755624e-145
1.2034068687901343e-148
2.594296462702112e-152
5.040478042815381e-156
