0.5864556139387684
0.07457320973998151
0.035439275895426996
0.02074431740893162
0.01369012616458083
0.009853046870082061
0.007552878359075012
0.006064148759182814
0.005040434505191618
0.004301752825557544
0.0037477295964760122
0.003318949127487053
0.0029784242800176834
0.0027021238014378864
0.002473852745943657
0.002282348369541245
0.002119561639324728
0.001979601898061172
0.001858067230211396
0.0017516070713761238
0.0016576290478098167
0.001574097899304134
0.0014993946725705412
0.0014322162581335463
0.0013715024867459549
0.0013163824035781287
0.0012661341146261247
0.0012201543877533227
0.0011779353647435513
0.00113904652537554
0.0011031205776176017
0.0010698423157678562
0.001038939745620533
0.0010101769580819614
0.000983348363491518
0.000958273993850654
0.0009347956498078256
0.0009127737208451848
0.0008920845457012623
0.0008726182091789097
0.0008542766936388546
0.0008369723204650687
0.0008206264299103283
0.000805168257939341
0.0007905339766824429
0.0007766658714148732
0.0007635116319736493
0.000751023740509144
0.0007391589406638883
0.0007278777758467391
0.000717144186356907
0.0007069251568104457
0.0006971904067101698
0.000687912118140054
0.0006790646955052804
0.000670624553017426
0.0006625699262711237
0.0006548807047981115
0.0006475382829362647
0.0006405254267306183
0.0006338261549031259
0.0006274256321982258
0.0006213100736405071
0.0006154666584357485
0.0006098834524128793
0.0006045493380466637
0.0005994539512228687
0.0005945876240125623
0.0005899413328125904
0.0005855066512873842
0.0005812757076149207
0.0005772411455983763
0.0005733960892561328
0.0005697341105473477
0.0005662491999292502
0.0005629357394764238
0.000559788478322271
0.0005568025102091749
0.0005539732529570588
0.0005512964296805375
0.0005487680516029632
0.0005463844023317416
0.0005441420234735774
0.000542037701481001
0.0005400684556329041
0.0005382315270619301
0.0005365243687506878
0.000534944636426929
0.0005334901802952119
0.000532159037549237
0.0005309494256150986
0.0005298597360812003
0.0005288885292756217
0.0005280345294563381
0.0005272966205839665
0.0005266738426506519
0.0005261653885424042
0.0005257706014156417
0.0005254889725719745
0.0005253201398183626
0.0005252638863027751
0.0005253201398183626
0.0005254889725719745
0.0005257706014156417
0.0005261653885424042
0.0005266738426506519
0.0005272966205839665
0.0005280345294563381
0.0005288885292756217
0.0005298597360812003
0.0005309494256150986
0.000532159037549237
0.0005334901802952119
0.000534944636426929
0.0005365243687506878
0.0005382315270619301
0.0005400684556329041
0.000542037701481001
0.0005441420234735774
0.0005463844023317416
0.0005487680516029632
0.0005512964296805375
0.0005539732529570588
0.0005568025102091749
0.000559788478322271
0.0005629357394764238
0.0005662491999292502
0.0005697341105473477
0.0005733960892561328
0.0005772411455983763
0.0005812757076149207
0.0005855066512873842
0.0005899413328125904
0.0005945876240125623
0.0005994539512228687
0.0006045493380466637
0.0006098834524128793
0.0006154666584357485
0.0006213100736405071
0.0006274256321982258
0.0006338261549031259
0.0006405254267306183
0.0006475382829362647
0.0006548807047981115
0.0006625699262711237
0.000670624553017426
0.0006790646955052804
0.000687912118140054
0.0006971904067101698
0.0007069251568104457
0.000717144186356907
0.0007278777758467391
0.0007391589406638883
0.000751023740509144
0.0007635116319736493
0.0007766658714148732
0.0007905339766824429
0.000805168257939341
0.0008206264299103283
0.0008369723204650687
0.0008542766936388546
0.0008726182091789097
0.0008920845457012623
0.0009127737208451848
0.0009347956498078256
0.000958273993850654
0.000983348363491518
0.0010101769580819614
0.001038939745620533
0.0010698423157678562
0.0011031205776176017
0.00113904652537554
0.0011779353647435513
0.0012201543877533227
0.0012661341146261247
0.0013163824035781287
0.0013715024867459549
0.0014322162581335463
0.0014993946725705412
0.001574097899304134
0.0016576290478098167
0.0017516070713761238
0.001858067230211396
0.001979601898061172
0.002119561639324728
0.002282348369541245
0.002473852745943657
0.0027021238014378864
0.0029784242800176834
0.003318949127487053
0.0037477295964760122
0.004301752825557544
0.005040434505191618
0.006064148759182814
0.007552878359075012
0.009853046870082061
0.01369012616458083
0.02074431740893162
0.035439275895426996
0.07457320973998151

0.02536502910476023
0.04740615788844902
0.07656774165389234
0.10687314820125209
0.128914881353683
0.13438450300038512
0.12106176816277953
0.09424895363067781
0.06341002630868184
0.03686831179513157
0.018526258509765126
0.008051520491742759
0.003054585068137318
0.0011308975373799067
0.0008399461185816688
0.0019229125413648463
0.005388614974248679
0.013727604070746495
0.030915339488973573
0.06142077311485881
0.1076352200390391
0.16637456097781747
0.2268362880582875
0.2727917367405104
0.2893629729600954
0.27073710011996854
0.22343214556164426
0.1626434609014372
0.10442888146368731
0.059142232405509074
0.029543903005569378
0.013017605083218337
0.005059264482166254
0.001734349993156856
0.0005244199084922183
0.0001398668087260128
3.2903585795579e-05
6.82754955605418e-06
1.24962458438748e-06
2.0173782226031077e-07
2.872686041044105e-08
3.6081290958158257e-09
3.9973211334274446e-10
3.90615146509396e-11
3.3668377455343796e-12
2.5596958441420357e-13
1.7165150173904484e-14
1.0153129355924215e-15
5.297186937244548e-17
2.437719590646526e-18
9.89498781395178e-20
3.5427446257548356e-21
1.1188129900737827e-22
3.1165078161456898e-24
7.657235581851066e-26
1.6594679348288734e-27
3.1721870625497086e-29
5.348620469019502e-31
7.954590780877708e-33
1.0434868274788032e-34
1.2073944290870241e-36
1.23226590493446e-38
1.1093095836789244e-40
8.808341942647534e-43
6.169196940198313e-45
3.811151133542525e-47
2.076714408911925e-49
9.981376764246058e-52
4.2315277183390865e-54
1.5823297701422808e-56
5.219030994911236e-59
1.5183637305840032e-61
3.896321942491959e-64
8.819153778880797e-67
1.760727164727624e-69
3.100632407258871e-72
4.816167327895811e-75
6.598510627855296e-78
7.97413055719633e-81
8.499900293620442e-84
7.991667176176151e-87
6.627565283049402e-90
4.8480122427208565e-93
3.127998020051695e-96
1.780173366283e-99
8.936165364279365e-103
3.956700360647132e-106
1.545283603046807e-109
5.32324307951194e-113
1.617474594688762e-116
4.335025993694032e-120
1.0247997525969167e-123
2.1368763174079216e-127
3.930183499098255e-131
6.375868304757704e-135
9.123446215478502e-139
1.1515202040857875e-142
1.2819682712931041e-146
1.2588560133363594e-150
1.0903549740096086e-154
