1.0620603039953607
0.1685062285844267
0.09792809608507654
0.06994667021384743
0.05379530598965427
0.04343315982207507
0.03631556816528783
0.031167666056192287
0.027291370495171823
0.024277520692852085
0.021872622283407035
0.019912230412746187
0.018285469576925673
0.01691509571022401
0.015745765526298246
0.0147368553654329
0.013857910686854925
0.013085673943381754
0.012402090840234636
0.011792940832741731
0.011246876298921998
0.010754735511120512
0.010309042899122597
0.009903639863336552
0.009533408156448167
0.00919405993416445
0.00888197651276686
0.008594083180747987
0.00832775102341943
0.008080719214144072
0.007851032973851247
0.007636993641552053
0.007437118190597103
0.007250106173955255
0.007074812558374243
0.006910225261029384
0.006755446467314279
0.006609677008778698
0.006472203232929958
0.006342385913929404
0.006219650844009081
0.006103480816195356
0.00599340876444309
0.005889011871115327
0.005789906486556835
0.005695743733318209
0.00560620568992093
0.005521002067083481
0.005439867303955596
0.005362558023830474
0.005288850798566704
0.005218540178979402
0.0051514369550886415
0.0050873666156084725
0.005026167980632818
0.004967691985293826
0.004911800595369645
0.004858365838510636
0.004807268937024725
0.004758399530085072
0.004711654974855457
0.004666939717418506
0.004624164725578412
0.004583246976625823
0.004544108994024549
0.004506678427730456
0.004470887673500376
0.004436673527108975
0.00440397686987702
0.004372742382336275
0.004342918283223624
0.004314456091317519
0.004287310407910198
0.004261438717954766
0.004236801208141929
0.004213360600350943
0.004191081999086739
0.004169932751662889
0.004149882320020974
0.004130902163192879
0.004112965629515645
0.004096047857800268
0.004080125686737722
0.004065177571898694
0.004051183509749055
0.004038124968162073
0.004025984822961276
0.004014747300075842
0.0040043979229335445
0.003994923464755712
0.003986311905454304
0.003978552392863995
0.0039716352080720356
0.003965551734636371
0.003960294431507913
0.0039558568094967515
0.003952233411144189
0.003949419793883491
0.003947412516391965
0.003946209128055923
0.003945808161488252
0.003946209128055923
0.003947412516391965
0.003949419793883491
0.003952233411144189
0.0039558568094967515
0.003960294431507913
0.003965551734636371
0.0039716352080720356
0.003978552392863995
0.003986311905454304
0.003994923464755712
0.0040043979229335445
0.004014747300075842
0.004025984822961276
0.004038124968162073
0.004051183509749055
0.004065177571898694
0.004080125686737722
0.004096047857800268
0.004112965629515645
0.004130902163192879
0.004149882320020974
0.004169932751662889
0.004191081999086739
0.004213360600350943
0.004236801208141929
0.004261438717954766
0.004287310407910198
0.004314456091317519
0.004342918283223624
0.004372742382336275
0.00440397686987702
0.004436673527108975
0.004470887673500376
0.004506678427730456
0.004544108994024549
0.004583246976625823
0.004624164725578412
0.004666939717418506
0.004711654974855457
0.004758399530085072
0.004807268937024725
0.004858365838510636
0.004911800595369645
0.004967691985293826
0.005026167980632818
0.0050873666156084725
0.0051514369550886415
0.005218540178979402
0.005288850798566704
0.005362558023830474
0.005439867303955596
0.005521002067083481
0.00560620568992093
0.005695743733318209
0.005789906486556835
0.005889011871115327
0.00599340876444309
0.006103480816195356
0.006219650844009081
0.006342385913929404
0.006472203232929958
0.006609677008778698
0.006755446467314279
0.006910225261029384
0.007074812558374243
0.007250106173955255
0.007437118190597103
0.007636993641552053
0.007851032973851247
0.008080719214144072
0.00832775102341943
0.008594083180747987
0.00888197651276686
0.00919405993416445
0.009533408156448167
0.009903639863336552
0.010309042899122597
0.010754735511120512
0.011246876298921998
0.011792940832741731
0.012402090840234636
0.013085673943381754
0.013857910686854925
0.0147368553654329
0.015745765526298246
0.01691509571022401
0.018285469576925673
0.019912230412746187
0.021872622283407035
0.024277520692852085
0.027291370495171823
0.031167666056192287
0.03631556816528783
0.04343315982207507
0.05379530598965427
0.06994667021384743
0.09792809608507654
0.1685062285844267

0.19565351746205198
0.2216576731373066
0.22832693080285396
0.2138510950301172
0.18211656340423307
0.14102291489158147
0.0993176406803612
0.06368408909686957
0.0373793166569082
0.020604447713542282
0.011887689428085366
0.009605834870317569
0.01335183557425887
0.025788787384038912
0.05579945228151883
0.12082462014296574
0.24026334627225368
0.4128273837538603
0.5918867893682507
0.6956847260107886
0.6647150511461586
0.5144784391055405
0.32236998560739655
0.16386944121557456
0.0679721324009375
0.023300729701151258
0.006773375812673264
0.0017507537291424208
0.0004312921985174784
0.00010770650709171717
2.7501836532631437e-05
6.897705327821844e-06
1.6261392021204209e-06
3.511910724987703e-07
6.872805003004365e-08
1.214237960115715e-08
1.9345322436491408e-09
2.7786182327508557e-10
3.5977860488529426e-11
4.199426444992673e-12
4.418673262113007e-13
4.1912244749315126e-14
3.58374464738615e-15
2.7623601097940376e-16
1.9194227195708727e-17
1.2022867719884963e-18
6.788793634314688e-20
3.455606212390115e-21
1.5856341312597498e-22
6.5588670178854084e-24
2.445692018297575e-25
8.22094622448402e-27
2.4910873085131674e-28
6.804609253486701e-30
1.675577555392668e-31
3.7194007793078034e-33
7.442665860842263e-35
1.3425521559122595e-36
2.1831366043587992e-38
3.200204688684677e-40
4.228844378974401e-42
5.037473219061614e-44
5.4094224328636965e-46
5.2364401689568823e-48
4.569498028025435e-50
3.594578259910942e-52
2.5490273368002996e-54
1.6294766566924788e-56
9.390071390475818e-59
4.877943273353867e-61
2.2842924137953725e-63
9.643035153609024e-66
3.669635285117357e-68
1.2588649931286911e-70
3.8929830333779275e-73
1.0852579245725211e-75
2.7272849825850434e-78
6.178387981740643e-81
1.261731464777435e-83
2.322767766407722e-86
3.8547103348958886e-89
5.766666109214717e-92
7.776872255316306e-95
9.45436194452251e-98
1.0361117156259059e-100
1.0235947386065573e-103
9.11583815367489e-107
7.31833469520959e-110
5.296329911237506e-113
3.4552930964181206e-116
2.0320849329959036e-119
1.0773229698399681e-122
5.1486940321066785e-126
2.2181726649792177e-129
8.614711040202499e-133
3.0160128031564683e-136
9.518592781914116e-140
2.7080670612408284e-143
6.945334750375471e-147
1.6057356556456245e-150
