0.8845782212767638
0.01893455209203948
0.0004848573205816265
1.4329171202028827e-05
4.6740194099367215e-07
5.9024634537697914e-09
2.383634734074912e-10
1.0899588939996279e-11
5.257820835052175e-13
2.5882865264705168e-14
1.2835004350612166e-15
6.381224346270392e-17
3.1754642891222214e-18
1.5806985833150324e-19
7.869361277817641e-21
3.9178424165677157e-22
1.950565316021817e-23
9.71127623633794e-25
4.8349637915624024e-26
2.4071943246922516e-27
1.1984796349211823e-28
5.966960598342744e-30
2.970856036280466e-31
1.4791826967973216e-32
7.365215399314703e-34
3.667715957264961e-35
1.826832229112919e-36
9.103031814057387e-38
4.539834233010518e-39
2.267886454585872e-40
1.1366886224557611e-41
5.734424650502796e-43
2.929715303678409e-44
1.5329968707335127e-45
8.374908367801686e-47
4.914425406797153e-48
3.1993913011174853e-49
2.362609440873761e-50
1.9786231757817777e-51
1.8467844071523475e-52
1.8876808008838223e-53
2.1007450240688473e-54
2.5629323751364574e-55
3.4724701961508435e-56
5.274394724823793e-57
8.975366643264983e-58
1.6939335911852257e-58
3.4969928521258366e-59
7.79908306657158e-60
1.8623381038670643e-60
4.7350352780018766e-61
1.277900327971848e-61
3.6552737974237414e-62
1.1074247945259282e-62
3.552939163722026e-63
1.207036842115216e-63
4.342205764119585e-64
1.654068052472883e-64
6.6717255950936896e-65
2.8493260070225955e-65
1.288312931261225e-65
6.189756835859217e-66
3.122482160683405e-66
1.6721760572838892e-66
9.460535008122448e-67
5.646394020623793e-67
3.547912665141625e-67
2.340912861349979e-67
1.6168799823168946e-67
1.1644879634573233e-67
8.713815316231823e-68
6.7471078505054425e-68
5.384764664976576e-68
4.413145300483345e-68
3.7017472937705697e-68
3.1683299173067406e-68
2.7596788853672257e-68
2.4406142478183627e-68
2.187243399203471e-68
1.9830046954593754e-68
1.8161862106764238e-68
1.6783511093590422e-68
1.563317191031346e-68
1.4664833657636244e-68
1.3843753346672962e-68
1.3143350288449004e-68
1.2543047469985421e-68
1.2026745306653154e-68
1.158172850850607e-68
1.1197873042969137e-68
1.0867063997823886e-68
1.0582763686537361e-68
1.0339688204858426e-68
1.013356330007135e-68
9.960939016408216e-69
9.819048507761842e-69
9.705700549816829e-69
9.619198219197364e-69
9.558278323229967e-69
9.5220677209098e-69
9.510053852765193e-69
9.5220677209098e-69
9.558278323229967e-69
9.619198219197364e-69
9.705700549816829e-69
9.819048507761842e-69
9.960939016408216e-69
1.013356330007135e-68
1.0339688204858426e-68
1.0582763686537361e-68
1.0867063997823886e-68
1.1197873042969137e-68
1.158172850850607e-68
1.2026745306653154e-68
1.2543047469985421e-68
1.3143350288449004e-68
1.3843753346672962e-68
1.4664833657636244e-68
1.563317191031346e-68
1.6783511093590422e-68
1.8161862106764238e-68
1.9830046954593754e-68
2.187243399203471e-68
2.4406142478183627e-68
2.7596788853672257e-68
3.1683299173067406e-68
3.7017472937705697e-68
4.413145300483345e-68
5.384764664976576e-68
6.7471078505054425e-68
8.713815316231823e-68
1.1644879634573233e-67
1.6168799823168946e-67
2.340912861349979e-67
3.547912665141625e-67
5.646394020623793e-67
9.460535008122448e-67
1.6721760572838892e-66
3.122482160683405e-66
6.189756835859217e-66
1.288312931261225e-65
2.8493260070225955e-65
6.6717255950936896e-65
1.654068052472883e-64
4.342205764119585e-64
1.207036842115216e-63
3.552939163722026e-63
1.1074247945259282e-62
3.6552737974237414e-62
1.277900327971848e-61
4.7350352780018766e-61
1.8623381038670643e-60
7.79908306657158e-60
3.4969928521258366e-59
1.6939335911852257e-58
8.975366643264983e-58
5.274394724823793e-57
3.4724701961508435e-56
2.5629323751364574e-55
2.1007450240688473e-54
1.8876808008838223e-53
1.8467844071523475e-52
1.9786231757817777e-51
2.362609440873761e-50
3.1993913011174853e-49
4.914425406797153e-48
8.374908367801686e-47
1.5329968707335127e-45
2.929715303678409e-44
5.734424650502796e-43
1.1366886224557611e-41
2.267886454585872e-40
4.539834233010518e-39
9.103031814057387e-38
1.826832229112919e-36
3.667715957264961e-35
7.365215399314703e-34
1.4791826967973216e-32
2.970856036280466e-31
5.966960598342744e-30
1.1984796349211823e-28
2.4071943246922516e-27
4.8349637915624024e-26
9.71127623633794e-25
1.950565316021817e-23
3.9178424165677157e-22
7.869361277817641e-21
1.5806985833150324e-19
3.1754642891222214e-18
6.381224346270392e-17
1.2835004350612166e-15
2.5882865264705168e-14
5.257820835052175e-13
1.0899588939996279e-11
2.383634734074912e-10
5.9024634537697914e-09
4.6740194099367215e-07
1.4329171202028827e-05
0.0004848573205816265
0.01893455209203948

1.2963177035149555e-67
2.4809920204160563e-61
2.3270584366911685e-55
1.0696882315116512e-49
2.409767555434292e-44
2.6604867137446868e-39
1.4395111813588476e-34
3.817130407443382e-30
4.9605172339706063e-26
3.1593153450945755e-22
9.96215511784752e-19
3.991331233412845e-15
8.715813857789473e-11
4.220751755014585e-07
0.0002924550165878653
0.028687598440031357
0.39830183270438274
0.7874396733533003
0.2798479539555636
0.32834627306854824
0.7978785776229225
0.9754052070050195
0.5844227403056242
0.17160785625810926
0.02469535266087827
0.0017416516894756893
6.019707440038398e-05
1.0196649027270445e-06
8.464621898258707e-09
3.4437027927834104e-11
6.866125995197409e-14
6.709124961015233e-17
3.2128318747620904e-20
7.540117701794337e-24
8.672339226026905e-28
4.888351155105972e-32
1.3503816913696066e-36
1.828178902685469e-41
1.212966624480092e-46
3.9440918117638004e-52
6.2851144066224295e-58
4.908483839431432e-64
1.8786658894491018e-70
3.523868886942454e-77
3.2393504804260126e-84
1.4593657286145346e-91
3.2220950967238573e-99
3.4864269614136756e-107
1.8488036735070602e-115
4.804730423371471e-124
6.119490473764758e-133
3.819702216868555e-142
1.1684543694761613e-151
1.7517092116530491e-161
1.2870051275109214e-171
4.634112226638365e-182
8.177505099484334e-193
7.072013917801242e-204
2.997321965314311e-215
6.225750219473174e-227
6.3375003356506705e-239
3.1616391788304126e-251
7.729913260465872e-264
9.262003549346602e-277
5.438802294994866e-290
1.5651991657521105e-303
2.2075164e-317
0.0
0.0
0.0
0.0
0.0
0.0
0.0
0.0
0.0
0.0
0.0
0.0
0.0
0.0
0.0
0.0
0.0
0.0
0.0
0.0
0.0
0.0
0.0
0.0
0.0
0.0
0.0
0.0
0.0
0.0
0.0
0.0
0.0
