1.3123545225891757
0.14936827326149948
0.04009387954748019
0.014790601057736125
0.006481026061486841
0.003266385144928338
0.001857710992642069
0.0011696809528301956
0.0008001300123608109
0.0005846769228793221
0.000449994019933685
0.00036071410258625654
0.0002985536297660578
0.00025346346962967195
0.00021961450083790397
0.00019346169021284572
0.00017275776797538738
0.00015602531296011834
0.00014226142404715183
0.00013076582567876014
0.0001210371942293214
0.00011270859848688431
0.0001055061230114823
9.922165159768411e-05
9.369453920988815e-05
8.879900368918112e-05
8.443528249128733e-05
8.052331958989562e-05
7.699818524252424e-05
7.380670340290662e-05
7.090493434421834e-05
6.825627192705961e-05
6.582998869215454e-05
6.360011139015669e-05
6.154454321383672e-05
5.9644372241763747e-05
5.788332187487647e-05
5.6247310583528804e-05
5.472409655821489e-05
5.330298885985533e-05
5.1974611065030947e-05
5.073070665774297e-05
4.9563977851583715e-05
4.8467951358948165e-05
4.743686601628418e-05
4.646557824043958e-05
4.554948211341921e-05
4.4684441531518976e-05
4.3866732354153825e-05
4.3092992880587765e-05
4.2360181293804616e-05
4.166553895830227e-05
4.100655865682522e-05
4.038095701048615e-05
3.9786650455690207e-05
3.9221734256046795e-05
3.868446411297329e-05
3.817324000880172e-05
3.768659197391403e-05
3.722316751713599e-05
3.678172049820106e-05
3.636110125406194e-05
3.596024781838012e-05
3.5578178096632565e-05
3.521398287872082e-05
3.4866819587382846e-05
3.453590667460972e-05
3.422051859007467e-05
3.3919981255639404e-05
3.3633667988591776e-05
3.3360995823627056e-05
3.310142218990224e-05
3.285444190493303e-05
3.2619584451797736e-05
3.239641151017452e-05
3.218451471526116e-05
3.198351362168903e-05
3.1793053852211324e-05
3.1612805413275544e-05
3.144246116162976e-05
3.128173540790127e-05
3.113036264465883e-05
3.0988096387855985e-05
3.0854708121776805e-05
3.072998633868924e-05
3.061373566537298e-05
3.0505776069544576e-05
3.0405942139965884e-05
3.0314082434705056e-05
3.0230058892632507e-05
3.0153746303786122e-05
3.0085031834739083e-05
3.0023814605556624e-05
2.997000531534053e-05
2.9923525913738426e-05
2.9884309316143202e-05
2.9852299160630657e-05
2.9827449604984405e-05
2.9809725162440284e-05
2.979910057505059e-05
2.9795560723824792e-05
2.979910057505059e-05
2.9809725162440284e-05
2.9827449604984405e-05
2.9852299160630657e-05
2.9884309316143202e-05
2.9923525913738426e-05
2.997000531534053e-05
3.0023814605556624e-05
3.0085031834739083e-05
3.0153746303786122e-05
3.0230058892632507e-05
3.0314082434705056e-05
3.0405942139965884e-05
3.0505776069544576e-05
3.061373566537298e-05
3.072998633868924e-05
3.0854708121776805e-05
3.0988096387855985e-05
3.113036264465883e-05
3.128173540790127e-05
3.144246116162976e-05
3.1612805413275544e-05
3.1793053852211324e-05
3.198351362168903e-05
3.218451471526116e-05
3.239641151017452e-05
3.2619584451797736e-05
3.285444190493303e-05
3.310142218990224e-05
3.3360995823627056e-05
3.3633667988591776e-05
3.3919981255639404e-05
3.422051859007467e-05
3.453590667460972e-05
3.4866819587382846e-05
3.521398287872082e-05
3.5578178096632565e-05
3.596024781838012e-05
3.636110125406194e-05
3.678172049820106e-05
3.722316751713599e-05
3.768659197391403e-05
3.817324000880172e-05
3.868446411297329e-05
3.9221734256046795e-05
3.9786650455690207e-05
4.038095701048615e-05
4.100655865682522e-05
4.166553895830227e-05
4.2360181293804616e-05
4.3092992880587765e-05
4.3866732354153825e-05
4.4684441531518976e-05
4.554948211341921e-05
4.646557824043958e-05
4.743686601628418e-05
4.8467951358948165e-05
4.9563977851583715e-05
5.073070665774297e-05
5.1974611065030947e-05
5.330298885985533e-05
5.472409655821489e-05
5.6247310583528804e-05
5.788332187487647e-05
5.9644372241763747e-05
6.154454321383672e-05
6.360011139015669e-05
6.582998869215454e-05
6.825627192705961e-05
7.090493434421834e-05
7.380670340290662e-05
7.699818524252424e-05
8.052331958989562e-05
8.443528249128733e-05
8.879900368918112e-05
9.369453920988815e-05
9.922165159768411e-05
0.0001055061230114823
0.00011270859848688431
0.0001210371942293214
0.00013076582567876014
0.00014226142404715183
0.00015602531296011834
0.00017275776797538738
0.00019346169021284572
0.00021961450083790397
0.00025346346962967195
0.0002985536297660578
0.00036071410258625654
0.000449994019933685
0.0005846769228793221
0.0008001300123608109
0.0011696809528301956
0.001857710992642069
0.003266385144928338
0.006481026061486841
0.014790601057736125
0.04009387954748019
0.14936827326149948

0.0013653829877755114
0.006594087200118889
0.024768147636388144
0.07235542087035714
0.16439461557762727
0.290498781205286
0.3992524946668545
0.4268089744906577
0.35507884295786196
0.2306994668052658
0.12020704135732227
0.0611215695794495
0.06142207413180473
0.1286969853641977
0.2769980320621732
0.48641386168059
0.6691600412007526
0.7286371326071808
0.6546786834591778
0.5125109120094509
0.3619878035805418
0.23033595039462829
0.12940350868953457
0.06312640373387803
0.026530795206594102
0.009581767336585218
0.00297181776280165
0.0007914576921603041
0.00018098993981183542
3.553869306737904e-05
5.991956746703508e-06
8.674732281554463e-07
1.0783597879865001e-07
1.1510428251820512e-08
1.0549684525820367e-09
8.302476535637025e-11
5.6104285281799076e-12
3.2554018418643145e-13
1.6219347131737427e-14
6.93876734677743e-16
2.5488922489082275e-17
8.039718087384317e-19
2.177460861850713e-20
5.063841318801586e-22
1.0111835872945773e-23
1.7338045125711612e-25
2.5526451074593657e-27
3.227014694509737e-29
3.502931461603498e-31
3.264995073224826e-33
2.613085462777815e-35
1.7957459298416294e-37
1.0596351616048054e-39
5.368933495693731e-42
2.3358227352896126e-44
8.72593415153519e-47
2.799008225618269e-49
7.709329561570409e-52
1.8232626753983912e-54
3.702559657284619e-57
6.456171842889641e-60
9.666478544661233e-63
1.2427440558891242e-65
1.3718773665209442e-68
1.3003764055707108e-71
1.0583835082740594e-74
7.396686984943006e-78
4.438657248289328e-81
2.2871053683524826e-84
1.0119077675514595e-87
3.84428767522946e-91
1.2540389398905566e-94
3.512581086106216e-98
8.448155285952091e-102
1.744687344867366e-105
3.0938092035913706e-109
4.7107454416400386e-113
6.158939518980746e-117
6.9142079223463196e-121
6.664984208661866e-125
5.5166573184255424e-129
3.920785500560896e-133
2.392711587074977e-137
1.25379870034544e-141
5.641381515789539e-146
2.1795323547277366e-150
7.230383999559103e-155
2.05958442395178e-159
5.0375344346524204e-164
1.0579780324803692e-168
1.907899375948857e-173
2.9542991870825755e-178
3.928019881565733e-183
4.484490134213674e-188
4.396151613275534e-193
3.700432137574083e-198
2.6745604586358297e-203
1.6598643157204025e-208
8.845307808934221e-214
4.0473755706125973e-219
