1.4780862434546165
0.3870236513375678
0.16086198302527172
0.08906676638354605
0.05855281362059618
0.04273712451049412
0.03335650236675559
0.02724695635386559
0.02299124869575645
0.019874767203818984
0.017503058093640878
0.015642480093482562
0.014146648072898714
0.012919560951405423
0.01189583465094667
0.011029499680263502
0.010287349397444018
0.009644830480287856
0.009083415754569094
0.008588873997404324
0.008150100339044402
0.007758307154280494
0.00740645269897272
0.0070888301225844165
0.006800766884518324
0.006538401580295486
0.0062985159555176634
0.006078406867128554
0.005875787565255778
0.005688710772641594
0.005515508160977785
0.005354742296707296
0.005205168165889253
0.005065702127195603
0.004935396675771559
0.004813419790166404
0.00469903792177484
0.004591601900147774
0.004490535188320485
0.004395324044210681
0.004305509237318504
0.004220679041733157
0.004140463282137383
0.004064528253004853
0.003992572365393869
0.0039243224028068105
0.0038595302891257046
0.0037979702888742617
0.0037394365739281165
0.0036837411020127545
0.0036307117614446795
0.003580190744013668
0.0035320331140070507
0.003486105546402912
0.0034422852114150797
0.0034004587860226743
0.0033605215759916047
0.0033223767342993064
0.0032859345638911993
0.0032511118943957733
0.003217831523859793
0.003186021717780591
0.0031556157587454042
0.003126551540868055
0.0030987712039657186
0.003072220803063296
0.003046850009366968
0.0030226118393257193
0.0029994624088117198
0.0029773607098071988
0.002956268407294872
0.0029361496543181586
0.002916970923411902
0.002898700852809183
0.002881310106009095
0.002864771243447556
0.002849058605151474
0.002834148203378244
0.0028200176243499834
0.0028066459382868514
0.0027940136170279484
0.0027821024586029944
0.002770895518184452
0.002760377044909015
0.0027505324241103263
0.0027413481245522533
0.0027328116502945907
0.0027249114968614205
0.002717637111416933
0.002710978856684868
0.0027049279783761472
0.002699476575915229
0.002694617576279419
0.0026903447107871985
0.0026866524946917215
0.0026835362094543573
0.002680991887590556
0.002679016299996703
0.0026776069456821263
0.0026767620438451394
0.002676480528246227
0.0026767620438451394
0.0026776069456821263
0.002679016299996703
0.002680991887590556
0.0026835362094543573
0.0026866524946917215
0.0026903447107871985
0.002694617576279419
0.002699476575915229
0.0027049279783761472
0.002710978856684868
0.002717637111416933
0.0027249114968614205
0.0027328116502945907
0.0027413481245522533
0.0027505324241103263
0.002760377044909015
0.002770895518184452
0.0027821024586029944
0.0027940136170279484
0.0028066459382868514
0.0028200176243499834
0.002834148203378244
0.002849058605151474
0.002864771243447556
0.002881310106009095
0.002898700852809183
0.002916970923411902
0.0029361496543181586
0.002956268407294872
0.0029773607098071988
0.0029994624088117198
0.0030226118393257193
0.003046850009366968
0.003072220803063296
0.0030987712039657186
0.003126551540868055
0.0031556157587454042
0.003186021717780591
0.003217831523859793
0.0032511118943957733
0.0032859345638911993
0.0033223767342993064
0.0033605215759916047
0.0034004587860226743
0.0034422852114150797
0.003486105546402912
0.0035320331140070507
0.003580190744013668
0.0036307117614446795
0.0036837411020127545
0.0037394365739281165
0.0037979702888742617
0.0038595302891257046
0.0039243224028068105
0.003992572365393869
0.004064528253004853
0.004140463282137383
0.004220679041733157
0.004305509237318504
0.004395324044210681
0.004490535188320485
0.004591601900147774
0.00469903792177484
0.004813419790166404
0.004935396675771559
0.005065702127195603
0.005205168165889253
0.005354742296707296
0.005515508160977785
0.005688710772641594
0.005875787565255778
0.006078406867128554
0.0062985159555176634
0.006538401580295486
0.006800766884518324
0.0070888301225844165
0.00740645269897272
0.007758307154280494
0.008150100339044402
0.008588873997404324
0.009083415754569094
0.009644830480287856
0.010287349397444018
0.011029499680263502
0.01189583465094667
0.012919560951405423
0.014146648072898714
0.015642480093482562
0.017503058093640878
0.019874767203818984
0.02299124869575645
0.02724695635386559
0.03335650236675559
0.04273712451049412
0.05855281362059618
0.08906676638354605
0.16086198302527172
0.3870236513375678

0.13043865425305054
0.20727143747826912
0.29755603331134817
0.39098939900787755
0.4801110761376992
0.5644749031349765
0.6450313727523831
0.7114971491815898
0.7386007872979912
0.7026123279207412
0.6051985688612007
0.4778964306936807
0.3602895998858126
0.27424447717945233
0.21750533604972122
0.17602746893322105
0.13850650035458142
0.10184267995097952
0.06848472346319256
0.04172407440184367
0.022949193823939968
0.011381782860612812
0.005088049001103752
0.0020499498199335994
0.0007443437854306799
0.0002435786272048737
7.18355364954645e-05
1.909298754102595e-05
4.57343796342647e-06
9.872929638157627e-07
1.920806584594502e-07
3.367871972868806e-08
5.3218405167136906e-09
7.578835510522197e-10
9.726967189204295e-11
1.125088704100423e-11
1.1728174571131135e-12
1.101814346445987e-13
9.328692290222856e-15
7.118155266154715e-16
4.894952588809454e-17
3.033638772598329e-18
1.6943908085910027e-19
8.528990904852238e-21
3.8691543893508097e-22
1.5818627949994576e-23
5.828488013615049e-25
1.9354294608426713e-26
5.792061056153777e-28
1.562151890951077e-29
3.7970623653145396e-31
8.317763074699928e-33
1.6421003922887597e-34
2.9216434047759086e-36
4.684778423504059e-38
6.769946639895345e-40
8.816897262830996e-42
1.0348577557028814e-43
1.0946615940075609e-45
1.0435504446755129e-47
8.965641260881438e-50
6.941984051609322e-52
4.8441792992471884e-54
3.046429633162976e-56
1.7266186864348302e-58
8.819339605027289e-61
4.059850482819919e-63
1.6842957653979711e-65
6.297396201006415e-68
2.1219640542678807e-70
6.443908596399281e-73
1.7635795905369097e-75
4.349858210089441e-78
9.669176349911659e-81
1.9370382889014287e-83
3.4972064726342954e-86
5.6903461459997514e-89
8.344310214087709e-92
1.1027486660173454e-94
1.3133999175332416e-97
1.4097813862108835e-100
1.3637692802591597e-103
1.1889521557477068e-106
9.341620015370749e-110
6.614764099065213e-113
4.2212479957464185e-116
2.4277374519611716e-119
1.2583368432135068e-122
5.8779576271401256e-126
2.4745163818149806e-129
9.388334599053111e-133
3.21011897985716e-136
9.8920896414345e-140
2.7471938208623853e-143
6.875826390981291e-147
1.5509394682585646e-150
3.152819713462547e-154
5.776140792481994e-158
9.536977271050014e-162
1.419116561854113e-165
