1.5545305645325063
0.06957479727753901
0.004992456223096181
0.0004762070716335929
5.188166631542879e-05
6.049992056577341e-06
7.380427236992113e-07
9.345196500698475e-08
1.2252932415942755e-08
1.471610119711331e-09
2.1484374146982242e-10
3.3168195242679093e-11
5.541932829715028e-12
1.08148921942102e-12
2.8732813637104865e-13
1.1649514916847554e-13
6.61238616604388e-14
4.502765950460867e-14
3.366974144683748e-14
2.6624699132163308e-14
2.1881102570933985e-14
1.8506637442500157e-14
1.600496818350412e-14
1.4088352543400588e-14
1.2579869106725661e-14
1.136567665032527e-14
1.0369721554942355e-14
9.539542666281939e-15
8.837935780008557e-15
8.237869601541608e-15
7.719280946878079e-15
7.266994870687988e-15
6.8693393720821485e-15
6.517201004208261e-15
6.2033674256827324e-15
5.9220609541349e-15
5.668601890615663e-15
5.439161674121237e-15
5.230579288537964e-15
5.040222910118845e-15
4.8658843816852405e-15
4.705697824222379e-15
4.5580762157234454e-15
4.421661497350076e-15
4.295284972319031e-15
4.177935613799819e-15
4.068734506215113e-15
3.966914083981501e-15
3.8718011530320714e-15
3.7828029176702596e-15
3.699395412102538e-15
3.6211138689566505e-15
3.5475446579312356e-15
3.4783185048138154e-15
3.413104760486499e-15
3.351606535608103e-15
3.293556552645453e-15
3.2387135952144856e-15
3.1868594570659166e-15
3.137796310850119e-15
3.091344431035486e-15
3.0473402168063557e-15
3.005634470022934e-15
2.9660908908437635e-15
2.9285847597456987e-15
2.8930017797040043e-15
2.8592370564332495e-15
2.827194198009396e-15
2.7967845180307023e-15
2.7679263288377624e-15
2.7405443132878233e-15
2.7145689652347197e-15
2.689936090259677e-15
2.666586359374912e-15
2.6444649094187336e-15
2.6235209847074757e-15
2.6037076152311156e-15
2.5849813272959183e-15
2.567301883045733e-15
2.5506320457476364e-15
2.534937368118759e-15
2.5201860013091537e-15
2.506348522448408e-15
2.4933977789180314e-15
2.4813087477332314e-15
2.470058408611224e-15
2.4596256294727184e-15
2.4499910632721662e-15
2.441137055183612e-15
2.4330475592850475e-15
2.4257080639871563e-15
2.419105525544124e-15
2.413228309066234e-15
2.4080661365278694e-15
2.403610041331144e-15
2.399852329046133e-15
2.3967865440041356e-15
2.3944074414716163e-15
2.3927109651800772e-15
2.3916942300317785e-15
2.3913555098435838e-15
2.3916942300317785e-15
2.3927109651800772e-15
2.3944074414716163e-15
2.3967865440041356e-15
2.399852329046133e-15
2.403610041331144e-15
2.4080661365278694e-15
2.413228309066234e-15
2.419105525544124e-15
2.4257080639871563e-15
2.4330475592850475e-15
2.441137055183612e-15
2.4499910632721662e-15
2.4596256294727184e-15
2.470058408611224e-15
2.4813087477332314e-15
2.4933977789180314e-15
2.506348522448408e-15
2.5201860013091537e-15
2.534937368118759e-15
2.5506320457476364e-15
2.567301883045733e-15
2.5849813272959183e-15
2.6037076152311156e-15
2.6235209847074757e-15
2.6444649094187336e-15
2.666586359374912e-15
2.689936090259677e-15
2.7145689652347197e-15
2.7405443132878233e-15
2.7679263288377624e-15
2.7967845180307023e-15
2.827194198009396e-15
2.8592370564332495e-15
2.8930017797040043e-15
2.9285847597456987e-15
2.9660908908437635e-15
3.005634470022934e-15
3.0473402168063557e-15
3.091344431035486e-15
3.137796310850119e-15
3.1868594570659166e-15
3.2387135952144856e-15
3.293556552645453e-15
3.351606535608103e-15
3.413104760486499e-15
3.4783185048138154e-15
3.5475446579312356e-15
3.6211138689566505e-15
3.699395412102538e-15
3.7828029176702596e-15
3.8718011530320714e-15
3.966914083981501e-15
4.068734506215113e-15
4.177935613799819e-15
4.295284972319031e-15
4.421661497350076e-15
4.5580762157234454e-15
4.705697824222379e-15
4.8658843816852405e-15
5.040222910118845e-15
5.230579288537964e-15
5.439161674121237e-15
5.668601890615663e-15
5.9220609541349e-15
6.2033674256827324e-15
6.517201004208261e-15
6.8693393720821485e-15
7.266994870687988e-15
7.719280946878079e-15
8.237869601541608e-15
8.837935780008557e-15
9.539542666281939e-15
1.0369721554942355e-14
1.136567665032527e-14
1.2579869106725661e-14
1.4088352543400588e-14
1.600496818350412e-14
1.8506637442500157e-14
2.1881102570933985e-14
2.6624699132163308e-14
3.366974144683748e-14
4.502765950460867e-14
6.61238616604388e-14
1.1649514916847554e-13
2.8732813637104865e-13
1.08148921942102e-12
5.541932829715028e-12
3.3168195242679093e-11
2.1484374146982242e-10
1.471610119711331e-09
1.2252932415942755e-08
9.345196500698475e-08
7.380427236992113e-07
6.049992056577341e-06
5.188166631542879e-05
0.0004762070716335929
0.004992456223096181
0.06957479727753901

1.0037835045273773e-13
2.3718986574286745e-12
4.678324293598993e-11
7.704014604330213e-10
1.0596596995234921e-08
1.2184740049154935e-07
1.1851488756714278e-06
1.5707579298624255e-05
0.0009011045461102236
0.030293037521071434
0.2870643161437067
0.7323771171039325
0.5172027220062071
0.16616365240014097
0.197383267154216
0.4007032457462868
0.6858697980794035
0.9616301105992838
1.098124436742576
1.0178642125485609
0.7648586623192588
0.4663571851652052
0.2314380899160772
0.0939716426673631
0.031443155947716205
0.008744722065712302
0.0020393113350112117
0.0004017707006213172
6.717963093670993e-05
9.544610420653837e-06
1.1501493363341249e-06
1.1714470748397255e-07
1.0046720152125897e-08
7.232031946922837e-10
4.3592458567192446e-11
2.196933664619591e-12
9.248860095996225e-14
3.2509804735440288e-15
9.538703626042513e-17
2.3359494912413688e-18
4.7743561040769005e-20
8.1439379037025455e-22
1.1593616010341928e-23
1.3774217075630666e-25
1.3657715287472686e-27
1.1301918453115537e-29
7.805293240156495e-32
4.498722516004811e-34
2.163974375460113e-36
8.687162494794875e-39
2.910493945941563e-41
8.138012996737612e-44
1.8990350552606395e-46
3.698371280621822e-49
6.0110585471875086e-52
8.153692553020652e-55
9.230402285859499e-58
8.720669954419922e-61
6.876097010282495e-64
4.524775787572488e-67
2.4849351320082932e-70
1.1389272190927058e-73
4.3565210017286884e-77
1.3907420162670401e-80
3.7052393078305153e-84
8.238513802575774e-88
1.5287779435199503e-91
2.3675702092217378e-95
3.0600198856317956e-99
3.300719011054194e-103
2.9713634993336585e-107
2.2323687653712126e-111
1.3997130585358873e-115
7.324449938945506e-120
3.198703160557048e-124
1.1658315056287415e-128
3.546178230845342e-133
9.002191660601853e-138
1.907211577128007e-142
3.372192959505075e-147
4.976097532997573e-152
6.128134301326664e-157
6.298405079768436e-162
5.4025130746641394e-167
3.867443593155537e-172
2.3105484173182465e-177
1.1520440429697953e-182
4.7938673806984156e-188
1.6648145846930453e-193
4.825125926704899e-199
1.1671168954031269e-204
2.3560417588749634e-210
3.969305583509419e-216
5.580961289233703e-222
6.548870596260026e-228
6.41337643226355e-234
5.241673647381413e-240
3.5753301214216046e-246
2.0352850449162516e-252
9.669349516099058e-259
