0.9736160942085255
0.03898464166961242
0.005873702672174767
0.0015104228517239043
0.00042881329565730365
0.00012732987458311646
3.934768019890214e-05
1.2648216467206337e-05
4.229024902189178e-06
1.4707868809733823e-06
5.32056208636625e-07
2.0019971309043643e-07
7.835512211525868e-08
3.18985573863947e-08
1.3507311160089981e-08
5.949237688018052e-09
2.7314500878881003e-09
1.2987085235826588e-09
6.436451640312789e-10
3.317579692926846e-10
1.778228241351649e-10
9.909773153900775e-11
5.740118986485539e-11
3.4543273414150133e-11
2.1582880116145716e-11
1.3988501193653582e-11
9.393817385038003e-12
6.526652495294826e-12
4.6834365988055594e-12
3.4642479939034163e-12
2.6356589126993153e-12
2.057895907826861e-12
1.645264505737703e-12
1.3436310217022908e-12
1.1186073208150383e-12
9.4737709491543e-13
8.14706026317678e-13
7.101865199952187e-13
6.265768388708729e-13
5.587499865931389e-13
5.030163063434363e-13
4.566792966866858e-13
4.1773950073029366e-13
3.8469397565191664e-13
3.563984410772775e-13
3.319711554143264e-13
3.1072497533930117e-13
2.921187136583347e-13
2.7572188602262714e-13
2.6118886333712856e-13
2.482397107986787e-13
2.366458347504226e-13
2.2621912398571864e-13
2.1680365717201635e-13
2.0826931323670227e-13
2.0050680616737867e-13
1.93423795544035e-13
1.8694181638700833e-13
1.8099383808496612e-13
1.755223100713452e-13
1.7047758689700231e-13
1.658166511031405e-13
1.6150207141642668e-13
1.5750114808813836e-13
1.5378520797449371e-13
1.5032902013239156e-13
1.4711030895236775e-13
1.4410934665515788e-13
1.4130861069629348e-13
1.3869249451772664e-13
1.3624706235199106e-13
1.3395984056903488e-13
1.3181963946857205e-13
1.2981640054487412e-13
1.2794106514977314e-13
1.2618546120183895e-13
1.2454220517262818e-13
1.2300461705353306e-13
1.2156664639160413e-13
1.202228077974041e-13
1.1896812458630006e-13
1.1779807942754316e-13
1.1670857105167216e-13
1.1569587621311158e-13
1.1475661622681572e-13
1.1388772749987782e-13
1.130864355647328e-13
1.123502321928309e-13
1.1167685522878718e-13
1.110642708369387e-13
1.1051065789653025e-13
1.1001439431969623e-13
1.0957404509907024e-13
1.0918835192012634e-13
1.0885622419796892e-13
1.0857673141986603e-13
1.0834909669388292e-13
1.0817269142096985e-13
1.0804703102316668e-13
1.079717716745491e-13
1.0794670799444359e-13
1.079717716745491e-13
1.0804703102316668e-13
1.0817269142096985e-13
1.0834909669388292e-13
1.0857673141986603e-13
1.0885622419796892e-13
1.0918835192012634e-13
1.0957404509907024e-13
1.1001439431969623e-13
1.1051065789653025e-13
1.110642708369387e-13
1.1167685522878718e-13
1.123502321928309e-13
1.130864355647328e-13
1.1388772749987782e-13
1.1475661622681572e-13
1.1569587621311158e-13
1.1670857105167216e-13
1.1779807942754316e-13
1.1896812458630006e-13
1.202228077974041e-13
1.2156664639160413e-13
1.2300461705353306e-13
1.2454220517262818e-13
1.2618546120183895e-13
1.2794106514977314e-13
1.2981640054487412e-13
1.3181963946857205e-13
1.3395984056903488e-13
1.3624706235199106e-13
1.3869249451772664e-13
1.4130861069629348e-13
1.4410934665515788e-13
1.4711030895236775e-13
1.5032902013239156e-13
1.5378520797449371e-13
1.5750114808813836e-13
1.6150207141642668e-13
1.658166511031405e-13
1.7047758689700231e-13
1.755223100713452e-13
1.8099383808496612e-13
1.8694181638700833e-13
1.93423795544035e-13
2.0050680616737867e-13
2.0826931323670227e-13
2.1680365717201635e-13
2.2621912398571864e-13
2.366458347504226e-13
2.482397107986787e-13
2.6118886333712856e-13
2.7572188602262714e-13
2.921187136583347e-13
3.1072497533930117e-13
3.319711554143264e-13
3.563984410772775e-13
3.8469397565191664e-13
4.1773950073029366e-13
4.566792966866858e-13
5.030163063434363e-13
5.587499865931389e-13
6.265768388708729e-13
7.101865199952187e-13
8.14706026317678e-13
9.4737709491543e-13
1.1186073208150383e-12
1.3436310217022908e-12
1.645264505737703e-12
2.057895907826861e-12
2.6356589126993153e-12
3.4642479939034163e-12
4.6834365988055594e-12
6.526652495294826e-12
9.393817385038003e-12
1.3988501193653582e-11
2.1582880116145716e-11
3.4543273414150133e-11
5.740118986485539e-11
9.909773153900775e-11
1.778228241351649e-10
3.317579692926846e-10
6.436451640312789e-10
1.2987085235826588e-09
2.7314500878881003e-09
5.949237688018052e-09
1.3507311160089981e-08
3.18985573863947e-08
7.835512211525868e-08
2.0019971309043643e-07
5.32056208636625e-07
1.4707868809733823e-06
4.229024902189178e-06
1.2648216467206337e-05
3.934768019890214e-05
0.00012732987458311646
0.00042881329565730365
0.0015104228517239043
0.005873702672174767
0.03898464166961242

3.5115811549056662e-12
2.629281631074449e-09
6.981853790483307e-07
6.575119302442713e-05
0.0021960173634032036
0.026011604792148032
0.10926920141926756
0.16278996739552565
0.08601154488431897
0.0161170343144648
0.0010710984693715101
2.646611373625783e-05
2.5012522746687832e-05
0.00034315306033015424
0.003239826887199861
0.020872893212794154
0.09176377084519118
0.27558969968055647
0.5955584371338573
1.1877959447156554
1.3466952782391768
0.5937142638134689
0.21886711569907674
0.06562160651449904
0.01356144356120018
0.001912616771073868
0.0001840671027187469
1.2087890519446524e-05
5.416902068852375e-07
1.6564471158315633e-08
3.4564500936255274e-10
4.9216319255075046e-12
4.782049816063683e-14
3.1706272342765065e-16
1.434506102545922e-18
4.428796642987157e-21
9.330291301205334e-24
1.3413150316593957e-26
1.3158079463594135e-29
8.808061590272472e-33
4.0234101335035624e-36
1.2541064248140852e-39
2.667476516842049e-43
3.871621933382785e-47
3.8345234937470304e-51
2.5915284990814546e-55
1.1951617898560996e-59
3.761174955016194e-64
8.076933288143833e-69
1.1835744482874567e-73
1.1835068895917516e-78
8.075550267581675e-84
3.760101633990299e-89
1.1946843308954245e-94
2.590197477741834e-100
3.832116550667704e-106
3.8687500074304873e-112
2.6651935267790916e-118
1.2528900408535287e-124
4.0190488884391207e-131
8.797509525788039e-138
1.3140815784493107e-144
1.3394022780532455e-151
9.315922437933572e-159
4.4214713938766303e-166
1.4319699348179566e-173
3.16466034167793e-181
4.7725054639476694e-189
4.911248267256471e-197
3.448763929615444e-205
1.6525749727161627e-213
5.403622480031834e-222
1.2056880399929099e-230
1.8357394065278492e-239
1.907274635636475e-248
1.3522019580414358e-257
6.541781170353848e-267
2.1596162619246075e-276
4.865004993769389e-286
7.478527869521618e-296
7.844677012950659e-306
5.6151342e-316
0.0
0.0
0.0
0.0
0.0
0.0
0.0
0.0
0.0
0.0
0.0
0.0
0.0
0.0
0.0
0.0
0.0
0.0
