0.8812934614770805
0.15036552122689745
0.03560582955117032
0.011543956774058447
0.005011050878901599
0.0027508838403346217
0.00177973794072708
0.0012821940452825693
0.0009913330611820998
0.0008042205501287003
0.0006751559360137728
0.0005813749089283402
0.0005104532853407865
0.00045510254295649463
0.00041079315080668074
0.00037457521451512554
0.0003444517514212857
0.00031902617891963007
0.0002972943744953523
0.00027851695810442336
0.0002621380743392127
0.0002477321608139047
0.00023496812183161693
0.00022358464383615532
0.00021337282822027814
0.00020416374109680964
0.00019581933579032379
0.0001882257322552983
0.00018128817163973185
0.00017492717992812493
0.00016907561667584982
0.0001636763801232233
0.00015868060493380166
0.00015404623376654347
0.0001497368754599712
0.0001457208850613727
0.00014197061710188226
0.00013846181529204139
0.00013517311047768808
0.00013208560513705884
0.0001291825275325107
0.00012644894228783324
0.00012387150695331644
0.00012143826626740272
0.00011913847748688739
0.00011696246145514118
0.00011490147509677882
0.00011294760183240848
0.00011109365704719393
0.00010933310625868374
0.00010765999404066234
0.00010606888209206499
0.00010455479510976877
0.0001031131733441128
0.00010173983089628817
0.00010043091896508376
9.918289337304426e-05
9.799248580376593e-05
9.685667826670919e-05
9.577268037665054e-05
9.473790909421915e-05
9.374997062388059e-05
9.280664420786678e-05
9.190586759023294e-05
9.104572395552421e-05
9.022443017236219e-05
8.944032619429268e-05
8.869186548914748e-05
8.797760638438014e-05
8.729620422981085e-05
8.664640429126919e-05
8.602703529905777e-05
8.543700358420593e-05
8.487528774335004e-05
8.43409337799277e-05
8.383305067535882e-05
8.335080634912188e-05
8.28934239712256e-05
8.246017859461298e-05
8.205039407858735e-05
8.166344027748845e-05
8.129873047161926e-05
8.095571901988455e-05
8.063389921578582e-05
8.033280133036224e-05
8.005199082740325e-05
7.979106673781063e-05
7.954966018138209e-05
7.932743302553967e-05
7.91240766716586e-05
7.893931096067469e-05
7.87728831905784e-05
7.862456723925168e-05
7.849416278688098e-05
7.838149463289395e-05
7.828641210303022e-05
7.820878854277191e-05
7.814852089393623e-05
7.810552935177765e-05
7.807975710046463e-05
7.807117012529119e-05
7.807975710046463e-05
7.810552935177765e-05
7.814852089393623e-05
7.820878854277191e-05
7.828641210303022e-05
7.838149463289395e-05
7.849416278688098e-05
7.862456723925168e-05
7.87728831905784e-05
7.893931096067469e-05
7.91240766716586e-05
7.932743302553967e-05
7.954966018138209e-05
7.979106673781063e-05
8.005199082740325e-05
8.033280133036224e-05
8.063389921578582e-05
8.095571901988455e-05
8.129873047161926e-05
8.166344027748845e-05
8.205039407858735e-05
8.246017859461298e-05
8.28934239712256e-05
8.335080634912188e-05
8.383305067535882e-05
8.43409337799277e-05
8.487528774335004e-05
8.543700358420593e-05
8.602703529905777e-05
8.664640429126919e-05
8.729620422981085e-05
8.797760638438014e-05
8.869186548914748e-05
8.944032619429268e-05
9.022443017236219e-05
9.104572395552421e-05
9.190586759023294e-05
9.280664420786678e-05
9.374997062388059e-05
9.473790909421915e-05
9.577268037665054e-05
9.685667826670919e-05
9.799248580376593e-05
9.918289337304426e-05
0.00010043091896508376
0.00010173983089628817
0.0001031131733441128
0.00010455479510976877
0.00010606888209206499
0.00010765999404066234
0.00010933310625868374
0.00011109365704719393
0.00011294760183240848
0.00011490147509677882
0.00011696246145514118
0.00011913847748688739
0.00012143826626740272
0.00012387150695331644
0.00012644894228783324
0.0001291825275325107
0.00013208560513705884
0.00013517311047768808
0.00013846181529204139
0.00014197061710188226
0.0001457208850613727
0.0001497368754599712
0.00015404623376654347
0.00015868060493380166
0.0001636763801232233
0.00016907561667584982
0.00017492717992812493
0.00018128817163973185
0.0001882257322552983
0.00019581933579032379
0.00020416374109680964
0.00021337282822027814
0.00022358464383615532
0.00023496812183161693
0.0002477321608139047
0.0002621380743392127
0.00027851695810442336
0.0002972943744953523
0.00031902617891963007
0.0003444517514212857
0.00037457521451512554
0.00041079315080668074
0.00045510254295649463
0.0005104532853407865
0.0005813749089283402
0.0006751559360137728
0.0008042205501287003
0.0009913330611820998
0.0012821940452825693
0.00177973794072708
0.0027508838403346217
0.005011050878901599
0.011543956774058447
0.03560582955117032
0.15036552122689745

0.0037208536710024486
0.009177990798337608
0.02058208139314952
0.04199594947474135
0.07860529700312814
0.14068037181355486
0.2582478861035762
0.45779296926126845
0.6410540865009213
0.6477821094862262
0.5308457607467709
0.42904664918211605
0.3533232272824006
0.27575717777517544
0.19697774863305542
0.12798865260767314
0.07560592072954395
0.04060309293219465
0.019823535239017254
0.008798766089417459
0.003550431292966448
0.001302444206310231
0.00043436599532412605
0.00013169557554319443
3.62998830237747e-05
9.096156872291567e-06
2.072188851233068e-06
4.2916016059028287e-07
8.080312193104356e-08
1.3831062927437009e-08
2.152294267716012e-09
3.0448535987784513e-10
3.9160646956154234e-11
4.578803173802842e-12
4.867127996271629e-13
4.703403467422235e-14
4.132095760216103e-15
3.3002527026974164e-16
2.396308279542052e-17
1.581819249813027e-18
9.492698766298898e-20
5.178944034138705e-21
2.568688322333912e-22
1.1582445889817807e-23
4.747968442365135e-25
1.7694326741063608e-26
5.994858500254393e-28
1.8464710624840243e-29
5.170407229864622e-31
1.3162114656649177e-32
3.046107768990825e-34
6.408900573011769e-36
1.2258588843711384e-37
2.1316509839929594e-39
3.36984863695267e-41
4.843099197800728e-43
6.327833013507824e-45
7.516321195517063e-47
8.116603412635285e-49
7.968232492770013e-51
7.111616735038943e-53
5.77023318939064e-55
4.256347333447493e-57
2.854298782101912e-59
1.7401251295573082e-61
9.644510729089905e-64
4.859578449466218e-66
2.22605386757498e-68
9.270249366112286e-71
3.5096664080970777e-73
1.2079777539856384e-75
3.779816434881849e-78
1.0752294643335072e-80
2.7806753030975694e-83
6.537595976705821e-86
1.397347913727128e-88
2.7152492297220186e-91
4.796600215396931e-94
7.70328598219718e-97
1.1247012943688443e-99
1.4928529952559639e-102
1.80142243785753e-105
1.9762085185829522e-108
1.9709183879381943e-111
1.7869943968676885e-114
1.4729785256368648e-117
1.1037947271465383e-120
7.519671868892031e-124
4.657234864748506e-127
2.622261901250226e-130
1.3422785974831565e-133
6.246373380942382e-137
2.6426028040770144e-140
1.0163762711099907e-143
3.5538231991702576e-147
1.1296809210284598e-150
3.2646335934632854e-154
8.576928142055166e-158
2.0485556817125657e-161
4.4481809882608205e-165
