0.7865848826012053
0.125011477916808
0.031371731647800584
0.009965926138411131
0.0037705467172904276
0.0016500385713859827
0.000818915513150356
0.0004537593894055733
0.0002766333261568375
0.00018290185390994903
0.00012935573280377645
9.665261009515736e-05
7.549154554692777e-05
6.110312524991786e-05
5.089707747349595e-05
4.339227823619809e-05
3.7702012141664457e-05
3.327325506544639e-05
2.974831423558028e-05
2.688822348357503e-05
2.4528667166019773e-05
2.255371965094691e-05
2.0879695992940094e-05
1.9444930956162124e-05
1.8203138807430538e-05
1.711899553793032e-05
1.6165135222270794e-05
1.532006697299157e-05
1.4566703892276166e-05
1.3891306789727953e-05
1.3282714035940068e-05
1.27317720770344e-05
1.223090881876505e-05
1.1773810172346663e-05
1.1355172068056088e-05
1.097050835079418e-05
1.0616000524988569e-05
1.0288379172188216e-05
9.984829576851952e-06
9.702916026625912e-06
9.440520643612837e-06
9.195793614838758e-06
8.967112433801614e-06
8.753048316845658e-06
8.552338371299171e-06
8.363862404307715e-06
8.186623498769053e-06
8.01973166490332e-06
7.862390016680602e-06
7.71388303175133e-06
7.573566539185652e-06
7.440859146802176e-06
7.3152348733299876e-06
7.196216793248204e-06
7.083371536274751e-06
6.976304510956197e-06
6.874655744046971e-06
6.778096245444378e-06
6.686324823209439e-06
6.599065285312624e-06
6.516063974716421e-06
6.437087592653144e-06
6.361921271801207e-06
6.290366866765741e-06
6.222241434037035e-06
6.15737587760013e-06
6.095613739735394e-06
6.036810119392582e-06
5.980830702928545e-06
5.927550894044016e-06
5.8768550314973824e-06
5.828635684661998e-06
5.7827930182688e-06
5.739234218771334e-06
5.697872975713432e-06
5.658629012294047e-06
5.6214276600283545e-06
5.5861994730155025e-06
5.552879877854895e-06
5.521408855716146e-06
5.491730653472611e-06
5.463793521162751e-06
5.437549473354678e-06
5.412954072262955e-06
5.3899662307080295e-06
5.368548033222207e-06
5.348664573795196e-06
5.330283808920495e-06
5.313376424753841e-06
5.2979157173290484e-06
5.283877484896857e-06
5.2712399315609685e-06
5.2599835814833e-06
5.250091203019702e-06
5.241547742228668e-06
5.234340265270279e-06
5.228457909281602e-06
5.223891841379021e-06
5.220635225498135e-06
5.218683196838799e-06
5.2180328437371555e-06
5.218683196838799e-06
5.220635225498135e-06
5.223891841379021e-06
5.228457909281602e-06
5.234340265270279e-06
5.241547742228668e-06
5.250091203019702e-06
5.2599835814833e-06
5.2712399315609685e-06
5.283877484896857e-06
5.2979157173290484e-06
5.313376424753841e-06
5.330283808920495e-06
5.348664573795196e-06
5.368548033222207e-06
5.3899662307080295e-06
5.412954072262955e-06
5.437549473354678e-06
5.463793521162751e-06
5.491730653472611e-06
5.521408855716146e-06
5.552879877854895e-06
5.5861994730155025e-06
5.6214276600283545e-06
5.658629012294047e-06
5.697872975713432e-06
5.739234218771334e-06
5.7827930182688e-06
5.828635684661998e-06
5.8768550314973824e-06
5.927550894044016e-06
5.980830702928545e-06
6.036810119392582e-06
6.095613739735394e-06
6.15737587760013e-06
6.222241434037035e-06
6.290366866765741e-06
6.361921271801207e-06
6.437087592653144e-06
6.516063974716421e-06
6.599065285312624e-06
6.686324823209439e-06
6.778096245444378e-06
6.874655744046971e-06
6.976304510956197e-06
7.083371536274751e-06
7.196216793248204e-06
7.3152348733299876e-06
7.440859146802176e-06
7.573566539185652e-06
7.71388303175133e-06
7.862390016680602e-06
8.01973166490332e-06
8.186623498769053e-06
8.363862404307715e-06
8.552338371299171e-06
8.753048316845658e-06
8.967112433801614e-06
9.195793614838758e-06
9.440520643612837e-06
9.702916026625912e-06
9.984829576851952e-06
1.0288379172188216e-05
1.0616000524988569e-05
1.097050835079418e-05
1.1355172068056088e-05
1.1773810172346663e-05
1.223090881876505e-05
1.27317720770344e-05
1.3282714035940068e-05
1.3891306789727953e-05
1.4566703892276166e-05
1.532006697299157e-05
1.6165135222270794e-05
1.711899553793032e-05
1.8203138807430538e-05
1.9444930956162124e-05
2.0879695992940094e-05
2.255371965094691e-05
2.4528667166019773e-05
2.688822348357503e-05
2.974831423558028e-05
3.327325506544639e-05
3.7702012141664457e-05
4.339227823619809e-05
5.089707747349595e-05
6.110312524991786e-05
7.549154554692777e-05
9.665261009515736e-05
0.00012935573280377645
0.00018290185390994903
0.0002766333261568375
0.0004537593894055733
0.000818915513150356
0.0016500385713859827
0.0037705467172904276
0.009965926138411131
0.031371731647800584
0.125011477916808

0.00023337830218654753
0.0017105288922879503
0.009166130289665675
0.03591098453484741
0.102861835996567
0.21541052019376028
0.32981159553136213
0.36942375423467694
0.3205521931377982
0.4259281983765362
0.6322583521120209
0.2377105107533069
0.024330598573773468
0.016858535251084265
0.04173401115684461
0.08837101832228504
0.15034250468255475
0.20495068674518163
0.22385269700789043
0.19589287663365915
0.13734670448858308
0.07715447627035374
0.0347254031421895
0.012522087946965244
0.003617841094319457
0.000837462771253118
0.00015531908266056642
2.3079553803777258e-05
2.7477251217950467e-06
2.6209723839376405e-07
2.0030642972630656e-08
1.2265086623745512e-09
6.017133318592373e-11
2.365113204732679e-12
7.448306096160715e-14
1.87934444244006e-15
3.79925581120922e-17
6.15366674894087e-19
7.985694556019816e-21
8.302993557574275e-23
6.916716758296102e-25
4.616454576601096e-27
2.4686551468443963e-29
1.0576831134428971e-31
3.6307303821071704e-34
9.985635581643329e-37
2.200395310132446e-39
3.884802934010164e-42
5.4951627576472813e-45
6.227810818118958e-48
5.655012218528426e-51
4.114101179437505e-54
2.398057947859907e-57
1.1199217085920248e-60
4.1904333488792116e-64
1.2562425410822074e-67
3.017389255203157e-71
5.806741159266196e-75
8.95317101048775e-79
1.1060240658157958e-82
1.0947011097626531e-86
8.681001363481651e-91
5.515531573774757e-95
2.807683890871091e-99
1.1451235070780268e-103
3.741965113323278e-108
9.796939430353467e-113
2.055059480571084e-117
3.4538355416487575e-122
4.650741454488601e-127
5.0174843174900355e-132
4.337037080722383e-137
3.0036099295441975e-142
1.6666223900829982e-147
7.409248778114262e-153
2.6390913725030366e-158
7.531438970240872e-164
1.7220461257377628e-169
3.154676883390595e-175
4.6302908436360655e-181
5.445088512202072e-187
5.130325269052655e-193
3.872827400961989e-199
2.3423655303565777e-205
1.135074792627545e-211
4.4069444306298236e-218
1.3708626818260478e-224
3.4165959232444957e-231
6.822390393916602e-238
1.0914976388250873e-244
1.3991114748774595e-251
1.436895289203368e-258
1.1823368023549732e-265
7.794721083593292e-273
4.1172120547853927e-280
1.7424052715172526e-287
5.9079716351674195e-295
1.6049847539068998e-302
3.49338704697203e-310
6.092086e-318
