0.2096474536242554
0.030002447675146454
0.007223112721747607
0.0022835278233648867
0.0008502798155710415
0.0003612536839998555
0.00017301825276459776
9.249186436413374e-05
5.455757766943326e-05
3.5049108377692e-05
2.4194677694325746e-05
1.7720201986784276e-05
1.3616877910480455e-05
1.0876714317157447e-05
8.96306879085953e-06
7.574617601978093e-06
6.533908837988391e-06
5.7318985527229765e-06
5.0989915111856375e-06
4.5892458915353585e-06
4.171409276856472e-06
3.823644810998301e-06
3.530325201525143e-06
3.2800249794531826e-06
3.0642287219821967e-06
2.8764792280375345e-06
2.7118030702452172e-06
2.5663151881876033e-06
2.436941573451866e-06
2.321221408375734e-06
2.2171636494704187e-06
2.123141553641767e-06
2.0378140628832023e-06
1.960066477983871e-06
1.8889651720761761e-06
1.8237226514742515e-06
1.7636703314205658e-06
1.7082371266427845e-06
1.6569324691448402e-06
1.6093327288278992e-06
1.5650702728824908e-06
1.523824588572625e-06
1.4853150321849777e-06
1.449294869055789e-06
1.4155463457953914e-06
1.3838765931822098e-06
1.3541142017137814e-06
1.326106345076359e-06
1.2997163524248112e-06
1.274821650244834e-06
1.2513120100924108e-06
1.2290880507026158e-06
1.208059952601579e-06
1.1881463510208216e-06
1.1692733790407722e-06
1.151373837814179e-06
1.1343864746966477e-06
1.1182553533382686e-06
1.102929302420685e-06
1.088361431877607e-06
1.0745087072075336e-06
1.0613315739493151e-06
1.0487936256027036e-06
1.036861309283878e-06
1.025503664247327e-06
1.0146920891103608e-06
1.0044001342090396e-06
9.946033160139556e-07
9.852789509569774e-07
9.764060063786736e-07
9.679649666113082e-07
9.599377124727146e-07
9.523074126691865e-07
9.450584257967292e-07
9.38176211794481e-07
9.316472518459476e-07
9.254589758463312e-07
9.195996966605128e-07
9.140585504885637e-07
9.088254427360759e-07
9.038909988567714e-07
8.992465196962516e-07
8.948839409195965e-07
8.907957961528625e-07
8.869751835102403e-07
8.834157352154953e-07
8.801115900589565e-07
8.77057368460317e-07
8.742481499333564e-07
8.716794527717633e-07
8.693472157959603e-07
8.672477820194535e-07
8.653778841100823e-07
8.637346315368278e-07
8.623154993067964e-07
8.611183182098015e-07
8.601412664997828e-07
8.593828629533038e-07
8.588419612556706e-07
8.585177456749432e-07
8.584097279933981e-07
8.585177456749432e-07
8.588419612556706e-07
8.593828629533038e-07
8.601412664997828e-07
8.611183182098015e-07
8.623154993067964e-07
8.637346315368278e-07
8.653778841100823e-07
8.672477820194535e-07
8.693472157959603e-07
8.716794527717633e-07
8.742481499333564e-07
8.77057368460317e-07
8.801115900589565e-07
8.834157352154953e-07
8.869751835102403e-07
8.907957961528625e-07
8.948839409195965e-07
8.992465196962516e-07
9.038909988567714e-07
9.088254427360759e-07
9.140585504885637e-07
9.195996966605128e-07
9.254589758463312e-07
9.316472518459476e-07
9.38176211794481e-07
9.450584257967292e-07
9.523074126691865e-07
9.599377124727146e-07
9.679649666113082e-07
9.764060063786736e-07
9.852789509569774e-07
9.946033160139556e-07
1.0044001342090396e-06
1.0146920891103608e-06
1.025503664247327e-06
1.036861309283878e-06
1.0487936256027036e-06
1.0613315739493151e-06
1.0745087072075336e-06
1.088361431877607e-06
1.102929302420685e-06
1.1182553533382686e-06
1.1343864746966477e-06
1.151373837814179e-06
1.1692733790407722e-06
1.1881463510208216e-06
1.208059952601579e-06
1.2290880507026158e-06
1.2513120100924108e-06
1.274821650244834e-06
1.2997163524248112e-06
1.326106345076359e-06
1.3541142017137814e-06
1.3838765931822098e-06
1.4155463457953914e-06
1.449294869055789e-06
1.4853150321849777e-06
1.523824588572625e-06
1.5650702728824908e-06
1.6093327288278992e-06
1.6569324691448402e-06
1.7082371266427845e-06
1.7636703314205658e-06
1.8237226514742515e-06
1.8889651720761761e-06
1.960066477983871e-06
2.0378140628832023e-06
2.123141553641767e-06
2.2171636494704187e-06
2.321221408375734e-06
2.436941573451866e-06
2.5663151881876033e-06
2.7118030702452172e-06
2.8764792280375345e-06
3.0642287219821967e-06
3.2800249794531826e-06
3.530325201525143e-06
3.823644810998301e-06
4.171409276856472e-06
4.5892458915353585e-06
5.0989915111856375e-06
5.7318985527229765e-06
6.533908837988391e-06
7.574617601978093e-06
8.96306879085953e-06
1.0876714317157447e-05
1.3616877910480455e-05
1.7720201986784276e-05
2.4194677694325746e-05
3.5049108377692e-05
5.455757766943326e-05
9.249186436413374e-05
0.00017301825276459776
0.0003612536839998555
0.0008502798155710415
0.0022835278233648867
0.007223112721747607
0.030002447675146454

3.8208093094441706e-05
0.0003049232550931572
0.0017717771731377303
0.007495679987693587
0.023088538194506774
0.051780484225452124
0.0845527481704974
0.10054387299130416
0.08721226647063023
0.056095797197522716
0.030956168921971616
0.02808270473178543
0.05136052374378327
0.09157929575792936
0.12455907063705754
0.12543182957238927
0.09324337985524814
0.051154604333410944
0.020710785104721043
0.006188030647291017
0.0013644333147176484
0.00022202206133408486
2.6661458414360973e-05
2.3627383464385914e-06
1.545223532204289e-07
7.45780378591562e-09
2.6562842574371515e-10
6.982036259014772e-12
1.3543584049141543e-13
1.9387824088313036e-15
2.04818173943702e-17
1.5968049311510498e-19
9.187115922083959e-22
3.900771253382852e-24
1.2222659871598826e-26
2.8263433880681104e-29
4.8231201462298456e-32
6.07400564882528e-35
5.645030052990923e-38
3.871696279942241e-41
1.95965788807691e-44
7.319867077590558e-48
2.0177626810616725e-51
4.104695375282182e-55
6.16219921934285e-59
6.827072158914116e-63
5.581837739218772e-67
3.3679363719302733e-71
1.4996658587142207e-75
4.927981704428837e-80
1.1950542620283365e-84
2.1387012305878612e-89
2.8245974942395446e-94
2.7530048445770553e-99
1.980164807423618e-104
1.0510893985736586e-109
4.117389282660073e-115
1.190277323322205e-120
2.5393253343375948e-126
3.9979051600540967e-132
4.6450520536816777e-138
3.982837971178243e-144
2.5202211308208194e-150
1.1768703305606683e-156
4.0556693045579336e-163
1.0314315538609445e-169
1.9358078507360493e-176
2.6811927492131945e-183
2.7405503260241596e-190
2.067242776051345e-197
1.15077161296867e-204
4.727491465422078e-212
1.4332314274241107e-219
3.206607823257295e-227
5.2944314409276245e-235
6.451144441893164e-243
5.8009371331783835e-251
3.849492765860172e-259
1.8851799524589657e-267
6.813120553199606e-276
1.817118668928952e-284
3.576551335793608e-293
5.195048324381039e-302
5.568762245158e-311
4.405e-320
0.0
0.0
0.0
0.0
0.0
0.0
0.0
0.0
0.0
0.0
0.0
0.0
0.0
0.0
0.0
