0.33258307536200177
0.12407621214938205
0.08315234939571736
0.065385849664707
0.05404097486449044
0.04593336416596083
0.03986162514552984
0.03516946880182335
0.03145110285370386
0.02844179410547132
0.025962454146194573
0.023888260261595472
0.02212993037797612
0.020622132447300046
0.019316085842950557
0.0181747085898867
0.017169355869979017
0.016277579294764297
0.0154815565348751
0.014766970687472923
0.014122197305870082
0.013537705683336964
0.013005611802028541
0.012519340268747745
0.012073365662713328
0.011663012492714337
0.011284298927519523
0.010933813581787287
0.010608617521700208
0.010306165697285354
0.01002424347368884
0.009760914996611896
0.009514480906318032
0.009283443491491513
0.009066477805290242
0.00886240759087762
0.00867018511069612
0.008488874162937952
0.008317635714671555
0.00815571569454776
0.008002434576777127
0.007857178457955407
0.007719391383666186
0.007588568725882293
0.007464251447503203
0.007346021118799233
0.007233495573540089
0.00712632511128995
0.007024189167627389
0.006926793386579276
0.006833867039879587
0.0067451607462005745
0.0066604444505908335
0.006579505630260584
0.0065021476977933715
0.006428188577007671
0.006357459430181322
0.006289803518298635
0.00622507517847689
0.006163138904850429
0.006103868520998482
0.006047146433547747
0.00599286295790434
0.005940915708206943
0.005891209044572059
0.005843653571547793
0.005798165682424065
0.005754667144681634
0.005713084722413883
0.005673349832035825
0.0056353982280142175
0.005599169715719698
0.0055646078888235435
0.005531659888944217
0.00550027618549757
0.005470410373923876
0.0054420189906585715
0.005415061343385182
0.005389499355260884
0.005365297421940381
0.0053424222803441085
0.0053208428882240205
0.005300530313676204
0.005281457633835487
0.0052635998420642385
0.005246933763017024
0.005231437975025248
0.005217092739302497
0.005203879935522495
0.005191783003368233
0.005180786889693221
0.00517087800097477
0.005162044160774837
0.005154274571956958
0.005147559783438232
0.005141891661283845
0.005137263363978085
0.005133669321731022
0.005131105219703659
0.005129567985057185
0.0051290557777537195
0.005129567985057185
0.005131105219703659
0.005133669321731022
0.005137263363978085
0.005141891661283845
0.005147559783438232
0.005154274571956958
0.005162044160774837
0.00517087800097477
0.005180786889693221
0.005191783003368233
0.005203879935522495
0.005217092739302497
0.005231437975025248
0.005246933763017024
0.0052635998420642385
0.005281457633835487
0.005300530313676204
0.0053208428882240205
0.0053424222803441085
0.005365297421940381
0.005389499355260884
0.005415061343385182
0.0054420189906585715
0.005470410373923876
0.00550027618549757
0.005531659888944217
0.0055646078888235435
0.005599169715719698
0.0056353982280142175
0.005673349832035825
0.005713084722413883
0.005754667144681634
0.005798165682424065
0.005843653571547793
0.005891209044572059
0.005940915708206943
0.00599286295790434
0.006047146433547747
0.006103868520998482
0.006163138904850429
0.00622507517847689
0.006289803518298635
0.006357459430181322
0.006428188577007671
0.0065021476977933715
0.006579505630260584
0.0066604444505908335
0.0067451607462005745
0.006833867039879587
0.006926793386579276
0.007024189167627389
0.00712632511128995
0.007233495573540089
0.007346021118799233
0.007464251447503203
0.007588568725882293
0.007719391383666186
0.007857178457955407
0.008002434576777127
0.00815571569454776
0.008317635714671555
0.008488874162937952
0.00867018511069612
0.00886240759087762
0.009066477805290242
0.009283443491491513
0.009514480906318032
0.009760914996611896
0.01002424347368884
0.010306165697285354
0.010608617521700208
0.010933813581787287
0.011284298927519523
0.011663012492714337
0.012073365662713328
0.012519340268747745
0.013005611802028541
0.013537705683336964
0.014122197305870082
0.014766970687472923
0.0154815565348751
0.016277579294764297
0.017169355869979017
0.0181747085898867
0.019316085842950557
0.020622132447300046
0.02212993037797612
0.023888260261595472
0.025962454146194573
0.02844179410547132
0.03145110285370386
0.03516946880182335
0.03986162514552984
0.04593336416596083
0.05404097486449044
0.065385849664707
0.08315234939571736
0.12407621214938205

0.2564423738332265
0.2334411919973825
0.17218118461293805
0.1028997658020889
0.04982686655926131
0.01954939234423131
0.006214747193887172
0.001601089815557927
0.00040708657129711506
0.004695625537325248
0.07719890796144858
0.3362703298246616
0.38352713281473383
0.11452316121116521
0.00895322205235725
0.00018325428753428598
9.820144548623177e-07
1.3777675565916004e-09
5.065637723070447e-13
5.884562894244871e-17
1.7129938315426968e-19
2.30269892258571e-21
2.526118649264407e-23
2.245392930036193e-25
1.6171542723647535e-27
9.43693686652771e-30
4.4620161958920246e-32
1.7094316104813825e-34
5.306312396030693e-37
1.3346100589352469e-39
2.7197968643223226e-42
4.49095847295363e-45
6.008445210466929e-48
6.513368761392303e-51
5.720970707491565e-54
4.07149847847661e-57
2.3477904143116492e-60
1.0969450405594535e-63
4.152703351618127e-67
1.2737888510319284e-70
3.1658072831768905e-74
6.375173373843309e-78
1.0402075978702592e-81
1.3752084709054895e-85
1.4731180522430492e-89
1.2785775068153962e-93
8.991601762673287e-98
5.123509705380668e-102
2.365476066118156e-106
8.848915516507921e-111
2.6821436551974953e-115
6.587103942868758e-120
1.3107730205574956e-124
2.113396415916585e-129
2.760927070226829e-134
2.9224655393771186e-139
2.5064806619789775e-144
1.7418061246497013e-149
9.80744234884549e-155
4.4743732513396087e-160
1.65397580307851e-165
4.953892624009527e-171
1.2022215868342114e-176
2.3639753852893192e-182
3.7663603926108065e-188
4.86207096770149e-194
5.085588409709986e-200
4.3100431612330597e-206
2.9596647867888566e-212
1.6467357999540546e-218
7.423792497778847e-225
2.711741061303146e-231
8.025851237972764e-238
1.9246620789764207e-244
3.7397138188931115e-251
5.88766029500041e-258
7.51047863208366e-265
7.762703189730194e-272
6.5009801922732395e-279
4.411285842525129e-286
2.4253367806852243e-293
1.0804368831769452e-300
3.899844094163325e-308
1.140553295e-315
2.5e-323
0.0
0.0
0.0
0.0
0.0
0.0
0.0
0.0
0.0
0.0
0.0
0.0
0.0
0.0
0.0
