0.573223704996976
0.0480922689139219
0.004995473159646706
0.0005879532764443169
7.440694196397142e-05
9.888747965234478e-06
1.3719087451808362e-06
2.0028297125349303e-07
3.159941265789495e-08
5.529640437617483e-09
1.299470955519889e-09
3.9888210926202985e-10
1.6200370643914855e-10
8.236241895202808e-11
4.872675439153842e-11
3.2539539410748977e-11
2.3385053078270024e-11
1.782763003478272e-11
1.4213401618299722e-11
1.17292548521142e-11
9.943128166855682e-12
8.61041107661229e-12
7.585014100502367e-12
6.775596439797499e-12
6.122740110017905e-12
5.586438831112011e-12
5.1389339408982115e-12
4.7604501210247255e-12
4.436568186045069e-12
4.156555878528577e-12
3.91227768650134e-12
3.697464960471881e-12
3.507216206655241e-12
3.337647977897498e-12
3.185646457138892e-12
3.0486877108460014e-12
2.9247056285546345e-12
2.8119935306239013e-12
2.709129912293694e-12
2.614921735680802e-12
2.528360646541954e-12
2.4485888258859237e-12
2.374872104631585e-12
2.3065786105838337e-12
2.2431616704628708e-12
2.1841460143818664e-12
2.1291165652561567e-12
2.077709267672758e-12
2.0296035379196966e-12
1.9845160117612997e-12
1.942195337972596e-12
1.9024178198638424e-12
1.86498374850704e-12
1.8297143033499554e-12
1.7964489207235264e-12
1.7650430501456778e-12
1.7353662335803737e-12
1.7073004548823403e-12
1.680738716265199e-12
1.6555838063190026e-12
1.6317472302880938e-12
1.6091482783207482e-12
1.5877132114644938e-12
1.567374548496467e-12
1.5480704393959413e-12
1.529744113503436e-12
1.5123433922599579e-12
1.4958202579542782e-12
1.4801304711840504e-12
1.4652332308047065e-12
1.4510908710360127e-12
1.4376685911501651e-12
1.4249342138019212e-12
1.412857968600452e-12
1.4014122979806596e-12
1.3905716828219858e-12
1.3803124855962469e-12
1.370612809111776e-12
1.3614523691667104e-12
1.3528123796357953e-12
1.3446754486978205e-12
1.3370254850690598e-12
1.3298476132455487e-12
1.3231280968766696e-12
1.316854269496997e-12
1.3110144719348003e-12
1.3055979957958544e-12
1.3005950324919108e-12
1.295996627345576e-12
1.291794638358642e-12
1.287981699280098e-12
1.2845511866539422e-12
1.2814971905662559e-12
1.2788144888464461e-12
1.2764985245096635e-12
1.2745453862566129e-12
1.272951791873792e-12
1.2717150744019304e-12
1.2708331709634565e-12
1.2703046141614835e-12
1.2701285259833505e-12
1.2703046141614835e-12
1.2708331709634565e-12
1.2717150744019304e-12
1.272951791873792e-12
1.2745453862566129e-12
1.2764985245096635e-12
1.2788144888464461e-12
1.2814971905662559e-12
1.2845511866539422e-12
1.287981699280098e-12
1.291794638358642e-12
1.295996627345576e-12
1.3005950324919108e-12
1.3055979957958544e-12
1.3110144719348003e-12
1.316854269496997e-12
1.3231280968766696e-12
1.3298476132455487e-12
1.3370254850690598e-12
1.3446754486978205e-12
1.3528123796357953e-12
1.3614523691667104e-12
1.370612809111776e-12
1.3803124855962469e-12
1.3905716828219858e-12
1.4014122979806596e-12
1.412857968600452e-12
1.4249342138019212e-12
1.4376685911501651e-12
1.4510908710360127e-12
1.4652332308047065e-12
1.4801304711840504e-12
1.4958202579542782e-12
1.5123433922599579e-12
1.529744113503436e-12
1.5480704393959413e-12
1.567374548496467e-12
1.5877132114644938e-12
1.6091482783207482e-12
1.6317472302880938e-12
1.6555838063190026e-12
1.680738716265199e-12
1.7073004548823403e-12
1.7353662335803737e-12
1.7650430501456778e-12
1.7964489207235264e-12
1.8297143033499554e-12
1.86498374850704e-12
1.9024178198638424e-12
1.942195337972596e-12
1.9845160117612997e-12
2.0296035379196966e-12
2.077709267672758e-12
2.1291165652561567e-12
2.1841460143818664e-12
2.2431616704628708e-12
2.3065786105838337e-12
2.374872104631585e-12
2.4485888258859237e-12
2.528360646541954e-12
2.614921735680802e-12
2.709129912293694e-12
2.8119935306239013e-12
2.9247056285546345e-12
3.0486877108460014e-12
3.185646457138892e-12
3.337647977897498e-12
3.507216206655241e-12
3.697464960471881e-12
3.91227768650134e-12
4.156555878528577e-12
4.436568186045069e-12
4.7604501210247255e-12
5.1389339408982115e-12
5.586438831112011e-12
6.122740110017905e-12
6.775596439797499e-12
7.585014100502367e-12
8.61041107661229e-12
9.943128166855682e-12
1.17292548521142e-11
1.4213401618299722e-11
1.782763003478272e-11
2.3385053078270024e-11
3.2539539410748977e-11
4.872675439153842e-11
8.236241895202808e-11
1.6200370643914855e-10
3.9888210926202985e-10
1.299470955519889e-09
5.529640437617483e-09
3.159941265789495e-08
2.0028297125349303e-07
1.3719087451808362e-06
9.888747965234478e-06
7.440694196397142e-05
0.0005879532764443169
0.004995473159646706
0.0480922689139219

5.388213110417222e-11
1.0490777594810945e-09
1.6558115292770442e-08
2.1186266492516408e-07
2.197547472611143e-06
1.847831673479985e-05
0.00012595832293060404
0.0006962360736030268
0.00364589987804131
0.09033729329044318
0.7047438121703081
0.40344022222196485
0.16277761915296166
0.24139672767188505
0.3068975828269219
0.31631564399009904
0.26429453489108323
0.17901771141751296
0.09829787402444129
0.04375549040839681
0.015789242423273845
0.004618812540220281
0.0010953166415156878
0.0002105665309802688
3.281552108620978e-05
4.145811710194421e-06
4.2460015588765586e-07
3.525259008194423e-08
2.372696661370563e-09
1.2945943690435713e-10
5.726186840712009e-12
2.0532300978806882e-13
5.9682916234612545e-15
1.4063802392392242e-16
2.6865552846540247e-18
4.160342782327776e-20
5.222792286616214e-22
5.315164371532165e-24
4.385013670088222e-26
2.9326856217910803e-28
1.590011899986748e-30
6.988364450355192e-33
2.4899522765259773e-35
7.19195244697351e-38
1.684003141960836e-40
3.196533749252276e-43
4.918764128334549e-46
6.135825592918449e-49
6.204836217349128e-52
5.0866041885537646e-55
3.380382720965406e-58
1.8211432482970903e-61
7.953579920860022e-65
2.815927681718348e-68
8.082033592336789e-72
1.8804427319151137e-75
3.546825960591164e-79
5.423254082154031e-83
6.722337789422618e-87
6.754932560208193e-91
5.50252481613747e-95
3.633651805027291e-99
1.9452029244871197e-103
8.441639960706201e-108
2.969812585101683e-112
8.4697690362582e-117
1.95818806087457e-121
3.670096938227374e-126
5.576233855740391e-131
6.8682283957410335e-136
6.85786268475849e-141
5.551024544105989e-146
3.642485374049244e-151
1.93759404916263e-156
8.355415928648275e-162
2.920879642825881e-167
8.277506994929041e-173
1.901628849136773e-178
3.541540924200214e-184
5.346863268339382e-190
6.544043814190709e-196
6.492823912817025e-202
5.2222944808151925e-208
3.405096285354383e-214
1.7998559268217426e-220
7.712344034836666e-227
2.6790162805338356e-233
7.544051033031063e-240
1.7221627398078579e-246
3.1870146970822724e-253
4.781170708320767e-260
5.814665557434324e-267
5.732651449879495e-274
4.581699905562164e-281
2.968506810094927e-288
1.5591567003597808e-295
6.638680802007615e-303
2.29146968534667e-310
6.4119e-318
0.0
