1.3772588535697106
0.07695561173146846
0.050786891404310634
0.043252811608901216
0.03755858470007395
0.03303688770258122
0.02938731645730481
0.026399691484235783
0.023922407519248116
0.02184427520287351
0.020082497018363003
0.01857453732086289
0.017272535587886884
0.01613940857464984
0.015146091544022564
0.014269559096180318
0.013491387041084709
0.012796694737539816
0.01217335834327387
0.011611419264386975
0.011102634838763076
0.010640133768021063
0.010218149473838721
0.00983181198097717
0.009476984158923292
0.009150131874919747
0.008848220284787704
0.008568630427274742
0.008309091707058097
0.008067626899350045
0.007842507088933654
0.007632214541484444
0.007435411947193572
0.007250916813294581
0.007077680040081216
0.00691476791404682
0.006761346906313369
0.006616670785227909
0.006480069646837775
0.006350940541875926
0.006228739437391399
0.006112974298662602
0.006003199115140086
0.005899008724883305
0.00580003431682923
0.005705939510459691
0.005616416928956041
0.00553118519547825
0.005449986293359747
0.005372583240226976
0.005298758033697778
0.00522830983267608
0.0051610533435747724
0.005096817385251662
0.005035443610186493
0.004976785362583133
0.004920706656749956
0.004867081261375087
0.004815791877238348
0.004766729397543428
0.004719792241457574
0.004674885752649296
0.004631921655648613
0.004590817563744984
0.004551496532907012
0.004513886656873531
0.004477920699142665
0.004443535758087133
0.0044106729618608575
0.004379277190143245
0.004349296820100865
0.0043206834942384606
0.004293391908067643
0.004267379615747248
0.004242606852048128
0.004219036369170622
0.004196633287098248
0.004175364956308646
0.004155200831784972
0.004136112357379473
0.004118072859677815
0.004101057450599036
0.00408504293804333
0.004070007743969059
0.004055931829342596
0.004042796625460616
0.00403058497119486
0.004019281055755162
0.004008870366607893
0.003999339642224622
0.0039906768293702126
0.003982871044670947
0.003975912540232204
0.003969792673101907
0.003964503878400579
0.003960039645961966
0.003956394500349643
0.0039535639841354235
0.003951544644344591
0.003950334021991412
0.003949930644646072
0.003950334021991412
0.003951544644344591
0.0039535639841354235
0.003956394500349643
0.003960039645961966
0.003964503878400579
0.003969792673101907
0.003975912540232204
0.003982871044670947
0.0039906768293702126
0.003999339642224622
0.004008870366607893
0.004019281055755162
0.00403058497119486
0.004042796625460616
0.004055931829342596
0.004070007743969059
0.00408504293804333
0.004101057450599036
0.004118072859677815
0.004136112357379473
0.004155200831784972
0.004175364956308646
0.004196633287098248
0.004219036369170622
0.004242606852048128
0.004267379615747248
0.004293391908067643
0.0043206834942384606
0.004349296820100865
0.004379277190143245
0.0044106729618608575
0.004443535758087133
0.004477920699142665
0.004513886656873531
0.004551496532907012
0.004590817563744984
0.004631921655648613
0.004674885752649296
0.004719792241457574
0.004766729397543428
0.004815791877238348
0.004867081261375087
0.004920706656749956
0.004976785362583133
0.005035443610186493
0.005096817385251662
0.0051610533435747724
0.00522830983267608
0.005298758033697778
0.005372583240226976
0.005449986293359747
0.00553118519547825
0.005616416928956041
0.005705939510459691
0.00580003431682923
0.005899008724883305
0.006003199115140086
0.006112974298662602
0.006228739437391399
0.006350940541875926
0.006480069646837775
0.006616670785227909
0.006761346906313369
0.00691476791404682
0.007077680040081216
0.007250916813294581
0.007435411947193572
0.007632214541484444
0.007842507088933654
0.008067626899350045
0.008309091707058097
0.008568630427274742
0.008848220284787704
0.009150131874919747
0.009476984158923292
0.00983181198097717
0.010218149473838721
0.010640133768021063
0.011102634838763076
0.011611419264386975
0.01217335834327387
0.012796694737539816
0.013491387041084709
0.014269559096180318
0.015146091544022564
0.01613940857464984
0.017272535587886884
0.01857453732086289
0.020082497018363003
0.02184427520287351
0.023922407519248116
0.026399691484235783
0.02938731645730481
0.03303688770258122
0.03755858470007395
0.043252811608901216
0.050786891404310634
0.07695561173146846

0.19481862407989078
0.17435281369964545
0.06632667436217535
0.010725270572479658
0.0007372063465441406
2.1539253457218475e-05
2.675056759180048e-07
1.4121997459490863e-09
3.1689838795990114e-12
3.0229340953563668e-15
2.4888902336741963e-16
1.8730059147031576e-13
7.218071026204751e-11
1.4174504087937293e-08
1.41840193704107e-06
7.232617310943091e-05
0.001879301803972757
0.024883107717109082
0.16789949646777344
0.5778278864413042
1.0239274761464061
1.0223682930229754
0.9335924708281681
1.1567453221395214
1.0119125121907298
0.4386867614168014
0.08904771559857942
0.008402707696996413
0.00036823906523308626
7.49367931395541e-06
7.081180599771748e-08
3.107133896368832e-10
6.330786994325274e-13
5.989613637174021e-16
2.631378233144208e-19
5.367982670973383e-23
5.084898519041778e-27
2.23664383459408e-31
4.5683012117511615e-36
4.332673750979686e-41
1.9080976724678697e-46
3.9020117489955746e-52
3.7052703473588536e-58
1.633783802858776e-64
3.3451271388493494e-71
3.1803434926381635e-78
1.404037752067134e-85
2.8782393041742476e-93
2.7397969050714195e-101
1.2110252525454943e-109
2.4856008279651785e-118
2.368933817870974e-127
1.0483778287469512e-136
2.154398733541258e-146
2.0557850314735245e-156
9.10904130160666e-167
1.8741787099846244e-177
1.7905757001040184e-188
7.943606642840958e-200
1.6363874238488252e-211
1.5653011334722965e-223
6.95269295968331e-236
1.43400835875661e-248
1.373391276704947e-261
6.107782329533112e-275
1.2613501999660394e-288
1.2099204940944132e-302
5.400143e-317
0.0
0.0
0.0
0.0
0.0
0.0
0.0
0.0
0.0
0.0
0.0
0.0
0.0
0.0
0.0
0.0
0.0
0.0
0.0
0.0
0.0
0.0
0.0
0.0
0.0
0.0
0.0
0.0
0.0
0.0
0.0
0.0
