0.5667789095638843
0.006024734581153089
8.030374851321227e-05
1.2857934012291583e-06
2.600847017405019e-08
1.0207717654303615e-09
4.097295055974782e-11
2.9275380702351775e-12
3.4416376685788274e-13
6.149418362382518e-14
1.575233088278779e-14
5.628547809088252e-15
2.6267688239105315e-15
1.495421200209584e-15
9.788120306693397e-16
7.054753623769703e-16
5.435765790956474e-16
4.391601914149904e-16
3.6729291614989914e-16
3.1527475890419817e-16
2.7610243499975653e-16
2.456541400674525e-16
2.213696496774357e-16
2.0158549410088556e-16
1.8517905580146494e-16
1.7136785287589647e-16
1.5959114658329897e-16
1.494373363440807e-16
1.4059789522789067e-16
1.3283725822833107e-16
1.2597261196884363e-16
1.1986000770054864e-16
1.1438461670867578e-16
1.0945376221635247e-16
1.0499185106796558e-16
1.0093662983994701e-16
9.723638010932303e-17
9.384779010502846e-17
9.073432047169186e-17
8.786493574612888e-17
8.521310979767271e-17
8.275603880369839e-17
8.047401307387204e-17
7.834991163343818e-17
7.636879252961584e-17
7.451755840714642e-17
7.278468173537957e-17
7.115997765865404e-17
6.963441513073716e-17
6.819995902641962e-17
6.684943747218907e-17
6.557642982753922e-17
6.437517166900063e-17
6.324047384628065e-17
6.216765324256451e-17
6.115247331518024e-17
6.019109284553442e-17
5.928002160890821e-17
5.841608190089013e-17
5.759637503978602e-17
5.681825211243077e-17
5.607928835151077e-17
5.5377260631302585e-17
5.47101276499664e-17
5.407601243359573e-17
5.347318685281634e-17
5.2900057888979667e-17
5.2355155425624686e-17
5.183712137325429e-17
5.1344699962695326e-17
5.087672906527973e-17
5.043213241752301e-17
5.000991264448012e-17
4.9609144990011265e-17
4.9228971674189825e-17
4.886859680836158e-17
4.8527281807187864e-17
4.820434124460279e-17
4.7899139107173076e-17
4.7611085404024573e-17
4.7339633097424973e-17
4.7084275322395046e-17
4.6844542867457606e-17
4.662000189189898e-17
4.6410251857780494e-17
4.62149236574546e-17
4.6033677919556513e-17
4.586620347840334e-17
4.57122159934693e-17
4.557145670715113e-17
4.544369133041733e-17
4.532870904716995e-17
4.522632162925984e-17
4.513636265510082e-17
4.505868682574184e-17
4.4993169373089436e-17
4.49397055557423e-17
4.489821023860827e-17
4.4868617553140375e-17
4.485088063565265e-17
4.4844971441771794e-17
4.485088063565265e-17
4.4868617553140375e-17
4.489821023860827e-17
4.49397055557423e-17
4.4993169373089436e-17
4.505868682574184e-17
4.513636265510082e-17
4.522632162925984e-17
4.532870904716995e-17
4.544369133041733e-17
4.557145670715113e-17
4.57122159934693e-17
4.586620347840334e-17
4.6033677919556513e-17
4.62149236574546e-17
4.6410251857780494e-17
4.662000189189898e-17
4.6844542867457606e-17
4.7084275322395046e-17
4.7339633097424973e-17
4.7611085404024573e-17
4.7899139107173076e-17
4.820434124460279e-17
4.8527281807187864e-17
4.886859680836158e-17
4.9228971674189825e-17
4.9609144990011265e-17
5.000991264448012e-17
5.043213241752301e-17
5.087672906527973e-17
5.1344699962695326e-17
5.183712137325429e-17
5.2355155425624686e-17
5.2900057888979667e-17
5.347318685281634e-17
5.407601243359573e-17
5.47101276499664e-17
5.5377260631302585e-17
5.607928835151077e-17
5.681825211243077e-17
5.759637503978602e-17
5.841608190089013e-17
5.928002160890821e-17
6.019109284553442e-17
6.115247331518024e-17
6.216765324256451e-17
6.324047384628065e-17
6.437517166900063e-17
6.557642982753922e-17
6.684943747218907e-17
6.819995902641962e-17
6.963441513073716e-17
7.115997765865404e-17
7.278468173537957e-17
7.451755840714642e-17
7.636879252961584e-17
7.834991163343818e-17
8.047401307387204e-17
8.275603880369839e-17
8.521310979767271e-17
8.786493574612888e-17
9.073432047169186e-17
9.384779010502846e-17
9.723638010932303e-17
1.0093662983994701e-16
1.0499185106796558e-16
1.0945376221635247e-16
1.1438461670867578e-16
1.1986000770054864e-16
1.2597261196884363e-16
1.3283725822833107e-16
1.4059789522789067e-16
1.494373363440807e-16
1.5959114658329897e-16
1.7136785287589647e-16
1.8517905580146494e-16
2.0158549410088556e-16
2.213696496774357e-16
2.456541400674525e-16
2.7610243499975653e-16
3.1527475890419817e-16
3.6729291614989914e-16
4.391601914149904e-16
5.435765790956474e-16
7.054753623769703e-16
9.788120306693397e-16
1.495421200209584e-15
2.6267688239105315e-15
5.628547809088252e-15
1.575233088278779e-14
6.149418362382518e-14
3.4416376685788274e-13
2.9275380702351775e-12
4.097295055974782e-11
1.0207717654303615e-09
2.600847017405019e-08
1.2857934012291583e-06
8.030374851321227e-05
0.006024734581153089

1.9524765347366754e-15
2.5353000034076074e-14
2.9610856615013096e-13
3.11064654456846e-12
2.939195277934345e-11
2.497953196462982e-10
1.9094937134220077e-09
1.312895770903868e-08
8.119332863847279e-08
4.516359701808865e-07
2.2596167295007192e-06
1.0168552136287437e-05
4.115868950569831e-05
0.0001498449245745543
0.0004906825538802371
0.00144523103213836
0.0038287136002121357
0.009126982711368237
0.020075159975361884
0.056940377260874586
0.2573984271898645
0.6205019252083211
0.521954882325777
0.25535535236442314
0.20874165408729195
0.20903502617597222
0.19186438294513178
0.15844096227977564
0.11768447557597878
0.07862288257858979
0.047245106138411395
0.02553540650799691
0.012413858859951388
0.005428113389277398
0.002134858522045522
0.0007552093673239289
0.00024029443733888006
6.876986105183302e-05
1.7702339148178034e-05
4.098653902885133e-06
8.535518701054088e-07
1.5988093136750196e-07
2.69365208634861e-08
4.081919291200409e-09
5.56372180071243e-10
6.820943924460755e-11
7.521451036815387e-12
7.459966317908866e-13
6.65503250445089e-14
5.340003919615275e-15
3.853994149569914e-16
2.501834670767289e-17
1.4607780783625331e-18
7.671635486931741e-20
3.623846191214219e-21
1.5396770411050934e-22
5.883931278125267e-24
2.0224771796499775e-25
6.252846231520407e-27
1.7388012667971046e-28
4.349108350893683e-30
9.784273579783856e-32
1.979862491752563e-33
3.6034587008571833e-35
5.899050992981048e-37
8.686060143181968e-39
1.1503807197300746e-40
1.370371875885595e-42
1.468295136074121e-44
1.415032333717083e-46
1.2265844302884847e-48
9.563274286554564e-51
6.70646800338545e-53
4.230183259042206e-55
2.399952177801464e-57
1.2246840847900465e-59
5.621130146411599e-62
2.3206053422112283e-64
8.617018297898899e-67
2.8780002217006673e-69
8.64575075744725e-72
2.336106727892277e-74
5.6775468860762344e-77
1.2411002383658378e-79
2.4402317255748736e-82
4.315522245415357e-85
6.864576205184725e-88
9.821372475646997e-91
1.2638883589866995e-93
1.462929259205962e-96
1.5230565152589475e-99
1.4262208853927098e-102
1.2012562091097076e-105
9.100443956782721e-109
6.20108370862086e-112
3.80058709031046e-115
2.0951342868806985e-118
1.0388458756110655e-121
4.633065670719226e-125
1.8585055943556306e-128
