0.6949772045600532
0.476801083322939
0.3536409674743907
0.2739830829104578
0.21852814135268345
0.1781873561755104
0.14795678247024124
0.1247912575817806
0.10671476824088336
0.09238876609765993
0.08087830147344531
0.07151491263842373
0.06381158784241729
0.05740782569966791
0.05203303670769796
0.047481572493270605
0.043595353939116926
0.04025158610170977
0.0373539459315729
0.03482618059906001
0.03260740338212732
0.030648600357126302
0.028910010734118453
0.027359144268652075
0.02596926781951303
0.024718240570111003
0.023587610618053152
0.022561909099266437
0.021628094764331324
0.020775113995486424
0.019993550026387003
0.01927534155607666
0.018613555696772956
0.018002203727574478
0.01743609077288629
0.01691069252078694
0.01642205361226459
0.015966703490163874
0.01554158638657489
0.01514400281525288
0.014771560470309888
0.014422132850223323
0.014093824254390952
0.01378494005854145
0.01349396138082504
0.013219523414196861
0.012960396831828796
0.012715471777717757
0.012483744039792442
0.012264303071845794
0.0120563215868077
0.011859046489784794
0.011671790956951096
0.01149392749737012
0.011324881860433582
0.011164127672823966
0.011011181706555493
0.010865599694370629
0.010726972621088774
0.010594923429844746
0.010469104090859289
0.010349192987732743
0.010234892582473771
0.010125927325755808
0.010022041783387557
0.009922998953818476
0.009828578754779565
0.009738576659971921
0.009652802469132185
0.009571079196885731
0.00949324206759589
0.009419137604972469
0.009348622806551516
0.009281564394329945
0.009217838133859053
0.009157328214991281
0.009099926688253044
0.00904553295149841
0.008994053282097096
0.008945400410436843
0.008899493130984346
0.008856255947558863
0.00881561874983524
0.008777516518415034
0.008741889056090062
0.008708680743177667
0.008677840315034388
0.008649320660058286
0.008623078636673078
0.008599074907951875
0.00857727379268683
0.008557643131846041
0.00854015416948149
0.008524781447264065
0.008511502711924565
0.008500298834974862
0.008491153744171412
0.008484054366266149
0.008478990580667452
0.008475955183707527
0.008474943863283523
0.008475955183707527
0.008478990580667452
0.008484054366266149
0.008491153744171412
0.008500298834974862
0.008511502711924565
0.008524781447264065
0.00854015416948149
0.008557643131846041
0.00857727379268683
0.008599074907951875
0.008623078636673078
0.008649320660058286
0.008677840315034388
0.008708680743177667
0.008741889056090062
0.008777516518415034
0.00881561874983524
0.008856255947558863
0.008899493130984346
0.008945400410436843
0.008994053282097096
0.00904553295149841
0.009099926688253044
0.009157328214991281
0.009217838133859053
0.009281564394329945
0.009348622806551516
0.009419137604972469
0.00949324206759589
0.009571079196885731
0.009652802469132185
0.009738576659971921
0.009828578754779565
0.009922998953818476
0.010022041783387557
0.010125927325755808
0.010234892582473771
0.010349192987732743
0.010469104090859289
0.010594923429844746
0.010726972621088774
0.010865599694370629
0.011011181706555493
0.011164127672823966
0.011324881860433582
0.01149392749737012
0.011671790956951096
0.011859046489784794
0.0120563215868077
0.012264303071845794
0.012483744039792442
0.012715471777717757
0.012960396831828796
0.013219523414196861
0.01349396138082504
0.01378494005854145
0.014093824254390952
0.014422132850223323
0.014771560470309888
0.01514400281525288
0.01554158638657489
0.015966703490163874
0.01642205361226459
0.01691069252078694
0.01743609077288629
0.018002203727574478
0.018613555696772956
0.01927534155607666
0.019993550026387003
0.020775113995486424
0.021628094764331324
0.022561909099266437
0.023587610618053152
0.024718240570111003
0.02596926781951303
0.027359144268652075
0.028910010734118453
0.030648600357126302
0.03260740338212732
0.03482618059906001
0.0373539459315729
0.04025158610170977
0.043595353939116926
0.047481572493270605
0.05203303670769796
0.05740782569966791
0.06381158784241729
0.07151491263842373
0.08087830147344531
0.09238876609765993
0.10671476824088336
0.1247912575817806
0.14795678247024124
0.1781873561755104
0.21852814135268345
0.2739830829104578
0.3536409674743907
0.476801083322939

0.3870349967795167
1.3878547102017889
0.9843384163540734
0.24366960564477783
0.15672821250335559
0.1311824183317689
0.10137990713643219
0.07191915373360308
0.04683262612324952
0.027993919944632826
0.015359963483528818
0.007736203977897042
0.0035766537844312695
0.0015178790119526663
0.0005913010780727368
0.00021144209232236918
6.940415748576172e-05
2.0911769702295034e-05
5.7837212049693365e-06
1.4683688918633374e-06
3.421954747313856e-07
7.320228047756282e-08
1.437428401814819e-08
2.590950372805253e-09
4.286898780983654e-10
6.510864035933306e-11
9.077061648470286e-12
1.1616176597294942e-12
1.3645592214576422e-13
1.4714070530661806e-14
1.456412978041742e-15
1.323267082187662e-16
1.1036255336672737e-17
8.449037401438445e-19
5.937504986720453e-20
3.830116677423828e-21
2.2679385488310766e-22
1.232712567576739e-23
6.150403749440464e-25
2.8168044045200885e-26
1.18418898720717e-27
4.5697938263839833e-29
1.618763701329099e-30
5.26358414485829e-32
1.5710533921780806e-33
4.304389679936715e-35
1.0825388225080434e-36
2.4991172998201773e-38
5.295915701669338e-40
1.0301648995628075e-41
1.8394318196492433e-43
3.014893001060593e-45
4.535982540563598e-47
6.264437878568664e-49
7.941528550331413e-51
9.241391270716332e-53
9.871471064471072e-55
9.679159743997955e-57
8.711735879516156e-59
7.197522061402993e-61
5.458490657707895e-63
3.7999107820190765e-65
2.428205791190645e-67
1.4243241669243258e-69
7.66908334824166e-72
3.790437450400648e-74
1.7196753770170997e-76
7.161679367272096e-79
2.7377547179578204e-81
9.606948456413196e-84
3.0944797650763714e-86
9.149578671457669e-89
2.4832806602239073e-91
6.186738771776845e-94
1.414845485323424e-96
2.9700756404470462e-99
5.723178197766655e-102
1.0123210996938196e-104
1.6436546450077952e-107
2.4497068461213063e-110
3.3514205044040075e-113
4.208768039781721e-116
4.8516819303480883e-119
5.13382326632004e-122
4.986556777422529e-125
4.4460248401140345e-128
3.6387671324882697e-131
2.73368143692531e-134
1.8851799240332916e-137
1.1933531136547356e-140
6.934200532804962e-144
3.698580583921097e-147
1.8108606678058892e-150
8.138535239579104e-154
3.357520884202055e-157
1.2714592893275543e-160
4.419747486675191e-164
1.4102747100025562e-167
4.1306770364951177e-171
1.110580451394835e-174
