0.6692331049115857
0.366332438138117
0.2234682749465973
0.14915972567662455
0.1070297469434163
0.08129968072716771
0.06456170322181387
0.053080660974600166
0.04484918209614143
0.03872563274872452
0.03402748145579276
0.030328335419772458
0.02735132661796203
0.024910469411176205
0.02287703905596644
0.021159562814034152
0.019691505729588346
0.018423459391753022
0.017318050111756106
0.01634653699459224
0.015486487787699909
0.014720158577516507
0.014033343176914327
0.013414542201800913
0.01285435371760375
0.012345020028183565
0.011880086198886435
0.011454139674234011
0.011062609527486464
0.010701610094534261
0.010367818017393294
0.010058374701229169
0.009770808292471256
0.009502970789411121
0.009252986984042037
0.00901921272856722
0.00880020060662829
0.008594671526459055
0.008401491081851349
0.008219649776029358
0.008048246393989437
0.007886473955521113
0.007733607794862788
0.007588995401750365
0.007452047728401012
0.007322231722147154
0.007199063887311139
0.007082104714996024
0.006970953847672256
0.00686524586822796
0.006764646621651145
0.006668849992601703
0.006577575074492842
0.006490563675871825
0.006407578118291173
0.006328399286828561
0.0062528249002131555
0.006180667972361114
0.006111755441184647
0.006045926943955447
0.005983033721386127
0.005922937635033667
0.005865510284700647
0.005810632214274179
0.0057581921959488
0.005708086584069233
0.005660218730936114
0.005614498457870522
0.005570841575655293
0.005529169449181948
0.005489408601748434
0.005451490354988264
0.005415350500877894
0.005380929002676119
0.005348169722005017
0.005317020169593852
0.005287431277481184
0.005259357190711412
0.0052327550767744474
0.005207584951224985
0.00518380951808403
0.005161394023772833
0.005140306123460479
0.005120515758823179
0.005101995046317634
0.005084718175164192
0.005068661314319258
0.0050538025277917595
0.005040121697726445
0.0050276004547382454
0.0050162221150377335
0.005005971623938511
0.004996835505383906
0.004988801817172921
0.0049818601116048186
0.004976001401298243
0.0049712181299748056
0.004967504148029061
0.0049648546927370234
0.00496326637298415
0.004962737158421321
0.00496326637298415
0.0049648546927370234
0.004967504148029061
0.0049712181299748056
0.004976001401298243
0.0049818601116048186
0.004988801817172921
0.004996835505383906
0.005005971623938511
0.0050162221150377335
0.0050276004547382454
0.005040121697726445
0.0050538025277917595
0.005068661314319258
0.005084718175164192
0.005101995046317634
0.005120515758823179
0.005140306123460479
0.005161394023772833
0.00518380951808403
0.005207584951224985
0.0052327550767744474
0.005259357190711412
0.005287431277481184
0.005317020169593852
0.005348169722005017
0.005380929002676119
0.005415350500877894
0.005451490354988264
0.005489408601748434
0.005529169449181948
0.005570841575655293
0.005614498457870522
0.005660218730936114
0.005708086584069233
0.0057581921959488
0.005810632214274179
0.005865510284700647
0.005922937635033667
0.005983033721386127
0.006045926943955447
0.006111755441184647
0.006180667972361114
0.0062528249002131555
0.006328399286828561
0.006407578118291173
0.006490563675871825
0.006577575074492842
0.006668849992601703
0.006764646621651145
0.00686524586822796
0.006970953847672256
0.007082104714996024
0.007199063887311139
0.007322231722147154
0.007452047728401012
0.007588995401750365
0.007733607794862788
0.007886473955521113
0.008048246393989437
0.008219649776029358
0.008401491081851349
0.008594671526459055
0.00880020060662829
0.00901921272856722
0.009252986984042037
0.009502970789411121
0.009770808292471256
0.010058374701229169
0.010367818017393294
0.010701610094534261
0.011062609527486464
0.011454139674234011
0.011880086198886435
0.012345020028183565
0.01285435371760375
0.013414542201800913
0.014033343176914327
0.014720158577516507
0.015486487787699909
0.01634653699459224
0.017318050111756106
0.018423459391753022
0.019691505729588346
0.021159562814034152
0.02287703905596644
0.024910469411176205
0.02735132661796203
0.030328335419772458
0.03402748145579276
0.03872563274872452
0.04484918209614143
0.053080660974600166
0.06456170322181387
0.08129968072716771
0.1070297469434163
0.14915972567662455
0.2234682749465973
0.366332438138117

0.2401215746542394
0.4226500574680299
0.6082813350584644
0.7025052294610208
0.6360938298018328
0.44243953786727863
0.23321712965641678
0.09264331088499031
0.02780187204879122
0.0063692367530359326
0.001134157441045635
0.00016060523713623908
1.8479049359842487e-05
1.7493087600976694e-06
1.3629132282581894e-07
8.670149878047211e-09
4.459867215043062e-10
1.8413674301310195e-11
6.075822923343159e-13
1.598858075131408e-14
3.352590896763716e-16
5.5999254796198606e-18
7.450274033391162e-20
7.894753459843659e-22
6.663129211246427e-24
4.479098080490174e-26
2.3981450781053787e-28
1.0226637274946679e-30
3.473463727783074e-33
9.396480116008754e-36
2.0246042558580678e-38
3.4744623271809404e-41
4.749059207314498e-44
5.170113487944226e-47
4.482962271336137e-50
3.096011796082631e-53
1.7029921453193305e-56
7.460968361357624e-60
2.6034561491527797e-63
7.235654998330685e-67
1.6016881059954818e-70
2.8239081396908197e-74
3.9654793732730585e-78
4.4352013469030915e-82
3.950967898497456e-86
2.8032780531622603e-90
1.5841684807175782e-94
7.130320882144697e-99
2.556167427229923e-103
7.298641522225656e-108
1.6598440496543197e-112
3.0065266208412998e-117
4.337458540181138e-122
4.984001161867087e-127
4.561350533930483e-132
3.3249205901094244e-137
1.930374720664797e-142
8.926361709439125e-148
3.2876066930422594e-153
9.64401208767198e-159
2.2532436273353195e-164
4.193059954191671e-170
6.21479071466695e-176
7.336593547571456e-182
6.898186409969887e-188
5.165922756263648e-194
3.081295894610699e-200
1.463832610227686e-206
5.538879865106542e-213
1.6692638519694868e-219
4.0068265907148694e-226
7.660350142192054e-233
1.1664582793644632e-239
1.41469335752192e-246
1.3665575755144956e-253
1.0513953912318464e-260
6.442830696954897e-268
3.144559993055763e-275
1.222406260976722e-282
3.784807204937665e-290
9.333498741322021e-298
1.833233141980766e-305
2.86789628947e-313
3.57e-321
0.0
0.0
0.0
0.0
0.0
0.0
0.0
0.0
0.0
0.0
0.0
0.0
0.0
0.0
0.0
0.0
