0.8860739505680726
0.12548374250593736
0.02370466539954675
0.005831529600068041
0.0018425709191308088
0.0007355549701686337
0.00036070697348347083
0.00020905057272440497
0.00013749908944485017
9.914037107217595e-05
7.634565736970522e-05
6.165031449716965e-05
5.155055389276876e-05
4.425066801678228e-05
3.875926021391396e-05
3.449352681755113e-05
3.109222330557922e-05
2.832117116591885e-05
2.6022665382305625e-05
2.4086981507164294e-05
2.2435604314521724e-05
2.1010966574670892e-05
1.976995370291808e-05
1.867966684079764e-05
1.7714584495556254e-05
1.6854615413468485e-05
1.608373415882509e-05
1.5389006576733666e-05
1.4759881621697195e-05
1.4187668638675231e-05
1.3665146002521022e-05
1.3186264273117049e-05
1.2745918342598549e-05
1.2339770613802382e-05
1.1964112387817683e-05
1.1615754184247754e-05
1.1291938199870987e-05
1.0990267872040333e-05
1.0708650777630584e-05
1.0445252016988247e-05
1.0198455906967563e-05
9.966834307585304e-06
9.749120281594724e-06
9.544186069434351e-06
9.351024577741366e-06
9.168733745288325e-06
8.996503278374731e-06
8.833603347570278e-06
8.679374916036443e-06
8.53322143148231e-06
8.394601662909025e-06
8.263023502509962e-06
8.138038584582112e-06
8.019237598721123e-06
7.90624619519068e-06
7.798721397161727e-06
7.696348448275388e-06
7.598838035297203e-06
7.505923834971725e-06
7.4173603419307625e-06
7.3329209409528865e-06
7.252396192254351e-06
7.175592303003003e-06
7.102329762040991e-06
7.032442118003607e-06
6.965774883731351e-06
6.902184552173111e-06
6.841537710937433e-06
6.783710244321746e-06
6.728586613082038e-06
6.676059203435335e-06
6.626027737846155e-06
6.578398741061757e-06
6.533085055651398e-06
6.490005401990284e-06
6.449083978224633e-06
6.410250096273336e-06
6.373437850374905e-06
6.338585815085011e-06
6.305636769977798e-06
6.2745374486099325e-06
6.245238309575728e-06
6.2176933277195865e-06
6.191859803782391e-06
6.167698190945379e-06
6.145171936900875e-06
6.124247340227452e-06
6.104893419979271e-06
6.087081797518091e-06
6.07078658972296e-06
6.055984312808933e-06
6.042653796073255e-06
6.030776104966645e-06
6.020334472959711e-06
6.0113142417408335e-06
6.003702809343165e-06
5.997489585855246e-06
5.992665956422781e-06
5.989225251299243e-06
5.98716272275028e-06
5.986475528662423e-06
5.98716272275028e-06
5.989225251299243e-06
5.992665956422781e-06
5.997489585855246e-06
6.003702809343165e-06
6.0113142417408335e-06
6.020334472959711e-06
6.030776104966645e-06
6.042653796073255e-06
6.055984312808933e-06
6.07078658972296e-06
6.087081797518091e-06
6.104893419979271e-06
6.124247340227452e-06
6.145171936900875e-06
6.167698190945379e-06
6.191859803782391e-06
6.2176933277195865e-06
6.245238309575728e-06
6.2745374486099325e-06
6.305636769977798e-06
6.338585815085011e-06
6.373437850374905e-06
6.410250096273336e-06
6.449083978224633e-06
6.490005401990284e-06
6.533085055651398e-06
6.578398741061757e-06
6.626027737846155e-06
6.676059203435335e-06
6.728586613082038e-06
6.783710244321746e-06
6.841537710937433e-06
6.902184552173111e-06
6.965774883731351e-06
7.032442118003607e-06
7.102329762040991e-06
7.175592303003003e-06
7.252396192254351e-06
7.3329209409528865e-06
7.4173603419307625e-06
7.505923834971725e-06
7.598838035297203e-06
7.696348448275388e-06
7.798721397161727e-06
7.90624619519068e-06
8.019237598721123e-06
8.138038584582112e-06
8.263023502509962e-06
8.394601662909025e-06
8.53322143148231e-06
8.679374916036443e-06
8.833603347570278e-06
8.996503278374731e-06
9.168733745288325e-06
9.351024577741366e-06
9.544186069434351e-06
9.749120281594724e-06
9.966834307585304e-06
1.0198455906967563e-05
1.0445252016988247e-05
1.0708650777630584e-05
1.0990267872040333e-05
1.1291938199870987e-05
1.1615754184247754e-05
1.1964112387817683e-05
1.2339770613802382e-05
1.2745918342598549e-05
1.3186264273117049e-05
1.3665146002521022e-05
1.4187668638675231e-05
1.4759881621697195e-05
1.5389006576733666e-05
1.608373415882509e-05
1.6854615413468485e-05
1.7714584495556254e-05
1.867966684079764e-05
1.976995370291808e-05
2.1010966574670892e-05
2.2435604314521724e-05
2.4086981507164294e-05
2.6022665382305625e-05
2.832117116591885e-05
3.109222330557922e-05
3.449352681755113e-05
3.875926021391396e-05
4.425066801678228e-05
5.155055389276876e-05
6.165031449716965e-05
7.634565736970522e-05
9.914037107217595e-05
0.00013749908944485017
0.00020905057272440497
0.00036070697348347083
0.0007355549701686337
0.0018425709191308088
0.005831529600068041
0.02370466539954675
0.12548374250593736

0.0002793194489510513
0.0010483918222966714
0.0036740632848298207
0.011771358641776822
0.03355569594782143
0.08305426449114095
0.17540128533201754
0.3128725451047948
0.4695993538321931
0.5943028924057835
0.6394017713257809
0.5938256754115698
0.4869480013491131
0.362259044810892
0.25039918156373947
0.16265393493231425
0.09892749916041939
0.05564715548328186
0.028586355797084313
0.013293458248729274
0.005568864058025804
0.002096811410488118
0.000708951332536478
0.00021517623768627878
5.86201778422889e-05
1.4333812964692443e-05
3.145826207209091e-06
6.196769247682446e-07
1.0956033806901782e-07
1.7385965476394378e-08
2.476290928925921e-09
3.1656429123288724e-10
3.632282228121764e-11
3.740715256067843e-12
3.457698484868878e-13
2.868646223431462e-14
2.1361132219176326e-15
1.4276736631323162e-16
8.564283427889492e-18
4.611163470207717e-19
2.2283705463761384e-20
9.66544166573185e-22
3.762819641134513e-23
1.314808503468993e-24
4.1235285877248913e-26
1.160734569778583e-27
2.932609465875445e-29
6.650173082153099e-31
1.3535336870145733e-32
2.4726496931863156e-34
4.054277962931985e-36
5.966530323653061e-38
7.88111359447913e-40
9.343524442146236e-42
9.942400844685061e-44
9.495748741173148e-46
8.140002990210624e-48
6.262926542710423e-50
4.325013576891695e-52
2.680742107255752e-54
1.4913514491496343e-56
7.446674463923878e-59
3.3373529635409626e-61
1.3424537004183407e-63
4.846786567953986e-66
1.5706010325468063e-68
4.568096453656707e-71
1.1925100716030235e-73
2.794127692965352e-76
5.876081996412858e-79
1.109141228089121e-81
1.8790712763062644e-84
2.8573080365907124e-87
3.899673750620502e-90
4.7770181495548845e-93
5.252220024728449e-96
5.18306117364763e-99
4.590787197985857e-102
3.6496010491042015e-105
2.60412020593049e-108
1.6677619670013428e-111
9.586597808115649e-115
4.945979969341186e-118
2.290327578057604e-121
9.51919570359119e-125
3.551078821199748e-128
1.1889888242922894e-131
3.573161423441989e-135
9.63795522462779e-139
2.3333214623026752e-142
5.070159839206053e-146
9.888402362247372e-150
1.730963906358274e-153
2.719614188912219e-157
3.835164424924729e-161
4.854204647466422e-165
5.514543653025998e-169
5.622875658541378e-173
5.145940785173575e-177
4.22696345149574e-181
