0.8516150764078431
0.058762961603869415
0.00526127743974069
0.0005427192122705414
6.002905151610634e-05
6.895771227952582e-06
8.120865380470581e-07
9.752520120090914e-08
6.4290263920562464e-09
7.535778340468111e-10
9.317276302543699e-11
1.2164311489422038e-11
1.6700927742866464e-12
2.392749379891195e-13
3.546452215758314e-14
5.3995501621995074e-15
8.417101560579814e-16
1.3482398312032377e-16
3.3870341978389134e-18
4.1341759470197735e-18
9.05498545858975e-19
2.6407876935719367e-19
1.053247595170585e-19
5.139214096646482e-20
3.124996799237664e-20
2.0268962693837995e-20
1.414461001357239e-20
1.0453703895770394e-20
8.089684409974005e-21
6.496930959370416e-21
5.376750537530429e-21
4.55955240234046e-21
3.9444438234877015e-21
3.468885767082145e-21
3.0926727664459437e-21
2.7891029937135685e-21
2.5399205191193258e-21
2.3323157113822026e-21
2.1570891584008712e-21
2.007495006414124e-21
1.878492967196244e-21
1.766252905134147e-21
1.6678194717826102e-21
1.5808805028642525e-21
1.5036041182906427e-21
1.4345222026204709e-21
1.3724457616193035e-21
1.3164025517380047e-21
1.2655905124913015e-21
1.219342571459058e-21
1.1770997422584836e-21
1.1383903444303423e-21
1.1028137945221916e-21
1.0700278470896915e-21
1.0397384655012884e-21
1.0116917162235325e-21
9.856672337770044e-22
9.614729149743577e-22
9.389405827468409e-22
9.179224203400239e-22
8.9828802183144e-22
8.799219389538452e-22
8.627216300535822e-22
8.465957367938959e-22
8.314626294617793e-22
8.172491735737962e-22
8.038896797252148e-22
7.913250058989397e-22
7.7950178720276985e-22
7.683717725791995e-22
7.578912516916798e-22
7.480205581336305e-22
7.387236374838995e-22
7.299676706625013e-22
7.217227446146201e-22
7.139615636403995e-22
7.066591957488305e-22
6.997928492903139e-22
6.933416758490836e-22
6.872865959815727e-22
6.816101448921783e-22
6.76296335561666e-22
6.713305372000845e-22
6.666993671971868e-22
6.623905949985256e-22
6.58393056552352e-22
6.546965781575275e-22
6.512919087011625e-22
6.481706594108528e-22
6.4532525036386e-22
6.427488630972801e-22
6.404353987517292e-22
6.383794412583599e-22
6.365762251469326e-22
6.350216076126475e-22
6.33712044532802e-22
6.326445701721308e-22
6.318167803589032e-22
6.312268189532543e-22
6.308733674656151e-22
6.307556377170679e-22
6.308733674656151e-22
6.312268189532543e-22
6.318167803589032e-22
6.326445701721308e-22
6.33712044532802e-22
6.350216076126475e-22
6.365762251469326e-22
6.383794412583599e-22
6.404353987517292e-22
6.427488630972801e-22
6.4532525036386e-22
6.481706594108528e-22
6.512919087011625e-22
6.546965781575275e-22
6.58393056552352e-22
6.623905949985256e-22
6.666993671971868e-22
6.713305372000845e-22
6.76296335561666e-22
6.816101448921783e-22
6.872865959815727e-22
6.933416758490836e-22
6.997928492903139e-22
7.066591957488305e-22
7.139615636403995e-22
7.217227446146201e-22
7.299676706625013e-22
7.387236374838995e-22
7.480205581336305e-22
7.578912516916798e-22
7.683717725791995e-22
7.7950178720276985e-22
7.913250058989397e-22
8.038896797252148e-22
8.172491735737962e-22
8.314626294617793e-22
8.465957367938959e-22
8.627216300535822e-22
8.799219389538452e-22
8.9828802183144e-22
9.179224203400239e-22
9.389405827468409e-22
9.614729149743577e-22
9.856672337770044e-22
1.0116917162235325e-21
1.0397384655012884e-21
1.0700278470896915e-21
1.1028137945221916e-21
1.1383903444303423e-21
1.1770997422584836e-21
1.219342571459058e-21
1.2655905124913015e-21
1.3164025517380047e-21
1.3724457616193035e-21
1.4345222026204709e-21
1.5036041182906427e-21
1.5808805028642525e-21
1.6678194717826102e-21
1.766252905134147e-21
1.878492967196244e-21
2.007495006414124e-21
2.1570891584008712e-21
2.3323157113822026e-21
2.5399205191193258e-21
2.7891029937135685e-21
3.0926727664459437e-21
3.468885767082145e-21
3.9444438234877015e-21
4.55955240234046e-21
5.376750537530429e-21
6.496930959370416e-21
8.089684409974005e-21
1.0453703895770394e-20
1.414461001357239e-20
2.0268962693837995e-20
3.124996799237664e-20
5.139214096646482e-20
1.053247595170585e-19
2.6407876935719367e-19
9.05498545858975e-19
4.1341759470197735e-18
3.3870341978389134e-18
1.3482398312032377e-16
8.417101560579814e-16
5.3995501621995074e-15
3.546452215758314e-14
2.392749379891195e-13
1.6700927742866464e-12
1.2164311489422038e-11
9.317276302543699e-11
7.535778340468111e-10
6.4290263920562464e-09
9.752520120090914e-08
8.120865380470581e-07
6.895771227952582e-06
6.002905151610634e-05
0.0005427192122705414
0.00526127743974069
0.058762961603869415

2.3033669421587675e-20
4.626368221215625e-18
6.6463975490136195e-16
6.829697766297629e-14
5.019791837065211e-12
2.6389975238321494e-10
9.923423378804433e-09
2.67698769194257e-07
1.399774693172695e-05
0.0067285405203484526
0.33821636643909553
1.1596176048268898
0.291255447221374
0.0929413526020354
0.22873577266308284
0.42147283892386544
0.5554979228995057
0.5236780111746857
0.35311428732507233
0.17030809580491088
0.05875222907811212
0.014497144105023854
0.0025586425350571243
0.00032300245768110295
2.9165611759555353e-05
1.883672536492656e-06
8.701793511346192e-08
2.8752869495619836e-09
6.795519528422519e-11
1.1487702726812527e-12
1.3890336420053129e-14
1.2013274264193922e-16
7.431544317639361e-19
3.288257383280104e-21
1.0406904946652216e-23
2.3558434306179065e-26
3.814523650219621e-29
4.417771528617563e-32
3.6596136943699864e-35
2.168384470124857e-38
9.189806868480887e-42
2.7857717672285707e-45
6.040233573403435e-49
9.367657102452033e-53
1.039147721362257e-56
8.24503770500147e-61
4.679258678395732e-65
1.8994615860456367e-69
5.515095377887398e-74
1.145366804602393e-78
1.701395221473649e-83
1.807735461162989e-88
1.3738319054571895e-93
7.46794947147494e-99
2.90360941284433e-104
8.07502866074375e-110
1.606271675914271e-115
2.2854039951395287e-121
2.3258195418478273e-127
1.6930044521925619e-133
8.814734527817223e-140
3.282686629989774e-146
8.744171511805998e-153
1.6660075324306477e-159
2.270410077772508e-166
2.2130982924694246e-173
1.5430008041243391e-180
7.694858778003003e-188
2.744758932486691e-195
7.00288206579863e-203
1.2779635586159259e-210
1.6681272599814285e-218
1.5574314524733005e-226
1.0400584688280424e-234
4.967931743964837e-243
1.6973153465178489e-251
4.147806689566886e-260
7.250092198239464e-269
9.064369551449359e-278
8.10589043313585e-287
5.184810727372921e-296
2.372106245306055e-305
7.76255015e-315
5e-324
0.0
0.0
0.0
0.0
0.0
0.0
0.0
0.0
0.0
0.0
0.0
0.0
0.0
0.0
0.0
0.0
