0.6008183666153977
0.19986859832335266
0.11259509565285232
0.07959233588281936
0.06159778984559203
0.050022572074757896
0.04195843118301906
0.0360554629085902
0.03157406756949947
0.028071798911345244
0.025268700409535022
0.02298000551979601
0.02107949119215693
0.019478359871089323
0.018112533749638823
0.01693473221545289
0.015909376933508936
0.015009224963531636
0.014213089202841445
0.01350426105920672
0.012869397403629183
0.012297721064196087
0.01178043718603768
0.01131030084849955
0.01088129238910775
0.010488370565888775
0.010127282743973696
0.009794417386924518
0.009486688300390364
0.009201442966860337
0.008936389343513259
0.008689536943221204
0.008459149062291357
0.008243703778879627
0.008041861905782106
0.00785244049743931
0.007674390823171219
0.007506779954887683
0.007348775297726606
0.007199631530604774
0.007058679530937451
0.006925316941420764
0.006799000102409629
0.00667923712525746
0.006565581923157968
0.006457629048920511
0.006355009215525944
0.006257385396633572
0.006164449421507296
0.006075918992926273
0.005991535068186032
0.005911059552784031
0.005834273264216453
0.005760974129804722
0.00569097558787106
0.005624105166091706
0.0055602032146350126
0.005499121774868154
0.005440723567095596
0.005384881083059468
0.005331475770855867
0.00528039730155869
0.0052315429082402274
0.005184816789274019
0.0051401295688320095
0.0050973978083711305
0.005056543563666212
0.005017493982604529
0.004980180939527999
0.00494454070240461
0.004910513629542097
0.004878043892933225
0.004847079225651031
0.004817570691000567
0.004789472471386705
0.0047627416750800206
0.004737338159258923
0.004713224367879343
0.00469036518307646
0.0046687277889388475
0.004648281546615937
0.004628997879827194
0.004610850169937065
0.004593813659845373
0.004577865366019474
0.004562983998063307
0.0045491498852803765
0.004536344909743523
0.004524552445434945
0.004513757303065686
0.004503945680225576
0.004495105116552685
0.004487224453646298
0.004480293799479591
0.0044743044970978925
0.004469249097416167
0.004465121335955087
0.004461916113379511
0.004459629479726173
0.004458258622229321
0.0044578018566742835
0.004458258622229321
0.004459629479726173
0.004461916113379511
0.004465121335955087
0.004469249097416167
0.0044743044970978925
0.004480293799479591
0.004487224453646298
0.004495105116552685
0.004503945680225576
0.004513757303065686
0.004524552445434945
0.004536344909743523
0.0045491498852803765
0.004562983998063307
0.004577865366019474
0.004593813659845373
0.004610850169937065
0.004628997879827194
0.004648281546615937
0.0046687277889388475
0.00469036518307646
0.004713224367879343
0.004737338159258923
0.0047627416750800206
0.004789472471386705
0.004817570691000567
0.004847079225651031
0.004878043892933225
0.004910513629542097
0.00494454070240461
0.004980180939527999
0.005017493982604529
0.005056543563666212
0.0050973978083711305
0.0051401295688320095
0.005184816789274019
0.0052315429082402274
0.00528039730155869
0.005331475770855867
0.005384881083059468
0.005440723567095596
0.005499121774868154
0.0055602032146350126
0.005624105166091706
0.00569097558787106
0.005760974129804722
0.005834273264216453
0.005911059552784031
0.005991535068186032
0.006075918992926273
0.006164449421507296
0.006257385396633572
0.006355009215525944
0.006457629048920511
0.006565581923157968
0.00667923712525746
0.006799000102409629
0.006925316941420764
0.007058679530937451
0.007199631530604774
0.007348775297726606
0.007506779954887683
0.007674390823171219
0.00785244049743931
0.008041861905782106
0.008243703778879627
0.008459149062291357
0.008689536943221204
0.008936389343513259
0.009201442966860337
0.009486688300390364
0.009794417386924518
0.010127282743973696
0.010488370565888775
0.01088129238910775
0.01131030084849955
0.01178043718603768
0.012297721064196087
0.012869397403629183
0.01350426105920672
0.014213089202841445
0.015009224963531636
0.015909376933508936
0.01693473221545289
0.018112533749638823
0.019478359871089323
0.02107949119215693
0.02298000551979601
0.025268700409535022
0.028071798911345244
0.03157406756949947
0.0360554629085902
0.04195843118301906
0.050022572074757896
0.06159778984559203
0.07959233588281936
0.11259509565285232
0.19986859832335266

0.2200623606524417
0.26319046584534667
0.26506078420123896
0.22479249511572144
0.16062771411347485
0.09770348035528949
0.05778714613325778
0.06533121373045132
0.15348568517203798
0.3170311527390677
0.4463745766031632
0.41488634695556226
0.25352040984970164
0.10178357303087218
0.026845552430200197
0.004651418165644706
0.0005294363874881494
3.9587378610353435e-05
1.9445285547923585e-06
6.274621987857299e-08
1.330087688875785e-09
1.852282624981083e-11
1.694869971088755e-13
1.019866406220309e-15
4.0593915011122604e-18
1.1200573879547146e-20
3.0413117382522744e-23
1.9331852821111505e-25
2.016118951028624e-27
1.9456137769559323e-29
1.5914653956556415e-31
1.0965636897726649e-33
6.362486481953928e-36
3.108641691237648e-38
1.2789838863514859e-40
4.431085047235062e-43
1.2927236832430368e-45
3.175791134094841e-48
6.569748818816706e-51
1.1444483727587234e-53
1.6787818042898795e-56
2.0736855803754973e-59
2.156960385929358e-62
1.889261338283459e-65
1.3934536017601963e-68
8.65453212954323e-72
4.526320305573634e-75
1.9934143467415757e-78
7.392655739768769e-82
2.3086281791070296e-85
6.070970312440051e-89
1.3443514900161604e-92
2.5067912119755616e-96
3.9361723033463065e-100
5.204519567122179e-104
5.794791269557426e-108
5.433073190124942e-112
4.2894728260024784e-116
2.8517594750697735e-120
1.5965130483813136e-124
7.526319637520638e-129
2.9877444728494676e-133
9.987455371081322e-138
2.811362571535576e-142
6.663915363068717e-147
1.3301257264666216e-151
2.2356639360245394e-156
3.1642512175911837e-161
3.771255855866438e-166
3.784875916358505e-171
3.198658690731769e-176
2.2763275998040212e-181
1.3641189231028717e-186
6.8836742411167865e-192
2.925088383549563e-197
1.0466664015077315e-202
3.153756658701876e-208
8.002002533778225e-214
1.7096995428878652e-219
3.076036705911749e-225
4.660299611179832e-231
5.945477915443097e-237
6.387196966715387e-243
5.778092029751764e-249
4.401586158799832e-255
2.8234790323958586e-261
1.5251428864927016e-267
6.937246187296543e-274
2.6571390827251177e-280
8.570222054095795e-287
2.3276649599427568e-293
5.3235271103799205e-300
1.0252483480945252e-306
1.66268237557e-313
2.2707e-320
0.0
0.0
0.0
0.0
0.0
