0.4646205652359967
0.1049008602055713
0.04650639333424313
0.028413516777493653
0.01987284533247798
0.014953250488466678
0.011814924348855716
0.009678250363382858
0.008151858087129522
0.007019076691866178
0.006151766190007008
0.005470230181926396
0.004922817681146758
0.0044748644912201065
0.004102394092555002
0.003788379285922199
0.003520443844811004
0.003289404999691761
0.003088323324665375
0.0029118679090786607
0.0027558826513850226
0.0026170839317205315
0.002492845975061612
0.0023810459069361057
0.002279950180733092
0.0021881301563513333
0.0021043985342669262
0.0020277609208538524
0.0019573785153932273
0.0018925390707297826
0.0018326340781448574
0.0017771406837460988
0.0017256072368249569
0.0016776416516382198
0.001632901967202612
0.0015910886380985422
0.0015519381987912347
0.0015152180255509928
0.001480721981357587
0.001448266775630668
0.001417688906113722
0.001388842077548154
0.0013615950129404523
0.0013358295897416118
0.0013114392462285904
0.0012883276136259104
0.0012664073376501088
0.001245599059668339
0.0012258305328912305
0.0012070358532419632
0.0011891547879688883
0.001172132187860992
0.0011559174712112874
0.001140464169552593
0.0011257295267416102
0.0011116741442530385
0.001098261666615126
0.001085458501811112
0.001073233572219231
0.0010615580922929218
0.0010504053697133094
0.0010397506271947693
0.001029570842505139
0.0010198446045861659
0.001010551983936306
0.0010016744156545983
0.0009931945937473583
0.0009850963754740644
0.0009773646946593796
0.0009699854830284236
0.0009629455987351627
0.0009562327613517411
0.0009498354926717803
0.0009437430627550414
0.0009379454407058068
0.0009324332497342797
0.0009271977261002442
0.00092223068158219
0.0009175244691538327
0.0009130719515841655
0.0009088664727074519
0.0009049018311364208
0.0009011722562157675
0.0008976723860343203
0.0008943972473331935
0.0008913422371642076
0.0008885031061680737
0.0008858759433555159
0.0008834571622868483
0.000881243488556654
0.0008792319485003595
0.0008774198590486856
0.0008758048186643892
0.0008743846993034365
0.0008731576393498741
0.0008721220374802739
0.00087127654741979
0.000870620073557653
0.0008701517673953806
0.0008698710248061984
0.0008697774840891487
0.0008698710248061984
0.0008701517673953806
0.000870620073557653
0.00087127654741979
0.0008721220374802739
0.0008731576393498741
0.0008743846993034365
0.0008758048186643892
0.0008774198590486856
0.0008792319485003595
0.000881243488556654
0.0008834571622868483
0.0008858759433555159
0.0008885031061680737
0.0008913422371642076
0.0008943972473331935
0.0008976723860343203
0.0009011722562157675
0.0009049018311364208
0.0009088664727074519
0.0009130719515841655
0.0009175244691538327
0.00092223068158219
0.0009271977261002442
0.0009324332497342797
0.0009379454407058068
0.0009437430627550414
0.0009498354926717803
0.0009562327613517411
0.0009629455987351627
0.0009699854830284236
0.0009773646946593796
0.0009850963754740644
0.0009931945937473583
0.0010016744156545983
0.001010551983936306
0.0010198446045861659
0.001029570842505139
0.0010397506271947693
0.0010504053697133094
0.0010615580922929218
0.001073233572219231
0.001085458501811112
0.001098261666615126
0.0011116741442530385
0.0011257295267416102
0.001140464169552593
0.0011559174712112874
0.001172132187860992
0.0011891547879688883
0.0012070358532419632
0.0012258305328912305
0.001245599059668339
0.0012664073376501088
0.0012883276136259104
0.0013114392462285904
0.0013358295897416118
0.0013615950129404523
0.001388842077548154
0.001417688906113722
0.001448266775630668
0.001480721981357587
0.0015152180255509928
0.0015519381987912347
0.0015910886380985422
0.001632901967202612
0.0016776416516382198
0.0017256072368249569
0.0017771406837460988
0.0018326340781448574
0.0018925390707297826
0.0019573785153932273
0.0020277609208538524
0.0021043985342669262
0.0021881301563513333
0.002279950180733092
0.0023810459069361057
0.002492845975061612
0.0026170839317205315
0.0027558826513850226
0.0029118679090786607
0.003088323324665375
0.003289404999691761
0.003520443844811004
0.003788379285922199
0.004102394092555002
0.0044748644912201065
0.004922817681146758
0.005470230181926396
0.006151766190007008
0.007019076691866178
0.008151858087129522
0.009678250363382858
0.011814924348855716
0.014953250488466678
0.01987284533247798
0.028413516777493653
0.04650639333424313
0.1049008602055713

0.04189598639763828
0.07841366356610757
0.11415791094914518
0.12981478465679452
0.11715601803695318
0.0892827780477371
0.07011103256673629
0.07628554176501762
0.1097132061516933
0.16051324770297604
0.21191340852817642
0.2454727637327853
0.24823380002892884
0.21897548263304456
0.16848515824783633
0.1130717110870126
0.06618687257630926
0.033792108043097076
0.015048188871137593
0.005844921803241236
0.0019801527835323343
0.0005851190250939077
0.00015080483355093584
3.390094678513666e-05
6.6471260821877675e-06
1.136793362462944e-06
1.695722041380424e-07
2.2062428985759262e-08
2.5036724350836653e-09
2.478147855129308e-10
2.1394514930133742e-11
1.6110284049043752e-12
1.0581067250567872e-13
6.0615162673729755e-15
3.0287163278576864e-16
1.3199620532787958e-17
5.0175281406671755e-19
1.66358007889077e-20
4.810864542230203e-22
1.213467278515508e-23
2.6696758605014473e-25
5.122884007184375e-27
8.574247869437086e-29
1.2517081189683026e-30
1.593806624836085e-32
1.770083320040674e-34
1.7146572299406495e-36
1.4487266322042614e-38
1.0676308049655587e-40
6.862482848905988e-43
3.847396728059231e-45
1.8813872392743473e-47
8.024443808698809e-50
2.9852259617035283e-52
9.686458073761976e-55
2.7414373134831036e-57
6.767326959606654e-60
1.4570737131040758e-62
2.736348513188547e-65
4.482154479851598e-68
6.403652471442914e-71
7.979840520823942e-74
8.673336434691777e-77
8.222496496579998e-80
6.799026359090396e-83
4.903602707138268e-86
3.0846745535099097e-89
1.6925010586891853e-92
8.099795807917945e-96
3.3809964577542543e-99
1.2309513368599437e-102
3.908972150974797e-106
1.082704126141673e-109
2.6156674673113156e-113
5.511639364721953e-117
1.0129886495348338e-120
1.6238798336626718e-124
2.270537720976155e-128
2.7690390324956438e-132
2.94547239838563e-136
2.732790634179393e-140
2.211481380960317e-144
1.5609383021887702e-148
9.60978587963406e-153
5.1602080048594286e-157
2.416830698383469e-161
9.873037184428145e-166
3.517878535485475e-170
1.093292656707247e-174
2.9635860750601066e-179
7.00687199041229e-184
1.4449617293757822e-188
2.599046379724922e-193
4.0775306833005505e-198
5.579637308098071e-203
6.659478554573133e-208
6.932661625788393e-213
6.294848836533818e-218
4.9853554803612316e-223
3.443756850679244e-228
