1.2289938106244491
0.013484270987055673
0.00018661303186105687
3.6599452833436014e-06
1.144095260927924e-07
5.649715477898486e-09
4.434691190220945e-10
5.067307856289701e-11
8.445699036860583e-12
2.030516990798852e-12
6.818862323878993e-13
3.0264826837830736e-13
1.660563513006213e-13
1.0588899305316742e-13
7.494030885150277e-14
5.700228513477832e-14
4.562411368552101e-14
3.789307343199311e-14
3.235358946417931e-14
2.8215551271875696e-14
2.5019983721301374e-14
2.2484902897749257e-14
2.0428778315180792e-14
1.8730060455791384e-14
1.730459682877251e-14
1.6092433208220718e-14
1.5049784432966034e-14
1.4143976264032899e-14
1.335015963362817e-14
1.2649117601528129e-14
1.2025765962343851e-14
1.1468105820746711e-14
1.0966477632325763e-14
1.0513020610195481e-14
1.0101274728526854e-14
9.725883472391452e-15
9.382368902035097e-15
9.066959381627326e-15
8.77645617634591e-15
8.508129090093227e-15
8.259634048671677e-15
8.028947442083645e-15
7.814313391009229e-15
7.614201071216612e-15
7.427269932140548e-15
7.2523411608326e-15
7.08837412384188e-15
6.934446804691788e-15
6.789739469682085e-15
6.6535209583441335e-15
6.5251371203179345e-15
6.404001017325463e-15
6.28958458430973e-15
6.181411502862868e-15
6.079051086616871e-15
5.982113015187295e-15
5.890242782706101e-15
5.803117750595619e-15
5.720443713274921e-15
5.641951900916301e-15
5.56739635592832e-15
5.496551630112614e-15
5.4292107578781886e-15
5.365183467855528e-15
5.304294601015673e-15
5.246382708190367e-15
5.1912988038868865e-15
5.138905256638913e-15
5.089074798947601e-15
5.0416896422385294e-15
4.9966406842657785e-15
4.953826798096007e-15
4.9131541932530855e-15
4.874535840839452e-15
4.837890955507605e-15
4.803144528062418e-15
4.770226903255616e-15
4.739073398007085e-15
4.709623955870112e-15
4.681822834062585e-15
4.655618319825078e-15
4.630962473249174e-15
4.60781089405351e-15
4.5861225100775095e-15
4.5658593855197044e-15
4.546986547173571e-15
4.529471827113477e-15
4.513285720459886e-15
4.49840125700989e-15
4.484793885658819e-15
4.472441370663496e-15
4.46132369890983e-15
4.451422997448275e-15
4.4427234606521205e-15
4.435211286436657e-15
4.428874621053357e-15
4.4237035120432135e-15
4.419689868998395e-15
4.416827431842103e-15
4.415111746393748e-15
4.414540147041141e-15
4.415111746393748e-15
4.416827431842103e-15
4.419689868998395e-15
4.4237035120432135e-15
4.428874621053357e-15
4.435211286436657e-15
4.4427234606521205e-15
4.451422997448275e-15
4.46132369890983e-15
4.472441370663496e-15
4.484793885658819e-15
4.49840125700989e-15
4.513285720459886e-15
4.529471827113477e-15
4.546986547173571e-15
4.5658593855197044e-15
4.5861225100775095e-15
4.60781089405351e-15
4.630962473249174e-15
4.655618319825078e-15
4.681822834062585e-15
4.709623955870112e-15
4.739073398007085e-15
4.770226903255616e-15
4.803144528062418e-15
4.837890955507605e-15
4.874535840839452e-15
4.9131541932530855e-15
4.953826798096007e-15
4.9966406842657785e-15
5.0416896422385294e-15
5.089074798947601e-15
5.138905256638913e-15
5.1912988038868865e-15
5.246382708190367e-15
5.304294601015673e-15
5.365183467855528e-15
5.4292107578781886e-15
5.496551630112614e-15
5.56739635592832e-15
5.641951900916301e-15
5.720443713274921e-15
5.803117750595619e-15
5.890242782706101e-15
5.982113015187295e-15
6.079051086616871e-15
6.181411502862868e-15
6.28958458430973e-15
6.404001017325463e-15
6.5251371203179345e-15
6.6535209583441335e-15
6.789739469682085e-15
6.934446804691788e-15
7.08837412384188e-15
7.2523411608326e-15
7.427269932140548e-15
7.614201071216612e-15
7.814313391009229e-15
8.028947442083645e-15
8.259634048671677e-15
8.508129090093227e-15
8.77645617634591e-15
9.066959381627326e-15
9.382368902035097e-15
9.725883472391452e-15
1.0101274728526854e-14
1.0513020610195481e-14
1.0966477632325763e-14
1.1468105820746711e-14
1.2025765962343851e-14
1.2649117601528129e-14
1.335015963362817e-14
1.4143976264032899e-14
1.5049784432966034e-14
1.6092433208220718e-14
1.730459682877251e-14
1.8730060455791384e-14
2.0428778315180792e-14
2.2484902897749257e-14
2.5019983721301374e-14
2.8215551271875696e-14
3.235358946417931e-14
3.789307343199311e-14
4.562411368552101e-14
5.700228513477832e-14
7.494030885150277e-14
1.0588899305316742e-13
1.660563513006213e-13
3.0264826837830736e-13
6.818862323878993e-13
2.030516990798852e-12
8.445699036860583e-12
5.067307856289701e-11
4.434691190220945e-10
5.649715477898486e-09
1.144095260927924e-07
3.6599452833436014e-06
0.00018661303186105687
0.013484270987055673

1.9389353546261898e-13
2.155446926299882e-12
2.152931248293878e-11
1.9321543298902515e-10
1.5580173418970203e-09
1.1288119175065008e-08
7.348347876508178e-08
4.2981013663865223e-07
2.2588241536364603e-06
1.0666133520576959e-05
4.525331853038354e-05
0.0001725093634748636
0.0005908724438355663
0.0018184175907118565
0.005028197583442421
0.012492514714286914
0.027887284541649394
0.05593471245379738
0.1008034544657823
0.16322559975271866
0.237566482620997
0.35350310738000557
1.5260848090766068
2.1575874357295817
0.5180160003533381
0.31160571480405713
0.23796083704614748
0.16366979099186663
0.10114647907419992
0.05616319874337907
0.028020231803428327
0.01256060147085873
0.00505903836047288
0.001830814453238263
0.0005953049800623302
0.00017392160025611752
4.5654790407588095e-05
1.0768073409596596e-05
2.2819624065870723e-06
4.345080100829242e-07
7.43371509227817e-08
1.142701666792237e-08
1.5782603033686105e-09
1.958588630810031e-10
2.1838693280919293e-11
2.1879071724164566e-12
1.9694726711663646e-13
1.5929049038499633e-14
1.1575734661203526e-15
7.558334377650796e-17
4.434273357243425e-18
2.337424798179351e-19
1.107061265735525e-20
4.711123486033706e-22
1.8013418697039916e-23
6.188517496009609e-25
1.910275149815167e-26
5.298147596304903e-28
1.3202950741700954e-29
2.9562201771157574e-31
5.947320926831735e-33
1.075040425035499e-34
1.746011260145496e-36
2.547933615029715e-38
3.340780949527299e-40
3.9357428581726066e-42
4.16604786366781e-44
3.962238540809254e-46
3.385913075132143e-48
2.599739390541793e-50
1.7935052331279586e-52
1.1117171502574267e-54
6.191627014052045e-57
3.0983757929191844e-59
1.3930997653235822e-61
5.6279362690488156e-64
2.0428427902866905e-66
6.662535639701728e-69
1.9523737857586652e-71
5.140498231186411e-74
1.2160915866945779e-76
2.58491446819021e-79
4.936792736814009e-82
8.471541353308787e-85
1.3061672775152433e-87
1.8094808340221073e-90
2.2523091387912597e-93
2.5189574655204997e-96
2.5312351516372647e-99
2.285403959079439e-102
1.8540108928536166e-105
1.3513890981138883e-108
8.85049099106335e-112
5.208025970560999e-115
2.7535802735771776e-118
1.3081006632749425e-121
5.583460056867937e-125
2.1413343560774e-128
7.378776907949952e-132
2.2845627881573455e-135
