1.2543181309403266
0.5192847864383208
0.3184830172179823
0.21909643495859643
0.16315650140021928
0.1286203979500046
0.10568031376389994
0.08953720177119204
0.07764618798070687
0.06856209424681506
0.061415131569487566
0.05565536668627151
0.05092022293017076
0.04696194613886835
0.04360596476153258
0.04072596810157822
0.038228433684577956
0.036042705449539615
0.034114446614135555
0.03240120800584408
0.030869359356867083
0.0294919206247412
0.02824700097766795
0.027116656373922025
0.02608604079740804
0.025142766951685144
0.024276418641559456
0.023478174545207023
0.022740514839272828
0.022056990182892044
0.021422038151612453
0.02083083614454015
0.020279182592765968
0.019763400321824234
0.01928025739903429
0.018826901887026737
0.018400807737175385
0.01799972966754365
0.017621665333306124
0.017264823451937063
0.016927596818516525
0.016608539358469267
0.016306346530731076
0.016019838524684325
0.0157479457973939
0.015489696579845107
0.015244206046686292
0.015010666896953398
0.014788341136118825
0.014576552884661056
0.014374682066823222
0.014182158856590346
0.013998458777165072
0.013823098366148477
0.013655631331861371
0.01349564513727081
0.013342757957214514
0.013196615962364594
0.013056890889899008
0.012923277866365901
0.012795493452902453
0.01267327388694629
0.012556373497968397
0.012444563277655883
0.012337629587459169
0.012235372988555227
0.012137607181120467
0.01204415804139803
0.011954862746422336
0.0118695689774598
0.011788134194265266
0.01171042497316085
0.01163631640273667
0.011565691531666911
0.011498440863743761
0.011434461895766903
0.01137365869439818
0.011315941508507016
0.011261226413900673
0.011209434987659446
0.011160494009586757
0.011114335188541827
0.011070894911652474
0.011030114014610822
0.010991937571438622
0.010956314702273972
0.010923198397879362
0.010892545359705264
0.010864315854464185
0.01083847358228011
0.010814985557578179
0.010793822001970564
0.010774956248478369
0.010758364656506132
0.010744026537056927
0.01073192408774205
0.010722042337201407
0.010714369098608616
0.01070889493199028
0.01070561311514114
0.01070451962296763
0.01070561311514114
0.01070889493199028
0.010714369098608616
0.010722042337201407
0.01073192408774205
0.010744026537056927
0.010758364656506132
0.010774956248478369
0.010793822001970564
0.010814985557578179
0.01083847358228011
0.010864315854464185
0.010892545359705264
0.010923198397879362
0.010956314702273972
0.010991937571438622
0.011030114014610822
0.011070894911652474
0.011114335188541827
0.011160494009586757
0.011209434987659446
0.011261226413900673
0.011315941508507016
0.01137365869439818
0.011434461895766903
0.011498440863743761
0.011565691531666911
0.01163631640273667
0.01171042497316085
0.011788134194265266
0.0118695689774598
0.011954862746422336
0.01204415804139803
0.012137607181120467
0.012235372988555227
0.012337629587459169
0.012444563277655883
0.012556373497968397
0.01267327388694629
0.012795493452902453
0.012923277866365901
0.013056890889899008
0.013196615962364594
0.013342757957214514
0.01349564513727081
0.013655631331861371
0.013823098366148477
0.013998458777165072
0.014182158856590346
0.014374682066823222
0.014576552884661056
0.014788341136118825
0.015010666896953398
0.015244206046686292
0.015489696579845107
0.0157479457973939
0.016019838524684325
0.016306346530731076
0.016608539358469267
0.016927596818516525
0.017264823451937063
0.017621665333306124
0.01799972966754365
0.018400807737175385
0.018826901887026737
0.01928025739903429
0.019763400321824234
0.020279182592765968
0.02083083614454015
0.021422038151612453
0.022056990182892044
0.022740514839272828
0.023478174545207023
0.024276418641559456
0.025142766951685144
0.02608604079740804
0.027116656373922025
0.02824700097766795
0.0294919206247412
0.030869359356867083
0.03240120800584408
0.034114446614135555
0.036042705449539615
0.038228433684577956
0.04072596810157822
0.04360596476153258
0.04696194613886835
0.05092022293017076
0.05565536668627151
0.061415131569487566
0.06856209424681506
0.07764618798070687
0.08953720177119204
0.10568031376389994
0.1286203979500046
0.16315650140021928
0.21909643495859643
0.3184830172179823
0.5192847864383208

0.5295067660986889
0.6457929885350504
0.7519045224779108
0.8102537801267029
0.7759500921394238
0.6384572487110608
0.44138486255196063
0.2530312053832933
0.11940111976636271
0.04619551106919654
0.014624896716418919
0.003786119252847091
0.0008018084490231531
0.0001391253141910385
1.9850281584199962e-05
2.6295867666507947e-06
9.333462538128668e-06
0.00017743988001100072
0.0021332601622920835
0.015822386988851342
0.07239173756660648
0.20431230937208159
0.3557038743419292
0.3820068840708524
0.2530709608342408
0.10341938945072744
0.026070547754405822
0.004054029208351547
0.0003888768781552582
2.301049179579355e-05
8.399012176485748e-07
1.89111984419096e-08
2.6266271181278273e-10
2.250434237938705e-12
1.1893858302392978e-14
3.8776421258201345e-17
7.798323017539123e-20
9.674382331735969e-23
7.4034441416739e-26
3.4948850199043714e-29
1.0177017266326306e-32
1.8280861626700134e-36
2.025635699579109e-40
1.384568858650775e-44
5.837901397585998e-49
1.518600735002982e-53
2.4928202212026136e-58
1.6552951136340734e-62
3.101772537315635e-65
5.970196252594809e-68
1.009857086547082e-70
1.5004410352862588e-73
1.958237003409131e-76
2.2449096986463157e-79
2.260579595067226e-82
1.9995305028049576e-85
1.5535440349417796e-88
1.0602454208544797e-91
6.355892551301718e-95
3.3468326070460924e-98
1.548027744038092e-101
6.289422817294542e-105
2.244554461248097e-108
7.036177821387159e-112
1.93745118616714e-115
4.6861052174791394e-119
9.955901827390413e-123
1.8579605095408646e-126
3.0456476321410044e-130
4.3854093334594167e-134
5.54661370951948e-138
6.1621605388195785e-142
6.013473477713578e-146
5.154720178384356e-150
3.881254251815226e-154
2.5670031130822235e-158
1.4913102437014545e-162
7.610214716496445e-167
3.411246656781046e-171
1.3431256389282474e-175
4.645232537548037e-180
1.4111903010336743e-184
3.765745883814257e-189
8.826809235768613e-194
1.8173717588688483e-198
3.2867836118623793e-203
5.221385446312458e-208
7.285975378972932e-213
8.930524122854412e-218
9.615093240426797e-223
9.09321282565949e-228
7.553852757462273e-233
5.5119716863659044e-238
3.5329113868817434e-243
1.989050522936745e-248
9.836626654295347e-254
4.273009569382394e-259
1.6304551099217309e-264
5.464760466947595e-270
1.6088691290156735e-275
