1.02968843063665
0.2726731833730481
0.11301736948821552
0.04896820741275408
0.02186976725477406
0.010062139250223373
0.004769106386908587
0.002328528866790433
0.0011711747321305763
0.0006068103001983188
0.00032386782090123244
0.0001780545966221595
0.00010082943322428825
5.8807826915648295e-05
3.5321742609396945e-05
2.184372346856756e-05
1.3904996608004306e-05
9.107743183397495e-06
6.1351623677871635e-06
4.247492803033709e-06
3.019787215687602e-06
2.2025800915025647e-06
1.6462859883475855e-06
1.2593416337863836e-06
9.845666594820066e-07
7.85553068447983e-07
6.386801686997256e-07
5.283434898000483e-07
4.4405304531965154e-07
3.7863790731901467e-07
3.2711665444224524e-07
2.8597520902027655e-07
2.5269790001634915e-07
2.2545836083369712e-07
2.0291281822062097e-07
1.8405992172419565e-07
1.6814441580748744e-07
1.545900869463693e-07
1.4295251074415878e-07
1.3288535705585858e-07
1.2411608981197502e-07
1.1642825139726322e-07
1.0964841288847694e-07
1.0363646554228719e-07
9.827832927301916e-08
9.348042656343015e-08
8.916545794238058e-08
8.526914563982065e-08
8.173770361030935e-08
7.852585699564746e-08
7.559528047311029e-08
7.291335837219141e-08
7.045219375091694e-08
6.818781143657259e-08
6.609951319112647e-08
6.416935294923507e-08
6.23817074109011e-08
6.072292280456849e-08
5.918102283948092e-08
5.7745466078951526e-08
5.64069434372638e-08
5.515720841481796e-08
5.398893417388433e-08
5.289559272143091e-08
5.187135238122803e-08
5.0910990461499795e-08
5.0009818599756175e-08
4.916361872583459e-08
4.8368587952681294e-08
4.7621291001317656e-08
4.691861900670794e-08
4.6257753746493935e-08
4.5636136493864204e-08
4.505144082631399e-08
4.4501548829339506e-08
4.3984530222650745e-08
4.3498624009815786e-08
4.304222231319268e-08
4.2613856106825e-08
4.221218260249666e-08
4.183597407983166e-08
4.14841079813757e-08
4.1155558118982096e-08
4.084938685933201e-08
4.0564738174700395e-08
4.0300831460664705e-08
4.0056956035783984e-08
3.983246624971394e-08
3.962677713607189e-08
3.9439360554873406e-08
3.926974177674233e-08
3.9117496467521845e-08
3.898224803753592e-08
3.8863665324693026e-08
3.8761460584994265e-08
3.867538776789667e-08
3.860524105746971e-08
3.855085366343404e-08
3.8512096849049433e-08
3.848887918547333e-08
3.848114602469193e-08
3.848887918547333e-08
3.8512096849049433e-08
3.855085366343404e-08
3.860524105746971e-08
3.867538776789667e-08
3.8761460584994265e-08
3.8863665324693026e-08
3.898224803753592e-08
3.9117496467521845e-08
3.926974177674233e-08
3.9439360554873406e-08
3.962677713607189e-08
3.983246624971394e-08
4.0056956035783984e-08
4.0300831460664705e-08
4.0564738174700395e-08
4.084938685933201e-08
4.1155558118982096e-08
4.14841079813757e-08
4.183597407983166e-08
4.221218260249666e-08
4.2613856106825e-08
4.304222231319268e-08
4.3498624009815786e-08
4.3984530222650745e-08
4.4501548829339506e-08
4.505144082631399e-08
4.5636136493864204e-08
4.6257753746493935e-08
4.691861900670794e-08
4.7621291001317656e-08
4.8368587952681294e-08
4.916361872583459e-08
5.0009818599756175e-08
5.0910990461499795e-08
5.187135238122803e-08
5.289559272143091e-08
5.398893417388433e-08
5.515720841481796e-08
5.64069434372638e-08
5.7745466078951526e-08
5.918102283948092e-08
6.072292280456849e-08
6.23817074109011e-08
6.416935294923507e-08
6.609951319112647e-08
6.818781143657259e-08
7.045219375091694e-08
7.291335837219141e-08
7.559528047311029e-08
7.852585699564746e-08
8.173770361030935e-08
8.526914563982065e-08
8.916545794238058e-08
9.348042656343015e-08
9.827832927301916e-08
1.0363646554228719e-07
1.0964841288847694e-07
1.1642825139726322e-07
1.2411608981197502e-07
1.3288535705585858e-07
1.4295251074415878e-07
1.545900869463693e-07
1.6814441580748744e-07
1.8405992172419565e-07
2.0291281822062097e-07
2.2545836083369712e-07
2.5269790001634915e-07
2.8597520902027655e-07
3.2711665444224524e-07
3.7863790731901467e-07
4.4405304531965154e-07
5.283434898000483e-07
6.386801686997256e-07
7.85553068447983e-07
9.845666594820066e-07
1.2593416337863836e-06
1.6462859883475855e-06
2.2025800915025647e-06
3.019787215687602e-06
4.247492803033709e-06
6.1351623677871635e-06
9.107743183397495e-06
1.3904996608004306e-05
2.184372346856756e-05
3.5321742609396945e-05
5.8807826915648295e-05
0.00010082943322428825
0.0001780545966221595
0.00032386782090123244
0.0006068103001983188
0.0011711747321305763
0.002328528866790433
0.004769106386908587
0.010062139250223373
0.02186976725477406
0.04896820741275408
0.11301736948821552
0.2726731833730481

1.3438245055806915e-06
0.0003294853575544487
0.02044644167939482
0.3211332303255158
1.2765522408674426
1.2843334346721982
0.32704189969829095
0.021079431773577285
0.0003528517889773365
3.52056289242094e-05
0.00011452474981992606
0.0003523948210358558
0.0009843455802162916
0.00249601944546575
0.005745536965513626
0.01200592349983208
0.022774183220725462
0.039216816738941625
0.06130334515544
0.08699235448501065
0.11211379918772757
0.13293186967093948
0.1650429616495761
0.2705691970581251
0.3927954636942088
0.30633931781562007
0.13039478070819366
0.05112989231701864
0.026413165726770636
0.014080148743953505
0.006890436114363583
0.0030621480728306337
0.0012353500943666587
0.0004524141914230933
0.00015040583193375265
4.5391592831415956e-05
1.2435649109692018e-05
3.0927426657468083e-06
6.982346580620113e-07
1.4310055171030215e-07
2.6623399203917194e-08
4.496431588904469e-09
6.893737877652021e-10
9.594532800012598e-11
1.2122025340871392e-11
1.3903009936053797e-12
1.4475206520949163e-13
1.3681162269186653e-14
1.1738254174228589e-15
9.142528323381211e-17
6.464149760009528e-18
4.148955669162237e-19
2.4173997305721047e-20
1.2786168816191007e-21
6.139241092945586e-23
2.6759083415987374e-24
1.0587905777893468e-25
3.8030426175099716e-27
1.2400368935626002e-28
3.6704584370683646e-30
9.86252926065777e-32
2.4056840494054456e-33
5.326858524200066e-35
1.0707449290392017e-36
1.9538138323999387e-38
3.2364032118996686e-40
4.8665854905709e-42
6.643063140622653e-44
8.231797788402698e-46
9.259836036723264e-48
9.4557109916549e-50
8.765311866343867e-52
7.376032906927188e-54
5.634567790475704e-56
3.907335120604877e-58
2.4597048843156006e-60
1.4056190550511813e-62
7.291796810389275e-65
3.433869375470036e-67
1.4679635522226237e-69
5.696774971876796e-72
2.0068972907808744e-74
6.418056241781396e-77
1.8632201842492753e-79
4.910289883973611e-82
1.1747146189247042e-84
2.5511729700818406e-87
5.029556905355062e-90
9.001229553796368e-93
1.4623665300098024e-95
2.1567158478335635e-98
2.8874329659475594e-101
3.50924089160042e-104
3.8716558143241194e-107
3.8775963035283956e-110
3.5254189387156075e-113
2.909652763917225e-116
2.1799869006636992e-119
1.4826850009556202e-122
9.154322206711704e-126
