0.7526214482065215
0.27358617053358
0.1453421080517728
0.08928185073643159
0.06063659989212517
0.04438628917242937
0.03436521906014334
0.02775499005440101
0.023151047252150628
0.019800060738783494
0.017271811861032077
0.015307063516330863
0.013742256727995648
0.0124700355808273
0.011417485226832703
0.010533591341512457
0.009781725370000348
0.009134982772564904
0.008573200749491883
0.008080997280223073
0.007646449617250738
0.0072601838039559035
0.00691473473328639
0.0066040881538154865
0.006323347460839349
0.006068487611977932
0.005836170876192538
0.005623607130987801
0.005428446701581057
0.005248697277144301
0.0050826588529566214
0.004928872316950362
0.0047860784700355435
0.004653185101293884
0.004529240337002423
0.004413410917049014
0.004304964371547173
0.004203254307281504
0.0041077081909276884
0.004017817149908243
0.003933127413721853
0.003853233096843189
0.003777770084790805
0.003706410832059017
0.0036388599175177154
0.0035748502319882846
0.003514139695791734
0.003456508422484674
0.003401756259773534
0.0033497006505101667
0.0033001747663244166
0.0032530258743073436
0.0032081139035850218
0.003165310183900821
0.003124496332677101
0.003085563270631605
0.003048410349019791
0.0030129445740736914
0.002979079916300377
0.0029467366940608593
0.002915841022331781
0.0028863243188047513
0.002858122860540434
0.002831177385297977
0.002805432732431006
0.0027808375189005688
0.002757343846520697
0.00273490703703833
0.002713485392068265
0.002693039975265883
0.002673534414433889
0.002654934721531549
0.002637209128791755
0.002620327939357735
0.0026042633910317303
0.0025889895318860164
0.0025744821066253113
0.002560718452711619
0.0025476774053700066
0.002535339210688718
0.002523685446110994
0.002512698947690432
0.002502363743547833
0.002492664993026424
0.002483588931094867
0.002475122817594519
0.002467254890969549
0.0024599743261564107
0.0024532711963433707
0.00244713643834165
0.0024415618213377874
0.00243653991882234
0.0024320640835133476
0.0024281284251144023
0.0024247277907668897
0.00242185774807426
0.00241951457059328
0.0024176952257031763
0.002416397364778747
0.0024156193156078995
0.0024153600770078845
0.0024156193156078995
0.002416397364778747
0.0024176952257031763
0.00241951457059328
0.00242185774807426
0.0024247277907668897
0.0024281284251144023
0.0024320640835133476
0.00243653991882234
0.0024415618213377874
0.00244713643834165
0.0024532711963433707
0.0024599743261564107
0.002467254890969549
0.002475122817594519
0.002483588931094867
0.002492664993026424
0.002502363743547833
0.002512698947690432
0.002523685446110994
0.002535339210688718
0.0025476774053700066
0.002560718452711619
0.0025744821066253113
0.0025889895318860164
0.0026042633910317303
0.002620327939357735
0.002637209128791755
0.002654934721531549
0.002673534414433889
0.002693039975265883
0.002713485392068265
0.00273490703703833
0.002757343846520697
0.0027808375189005688
0.002805432732431006
0.002831177385297977
0.002858122860540434
0.0028863243188047513
0.002915841022331781
0.0029467366940608593
0.002979079916300377
0.0030129445740736914
0.003048410349019791
0.003085563270631605
0.003124496332677101
0.003165310183900821
0.0032081139035850218
0.0032530258743073436
0.0033001747663244166
0.0033497006505101667
0.003401756259773534
0.003456508422484674
0.003514139695791734
0.0035748502319882846
0.0036388599175177154
0.003706410832059017
0.003777770084790805
0.003853233096843189
0.003933127413721853
0.004017817149908243
0.0041077081909276884
0.004203254307281504
0.004304964371547173
0.004413410917049014
0.004529240337002423
0.004653185101293884
0.0047860784700355435
0.004928872316950362
0.0050826588529566214
0.005248697277144301
0.005428446701581057
0.005623607130987801
0.005836170876192538
0.006068487611977932
0.006323347460839349
0.0066040881538154865
0.00691473473328639
0.0072601838039559035
0.007646449617250738
0.008080997280223073
0.008573200749491883
0.009134982772564904
0.009781725370000348
0.010533591341512457
0.011417485226832703
0.0124700355808273
0.013742256727995648
0.015307063516330863
0.017271811861032077
0.019800060738783494
0.023151047252150628
0.02775499005440101
0.03436521906014334
0.04438628917242937
0.06063659989212517
0.08928185073643159
0.1453421080517728
0.27358617053358

0.11649618039840606
0.21977646574429716
0.34703959727544625
0.45867516180239054
0.5074108640849618
0.46983205835650377
0.3641278349791576
0.2362073773339035
0.12825118581897685
0.05828518701419698
0.022172658334727074
0.007089489958702457
0.002230698603796582
0.0031161088078695237
0.014131310131402806
0.049493349495465
0.11771254535343426
0.18919119180411578
0.20544257627336382
0.15072544360339643
0.07471175821625375
0.02502059231189405
0.005661251609217255
0.000865433233446098
8.938423355790321e-05
6.237269555315366e-06
2.940589124854176e-07
9.366566501148778e-09
2.0157317464674576e-10
2.930834473638594e-12
2.8790956109031256e-14
1.9108523217916712e-16
8.568492125716271e-19
2.5958997717507e-21
5.313463226232599e-24
7.348076666813905e-27
6.86555924697967e-30
4.3339550271424784e-33
1.848413460482308e-36
5.32623209767167e-40
1.0369249285426509e-43
1.363895367645025e-47
1.2120626532307617e-51
7.278626527899775e-56
2.964511058678778e-60
9.029175869028364e-65
7.39939831743577e-69
3.124165241565038e-72
1.3679584446774024e-75
5.042588451617898e-79
1.556005895932407e-82
4.0188154018144595e-86
8.68786840169116e-90
1.5720152561083327e-93
2.3808313122851313e-97
3.018066755049661e-101
3.202265997299607e-105
2.8438999455728784e-109
2.1139736446383406e-113
1.3152647194990617e-117
6.849440851475483e-122
2.9855573300898615e-126
1.0892411931041317e-130
3.326220576813961e-135
8.50171184821972e-140
1.8188214320746262e-144
3.256882507249046e-149
4.881378305838751e-154
6.123661674789e-159
6.42995978558508e-164
5.651108837899305e-169
4.157070916003981e-174
2.5595849117060425e-179
1.3191069125423888e-184
5.690085570162518e-190
2.0544044426713493e-195
6.208425015708334e-201
1.5703819012901848e-206
3.324738321412618e-212
5.891664439820866e-218
8.738701094256248e-224
1.084886018562631e-229
1.1273264233509833e-235
9.804909904915334e-242
7.137824651969393e-248
4.3492711987523896e-254
2.218173178485422e-260
9.468970355755054e-267
3.3832836565402278e-273
1.0118180237719657e-279
2.5327641973579343e-286
5.306588996989108e-293
9.306030949131085e-300
1.3659722589008723e-306
1.6782150561e-313
1.726e-320
0.0
0.0
0.0
0.0
