0.5863070637991361
0.13466342453882277
0.08279858614191886
0.06960691512260539
0.06177870298985835
0.05556400155413408
0.050330345957776995
0.04585444407371318
0.04199661153955921
0.038650946391122036
0.035733162690351594
0.03317512436453311
0.0309212935626188
0.028926110748086053
0.027151985747539683
0.025567734265460735
0.024147350851682403
0.022869039699685248
0.021714444696998042
0.020668034455667193
0.01971660857849005
0.018848899273594448
0.01805524834389784
0.017327344058608654
0.016658005828020364
0.016041007218082867
0.015470929854695954
0.014943042325418512
0.014453199397198494
0.013997757814381482
0.013573505683085392
0.013177603032521561
0.012807531606340104
0.012461052304568556
0.012136168989901962
0.01183109760693889
0.01154423975178268
0.01127415998182667
0.011019566278994855
0.01077929318007107
0.010552287169623954
0.010337593998054381
0.010134347642333631
0.009941760672350863
0.0097591158232719
0.00958575860538726
0.00942109080876846
0.00926456478160253
0.009115678379098522
0.008973970494975912
0.008839017100256575
0.008710427724800065
0.00858784232608216
0.008470928497395109
0.008359378974170741
0.00825290940268266
0.00815125634012496
0.008054175459121371
0.007961439933196656
0.007872838982730687
0.0077881765634892595
0.007707270182046361
0.007629949824332843
0.007556056985210133
0.007485443788411733
0.007417972187451357
0.007353513239190937
0.007291946442717292
0.0072331591370116185
0.007177045951628135
0.007123508305240464
0.007072453947479197
0.0070237965399812885
0.0069774552730106805
0.006933354514397026
0.006891423487882468
0.006851595978270408
0.006813810061040206
0.0067780078543318535
0.006744135291418571
0.006712141911976167
0.006681980670628677
0.00665360776140263
0.006626982456859402
0.00660206696079847
0.006578826273535391
0.006557228068858678
0.0065372425818604465
0.006518842506918143
0.006502002905179508
0.00648670112097141
0.006472916706615694
0.0064606313551928965
0.0064498288408475855
0.006440494966278543
0.0064326175171026834
0.006426186222824669
0.006421192724184614
0.006417630546694695
0.006415495080212142
0.006414783564431347
0.006415495080212142
0.006417630546694695
0.006421192724184614
0.006426186222824669
0.0064326175171026834
0.006440494966278543
0.0064498288408475855
0.0064606313551928965
0.006472916706615694
0.00648670112097141
0.006502002905179508
0.006518842506918143
0.0065372425818604465
0.006557228068858678
0.006578826273535391
0.00660206696079847
0.006626982456859402
0.00665360776140263
0.006681980670628677
0.006712141911976167
0.006744135291418571
0.0067780078543318535
0.006813810061040206
0.006851595978270408
0.006891423487882468
0.006933354514397026
0.0069774552730106805
0.0070237965399812885
0.007072453947479197
0.007123508305240464
0.007177045951628135
0.0072331591370116185
0.007291946442717292
0.007353513239190937
0.007417972187451357
0.007485443788411733
0.007556056985210133
0.007629949824332843
0.007707270182046361
0.0077881765634892595
0.007872838982730687
0.007961439933196656
0.008054175459121371
0.00815125634012496
0.00825290940268266
0.008359378974170741
0.008470928497395109
0.00858784232608216
0.008710427724800065
0.008839017100256575
0.008973970494975912
0.009115678379098522
0.00926456478160253
0.00942109080876846
0.00958575860538726
0.0097591158232719
0.009941760672350863
0.010134347642333631
0.010337593998054381
0.010552287169623954
0.01077929318007107
0.011019566278994855
0.01127415998182667
0.01154423975178268
0.01183109760693889
0.012136168989901962
0.012461052304568556
0.012807531606340104
0.013177603032521561
0.013573505683085392
0.013997757814381482
0.014453199397198494
0.014943042325418512
0.015470929854695954
0.016041007218082867
0.016658005828020364
0.017327344058608654
0.01805524834389784
0.018848899273594448
0.01971660857849005
0.020668034455667193
0.021714444696998042
0.022869039699685248
0.024147350851682403
0.025567734265460735
0.027151985747539683
0.028926110748086053
0.0309212935626188
0.03317512436453311
0.035733162690351594
0.038650946391122036
0.04199661153955921
0.04585444407371318
0.050330345957776995
0.05556400155413408
0.06177870298985835
0.06960691512260539
0.08279858614191886
0.13466342453882277

0.30100048162992304
0.2826276435585892
0.014344242920115593
5.159906247656535e-05
0.00011424035321817033
0.0008180270718849547
0.004500604283527279
0.019024218328075562
0.06178394754586842
0.15416199587531199
0.2955369826819623
0.43529049622524996
0.49258294954953025
0.4282648235258709
0.28607392380484636
0.14681721479810306
0.057890663705667054
0.017537711271650002
0.004081973139079666
0.0007299619265924212
0.00010029126620261463
1.0586657417251734e-05
8.585931993980281e-07
5.3499394707445486e-08
2.561197870759517e-09
9.420419337476133e-11
2.662135629189429e-12
5.779935074855745e-14
9.641588272406668e-16
1.2356829175156688e-17
1.2167415631401853e-19
9.204972252075472e-22
5.3503163729901775e-24
2.3892922943530898e-26
8.197698492056803e-29
2.1609635387784517e-31
4.3765891248966944e-34
6.810154331607377e-37
8.141622666991127e-40
7.478212928657627e-43
5.277369738043086e-46
2.8613438962941898e-49
1.1919428480368248e-52
3.8148164457016616e-56
9.38047218076081e-60
1.7721831091138877e-63
2.5723219611787917e-67
2.8686323891134557e-71
2.457860947625199e-75
1.6179778070416447e-79
8.183152617203072e-84
3.1798130034779844e-88
9.493259457134706e-93
2.177519032761401e-97
3.837438322032016e-102
5.195815202998528e-107
5.405038900003933e-112
4.3199308097542634e-117
2.652696702665501e-122
1.2515011229302504e-127
4.536362265110574e-133
1.2633307123862665e-138
2.7030819891839594e-144
4.443592477252844e-150
5.612315360731093e-156
5.446064110016947e-162
4.060282693714787e-168
2.3257478816176625e-174
1.0235329674058437e-180
3.460779078350321e-187
8.990394667842721e-194
1.7943884998295255e-200
2.7516109987000154e-207
3.241831484315662e-214
2.9344497317957137e-221
2.0407779458026168e-228
1.0904296949203515e-235
4.476436485677282e-243
1.41188727274572e-250
3.421373280272705e-258
6.369916433282184e-266
9.111709180904329e-274
1.0013797490305049e-281
8.455330704758378e-290
5.4852349166930215e-298
2.7339634539695388e-306
1.046942951e-314
3e-323
0.0
0.0
0.0
0.0
0.0
0.0
0.0
0.0
0.0
0.0
0.0
0.0
