0.6446559297903187
0.1334795428539007
0.0594798883376677
0.033279167682098335
0.021482852384003166
0.01530926196345068
0.011690607440233373
0.009378037291256507
0.0077987114371096105
0.00666304782149763
0.005812517709225563
0.0051544474834411625
0.004631627314917463
0.0042070918846850965
0.003856018672543006
0.0035611831323277957
0.0033102912402566877
0.0030943511985223214
0.002906644754918485
0.0027420574088739616
0.0025966304876352013
0.0024672543929292164
0.0023514540125584753
0.002247235710157206
0.0021529763242942005
0.002067341373631829
0.00198922391906031
0.0019176982673602338
0.001851984492640528
0.0017914209476625215
0.0017354427488063067
0.0016835647778845409
0.0016353681351790159
0.0015904892552388939
0.0015486110958043081
0.00150945595449939
0.0014727795737712946
0.0014383662729686164
0.0014060249051079275
0.0013755854801429845
0.0013468963302383321
0.001319821718389122
0.0012942398116981755
0.001270040956162962
0.001247126202002055
0.0012254060381520012
0.0012047993021819098
0.0011852322379495815
0.0011666376781975124
0.0011489543332178292
0.0011321261699006311
0.0011161018680739734
0.0011008343431652913
0.0010862803259570012
0.0010723999916468147
0.0010591566316142005
0.0010465163622845487
0.0010344478663088692
0.0010229221619688202
0.0010119123972983255
0.001001393665903293
0.0009913428418755327
0.000981738431548722
0.000972560440143522
0.0009637902516043148
0.0009554105201485034
0.0009474050722367596
0.0009397588178338299
0.0009324576699685159
0.0009254884717216124
0.0009188389298746906
0.0009124975545430359
0.0009064536041947299
0.0009006970355265184
0.0008952184577271032
0.0008900090907110737
0.0008850607269528251
0.0008803656965904163
0.0008759168355050892
0.0008717074561137886
0.0008677313206399819
0.0008639826166528957
0.0008604559346873392
0.0008571462477759158
0.0008540488927429676
0.0008511595531252854
0.0008484742435986816
0.0008459892958021903
0.0008437013454630605
0.0008416073207360436
0.0008397044316798248
0.0008379901608020002
0.0008364622546117803
0.0008351187161267729
0.0008339577982867936
0.0008329779982337854
0.000832178052422637
0.0008315569325330466
0.0008311138421576546
0.0008308482142464825
0.0008307597092923594
0.0008308482142464825
0.0008311138421576546
0.0008315569325330466
0.000832178052422637
0.0008329779982337854
0.0008339577982867936
0.0008351187161267729
0.0008364622546117803
0.0008379901608020002
0.0008397044316798248
0.0008416073207360436
0.0008437013454630605
0.0008459892958021903
0.0008484742435986816
0.0008511595531252854
0.0008540488927429676
0.0008571462477759158
0.0008604559346873392
0.0008639826166528957
0.0008677313206399819
0.0008717074561137886
0.0008759168355050892
0.0008803656965904163
0.0008850607269528251
0.0008900090907110737
0.0008952184577271032
0.0009006970355265184
0.0009064536041947299
0.0009124975545430359
0.0009188389298746906
0.0009254884717216124
0.0009324576699685159
0.0009397588178338299
0.0009474050722367596
0.0009554105201485034
0.0009637902516043148
0.000972560440143522
0.000981738431548722
0.0009913428418755327
0.001001393665903293
0.0010119123972983255
0.0010229221619688202
0.0010344478663088692
0.0010465163622845487
0.0010591566316142005
0.0010723999916468147
0.0010862803259570012
0.0011008343431652913
0.0011161018680739734
0.0011321261699006311
0.0011489543332178292
0.0011666376781975124
0.0011852322379495815
0.0012047993021819098
0.0012254060381520012
0.001247126202002055
0.001270040956162962
0.0012942398116981755
0.001319821718389122
0.0013468963302383321
0.0013755854801429845
0.0014060249051079275
0.0014383662729686164
0.0014727795737712946
0.00150945595449939
0.0015486110958043081
0.0015904892552388939
0.0016353681351790159
0.0016835647778845409
0.0017354427488063067
0.0017914209476625215
0.001851984492640528
0.0019176982673602338
0.00198922391906031
0.002067341373631829
0.0021529763242942005
0.002247235710157206
0.0023514540125584753
0.0024672543929292164
0.0025966304876352013
0.0027420574088739616
0.002906644754918485
0.0030943511985223214
0.0033102912402566877
0.0035611831323277957
0.003856018672543006
0.0042070918846850965
0.004631627314917463
0.0051544474834411625
0.005812517709225563
0.00666304782149763
0.0077987114371096105
0.009378037291256507
0.011690607440233373
0.01530926196345068
0.021482852384003166
0.033279167682098335
0.0594798883376677
0.1334795428539007

0.04022811162598616
0.07229082410598621
0.11597580493044271
0.16610485195051775
0.2123870349082809
0.24244024138972464
0.24706638442379344
0.22478155462790458
0.1825886707276265
0.13246195428168211
0.0859610270613001
0.0503006579480904
0.02760147819623117
0.016682967238362306
0.015537525187448699
0.022935366683233427
0.03860209876633651
0.06223864442228137
0.09210427042616287
0.1240644701790427
0.15187965980778853
0.16893434722520148
0.17071895113091148
0.1567427211197487
0.13074777325412976
0.09908830320742162
0.06822627131449954
0.04267976649797134
0.024256804302214174
0.012525246627166161
0.005875977708697951
0.0025044660275403176
0.0009698203711431122
0.0003411996770601109
0.00010906039656064565
3.167135800668978e-05
8.356173531486367e-06
2.003038823862535e-06
4.362268927781033e-07
8.631308834144801e-08
1.5516080661973696e-08
2.5341280317816258e-09
3.760245750814167e-10
5.069265727617291e-11
6.20890531889707e-12
6.909174621266222e-13
6.985193687568239e-14
6.4161112924554e-15
5.354346542690964e-16
4.059590387507786e-17
2.796398798237433e-18
1.7500769710212254e-19
9.950762140395778e-21
5.140397363088385e-22
2.4125603779225358e-23
1.0287286659441505e-24
3.985333267412425e-26
1.4027155098641551e-27
4.48555003504836e-29
1.3031756718498649e-30
3.439785599759994e-32
8.248993020815716e-34
1.7972630684136706e-35
3.55765242413475e-37
6.398181177749725e-39
1.0454197573466683e-40
1.5519081902097206e-42
2.0930639544541594e-44
2.5647209770811408e-46
2.8552155565596106e-48
2.887877920583901e-50
2.6537494145280284e-52
2.2155530034869882e-54
1.6805271342022938e-56
1.1581106776729903e-58
7.250964091067115e-61
4.124607193392657e-63
2.1316239308059737e-65
1.0008747464405847e-67
4.2696278993224194e-70
1.654784619590876e-72
5.826853184980012e-75
1.864094080975653e-77
5.418046539282845e-80
1.4307336340210817e-82
3.432543062039225e-85
7.481942283037956e-88
1.481678110611284e-90
2.6658427499142365e-93
4.357690112951556e-96
6.4717139040355535e-99
8.732195070566146e-102
1.0704557015540333e-104
1.1922164841773199e-107
1.2063760227500905e-110
1.109050758598028e-113
9.263205558296364e-117
7.029304094161395e-120
4.846235490793075e-123
3.035553194275479e-126
