0.7173058370544926
0.25736033261851976
0.11471103238539308
0.06099256170491142
0.03720150001774661
0.025164939553148136
0.018383145518639267
0.01421757822102545
0.011476168735254057
0.00956944701770435
0.008182825732740073
0.007137228126292524
0.006324978494484949
0.005678239685503642
0.00515252948993373
0.004717657366110322
0.004352511448549703
0.004041938985058705
0.003774813067475041
0.003542796786132207
0.0033395310781173964
0.003160087653619726
0.0030005922071702105
0.0028579596607053574
0.00272970472395398
0.002613804094451692
0.002508594703481169
0.0024126975392004513
0.0023249598939287836
0.0022444110682038726
0.002170228030022239
0.002101708526520871
0.00203824983615485
0.001979331833792838
0.0019245033851561834
0.0018733713342828384
0.0018255915274128043
0.001780861448692942
0.0017389141410123893
0.0016995131585834868
0.0016624483532426838
0.0016275323385992325
0.0015945975085071252
0.0015634935113418799
0.001534085101029633
0.0015062503010295307
0.0014798788294983112
0.0014548707434072032
0.0014311352669929595
0.0014085897760302633
0.0013871589143352788
0.001366773822898589
0.0013473714652927338
0.0013288940356547736
0.0013112884377250934
0.0012945058252221804
0.0012785011953223156
0.0012632330282509045
0.001248662967024792
0.0012347555322493823
0.0012214778676006206
0.0012087995122339083
0.0011966921968795158
0.0011851296608228748
0.0011740874873413941
0.001163542955487799
0.001153474906382324
0.0011438636224096097
0.0011346907179169685
0.0011259390401837674
0.0011175925795812382
0.0011096363879715848
0.0011020565045077129
0.0010948398880927755
0.0010879743558440578
0.0010814485269803225
0.0010752517716170456
0.0010693741640113057
0.001063806439848515
0.0010585399572076257
0.001053566660880681
0.001048879049757343
0.001044470147015814
0.0010403334728889835
0.0010364630197990186
0.0010328532296754159
0.0010294989732910344
0.0010263955314681497
0.001023538578022314
0.0010209241643260596
0.001018548705387336
0.0010164089673493275
0.0010145020563289498
0.0010128254085211435
0.001011376781505104
0.0010101542466969334
0.0010091561829009828
0.001008381270919447
0.00100782848918665
0.0010074971104010106
0.001007386699133939
0.0010074971104010106
0.00100782848918665
0.001008381270919447
0.0010091561829009828
0.0010101542466969334
0.001011376781505104
0.0010128254085211435
0.0010145020563289498
0.0010164089673493275
0.001018548705387336
0.0010209241643260596
0.001023538578022314
0.0010263955314681497
0.0010294989732910344
0.0010328532296754159
0.0010364630197990186
0.0010403334728889835
0.001044470147015814
0.001048879049757343
0.001053566660880681
0.0010585399572076257
0.001063806439848515
0.0010693741640113057
0.0010752517716170456
0.0010814485269803225
0.0010879743558440578
0.0010948398880927755
0.0011020565045077129
0.0011096363879715848
0.0011175925795812382
0.0011259390401837674
0.0011346907179169685
0.0011438636224096097
0.001153474906382324
0.001163542955487799
0.0011740874873413941
0.0011851296608228748
0.0011966921968795158
0.0012087995122339083
0.0012214778676006206
0.0012347555322493823
0.001248662967024792
0.0012632330282509045
0.0012785011953223156
0.0012945058252221804
0.0013112884377250934
0.0013288940356547736
0.0013473714652927338
0.001366773822898589
0.0013871589143352788
0.0014085897760302633
0.0014311352669929595
0.0014548707434072032
0.0014798788294983112
0.0015062503010295307
0.001534085101029633
0.0015634935113418799
0.0015945975085071252
0.0016275323385992325
0.0016624483532426838
0.0016995131585834868
0.0017389141410123893
0.001780861448692942
0.0018255915274128043
0.0018733713342828384
0.0019245033851561834
0.001979331833792838
0.00203824983615485
0.002101708526520871
0.002170228030022239
0.0022444110682038726
0.0023249598939287836
0.0024126975392004513
0.002508594703481169
0.002613804094451692
0.00272970472395398
0.0028579596607053574
0.0030005922071702105
0.003160087653619726
0.0033395310781173964
0.003542796786132207
0.003774813067475041
0.004041938985058705
0.004352511448549703
0.004717657366110322
0.00515252948993373
0.005678239685503642
0.006324978494484949
0.007137228126292524
0.008182825732740073
0.00956944701770435
0.011476168735254057
0.01421757822102545
0.018383145518639267
0.025164939553148136
0.03720150001774661
0.06099256170491142
0.11471103238539308
0.25736033261851976

0.04808041617003778
0.1111383349821537
0.2150714942328707
0.34925407136032194
0.47757436908241496
0.5526563905048804
0.545046323626757
0.4624167137774037
0.34135973610156
0.22195104118343326
0.12843982012965133
0.06654008663681565
0.03085481830192796
0.012738305107481708
0.004645672522842539
0.0014850739161636954
0.00041349563103802543
9.983456709391495e-05
2.0841765442299902e-05
3.7556825084181717e-06
5.836141500121418e-07
7.816664855723147e-08
9.021141560132756e-09
8.969945959229995e-10
7.68387299407812e-11
5.670491325491307e-12
3.6050079193149627e-13
1.9743976843695274e-14
9.315476205595358e-16
3.7863187759957075e-17
1.3257781356786631e-18
3.9991348528155785e-20
1.039208641524631e-21
2.3263815707743208e-23
4.486427410929826e-25
7.45352716751689e-27
1.0667546110880835e-28
1.3152512263114577e-30
1.3969935423547035e-32
1.2782670032562277e-34
1.007604862541681e-36
6.842273464012394e-39
4.002691298093902e-41
2.0171828311842403e-43
8.757495558340108e-46
3.2753377063363336e-48
1.0552946603888164e-50
2.929091193080408e-53
7.003796872051981e-56
1.442698856069384e-58
2.5601141470301638e-61
3.91367238722693e-64
5.154079384001531e-67
5.847351956371737e-70
5.714903000508364e-73
4.8117160240885605e-76
3.4900577228203446e-79
2.180754252271791e-82
1.1738763219461531e-85
5.443515374312787e-89
2.1745933802345326e-92
7.483730956247798e-96
2.2187060466206306e-99
5.666604008072604e-103
1.246773200626316e-106
2.3631622976803075e-110
3.858701078527075e-114
5.427879782172807e-118
6.577499149887535e-122
6.866459733199697e-126
6.1751349229199835e-130
4.784114014922259e-134
3.192993892822014e-138
1.8358455922081286e-142
9.09317838527393e-147
3.8800450432481064e-151
1.4262620291227611e-155
4.51651409420478e-160
1.232108392951678e-164
2.895582602656661e-169
5.862252194413075e-174
1.0224322358082128e-178
1.5361940055872593e-183
1.9883786673192798e-188
2.217142569855326e-193
2.129754981612716e-198
1.7624108647548505e-203
1.256394934403835e-208
7.715901743218637e-214
4.0821475373598996e-219
1.8605108281933342e-224
7.304949257352247e-230
2.470834755692941e-235
7.199655172024159e-241
1.8072622936047764e-246
3.9081585609050103e-252
7.280557898284272e-258
1.1684190817296335e-263
1.6153778311860273e-269
1.923938089064867e-275
