0.7206417891387722
0.13649901632939446
0.07730067837731593
0.049150311215124365
0.03315942034010612
0.023549998126012425
0.017490596024496267
0.013499503195784395
0.010765620799348076
0.008826204723793637
0.007406945654092358
0.0063393856731512425
0.005516653104952625
0.004868894772663585
0.004349189819115723
0.003925224820600735
0.003574233211203854
0.0032798374554909807
0.003030030091730379
0.002815853491376285
0.002630518288411937
0.0024688031986797128
0.002326638993781373
0.002200815267735424
0.0020887705209303334
0.0019884397040990168
0.001898141996789319
0.0018164971619365395
0.0017423624679399807
0.0016747845995641504
0.0016129626203722882
0.001556219173391764
0.0015039778863796896
0.00145574549549785
0.0014110975900283598
0.001369667159938262
0.0013311353306211784
0.0012952238174913627
0.001261688742777079
0.0012303155386512632
0.0012009147223441177
0.0011733183755014984
0.0011473771956542211
0.001122958015045579
0.00109994170326869
0.0010782213866925158
0.0010577009306170933
0.0010382936403242663
0.0010199211453031643
0.001002512437401315
0.000986003038841433
0.0009703342802253951
0.0009554526720324993
0.00094130935587276
0.0009278596240055288
0.000915062497479202
0.0009028803547678524
0.0008912786040376053
0.0008802253932188851
0.0008696913529297285
0.000859649368021858
0.0008500743741305108
0.0008409431761217367
0.0008322342857636457
0.0008239277763144873
0.0008160051520315638
0.0008084492308699098
0.00080124403886589
0.0007943747148945413
0.0007878274246557281
0.0007815892828872502
0.0007756482829264379
0.0007699932328484901
0.0007646136975022956
0.0007594999458448207
0.0007546429030450973
0.0007500341068898833
0.0007456656680764313
0.0007415302340245804
0.0007376209558814594
0.0007339314584282309
0.000730455812630203
0.0007271885105998
0.0007241244427668661
0.0007212588770729253
0.0007185874400257683
0.0007161060994683213
0.0007138111489315174
0.0007116991934550045
0.0007097671367722462
0.0007080121697680435
0.0007064317601269094
0.0007050236431001836
0.0007037858133284252
0.0007027165176635482
0.0007018142489425033
0.0007010777406710983
0.0007005059625829226
0.0007000981170443213
0.0006998536362820489
0.000699772180415672
0.0006998536362820489
0.0007000981170443213
0.0007005059625829226
0.0007010777406710983
0.0007018142489425033
0.0007027165176635482
0.0007037858133284252
0.0007050236431001836
0.0007064317601269094
0.0007080121697680435
0.0007097671367722462
0.0007116991934550045
0.0007138111489315174
0.0007161060994683213
0.0007185874400257683
0.0007212588770729253
0.0007241244427668661
0.0007271885105998
0.000730455812630203
0.0007339314584282309
0.0007376209558814594
0.0007415302340245804
0.0007456656680764313
0.0007500341068898833
0.0007546429030450973
0.0007594999458448207
0.0007646136975022956
0.0007699932328484901
0.0007756482829264379
0.0007815892828872502
0.0007878274246557281
0.0007943747148945413
0.00080124403886589
0.0008084492308699098
0.0008160051520315638
0.0008239277763144873
0.0008322342857636457
0.0008409431761217367
0.0008500743741305108
0.000859649368021858
0.0008696913529297285
0.0008802253932188851
0.0008912786040376053
0.0009028803547678524
0.000915062497479202
0.0009278596240055288
0.00094130935587276
0.0009554526720324993
0.0009703342802253951
0.000986003038841433
0.001002512437401315
0.0010199211453031643
0.0010382936403242663
0.0010577009306170933
0.0010782213866925158
0.00109994170326869
0.001122958015045579
0.0011473771956542211
0.0011733183755014984
0.0012009147223441177
0.0012303155386512632
0.001261688742777079
0.0012952238174913627
0.0013311353306211784
0.001369667159938262
0.0014110975900283598
0.00145574549549785
0.0015039778863796896
0.001556219173391764
0.0016129626203722882
0.0016747845995641504
0.0017423624679399807
0.0018164971619365395
0.001898141996789319
0.0019884397040990168
0.0020887705209303334
0.002200815267735424
0.002326638993781373
0.0024688031986797128
0.002630518288411937
0.002815853491376285
0.003030030091730379
0.0032798374554909807
0.003574233211203854
0.003925224820600735
0.004349189819115723
0.004868894772663585
0.005516653104952625
0.0063393856731512425
0.007406945654092358
0.008826204723793637
0.010765620799348076
0.013499503195784395
0.017490596024496267
0.023549998126012425
0.03315942034010612
0.049150311215124365
0.07730067837731593
0.13649901632939446

0.03236081890449478
0.11738845778427848
0.2551508540135159
0.3323030985827103
0.25932088248010804
0.12125686233093842
0.03397354740096208
0.005703496806861809
0.0005737295832989211
3.4581117274250654e-05
1.24892559619303e-06
2.704457077840791e-08
2.241926972091105e-09
1.2342315393669896e-07
4.847973121377023e-06
0.00011464049550367614
0.0016325837997406907
0.014032132930294844
0.07347463318189226
0.2404198117238546
0.5089351281626627
0.6939081868215033
0.5664476442090616
0.25361588539071905
0.05967484923453191
0.007521596900991766
0.0005472085468939049
2.509084766824672e-05
7.489616736429075e-07
1.4169903170663518e-08
1.645685185572906e-10
1.1562091489804515e-12
4.8942422959247635e-15
1.2472895345256573e-17
1.913544464479354e-20
1.7672384612532808e-23
9.825095415139306e-27
3.288239250428596e-30
6.624834774171551e-34
8.034737698217429e-38
5.866152720626183e-42
2.5782203802886914e-46
6.821371756807203e-51
1.086446662667194e-55
1.0416698916454828e-60
6.01224711602371e-66
2.0889523985492084e-71
4.369233698738208e-77
5.501321363578962e-83
4.169785990478838e-89
1.9025913866393345e-95
5.2259144578079e-102
8.641001423068968e-109
8.601038003965274e-116
5.153741913978019e-123
1.859000369401081e-130
4.036651861488047e-138
5.276526515833813e-146
4.1520250411823866e-154
1.9667846636982243e-162
5.608396014909425e-171
9.627322955520007e-180
9.948495764168285e-189
6.1886270007379004e-198
2.317481127211439e-207
5.224239929377964e-217
7.089490619153636e-227
5.791511992984066e-237
2.8480912377647107e-247
8.431422359961975e-258
1.5025633883918527e-268
1.6119433309093505e-279
1.0410024385519456e-290
4.0470515260756455e-302
9.471324809e-314
0.0
0.0
0.0
0.0
0.0
0.0
0.0
0.0
0.0
0.0
0.0
0.0
0.0
0.0
0.0
0.0
0.0
0.0
0.0
0.0
0.0
0.0
0.0
0.0
0.0
