1.0940942912325224
0.06858067934341792
0.00709844866171282
0.0008443633265347914
0.0001054650022984848
1.3575375446721114e-05
1.793221881082271e-06
2.4297590161531277e-07
3.384541022344438e-08
4.493829793164348e-09
7.400626825528969e-10
1.4445460820128915e-10
4.2151633038976806e-11
2.07915234493698e-11
1.4221458575194499e-11
1.1097508815785864e-11
9.159311399978885e-12
7.803577783898791e-12
6.797346045438501e-12
6.0220198399243506e-12
5.407690550002027e-12
4.909888579569976e-12
4.498946107895611e-12
4.1543531198755456e-12
3.861510588750417e-12
3.6097648769019598e-12
3.391171514622522e-12
3.199692791580913e-12
3.030662511049579e-12
2.880420241499859e-12
2.7460559574326078e-12
2.6252282765916566e-12
2.5160328090411856e-12
2.4169052848289564e-12
2.3265492410784233e-12
2.2438813289255495e-12
2.167989446286856e-12
2.0981003320923208e-12
2.0335542264298875e-12
1.9737848678734784e-12
1.9183035648965398e-12
1.8666864077890767e-12
1.8185639236052924e-12
1.773612647822096e-12
1.7315482118074283e-12
1.6921196380395944e-12
1.655104604403185e-12
1.6203054912066297e-12
1.5875460643516858e-12
1.5566686785802902e-12
1.5275319082746002e-12
1.5000085316027184e-12
1.473983808144863e-12
1.4493540014367812e-12
1.4260251068276473e-12
1.403911752194707e-12
1.3829362447857075e-12
1.3630277420774796e-12
1.3441215282792079e-12
1.3261583811530167e-12
1.3090840163134282e-12
1.2928485982111283e-12
1.2774063086919709e-12
1.2627149654176427e-12
1.2487356835943033e-12
1.235432575423131e-12
1.2227724824968117e-12
1.2107247370465823e-12
1.1992609485180684e-12
1.1883548124392101e-12
1.1779819389549813e-12
1.168119698753599e-12
1.1587470844075241e-12
1.149844585408044e-12
1.1413940753913917e-12
1.1333787102428986e-12
1.1257828359282693e-12
1.1185919050416487e-12
1.1117924011820001e-12
1.10537177037519e-12
1.099318358851403e-12
1.0936213565680187e-12
1.08827074593858e-12
1.083257255290306e-12
1.0785723166270145e-12
1.0742080273222851e-12
1.0701571154101229e-12
1.0664129081779942e-12
1.0629693038005771e-12
1.0598207457824133e-12
1.0569622000043775e-12
1.0543891341929174e-12
1.0520974996526777e-12
1.0500837151227912e-12
1.048344652635023e-12
1.0468776252683756e-12
1.0456803767098902e-12
1.044751072545452e-12
1.0440882932175577e-12
1.0436910285994358e-12
1.043558674146741e-12
1.0436910285994358e-12
1.0440882932175577e-12
1.044751072545452e-12
1.0456803767098902e-12
1.0468776252683756e-12
1.048344652635023e-12
1.0500837151227912e-12
1.0520974996526777e-12
1.0543891341929174e-12
1.0569622000043775e-12
1.0598207457824133e-12
1.0629693038005771e-12
1.0664129081779942e-12
1.0701571154101229e-12
1.0742080273222851e-12
1.0785723166270145e-12
1.083257255290306e-12
1.08827074593858e-12
1.0936213565680187e-12
1.099318358851403e-12
1.10537177037519e-12
1.1117924011820001e-12
1.1185919050416487e-12
1.1257828359282693e-12
1.1333787102428986e-12
1.1413940753913917e-12
1.149844585408044e-12
1.1587470844075241e-12
1.168119698753599e-12
1.1779819389549813e-12
1.1883548124392101e-12
1.1992609485180684e-12
1.2107247370465823e-12
1.2227724824968117e-12
1.235432575423131e-12
1.2487356835943033e-12
1.2627149654176427e-12
1.2774063086919709e-12
1.2928485982111283e-12
1.3090840163134282e-12
1.3261583811530167e-12
1.3441215282792079e-12
1.3630277420774796e-12
1.3829362447857075e-12
1.403911752194707e-12
1.4260251068276473e-12
1.4493540014367812e-12
1.473983808144863e-12
1.5000085316027184e-12
1.5275319082746002e-12
1.5566686785802902e-12
1.5875460643516858e-12
1.6203054912066297e-12
1.655104604403185e-12
1.6921196380395944e-12
1.7315482118074283e-12
1.773612647822096e-12
1.8185639236052924e-12
1.8666864077890767e-12
1.9183035648965398e-12
1.9737848678734784e-12
2.0335542264298875e-12
2.0981003320923208e-12
2.167989446286856e-12
2.2438813289255495e-12
2.3265492410784233e-12
2.4169052848289564e-12
2.5160328090411856e-12
2.6252282765916566e-12
2.7460559574326078e-12
2.880420241499859e-12
3.030662511049579e-12
3.199692791580913e-12
3.391171514622522e-12
3.6097648769019598e-12
3.861510588750417e-12
4.1543531198755456e-12
4.498946107895611e-12
4.909888579569976e-12
5.407690550002027e-12
6.0220198399243506e-12
6.797346045438501e-12
7.803577783898791e-12
9.159311399978885e-12
1.1097508815785864e-11
1.4221458575194499e-11
2.07915234493698e-11
4.2151633038976806e-11
1.4445460820128915e-10
7.400626825528969e-10
4.493829793164348e-09
3.384541022344438e-08
2.4297590161531277e-07
1.793221881082271e-06
1.3575375446721114e-05
0.0001054650022984848
0.0008443633265347914
0.00709844866171282
0.06858067934341792

4.6310448994233724e-11
4.2700356289504846e-10
3.5155450226344582e-09
2.5844163977978297e-08
1.6964496324460862e-07
9.943252502531331e-07
5.2108091041566945e-06
3.4548960270581566e-05
0.002693926614683075
0.11377074144502117
0.8573807986078449
1.1194810127139398
0.26090861203125537
0.03321792417999597
0.0497019271308064
0.09372945023159732
0.15803675404568607
0.23792996505295275
0.31985182933327555
0.38393454965434376
0.4115041411269142
0.39382191807705436
0.33653808127885365
0.2567894658563631
0.17495600438427195
0.10643615026274914
0.05781734202470205
0.02804372793632052
0.0121456853578764
0.004696961123724647
0.0016218868895681979
0.0005000723234612897
0.00013767457147612837
3.3844126206900355e-05
7.428849099298135e-06
1.456023638544842e-06
2.548144035887138e-07
3.981880102005202e-08
5.555984722515977e-09
6.922174850513448e-10
7.70074505630528e-11
7.649474206869843e-12
6.784831737840357e-13
5.3734750558106846e-14
3.799968975922799e-15
2.3994600469496954e-16
1.3528687131893516e-17
6.810930393678593e-19
3.06172294458695e-20
1.2289493777627226e-21
4.4046434389618686e-23
1.4096009355798942e-24
4.0280073968794796e-26
1.027763044914496e-27
2.3415551683316782e-29
4.763481133007701e-31
8.652730209002227e-33
1.4034292838164104e-34
2.032528126140515e-36
2.6283987514374717e-38
3.0349713705373897e-40
3.129151594059902e-42
2.8807612487786027e-44
2.368081187532145e-46
1.7381792748100532e-48
1.139203223564863e-50
6.666785795026259e-53
3.4836976524787716e-55
1.625447955807182e-57
6.771959306584909e-60
2.5192094055647472e-62
8.36802283688033e-65
2.481933281108135e-67
6.57303594023308e-70
1.5543562702688472e-72
3.2820393997146325e-75
6.187933950394701e-78
1.0417324840048064e-80
1.5659410268216623e-83
2.101857440927711e-86
2.5190672911405205e-89
2.695783056900949e-92
2.5759579440495804e-95
2.197866226490133e-98
1.674450837247497e-101
1.13907469701745e-104
6.918957560936056e-108
3.7526476353269326e-111
1.8173708831044985e-114
7.858831960552892e-118
3.0344577702670293e-121
1.0461955090656603e-124
3.2207221734385924e-128
8.853241952905807e-132
2.1730016783013773e-135
4.762406348045555e-139
9.319690573503117e-143
1.628490377390041e-146
2.540841406740662e-150
3.539798803593158e-154
