0.9888534334293809
0.3349785184555369
0.19232387412253613
0.12909054300760028
0.09464672148484521
0.0737562504983317
0.06005707422822338
0.05051536015097142
0.04354714467914994
0.03826296380760416
0.03413222453730007
0.03082195832001047
0.028114076380749912
0.025860437303879706
0.02395722365117571
0.022329694101363647
0.0209227654134932
0.019695001545693244
0.01861466463523245
0.017657052994972937
0.016802665015421398
0.01603590639523013
0.015344162891991572
0.014717124001335076
0.014146282091886526
0.013624556295211986
0.013146006469269047
0.012705613115060539
0.012299106213406739
0.011922830783096663
0.011573640309487944
0.01124881154369188
0.010945975845184534
0.01066306344526071
0.010398257886069925
0.01014995853573894
0.009916749560143007
0.009697374092092415
0.009490712611350368
0.009295764756980632
0.009111633953569271
0.008937514356870466
0.008772679721178202
0.008616473866712125
0.008468302485358209
0.008327626070847213
0.008193953797624458
0.00806683820334747
0.007945870554738525
0.007830676796647815
0.007720914000602473
0.007616267242571205
0.007516446850746255
0.007421185973293229
0.007330238423609234
0.007243376766949707
0.007160390617566484
0.007081085119929508
0.0070052795913323855
0.006932806306329133
0.006863509406114608
0.006797243918225082
0.006733874873863929
0.006673276511805078
0.0066153315592381925
0.0065599305811317584
0.006506971390734013
0.0064563585147326165
0.006408002707373639
0.00636182050851644
0.006317733841188885
0.0062756696447192895
0.0062355595399685715
0.006197339523577187
0.006160949688484399
0.006126333968278638
0.006093439903202978
0.006062218425873669
0.006032623664976434
0.006004612765388342
0.005978145723335594
0.00595318523534196
0.0059296965598514126
0.005907647390523406
0.005887007740302128
0.0058677498354532355
0.005849848018844672
0.0058332786618227545
0.005818020084102411
0.005804052481151671
0.005791357858606178
0.005779919973300427
0.005769724280548881
0.005760757887353119
0.005753009511250622
0.005746469444557774
0.005741129523793883
0.005736983104105481
0.005734025038540695
0.005732251662052703
0.005731660780139282
0.005732251662052703
0.005734025038540695
0.005736983104105481
0.005741129523793883
0.005746469444557774
0.005753009511250622
0.005760757887353119
0.005769724280548881
0.005779919973300427
0.005791357858606178
0.005804052481151671
0.005818020084102411
0.0058332786618227545
0.005849848018844672
0.0058677498354532355
0.005887007740302128
0.005907647390523406
0.0059296965598514126
0.00595318523534196
0.005978145723335594
0.006004612765388342
0.006032623664976434
0.006062218425873669
0.006093439903202978
0.006126333968278638
0.006160949688484399
0.006197339523577187
0.0062355595399685715
0.0062756696447192895
0.006317733841188885
0.00636182050851644
0.006408002707373639
0.0064563585147326165
0.006506971390734013
0.0065599305811317584
0.0066153315592381925
0.006673276511805078
0.006733874873863929
0.006797243918225082
0.006863509406114608
0.006932806306329133
0.0070052795913323855
0.007081085119929508
0.007160390617566484
0.007243376766949707
0.007330238423609234
0.007421185973293229
0.007516446850746255
0.007616267242571205
0.007720914000602473
0.007830676796647815
0.007945870554738525
0.00806683820334747
0.008193953797624458
0.008327626070847213
0.008468302485358209
0.008616473866712125
0.008772679721178202
0.008937514356870466
0.009111633953569271
0.009295764756980632
0.009490712611350368
0.009697374092092415
0.009916749560143007
0.01014995853573894
0.010398257886069925
0.01066306344526071
0.010945975845184534
0.01124881154369188
0.011573640309487944
0.011922830783096663
0.012299106213406739
0.012705613115060539
0.013146006469269047
0.013624556295211986
0.014146282091886526
0.014717124001335076
0.015344162891991572
0.01603590639523013
0.016802665015421398
0.017657052994972937
0.01861466463523245
0.019695001545693244
0.0209227654134932
0.022329694101363647
0.02395722365117571
0.025860437303879706
0.028114076380749912
0.03082195832001047
0.03413222453730007
0.03826296380760416
0.04354714467914994
0.05051536015097142
0.06005707422822338
0.0737562504983317
0.09464672148484521
0.12909054300760028
0.19232387412253613
0.3349785184555369

0.2822046176728072
0.37327159448453934
0.45652711923393485
0.5038887162131501
0.4916089545598539
0.41901531485728744
0.3117657074359457
0.20459046662815658
0.1208177016212692
0.06608046693038015
0.035667425585022505
0.02497544889666528
0.03627743675295352
0.07865430282801007
0.15705188268508638
0.2539509318992604
0.3252240463871895
0.32857024181334904
0.26166442005330054
0.1642307473903778
0.08123397542317413
0.03166566635893547
0.00972759287439937
0.0023549804929790174
0.0004492976801754102
6.755319711537523e-05
8.004285328576762e-06
7.474193790662164e-07
5.500116410059847e-08
3.1896778183436232e-09
1.457787779173298e-10
5.250878013726798e-12
1.4908273514746398e-13
3.3386819096574077e-15
5.917361992156128e-17
8.4553535858152235e-19
1.0831079576642451e-20
1.8991167848154228e-22
6.704732729097203e-24
3.144184775002145e-25
1.4470400374070482e-26
6.174405581008057e-28
2.4262850906447336e-29
8.77490282695825e-31
2.920613562510156e-32
8.946138649080815e-34
2.5218938698925906e-35
6.542558838504648e-37
1.5620614606803572e-38
3.43224473612741e-40
6.940456350297184e-42
1.2915982749326822e-43
2.212058127055622e-45
3.486544904418567e-47
5.057357337289004e-49
6.751210786559685e-51
8.294101473555556e-53
9.377491314129178e-55
9.757389601593142e-57
9.343514661413312e-59
8.234107755695981e-61
6.678093115255277e-63
4.984459183412049e-65
3.423838469308298e-67
2.1644030635570353e-69
1.2591940481151792e-71
6.7418150461102705e-74
3.321931365606706e-76
1.5063785607468947e-78
6.286475774963047e-81
2.4144044125069648e-83
8.533799509425052e-86
2.775904393682388e-88
8.309908132856457e-91
2.2893784500359555e-93
5.8045506858321046e-96
1.3544072652205989e-98
2.908436532395739e-101
5.747772325560915e-104
1.0453679295722778e-106
1.7497195218963544e-109
2.6952394315183883e-112
3.820814169689371e-115
4.9847585755391425e-118
5.9849701973942094e-121
6.6131672237941625e-124
6.724912943673061e-127
6.293517992288622e-130
5.420382558275869e-133
4.29631434630997e-136
3.133948169844626e-139
2.10386185369688e-142
1.2997872673156796e-145
7.390213529528784e-149
3.866974827298e-152
1.862152963713147e-155
8.25256606430563e-159
3.3658310793914423e-162
1.2633546186899915e-165
4.3640315136888025e-169
