1.3104664359074407
0.5423084510412365
0.3405495018395735
0.2498397003418431
0.19443722069012048
0.1564628361692596
0.12911683891928752
0.10880617854636267
0.09334377648325226
0.08131716947243266
0.07178305889564146
0.06409525746319905
0.05780123319299208
0.052577665523084474
0.048189264538005816
0.04446187594634162
0.041264564513623064
0.038497457168385894
0.036083351425715726
0.0339618291863063
0.0320850654244393
0.030414801466281408
0.028920130285177766
0.027575855834174306
0.026361263476841403
0.025259188443288585
0.024255302838244987
0.023337564667852674
0.022495788210054025
0.02172130614662739
0.021006701722371984
0.020345594807744477
0.019732469793653264
0.01916253620222374
0.018631615072057555
0.018136045790882935
0.017672609256865174
0.017238464161481306
0.016831093879817564
0.016448261984668595
0.01608797480976872
0.015748449804792362
0.01542808867250456
0.015125454473031536
0.014839252033938882
0.014568311126901523
0.014311571969241247
0.014068072686845566
0.013836938438072618
0.01361737194935988
0.013408645254848736
0.01321009246633064
0.013021103427717342
0.012841118131222004
0.012669621791447754
0.012506140489360463
0.012350237311268782
0.012201508918923921
0.01205958249606856
0.011924113024519453
0.011794780849413614
0.01167128949878876
0.011553363727372833
0.01144074775846224
0.011333203701187325
0.011230510123389914
0.011132460762848944
0.011038863361750344
0.01094953861116014
0.010864319193869973
0.010783048915379059
0.010705581913987879
0.010631781942032776
0.010561521711209757
0.010494682295738937
0.010431152587824412
0.010370828800481428
0.010313614013345337
0.010259417757554911
0.010208155636224563
0.010159748977393253
0.010114124516668946
0.01007121410708099
0.010030954453914834
0.009993286872536474
0.009958157067422826
0.009925514930801288
0.00989531435946962
0.00986751308851878
0.009842072540818245
0.00981895769124724
0.009798136944768302
0.0097795820275427
0.009763267890381698
0.009749172623914965
0.00973727738493806
0.009727566333476302
0.009720026580172805
0.009714648143675241
0.009711423917759195
0.009710349647986928
0.009711423917759195
0.009714648143675241
0.009720026580172805
0.009727566333476302
0.00973727738493806
0.009749172623914965
0.009763267890381698
0.0097795820275427
0.009798136944768302
0.00981895769124724
0.009842072540818245
0.00986751308851878
0.00989531435946962
0.009925514930801288
0.009958157067422826
0.009993286872536474
0.010030954453914834
0.01007121410708099
0.010114124516668946
0.010159748977393253
0.010208155636224563
0.010259417757554911
0.010313614013345337
0.010370828800481428
0.010431152587824412
0.010494682295738937
0.010561521711209757
0.010631781942032776
0.010705581913987879
0.010783048915379059
0.010864319193869973
0.01094953861116014
0.011038863361750344
0.011132460762848944
0.011230510123389914
0.011333203701187325
0.01144074775846224
0.011553363727372833
0.01167128949878876
0.011794780849413614
0.011924113024519453
0.01205958249606856
0.012201508918923921
0.012350237311268782
0.012506140489360463
0.012669621791447754
0.012841118131222004
0.013021103427717342
0.01321009246633064
0.013408645254848736
0.01361737194935988
0.013836938438072618
0.014068072686845566
0.014311571969241247
0.014568311126901523
0.014839252033938882
0.015125454473031536
0.01542808867250456
0.015748449804792362
0.01608797480976872
0.016448261984668595
0.016831093879817564
0.017238464161481306
0.017672609256865174
0.018136045790882935
0.018631615072057555
0.01916253620222374
0.019732469793653264
0.020345594807744477
0.021006701722371984
0.02172130614662739
0.022495788210054025
0.023337564667852674
0.024255302838244987
0.025259188443288585
0.026361263476841403
0.027575855834174306
0.028920130285177766
0.030414801466281408
0.0320850654244393
0.0339618291863063
0.036083351425715726
0.038497457168385894
0.041264564513623064
0.04446187594634162
0.048189264538005816
0.052577665523084474
0.05780123319299208
0.06409525746319905
0.07178305889564146
0.08131716947243266
0.09334377648325226
0.10880617854636267
0.12911683891928752
0.1564628361692596
0.19443722069012048
0.2498397003418431
0.3405495018395735
0.5423084510412365

0.4603932781567982
0.9748867776759903
1.0680235786830419
0.605353358079921
0.1775164394410577
0.02693875709840712
0.0028084253097489975
0.024053524700207284
0.27539519558203546
1.053458263119771
1.3415823929123576
0.5687921406527229
0.08028345181818879
0.0037725473547186687
5.9017332491514675e-05
3.073694253651766e-07
5.329395702460924e-10
3.076319813349699e-13
5.911820115168814e-17
3.782223182054195e-21
8.055811704758065e-26
5.712256150130097e-31
1.3484729975285835e-36
1.0597734809503308e-42
2.7728096341736107e-49
2.415256579637252e-56
7.003944668525997e-64
6.761738204783561e-72
2.1732526145766956e-80
2.3254032895951368e-89
8.283665762844565e-99
9.823880366028268e-109
3.8786427141337226e-119
5.098151061602079e-130
2.2309089046286244e-141
3.2500292299997565e-153
1.5763856396459157e-165
2.674062499545434e-178
7.166067775540299e-190
1.982418145585928e-200
2.8924898259822715e-211
2.1835102239116007e-222
8.527860281087177e-234
1.7231630664023975e-245
1.801416487958212e-257
9.74323873287462e-270
2.7264278484805676e-282
3.947172704580356e-295
2.9565123902800995e-308
1.146e-321
0.0
0.0
0.0
0.0
0.0
0.0
0.0
0.0
0.0
0.0
0.0
0.0
0.0
0.0
0.0
0.0
0.0
0.0
0.0
0.0
0.0
0.0
0.0
0.0
0.0
0.0
0.0
0.0
0.0
0.0
0.0
0.0
0.0
0.0
0.0
0.0
0.0
0.0
0.0
0.0
0.0
0.0
0.0
0.0
0.0
0.0
0.0
0.0
0.0
0.0
