0.38386567453457543
0.24855292722295425
0.17628816522617122
0.13353778591344592
0.10614915136540447
0.0874742034592749
0.07409865015164144
0.06413417639068882
0.05647006608624769
0.050418445300777964
0.04553440192458127
0.04151934910176533
0.038166457389516295
0.03532848260631982
0.03289807036765604
0.030795294083230212
0.028959536708550983
0.027344063603710576
0.025912309655396155
0.02463528597365882
0.02348973438448307
0.022456791651211463
0.021521007624666938
0.02066961331789879
0.019891968207119297
0.019179137893859468
0.018523567832593263
0.017918828710433245
0.01735941587102878
0.016840589927757738
0.016358249074402725
0.01590882601031958
0.015489204142156956
0.01509664900191138
0.014728751766045321
0.014383382465820663
0.014058651010293183
0.01375287454690788
0.013464549993492992
0.01319233081363525
0.01293500729240179
0.012691489714003034
0.012460793956789198
0.012242029111056058
0.012034386796856276
0.01183713191642799
0.011649594622056671
0.01147116331755477
0.011301278541910646
0.011139427608448734
0.010985139893169434
0.010837982682673811
0.01069755750591452
0.010563496885497133
0.010435461453821153
0.010313137387346263
0.010196234118976986
0.010084482294204387
0.009977631941409978
0.009875450830774101
0.00977772299966012
0.009684247425267297
0.009594836827840677
0.009509316589864047
0.00942752377849788
0.009349306260104594
0.009274521897067784
0.009203037818292042
0.009134729755793516
0.009069481440680543
0.009007184052598429
0.008947735717388525
0.00889104104830314
0.008837010726636178
0.008785561118084605
0.008736613921556427
0.008690095847494148
0.008645938323094566
0.008604077222082116
0.008564452616937801
0.008527008551703547
0.00849169283367546
0.008458456842472595
0.00842725535512217
0.008398046385940936
0.008370791040116647
0.008345453380005512
0.008322000303262701
0.008300401432014262
0.00828062901236185
0.008262657823587188
0.008246465096492229
0.008232030440374289
0.008219335778193601
0.008208365289544878
0.008199105361094446
0.008191544544191524
0.008185673519406309
0.008181485067789398
0.008178974048686899
0.008178137383984003
0.008178974048686899
0.008181485067789398
0.008185673519406309
0.008191544544191524
0.008199105361094446
0.008208365289544878
0.008219335778193601
0.008232030440374289
0.008246465096492229
0.008262657823587188
0.00828062901236185
0.008300401432014262
0.008322000303262701
0.008345453380005512
0.008370791040116647
0.008398046385940936
0.00842725535512217
0.008458456842472595
0.00849169283367546
0.008527008551703547
0.008564452616937801
0.008604077222082116
0.008645938323094566
0.008690095847494148
0.008736613921556427
0.008785561118084605
0.008837010726636178
0.00889104104830314
0.008947735717388525
0.009007184052598429
0.009069481440680543
0.009134729755793516
0.009203037818292042
0.009274521897067784
0.009349306260104594
0.00942752377849788
0.009509316589864047
0.009594836827840677
0.009684247425267297
0.00977772299966012
0.009875450830774101
0.009977631941409978
0.010084482294204387
0.010196234118976986
0.010313137387346263
0.010435461453821153
0.010563496885497133
0.01069755750591452
0.010837982682673811
0.010985139893169434
0.011139427608448734
0.011301278541910646
0.01147116331755477
0.011649594622056671
0.01183713191642799
0.012034386796856276
0.012242029111056058
0.012460793956789198
0.012691489714003034
0.01293500729240179
0.01319233081363525
0.013464549993492992
0.01375287454690788
0.014058651010293183
0.014383382465820663
0.014728751766045321
0.01509664900191138
0.015489204142156956
0.01590882601031958
0.016358249074402725
0.016840589927757738
0.01735941587102878
0.017918828710433245
0.018523567832593263
0.019179137893859468
0.019891968207119297
0.02066961331789879
0.021521007624666938
0.022456791651211463
0.02348973438448307
0.02463528597365882
0.025912309655396155
0.027344063603710576
0.028959536708550983
0.030795294083230212
0.03289807036765604
0.03532848260631982
0.038166457389516295
0.04151934910176533
0.04553440192458127
0.050418445300777964
0.05647006608624769
0.06413417639068882
0.07409865015164144
0.0874742034592749
0.10614915136540447
0.13353778591344592
0.17628816522617122
0.24855292722295425

0.4039299447567877
0.46403163221481714
0.4261796492092871
0.32591857217881415
0.21725886690143853
0.12908224720682107
0.06788256724347373
0.031068154923889868
0.012231281897068817
0.004121812121129432
0.001187199673494745
0.00029216964886972575
6.143239387759774e-05
1.1035892770259812e-05
1.693810608122599e-06
2.22110730006177e-07
2.488407738345569e-08
2.3818853844177934e-09
1.9479037264881908e-10
1.3610103564047514e-11
8.124613011336468e-13
4.1437281016430315e-14
1.8056232151079834e-15
6.722182852714423e-17
2.1381630793943125e-18
5.810568737198748e-20
1.349098851922683e-21
2.676185509750095e-23
4.535612772657286e-25
6.56754469417437e-27
8.124888633806143e-29
8.58774439052464e-31
7.755112717996065e-33
5.983350334540686e-35
3.9441013152865404e-37
2.2212580019767757e-39
1.068802007331689e-41
4.39382574098144e-44
1.543247952480261e-46
4.631011960412331e-49
1.1873080392803853e-51
2.600747722250164e-54
4.867213060716396e-57
7.782332844476076e-60
1.0631304503116446e-62
1.2408252604361024e-65
1.2373199275309481e-68
1.0541458451657214e-71
7.67302667189014e-75
4.7717757623843465e-78
2.535365979762669e-81
1.1509291845767517e-84
4.4637910758867803e-88
1.4791302840855673e-91
4.187514375976272e-95
1.0128695278296577e-98
2.0931387256133712e-102
3.6956414757509927e-106
5.574795808490993e-110
7.184812016955625e-114
7.911323932897419e-118
7.44269526221504e-122
5.982168202294768e-126
4.108036704831243e-130
2.4102235366365554e-134
1.2081688761618154e-138
5.174224602576121e-143
1.8932598380110022e-147
5.918647570888594e-152
1.5808186510152052e-156
3.607355425497977e-161
7.033040697994911e-166
1.1715063287180266e-170
1.667222106643594e-175
2.027167308800872e-180
2.105877188602168e-185
1.8690623924925344e-190
1.4173002723631722e-195
9.182210711380483e-201
5.082530005979367e-206
2.403587631384787e-211
9.711521642093824e-217
3.352446969608573e-222
9.887440059944202e-228
2.4914554349773736e-233
5.363764424242237e-239
9.865828918974489e-245
1.5504036335380303e-250
2.081628797980913e-256
2.387861371173841e-262
2.3402499521394665e-268
1.9595786212259888e-274
1.4018787510031877e-280
8.56851429910291e-287
4.474535018016578e-293
1.9963542527073653e-299
7.609824128770663e-306
2.478328910323e-312
6.89587e-319
0.0
