0.8540396532793394
0.15315484508544222
0.037960430196906966
0.010265957905227396
0.002906344363463774
0.0008556675670114272
0.0002616777434027496
8.310531501891667e-05
2.7407309896849126e-05
9.385832458278758e-06
3.3376899423488526e-06
1.232496637194042e-06
4.725990391351349e-07
1.8817813715428853e-07
7.78069391983903e-08
3.340780492092974e-08
1.4895849760704783e-08
6.8974771265720096e-09
3.3170325855622792e-09
1.6568503910119432e-09
8.596982724548605e-10
4.634566447150937e-10
2.596302962297426e-10
1.5117073295439803e-10
9.149700054868969e-11
5.756750405169535e-11
3.7642997231341166e-11
2.5567301410562707e-11
1.801974296749074e-11
1.3159266110437369e-11
9.937542778713685e-12
7.741991622655971e-12
6.2066950948381036e-12
5.103047095306445e-12
4.292851919011026e-12
3.684085423811761e-12
3.2170825616757142e-12
2.851878508721621e-12
2.561177448057317e-12
2.3259876162432933e-12
2.132860292497945e-12
1.9721116787663827e-12
1.836657893997453e-12
1.7212390047838685e-12
1.6218939845337983e-12
1.5356000815793175e-12
1.4600215395741606e-12
1.3933321043673925e-12
1.3340880086090487e-12
1.281135945529886e-12
1.23354560248519e-12
1.190559641735066e-12
1.1515562185817853e-12
1.1160206077965576e-12
1.0835235166156028e-12
1.0537043556541764e-12
1.0262582211363134e-12
1.0009256806296785e-12
9.774846949755732e-13
9.557441814757071e-13
9.355388480816147e-13
9.167250193223854e-13
8.991772416722493e-13
8.827855057470221e-13
8.674529598745303e-13
8.530940175785231e-13
8.396327827596057e-13
8.270017325901211e-13
8.151406106271549e-13
8.039954923150725e-13
7.935179925791779e-13
7.836645911124113e-13
7.743960556066958e-13
7.65676946864742e-13
7.574751926628551e-13
7.497617195848865e-13
7.425101339379318e-13
7.356964443885991e-13
7.292988201998116e-13
7.232973799605424e-13
7.176740065303562e-13
7.124121846030592e-13
7.074968578575172e-13
7.029143031312935e-13
6.986520194421382e-13
6.946986300078599e-13
6.910437956883e-13
6.87678138503296e-13
6.845931740752443e-13
6.817812520102594e-13
6.792355033730544e-13
6.76949794531609e-13
6.749186867518745e-13
6.731374010130171e-13
6.71601787592341e-13
6.703083000380596e-13
6.692539732091452e-13
6.684364051159986e-13
6.678537423448554e-13
6.675046688937564e-13
6.673883982894633e-13
6.675046688937564e-13
6.678537423448554e-13
6.684364051159986e-13
6.692539732091452e-13
6.703083000380596e-13
6.71601787592341e-13
6.731374010130171e-13
6.749186867518745e-13
6.76949794531609e-13
6.792355033730544e-13
6.817812520102594e-13
6.845931740752443e-13
6.87678138503296e-13
6.910437956883e-13
6.946986300078599e-13
6.986520194421382e-13
7.029143031312935e-13
7.074968578575172e-13
7.124121846030592e-13
7.176740065303562e-13
7.232973799605424e-13
7.292988201998116e-13
7.356964443885991e-13
7.425101339379318e-13
7.497617195848865e-13
7.574751926628551e-13
7.65676946864742e-13
7.743960556066958e-13
7.836645911124113e-13
7.935179925791779e-13
8.039954923150725e-13
8.151406106271549e-13
8.270017325901211e-13
8.396327827596057e-13
8.530940175785231e-13
8.674529598745303e-13
8.827855057470221e-13
8.991772416722493e-13
9.167250193223854e-13
9.355388480816147e-13
9.557441814757071e-13
9.774846949755732e-13
1.0009256806296785e-12
1.0262582211363134e-12
1.0537043556541764e-12
1.0835235166156028e-12
1.1160206077965576e-12
1.1515562185817853e-12
1.190559641735066e-12
1.23354560248519e-12
1.281135945529886e-12
1.3340880086090487e-12
1.3933321043673925e-12
1.4600215395741606e-12
1.5356000815793175e-12
1.6218939845337983e-12
1.7212390047838685e-12
1.836657893997453e-12
1.9721116787663827e-12
2.132860292497945e-12
2.3259876162432933e-12
2.561177448057317e-12
2.851878508721621e-12
3.2170825616757142e-12
3.684085423811761e-12
4.292851919011026e-12
5.103047095306445e-12
6.2066950948381036e-12
7.741991622655971e-12
9.937542778713685e-12
1.3159266110437369e-11
1.801974296749074e-11
2.5567301410562707e-11
3.7642997231341166e-11
5.756750405169535e-11
9.149700054868969e-11
1.5117073295439803e-10
2.596302962297426e-10
4.634566447150937e-10
8.596982724548605e-10
1.6568503910119432e-09
3.3170325855622792e-09
6.8974771265720096e-09
1.4895849760704783e-08
3.340780492092974e-08
7.78069391983903e-08
1.8817813715428853e-07
4.725990391351349e-07
1.232496637194042e-06
3.3376899423488526e-06
9.385832458278758e-06
2.7407309896849126e-05
8.310531501891667e-05
0.0002616777434027496
0.0008556675670114272
0.002906344363463774
0.010265957905227396
0.037960430196906966
0.15315484508544222

2.6033061931064186e-11
8.264861532591979e-09
2.752714063188734e-06
0.00031936411013416745
0.012554717547209888
0.16709444133743856
0.752887101260092
1.1484667962639927
0.5932829040829377
0.10462591323744191
0.009226533056535069
0.00880100618209824
0.02158731183023148
0.04881603536747234
0.10013193839313708
0.17770555087525836
0.2557977079991962
0.2849021897996785
0.2412721023980438
0.15736129020611478
0.08250527387236768
0.03706045607757186
0.015031233490357824
0.005555433755333902
0.0018270514317562454
0.0005215513770565592
0.0001275407224980933
2.6592325693351282e-05
4.721376070134756e-06
7.136256790318676e-07
9.18211767899491e-08
1.005734206927405e-08
9.377591306690031e-10
7.443326521855175e-11
5.029334581090004e-12
2.8928217482250453e-13
1.4164475813202517e-14
5.904009238461246e-16
2.0948900669683338e-17
6.327659987409316e-19
1.6270193558664917e-20
3.5613117487184576e-22
6.635825442217487e-24
1.052561794075084e-25
1.421241690524405e-27
1.6336385119430496e-29
1.5984964477584285e-31
1.3314813137452017e-33
9.441177530227902e-36
5.698820006383732e-38
2.9282719295107582e-40
1.2808714818471085e-42
4.7694400719833386e-45
1.5118089917660438e-47
4.0793797880925055e-50
9.370419702120533e-53
1.8322791301377923e-55
3.0499443446999832e-58
4.3217523994956236e-61
5.2130937729918225e-64
5.353020175828074e-67
4.67918171627106e-70
3.4818385581284704e-73
2.2055405012071304e-76
1.1892937378624562e-79
5.459224006006239e-83
2.1332432767018864e-86
7.096064332339164e-90
2.0093814589464318e-93
4.843674216550101e-97
9.939285080439485e-101
1.736213215108815e-104
2.5817765726037382e-108
3.2681497013460904e-112
3.5217045271104043e-116
3.230513628135717e-120
2.5226553896323008e-124
1.6769185346771127e-128
9.48928937319334e-133
4.571125068924665e-137
1.8744773862312608e-141
6.543422978442863e-146
1.9444530979121556e-150
4.918782702935923e-155
1.0592183360872565e-159
1.941695084544442e-164
3.0300113831862646e-169
4.025086119758067e-174
4.55170158616968e-179
4.3816741171061243e-184
3.590658106916e-189
2.5048153908795655e-194
1.4874592593755161e-199
7.51938157271246e-205
3.2358386340423296e-210
1.185384586995426e-215
3.696573825034007e-221
9.813121587351456e-227
2.2175971956385986e-232
4.266048960592238e-238
