1.0337542971225142
0.11390449915873747
0.015573072501062612
0.003076536458987635
0.0010042543770746198
0.0004940221382570972
0.0003069255882496922
0.00021666683909210552
0.0001653305461661564
0.00013289039768994216
0.00011081959998554871
9.495639471794834e-05
8.306270837230024e-05
7.384338462478216e-05
6.65031876023902e-05
6.052969103617493e-05
5.5579161195771227e-05
5.141307732793463e-05
4.786107957392633e-05
4.479843052921041e-05
4.213180628206162e-05
3.9790054698935035e-05
3.7718017301203615e-05
3.587229766604398e-05
3.421829972387121e-05
3.272811433672231e-05
3.137898468445448e-05
3.0152174236678286e-05
2.9032119654648432e-05
2.8005788573488145e-05
2.706218685496741e-05
2.6191976346310356e-05
2.5387175344284617e-05
2.4640921661676037e-05
2.3947283578426637e-05
2.3301107777767162e-05
2.26978961085167e-05
2.213370500518836e-05
2.1605062858777256e-05
2.110890171473176e-05
2.0642500485859502e-05
2.0203437480691674e-05
1.978955051457954e-05
1.9398903229122693e-05
1.902975652275182e-05
1.8680544211113115e-05
1.8349852205300018e-05
1.803640062954208e-05
1.7739028406061402e-05
1.74566799195105e-05
1.7188393441411604e-05
1.693329104990049e-05
1.6690569824589987e-05
1.645949413264066e-05
1.6239388851817758e-05
1.6029633400723884e-05
1.5829656466549317e-05
1.5638931337384134e-05
1.545697176003378e-05
1.5283328255884377e-05
1.5117584837089306e-05
1.4959356073526142e-05
1.4808284467871825e-05
1.4664038101982319e-05
1.4526308522718916e-05
1.43948088395826e-05
1.4269272010120242e-05
1.4149449292150433e-05
1.4035108844504118e-05
1.392603446025341e-05
1.3822024418367995e-05
1.3722890441438259e-05
1.3628456748578513e-05
1.3538559193904247e-05
1.3453044482092705e-05
1.3371769453509864e-05
1.329460043223834e-05
1.3221412631087438e-05
1.3152089608322536e-05
1.3086522771428207e-05
1.3024610923729275e-05
1.2966259850144092e-05
1.291138193874377e-05
1.2859895835145238e-05
1.2811726127081775e-05
1.2766803056775857e-05
1.2725062258991098e-05
1.268644452286575e-05
1.2650895575833227e-05
1.2618365888118326e-05
1.2588810496463421e-05
1.256218884588963e-05
1.2538464648434951e-05
1.2517605757937384e-05
1.249958406004637e-05
1.248437537675321e-05
1.2471959384830568e-05
1.2462319547664437e-05
1.2455443060049935e-05
1.2451320805606094e-05
1.2449947326544716e-05
1.2451320805606094e-05
1.2455443060049935e-05
1.2462319547664437e-05
1.2471959384830568e-05
1.248437537675321e-05
1.249958406004637e-05
1.2517605757937384e-05
1.2538464648434951e-05
1.256218884588963e-05
1.2588810496463421e-05
1.2618365888118326e-05
1.2650895575833227e-05
1.268644452286575e-05
1.2725062258991098e-05
1.2766803056775857e-05
1.2811726127081775e-05
1.2859895835145238e-05
1.291138193874377e-05
1.2966259850144092e-05
1.3024610923729275e-05
1.3086522771428207e-05
1.3152089608322536e-05
1.3221412631087438e-05
1.329460043223834e-05
1.3371769453509864e-05
1.3453044482092705e-05
1.3538559193904247e-05
1.3628456748578513e-05
1.3722890441438259e-05
1.3822024418367995e-05
1.392603446025341e-05
1.4035108844504118e-05
1.4149449292150433e-05
1.4269272010120242e-05
1.43948088395826e-05
1.4526308522718916e-05
1.4664038101982319e-05
1.4808284467871825e-05
1.4959356073526142e-05
1.5117584837089306e-05
1.5283328255884377e-05
1.545697176003378e-05
1.5638931337384134e-05
1.5829656466549317e-05
1.6029633400723884e-05
1.6239388851817758e-05
1.645949413264066e-05
1.6690569824589987e-05
1.693329104990049e-05
1.7188393441411604e-05
1.74566799195105e-05
1.7739028406061402e-05
1.803640062954208e-05
1.8349852205300018e-05
1.8680544211113115e-05
1.902975652275182e-05
1.9398903229122693e-05
1.978955051457954e-05
2.0203437480691674e-05
2.0642500485859502e-05
2.110890171473176e-05
2.1605062858777256e-05
2.213370500518836e-05
2.26978961085167e-05
2.3301107777767162e-05
2.3947283578426637e-05
2.4640921661676037e-05
2.5387175344284617e-05
2.6191976346310356e-05
2.706218685496741e-05
2.8005788573488145e-05
2.9032119654648432e-05
3.0152174236678286e-05
3.137898468445448e-05
3.272811433672231e-05
3.421829972387121e-05
3.587229766604398e-05
3.7718017301203615e-05
3.9790054698935035e-05
4.213180628206162e-05
4.479843052921041e-05
4.786107957392633e-05
5.141307732793463e-05
5.5579161195771227e-05
6.052969103617493e-05
6.65031876023902e-05
7.384338462478216e-05
8.306270837230024e-05
9.495639471794834e-05
0.00011081959998554871
0.00013289039768994216
0.0001653305461661564
0.00021666683909210552
0.0003069255882496922
0.0004940221382570972
0.0010042543770746198
0.003076536458987635
0.015573072501062612
0.11390449915873747

0.0005925021601098804
0.0015118344120033814
0.003554076865252504
0.007697641968074605
0.01536020103869752
0.028238680116392887
0.04782997887906807
0.07463873766574669
0.10730933331704966
0.1436661270657527
0.526169312826024
2.6763393502463804
0.7332692352262357
0.19626855567856813
0.16953023308128393
0.1373333166318207
0.10249784098575787
0.07047933990502661
0.04464956577819317
0.026060392525478062
0.014013704882483186
0.006942778074069944
0.003168997528796473
0.0013326583327659838
0.0005163260527319802
0.0001843051881079434
6.061210729622281e-05
1.8364939733339385e-05
5.126582291339256e-06
1.318483380586464e-06
3.1241342507417416e-07
6.820135730246288e-08
1.3717174037964406e-08
2.5418187629836228e-09
4.3394312778213593e-10
6.825419519216796e-11
9.890863004679532e-12
1.320527118964984e-12
1.6243094230344827e-13
1.8407656623449398e-14
1.921925488500101e-15
1.8487700194354327e-16
1.6384663804242155e-17
1.3378286143316161e-18
1.0064025492601206e-19
6.975113470550134e-21
4.453886313012177e-22
2.6202050476860052e-23
1.4201680303816778e-24
7.091734797069088e-26
3.262672948093522e-27
1.3829386018087695e-28
5.400581914346262e-30
1.9430613696845422e-31
6.440814314330883e-33
1.9669953871777445e-34
5.534446651058364e-36
1.4346744723287386e-37
3.426421902931047e-39
7.539396882693436e-41
1.5284128318876476e-42
2.8546511682565765e-44
4.912173731017698e-46
7.787583062887583e-48
1.137470040961957e-49
1.5306840022955828e-51
1.8977518392398343e-53
2.1677120915307915e-55
2.281245791501967e-57
2.2118255089545976e-59
1.9757770918796007e-61
1.6260478829746724e-63
1.2329260147607701e-65
8.612892043151916e-68
5.543311607687957e-70
3.2869862132186253e-72
1.7957040989214397e-74
9.038158784293497e-77
4.191152477179662e-79
1.7905862973113126e-81
7.047991208174221e-84
2.55589937636039e-86
8.53946084864874e-89
2.6286057455806584e-91
7.454675703172848e-94
1.9477820497281643e-96
4.6887844102795275e-99
1.0398925599305017e-101
2.1248338628450795e-104
4.000090234584323e-107
6.937817939945131e-110
1.1086240892618949e-112
1.6321272829820116e-115
2.21376766365116e-118
2.766421528573241e-121
3.1850259365070926e-124
3.378437524894825e-127
3.301620196873994e-130
2.9726695482873413e-133
2.465894303709324e-136
