1.0302004221610457
0.7215212468218993
0.5739476152431097
0.48366529826336735
0.4199424171439813
0.37135208897348315
0.33264181588097846
0.30094471020295727
0.2744904841814879
0.25209132929794853
0.2329048064795895
0.21631014297814904
0.20183706470901633
0.18912170258604907
0.17787772272254093
0.1678766260999522
0.15893387288556116
0.150898862337987
0.14364754880523828
0.13707690740229622
0.13110072551074975
0.12564636178497396
0.12065222213231797
0.11606577420373712
0.11184197120974793
0.10794199022106235
0.10433221444925214
0.10098340650009908
0.09787003233717491
0.09496970508581835
0.09226272480389758
0.08973169560811453
0.087361205538629
0.08513755760158995
0.083048542786957
0.08108324769091159
0.0792318908052377
0.0774856826643594
0.07583670593447255
0.07427781224123194
0.07280253310279057
0.07140500279419276
0.07007989134066427
0.06882234613936378
0.06762794095576379
0.06649263124303992
0.06541271489933485
0.06438479771536884
0.06340576287903173
0.062472743998641965
0.06158310118597072
0.060734399806694435
0.059924391561915785
0.0591509976116067
0.05841229349077063
0.057706495603009285
0.05703194910500811
0.05638711702004802
0.055770570439681796
0.05518097969074613
0.05461710636037661
0.054077796085043275
0.053561972021151164
0.05306862892472394
0.0525968277763389
0.052145690894997994
0.051714397491164875
0.05130217961490902
0.05090831846009067
0.05053214098989271
0.05017301685284387
0.04983035556184991
0.04950360391172136
0.04919224361330678
0.04889578912465729
0.04861378566169939
0.04834580737271058
0.04809145566251017
0.047850357653713475
0.04762216477368072
0.0474065514569364
0.047203213953858805
0.04701186923735772
0.04683225400008208
0.04666412373544198
0.04650725189639764
0.04636142912657275
0.046226462558797296
0.04610217517668258
0.045988405235283955
0.04588500573732079
0.04579184396180317
0.04570880104226343
0.045635771592113294
0.04557266337494737
0.04551939701789192
0.04547590576636052
0.0454421352788246
0.04541804346044159
0.04540360033460702
0.04539878795171328
0.04540360033460702
0.04541804346044159
0.0454421352788246
0.04547590576636052
0.04551939701789192
0.04557266337494737
0.045635771592113294
0.04570880104226343
0.04579184396180317
0.04588500573732079
0.045988405235283955
0.04610217517668258
0.046226462558797296
0.04636142912657275
0.04650725189639764
0.04666412373544198
0.04683225400008208
0.04701186923735772
0.047203213953858805
0.0474065514569364
0.04762216477368072
0.047850357653713475
0.04809145566251017
0.04834580737271058
0.04861378566169939
0.04889578912465729
0.04919224361330678
0.04950360391172136
0.04983035556184991
0.05017301685284387
0.05053214098989271
0.05090831846009067
0.05130217961490902
0.051714397491164875
0.052145690894997994
0.0525968277763389
0.05306862892472394
0.053561972021151164
0.054077796085043275
0.05461710636037661
0.05518097969074613
0.055770570439681796
0.05638711702004802
0.05703194910500811
0.057706495603009285
0.05841229349077063
0.0591509976116067
0.059924391561915785
0.060734399806694435
0.06158310118597072
0.062472743998641965
0.06340576287903173
0.06438479771536884
0.06541271489933485
0.06649263124303992
0.06762794095576379
0.06882234613936378
0.07007989134066427
0.07140500279419276
0.07280253310279057
0.07427781224123194
0.07583670593447255
0.0774856826643594
0.0792318908052377
0.08108324769091159
0.083048542786957
0.08513755760158995
0.087361205538629
0.08973169560811453
0.09226272480389758
0.09496970508581835
0.09787003233717491
0.10098340650009908
0.10433221444925214
0.10794199022106235
0.11184197120974793
0.11606577420373712
0.12065222213231797
0.12564636178497396
0.13110072551074975
0.13707690740229622
0.14364754880523828
0.150898862337987
0.15893387288556116
0.1678766260999522
0.17787772272254093
0.18912170258604907
0.20183706470901633
0.21631014297814904
0.2329048064795895
0.25209132929794853
0.2744904841814879
0.30094471020295727
0.33264181588097846
0.37135208897348315
0.4199424171439813
0.48366529826336735
0.5739476152431097
0.7215212468218993

2.1843432733278645
1.7207209083256358
0.5529382402344685
0.22958960100813403
0.22100525793914216
0.2541787437464282
0.2520234384295561
0.21118201802370024
0.14948680277391813
0.08938753590702714
0.04515223631655405
0.01926680722288612
0.006944938852079191
0.002114731760574929
0.0005439642231736265
0.00011819893763841573
2.169626600382785e-05
3.3642217003076566e-06
4.4066890479120356e-07
4.876052712293123e-08
4.5577716735069495e-09
3.598859775719861e-10
2.4005207982981973e-11
1.3526150277035773e-12
6.438298833962406e-14
2.588786531155837e-15
8.793252365425646e-17
2.523080005785165e-18
6.115622838758535e-20
1.2522139944215694e-21
2.1659309120450656e-23
3.1647458092271787e-25
3.906260973066881e-27
4.072976114616829e-29
3.5874896695036843e-31
2.6693015732060496e-33
1.6777715007424892e-35
8.908327422419308e-38
3.995652550535646e-40
1.5139357655215123e-42
4.845687121273488e-45
1.3101815407123026e-47
2.992511107063951e-50
5.773886640488717e-53
9.410851543476729e-56
1.295739741591115e-58
1.5070748530648329e-61
1.4807442495247247e-64
1.2290045013005727e-67
8.616979894882827e-71
5.103696884433007e-74
2.5535411095036854e-77
1.0792673081463135e-80
3.853393652581335e-84
1.1622135126868239e-87
2.961124385054398e-91
6.37317095646236e-95
1.1587311260990794e-98
1.7796637955763535e-102
2.308986773202655e-106
2.530655987822051e-110
2.3430036565948953e-114
1.8324874458755733e-118
1.210701936421045e-122
6.757120338127401e-127
3.1857688177044075e-131
1.2688054870609729e-135
4.268782490303702e-140
1.2132245568006785e-144
2.9127723634994053e-149
5.9074504254504205e-154
1.0120962449639724e-158
1.4647777307352164e-163
1.7908113208478007e-168
1.849507603137449e-173
1.6135803563970388e-178
1.189195515213053e-183
7.40361990813408e-189
3.8937059766769906e-194
1.7298577051211337e-199
6.492108871467512e-205
2.0582086331406787e-210
5.512151989800901e-216
1.2470422281168915e-221
2.383248472710982e-227
3.8475624182094713e-233
5.247231342753009e-239
6.045092314832928e-245
5.883067753703469e-251
4.83651957793265e-257
3.358847123010883e-263
1.9704967015832254e-269
9.76538509698044e-276
4.088191432492493e-282
1.4457768302125092e-288
4.3191619115362005e-295
1.0899984895813168e-301
2.323702338017078e-308
4.184689904e-315
6.3e-322
