0.1764806763768203
0.01952037110188468
0.003686429269277964
0.0008867338061011234
0.00024381784691874863
7.493364876212079e-05
2.5638218407355573e-05
9.753741840530546e-06
4.119838195589839e-06
1.926837131030435e-06
9.934020297255031e-07
5.608934632857061e-07
3.4390282393439166e-07
2.2674751044083955e-07
1.5912940953877875e-07
1.1769682837066791e-07
9.092841295856807e-08
7.2812156270583e-08
6.004586617938966e-08
5.072910647750683e-08
4.3720912382392624e-08
3.8309608451393755e-08
3.403573955589616e-08
3.059334867475312e-08
2.7772936463103706e-08
2.5427408160372147e-08
2.34511254507764e-08
2.176666131386343e-08
2.0316212010944734e-08
1.9055898793311133e-08
1.795190611577925e-08
1.697781307988375e-08
1.6112716135439174e-08
1.533988647779557e-08
1.4645795133908248e-08
1.4019395020100155e-08
1.345158531241913e-08
1.2934806981092341e-08
1.2462733925739153e-08
1.203003464055989e-08
1.1632186505892422e-08
1.1265329765241314e-08
1.0926151727321637e-08
1.0611794203014853e-08
1.0319778960461918e-08
1.0047947268106964e-08
9.794410538369471e-09
9.557509782174186e-09
9.335899650675142e-09
9.128042423261759e-09
8.932914419604495e-09
8.7494914713113e-09
8.576858427629211e-09
8.414195206953116e-09
8.260764929206612e-09
8.11590377775473e-09
7.97901230539803e-09
7.84954795136735e-09
7.72701857808906e-09
7.610976870108893e-09
7.501015464702144e-09
7.396762705712315e-09
7.297878930098483e-09
7.204053211352738e-09
7.115000496014909e-09
7.030459079468496e-09
6.9501883754496614e-09
6.873966940559638e-09
6.801590720793935e-09
6.732871491894619e-09
6.667635469358648e-09
6.605722067329744e-09
6.546982788471602e-09
6.4912802293545985e-09
6.438487187959198e-09
6.388485861665835e-09
6.3411671256126086e-09
6.296429882598502e-09
6.254180476825145e-09
6.214332164731779e-09
6.176804637009694e-09
6.141523586603148e-09
6.108420318130352e-09
6.077431394703899e-09
6.0484983186069595e-09
6.021567242699353e-09
5.996588709794477e-09
5.973517417571504e-09
5.9523120068727975e-09
5.932934871489884e-09
5.915351987766566e-09
5.899532762549058e-09
5.885449898193524e-09
5.873079273504034e-09
5.862399839621314e-09
5.853393530016959e-09
5.84604518387087e-09
5.840342482223528e-09
5.836275896400662e-09
5.8338386483075415e-09
5.833026682284689e-09
5.8338386483075415e-09
5.836275896400662e-09
5.840342482223528e-09
5.84604518387087e-09
5.853393530016959e-09
5.862399839621314e-09
5.873079273504034e-09
5.885449898193524e-09
5.899532762549058e-09
5.915351987766566e-09
5.932934871489884e-09
5.9523120068727975e-09
5.973517417571504e-09
5.996588709794477e-09
6.021567242699353e-09
6.0484983186069595e-09
6.077431394703899e-09
6.108420318130352e-09
6.141523586603148e-09
6.176804637009694e-09
6.214332164731779e-09
6.254180476825145e-09
6.296429882598502e-09
6.3411671256126086e-09
6.388485861665835e-09
6.438487187959198e-09
6.4912802293545985e-09
6.546982788471602e-09
6.605722067329744e-09
6.667635469358648e-09
6.732871491894619e-09
6.801590720793935e-09
6.873966940559638e-09
6.9501883754496614e-09
7.030459079468496e-09
7.115000496014909e-09
7.204053211352738e-09
7.297878930098483e-09
7.396762705712315e-09
7.501015464702144e-09
7.610976870108893e-09
7.72701857808906e-09
7.84954795136735e-09
7.97901230539803e-09
8.11590377775473e-09
8.260764929206612e-09
8.414195206953116e-09
8.576858427629211e-09
8.7494914713113e-09
8.932914419604495e-09
9.128042423261759e-09
9.335899650675142e-09
9.557509782174186e-09
9.794410538369471e-09
1.0047947268106964e-08
1.0319778960461918e-08
1.0611794203014853e-08
1.0926151727321637e-08
1.1265329765241314e-08
1.1632186505892422e-08
1.203003464055989e-08
1.2462733925739153e-08
1.2934806981092341e-08
1.345158531241913e-08
1.4019395020100155e-08
1.4645795133908248e-08
1.533988647779557e-08
1.6112716135439174e-08
1.697781307988375e-08
1.795190611577925e-08
1.9055898793311133e-08
2.0316212010944734e-08
2.176666131386343e-08
2.34511254507764e-08
2.5427408160372147e-08
2.7772936463103706e-08
3.059334867475312e-08
3.403573955589616e-08
3.8309608451393755e-08
4.3720912382392624e-08
5.072910647750683e-08
6.004586617938966e-08
7.2812156270583e-08
9.092841295856807e-08
1.1769682837066791e-07
1.5912940953877875e-07
2.2674751044083955e-07
3.4390282393439166e-07
5.608934632857061e-07
9.934020297255031e-07
1.926837131030435e-06
4.119838195589839e-06
9.753741840530546e-06
2.5638218407355573e-05
7.493364876212079e-05
0.00024381784691874863
0.0008867338061011234
0.003686429269277964
0.01952037110188468

2.4673395663236054e-07
4.681185424432771e-06
6.066347601891808e-05
0.0005369616460179387
0.0032464129876667784
0.013406295716768159
0.03781449886085145
0.0728538371012648
0.09587183460452739
0.08617358732203871
0.052905623104129246
0.022185745234969342
0.006354637299475595
0.0012449864716208305
0.0009475978928463185
0.04070952832783596
0.2478376246927262
0.17652373660739243
0.01470437601277381
0.00014325055357002867
1.6321229532510104e-07
2.175065655572954e-11
3.5743093626493955e-16
8.071413593662873e-20
2.365727038674315e-22
4.772654028805669e-25
6.576579001959302e-28
6.1899145866500645e-31
3.979365201488349e-34
1.74738042421242e-37
5.24089743892547e-41
1.0736639778628562e-44
1.502365599469892e-48
1.4359106138172985e-52
9.373973195155259e-57
4.179886947273467e-61
1.2730629840358328e-65
2.6483767851772116e-70
3.763172970732516e-75
3.652356114363939e-80
2.4212329613981668e-85
1.096338248896836e-90
3.3907602331320913e-96
7.162986339512648e-102
1.0335599956111036e-107
1.0186424874990025e-113
6.85728829448485e-120
3.153026036787192e-126
9.902554295039312e-133
2.1242784052409554e-139
3.1125774220193536e-146
3.1151102237133806e-153
2.1294684017441196e-160
9.942910011291814e-168
3.171029952159445e-175
6.907671978795697e-183
1.027797589981957e-190
1.0445470585443215e-198
7.250917311961655e-207
3.4379726809904314e-215
1.1134133309748141e-223
2.4629462776808243e-232
3.7213283188028834e-241
3.840480492082275e-250
2.7071833209814813e-259
1.3034497544688872e-268
4.2866245827410355e-278
9.628998798232167e-288
1.477377026887102e-297
1.5482677839124711e-307
1.1082693e-317
0.0
0.0
0.0
0.0
0.0
0.0
0.0
0.0
0.0
0.0
0.0
0.0
0.0
0.0
0.0
0.0
0.0
0.0
0.0
0.0
0.0
0.0
0.0
0.0
0.0
0.0
0.0
0.0
0.0
