0.7434372565753499
0.34191988752309704
0.20657308759313162
0.13873369521744613
0.10012199620811378
0.07636296683086163
0.06080208935465316
0.050069517138845845
0.04234177543060756
0.03657457587130346
0.03213952930873788
0.028641796313530435
0.025823715131326953
0.023511468955987748
0.021584330696889066
0.01995626144424848
0.01856453040789422
0.0173624649989504
0.016314706912939972
0.015394032120967238
0.01457917208681991
0.013853291050501676
0.013202902422444407
0.012617084834674143
0.012086906352678744
0.011604995672101999
0.011165218678214617
0.010762431590172136
0.010392290493583017
0.010051102889828196
0.009735710902964854
0.009443398587069824
0.00917181775886864
0.008918928199341113
0.008682949095170287
0.00846231934240816
0.008255664890027364
0.008061771715189748
0.007879563333690939
0.0077080819854764
0.007546472815926961
0.007393970512904548
0.0072498879676212696
0.007113606611808873
0.006984568150020809
0.006862267458375878
0.006746246462794011
0.0066360888431598025
0.006531415436692033
0.006431880235487823
0.006337166890821841
0.006246985651146475
0.0061610706725085595
0.006079177649781499
0.0060010817251109575
0.005926575636606084
0.005855468075830241
0.00578758222725832
0.005722754466734848
0.005660833199219788
0.0056016778188534245
0.005545157776694894
0.005491151743461019
0.005439546856271316
0.0053902380398386865
0.005343127393772683
0.005298123638715745
0.005255141614939505
0.0052141018278102445
0.005174930035209068
0.005137556872578446
0.005101917511776154
0.0050679513503609774
0.0050356017283215565
0.005004815669597904
0.004975543646041826
0.0049477393617225396
0.004921359555713025
0.004896363821694472
0.0048727144428946404
0.00485037624103386
0.004829316438092509
0.004809504529838325
0.004790912170162905
0.004773513065375709
0.004757282877692639
0.004742199137235682
0.004728241161931688
0.0047153899847628515
0.004703628287879741
0.004692940343140787
0.004683311958690231
0.004674730431230729
0.00466718450368721
0.004660664327995955
0.00465516143278751
0.004650668695764308
0.00464718032060424
0.004644691818249987
0.004643199992471304
0.004642702929613576
0.004643199992471304
0.004644691818249987
0.00464718032060424
0.004650668695764308
0.00465516143278751
0.004660664327995955
0.00466718450368721
0.004674730431230729
0.004683311958690231
0.004692940343140787
0.004703628287879741
0.0047153899847628515
0.004728241161931688
0.004742199137235682
0.004757282877692639
0.004773513065375709
0.004790912170162905
0.004809504529838325
0.004829316438092509
0.00485037624103386
0.0048727144428946404
0.004896363821694472
0.004921359555713025
0.0049477393617225396
0.004975543646041826
0.005004815669597904
0.0050356017283215565
0.0050679513503609774
0.005101917511776154
0.005137556872578446
0.005174930035209068
0.0052141018278102445
0.005255141614939505
0.005298123638715745
0.005343127393772683
0.0053902380398386865
0.005439546856271316
0.005491151743461019
0.005545157776694894
0.0056016778188534245
0.005660833199219788
0.005722754466734848
0.00578758222725832
0.005855468075830241
0.005926575636606084
0.0060010817251109575
0.006079177649781499
0.0061610706725085595
0.006246985651146475
0.006337166890821841
0.006431880235487823
0.006531415436692033
0.0066360888431598025
0.006746246462794011
0.006862267458375878
0.006984568150020809
0.007113606611808873
0.0072498879676212696
0.007393970512904548
0.007546472815926961
0.0077080819854764
0.007879563333690939
0.008061771715189748
0.008255664890027364
0.00846231934240816
0.008682949095170287
0.008918928199341113
0.00917181775886864
0.009443398587069824
0.009735710902964854
0.010051102889828196
0.010392290493583017
0.010762431590172136
0.011165218678214617
0.011604995672101999
0.012086906352678744
0.012617084834674143
0.013202902422444407
0.013853291050501676
0.01457917208681991
0.015394032120967238
0.016314706912939972
0.0173624649989504
0.01856453040789422
0.01995626144424848
0.021584330696889066
0.023511468955987748
0.025823715131326953
0.028641796313530435
0.03213952930873788
0.03657457587130346
0.04234177543060756
0.050069517138845845
0.06080208935465316
0.07636296683086163
0.10012199620811378
0.13873369521744613
0.20657308759313162
0.34191988752309704

0.2241470754014037
0.40322287673655033
0.5702293155295864
0.6339371565519943
0.5540324015403267
0.3806417410256317
0.20558430109259568
0.08728824755735215
0.029134924100419797
0.007644767777979407
0.0015769103149907667
0.0002557077833173448
4.177554571021895e-05
0.004900435978753565
0.17586993341736437
0.4251489756289961
0.06918239712616518
0.0007577996874643043
5.587508879416902e-07
2.7753374239124532e-11
4.855776377825759e-16
5.743404003683519e-18
6.599605361674759e-20
5.961567043233947e-22
4.233457341461321e-24
2.363318384944497e-26
1.0371499934941308e-28
3.5781059352894706e-31
9.704141258606342e-34
2.0689658151320556e-36
3.467702329858132e-39
4.5690151217379894e-42
4.732555007002591e-45
3.853550330181651e-48
2.466713385758584e-51
1.2412767918650615e-54
4.91033215220725e-58
1.5270223554472937e-61
3.733122230214685e-65
7.174494624698436e-69
1.0839336756551625e-72
1.2873789204599554e-76
1.2019941893246332e-80
8.822478986787843e-85
5.0906259496925686e-89
2.3091068590194544e-93
8.233967824011219e-98
2.308163609998112e-102
5.0864678509067225e-107
8.811671696874765e-112
1.2000313779123703e-116
1.2847516552235516e-121
1.0812797253086924e-126
7.154004740365718e-132
3.7209400877634453e-137
1.5214175478086514e-142
4.8903107258410734e-148
1.2357106174956705e-153
2.454648956760491e-159
3.833136590238398e-165
4.705561876338724e-171
4.541099020022367e-177
3.4451072394516897e-183
2.054645060433346e-189
9.63303551719503e-196
3.550436949480576e-202
1.0287094695361962e-208
2.343127712948397e-215
4.195574850938403e-222
5.905807354852054e-229
6.535207314268214e-236
5.685016792255163e-243
3.887732941742628e-250
2.0900341729988954e-257
8.832886290392606e-265
2.9345680311757283e-272
7.664397393091782e-280
1.5736354726995435e-287
2.539934686982049e-295
3.2227992310086366e-303
3.214668861539e-311
2.52077e-319
0.0
0.0
0.0
0.0
0.0
0.0
0.0
0.0
0.0
0.0
0.0
0.0
0.0
0.0
0.0
0.0
0.0
0.0
