0.523975895544203
0.019779444386321433
0.0008660516611477981
4.43397815306159e-05
2.8243184402034046e-06
2.631754773990186e-07
4.4454753872954684e-08
1.3574708058063374e-08
6.161984511380732e-09
3.512910562497098e-09
2.3188558280571846e-09
1.6855573618390251e-09
1.3078795405059424e-09
1.0625629789122717e-09
8.926132789954715e-10
7.688932618977245e-10
6.752596625641885e-10
6.021641317216037e-10
5.436470022166977e-10
4.958183151343485e-10
4.560417134067357e-10
4.2247243907067815e-10
3.9378378958319934e-10
3.6899874846483264e-10
3.4738278733359556e-10
3.283735590102926e-10
3.115335614701891e-10
2.9651751661188387e-10
2.8304941689030596e-10
2.7090606984787566e-10
2.5990510033618003e-10
2.4989606804768264e-10
2.407537992456297e-10
2.3237331664262025e-10
2.2466593916269777e-10
2.1755624926052154e-10
2.1097971133639003e-10
2.048807842262977e-10
1.9921141247738327e-10
1.939298108025117e-10
1.889994774797226e-10
1.843883880254555e-10
1.800683319243432e-10
1.7601436371197316e-10
1.722043460943447e-10
1.6861856762193357e-10
1.6523942112527134e-10
1.6205113195600452e-10
1.5903952727535588e-10
1.5619183934661227e-10
1.5349653713480182e-10
1.5094318158077834e-10
1.4852230076276716e-10
1.4622528183461428e-10
1.4404427717345172e-10
1.4197212260855585e-10
1.4000226595961672e-10
1.3812870440337498e-10
1.3634592942578119e-10
1.3464887831283602e-10
1.3303289129520334e-10
1.314936735960177e-10
1.300272617431475e-10
1.2862999360063907e-10
1.2729848165244402e-10
1.2602958913748056e-10
1.2482040869075063e-10
1.2366824319237776e-10
1.2257058856647298e-10
1.2152511830584619e-10
1.2052966952772138e-10
1.1958223039057535e-10
1.18680928723662e-10
1.1782402173924614e-10
1.1700988671351208e-10
1.1623701253590712e-10
1.1550399203864918e-10
1.1480951502853471e-10
1.1415236195225543e-10
1.1353139813435861e-10
1.1294556853392564e-10
1.1239389297213529e-10
1.1187546178823837e-10
1.1138943188619504e-10
1.109350231384042e-10
1.105115151166564e-10
1.1011824412373014e-10
1.0975460050198226e-10
1.0942002619790076e-10
1.0911401256393479e-10
1.0883609838102758e-10
1.0858586808718202e-10
1.0836295019911581e-10
1.0816701591563455e-10
1.0799777789278964e-10
1.0785498918220992e-10
1.0773844232522303e-10
1.0764796859652218e-10
1.0758343739220644e-10
1.0754475575803941e-10
1.0753186805473792e-10
1.0754475575803941e-10
1.0758343739220644e-10
1.0764796859652218e-10
1.0773844232522303e-10
1.0785498918220992e-10
1.0799777789278964e-10
1.0816701591563455e-10
1.0836295019911581e-10
1.0858586808718202e-10
1.0883609838102758e-10
1.0911401256393479e-10
1.0942002619790076e-10
1.0975460050198226e-10
1.1011824412373014e-10
1.105115151166564e-10
1.109350231384042e-10
1.1138943188619504e-10
1.1187546178823837e-10
1.1239389297213529e-10
1.1294556853392564e-10
1.1353139813435861e-10
1.1415236195225543e-10
1.1480951502853471e-10
1.1550399203864918e-10
1.1623701253590712e-10
1.1700988671351208e-10
1.1782402173924614e-10
1.18680928723662e-10
1.1958223039057535e-10
1.2052966952772138e-10
1.2152511830584619e-10
1.2257058856647298e-10
1.2366824319237776e-10
1.2482040869075063e-10
1.2602958913748056e-10
1.2729848165244402e-10
1.2862999360063907e-10
1.300272617431475e-10
1.314936735960177e-10
1.3303289129520334e-10
1.3464887831283602e-10
1.3634592942578119e-10
1.3812870440337498e-10
1.4000226595961672e-10
1.4197212260855585e-10
1.4404427717345172e-10
1.4622528183461428e-10
1.4852230076276716e-10
1.5094318158077834e-10
1.5349653713480182e-10
1.5619183934661227e-10
1.5903952727535588e-10
1.6205113195600452e-10
1.6523942112527134e-10
1.6861856762193357e-10
1.722043460943447e-10
1.7601436371197316e-10
1.800683319243432e-10
1.843883880254555e-10
1.889994774797226e-10
1.939298108025117e-10
1.9921141247738327e-10
2.048807842262977e-10
2.1097971133639003e-10
2.1755624926052154e-10
2.2466593916269777e-10
2.3237331664262025e-10
2.407537992456297e-10
2.4989606804768264e-10
2.5990510033618003e-10
2.7090606984787566e-10
2.8304941689030596e-10
2.9651751661188387e-10
3.115335614701891e-10
3.283735590102926e-10
3.4738278733359556e-10
3.6899874846483264e-10
3.9378378958319934e-10
4.2247243907067815e-10
4.560417134067357e-10
4.958183151343485e-10
5.436470022166977e-10
6.021641317216037e-10
6.752596625641885e-10
7.688932618977245e-10
8.926132789954715e-10
1.0625629789122717e-09
1.3078795405059424e-09
1.6855573618390251e-09
2.3188558280571846e-09
3.512910562497098e-09
6.161984511380732e-09
1.3574708058063374e-08
4.4454753872954684e-08
2.631754773990186e-07
2.8243184402034046e-06
4.43397815306159e-05
0.0008660516611477981
0.019779444386321433

4.909506136926339e-09
2.7207694100915475e-08
1.370079384395e-07
6.269021995802118e-07
2.6064771918306783e-06
9.847099489689784e-06
3.3803909577179365e-05
0.00010546051031765388
0.00029945916253377834
0.0007831500154448702
0.002004207672267215
0.005883731916971831
0.02132824334740736
0.07631072908848592
0.21367530624486283
0.4241573712008506
0.5791644141835218
0.5425572230195425
0.3561278830836836
0.1765119364140364
0.08043322877370293
0.0437367007791186
0.028457654135411348
0.018699980686313573
0.011410156425508793
0.006344764001435653
0.003206727416105843
0.0014727100466709173
0.0006145722654735629
0.0002330390752007097
8.029427957327198e-05
2.5138567723338324e-05
7.151489753129913e-06
1.8486409877587978e-06
4.3421887881163066e-07
9.267549019516815e-08
1.797302376613774e-08
3.1672144621961222e-09
5.071470009375522e-10
7.378877794963392e-11
9.755439515954501e-12
1.1719347441631906e-12
1.279263726654534e-13
1.2688690608584297e-14
1.143598552065794e-15
9.36548887127917e-17
6.969271346435925e-18
4.712424034309113e-19
2.895352312687224e-20
1.6164360907395826e-21
8.200035383671182e-23
3.779836206740214e-24
1.58318002475167e-25
6.025425055764684e-27
2.083747745606297e-28
6.547909425922198e-30
1.869649726453095e-31
4.850850651889031e-33
1.1436038893622336e-34
2.4498156808997108e-36
4.768604048273314e-38
8.434302684332134e-40
1.3555238666907807e-41
1.9795442811901755e-43
2.62677781740645e-45
3.167244025720377e-47
3.470082320484964e-49
3.454602605072333e-51
3.1250464805228436e-53
2.5687091503634625e-55
1.9185514528029875e-57
1.3020631122737443e-59
8.029540380439122e-62
4.499346128208352e-64
2.2909108452680244e-66
1.0599052389602068e-68
4.455802737136105e-71
1.7020994821018842e-73
5.908047654850982e-76
1.8633871934017437e-78
5.340258617742179e-81
1.3906618447913784e-83
3.290643658377442e-86
7.075224716651957e-89
1.382291658534341e-91
2.4539132351105314e-94
3.958391862996963e-97
5.802009478141876e-100
7.72748461657795e-103
9.351858583668373e-106
1.0283898442755557e-108
1.0275848529334927e-111
9.329914744104554e-115
7.697287763942052e-118
5.770292618441989e-121
3.930592472657488e-124
2.432866427859615e-127
1.3682913430381016e-130
6.992604407386253e-134
3.247127983744818e-137
