0.9221433383119203
0.23099389176631274
0.08558549474721486
0.03331498986317371
0.013513374994922334
0.005710822392949382
0.00251443196716561
0.0011534047685134046
0.0005512044961038091
0.000274417078730829
0.0001423106638666192
7.686410813912964e-05
4.322726536524697e-05
2.5302608357429963e-05
1.5405892989844494e-05
9.74892474901259e-06
6.4044890284075125e-06
4.361593804130433e-06
3.07383463660722e-06
2.2372384121126947e-06
1.6779071690892844e-06
1.2936396517342443e-06
1.0227951570168004e-06
8.272616587899189e-07
6.829088346313188e-07
5.741092246982497e-07
4.905220443344667e-07
4.2516374371438537e-07
3.732261463488835e-07
3.3133793787746116e-07
2.970943203134804e-07
2.6875196450322645e-07
2.4502771353126254e-07
2.2496354292050457e-07
2.078345385257025e-07
1.9308524807096192e-07
1.8028503109963276e-07
1.690963136045258e-07
1.5925172872702386e-07
1.5053745644559593e-07
1.4278094159962067e-07
1.3584174097451894e-07
1.2960463184202768e-07
1.2397437244110717e-07
1.1887168153124824e-07
1.1423012592211551e-07
1.0999369161326876e-07
1.0611487240993717e-07
1.0255315517702049e-07
9.927381059294946e-08
9.624692129081164e-08
9.34465957542812e-08
9.085032856902202e-08
8.843847674604393e-08
8.619382867807663e-08
8.410124746675793e-08
8.214737430110995e-08
8.032038059071597e-08
7.860975988967963e-08
7.70061524585786e-08
7.550119672616126e-08
7.40874030236101e-08
7.275804584169186e-08
7.1507071557775e-08
7.032901913559593e-08
6.921895174638651e-08
6.817239761905598e-08
6.71852987176941e-08
6.625396608082997e-08
6.537504084962949e-08
6.454546017016852e-08
6.376242728486411e-08
6.30233852354533e-08
6.232599368884777e-08
6.16681084711681e-08
6.104776345700078e-08
6.046315451262403e-08
5.991262523538325e-08
5.939465426800341e-08
5.8907843997573056e-08
5.845091047517565e-08
5.802267441446187e-08
5.7622053146494115e-08
5.7248053424480613e-08
5.6899764985991214e-08
5.657635479227265e-08
5.6277061874662425e-08
5.6001192727089033e-08
5.574811719145538e-08
5.551726478950985e-08
5.530812146076569e-08
5.512022667126271e-08
5.4953170862582676e-08
5.480659321462477e-08
5.468017969929962e-08
5.457366140557658e-08
5.448681311928118e-08
5.441945214373723e-08
5.437143734982968e-08
5.4342668446368575e-08
5.433308546379969e-08
5.4342668446368575e-08
5.437143734982968e-08
5.441945214373723e-08
5.448681311928118e-08
5.457366140557658e-08
5.468017969929962e-08
5.480659321462477e-08
5.4953170862582676e-08
5.512022667126271e-08
5.530812146076569e-08
5.551726478950985e-08
5.574811719145538e-08
5.6001192727089033e-08
5.6277061874662425e-08
5.657635479227265e-08
5.6899764985991214e-08
5.7248053424480613e-08
5.7622053146494115e-08
5.802267441446187e-08
5.845091047517565e-08
5.8907843997573056e-08
5.939465426800341e-08
5.991262523538325e-08
6.046315451262403e-08
6.104776345700078e-08
6.16681084711681e-08
6.232599368884777e-08
6.30233852354533e-08
6.376242728486411e-08
6.454546017016852e-08
6.537504084962949e-08
6.625396608082997e-08
6.71852987176941e-08
6.817239761905598e-08
6.921895174638651e-08
7.032901913559593e-08
7.1507071557775e-08
7.275804584169186e-08
7.40874030236101e-08
7.550119672616126e-08
7.70061524585786e-08
7.860975988967963e-08
8.032038059071597e-08
8.214737430110995e-08
8.410124746675793e-08
8.619382867807663e-08
8.843847674604393e-08
9.085032856902202e-08
9.34465957542812e-08
9.624692129081164e-08
9.927381059294946e-08
1.0255315517702049e-07
1.0611487240993717e-07
1.0999369161326876e-07
1.1423012592211551e-07
1.1887168153124824e-07
1.2397437244110717e-07
1.2960463184202768e-07
1.3584174097451894e-07
1.4278094159962067e-07
1.5053745644559593e-07
1.5925172872702386e-07
1.690963136045258e-07
1.8028503109963276e-07
1.9308524807096192e-07
2.078345385257025e-07
2.2496354292050457e-07
2.4502771353126254e-07
2.6875196450322645e-07
2.970943203134804e-07
3.3133793787746116e-07
3.732261463488835e-07
4.2516374371438537e-07
4.905220443344667e-07
5.741092246982497e-07
6.829088346313188e-07
8.272616587899189e-07
1.0227951570168004e-06
1.2936396517342443e-06
1.6779071690892844e-06
2.2372384121126947e-06
3.07383463660722e-06
4.361593804130433e-06
6.4044890284075125e-06
9.74892474901259e-06
1.5405892989844494e-05
2.5302608357429963e-05
4.322726536524697e-05
7.686410813912964e-05
0.0001423106638666192
0.000274417078730829
0.0005512044961038091
0.0011534047685134046
0.00251443196716561
0.005710822392949382
0.013513374994922334
0.03331498986317371
0.08558549474721486
0.23099389176631274

2.0326863860444006e-06
0.00021348764042033793
0.008288914676954452
0.11897211287598564
0.6312701487076083
1.2382487689704307
0.8978899902341967
0.24069159697532247
0.023851807748069963
0.0008737843161611482
1.1833405950011686e-05
5.9243110820114503e-08
1.0964492129341384e-10
7.506951734263701e-14
2.0749594165977234e-14
4.8302356435236424e-12
6.597966586417213e-10
5.2836942265188546e-08
2.480567288406144e-06
6.827317801800607e-05
0.0011016280789991752
0.010420910017836882
0.05779124702960505
0.18789025544940594
0.35812300414561077
0.40017131286261787
0.2621473405875273
0.10067710795051302
0.0226674036196905
0.002991979373222653
0.00023152675429800775
1.0503391245962107e-05
2.7934678250194124e-07
4.355555731450234e-09
3.981339821511403e-11
2.1335395181645175e-13
6.702825391216685e-16
1.234527850620571e-18
1.3329984634128823e-21
8.438090455943013e-25
3.131442745930791e-28
6.812876959369381e-32
8.68965204758555e-36
6.497705128942365e-40
2.848415773008978e-44
7.320361634049334e-49
1.1029287598906382e-53
9.742000731279792e-59
5.044691644281281e-64
1.5314642515380308e-69
2.7256172752155203e-75
2.8438628875136426e-81
1.739555163488642e-87
6.238117172551748e-94
1.311458709709906e-100
1.6163726245796326e-107
1.1679227611591026e-114
4.947348787863616e-122
1.2286175287223333e-129
1.7887376822717077e-137
1.526730480418705e-145
7.639481213633307e-154
2.2410478493914524e-162
3.854110505280765e-171
3.8858225737605765e-180
2.296823072625002e-189
7.9589887085405555e-199
1.6168659156730843e-208
1.9256435285932894e-218
1.3445085056548577e-228
5.503474830235385e-239
1.3206756975882246e-249
1.8579805312277926e-260
1.5323991510037616e-271
7.409491727766631e-283
2.1003453197604623e-294
3.490428614123826e-306
3.400575e-318
0.0
0.0
0.0
0.0
0.0
0.0
0.0
0.0
0.0
0.0
0.0
0.0
0.0
0.0
0.0
0.0
0.0
0.0
0.0
0.0
0.0
0.0
