1.0723416918503783
0.07950148573496552
0.013565937174935429
0.0038545631361952917
0.0015724284839629956
0.0008302296606088303
0.0005215820684887408
0.0003674329310235341
0.0002793893792010268
0.00022390403632772048
0.00018628655287183387
0.00015933266537770677
0.00013917590283591487
0.00012358506561527082
0.00011119434315841621
0.00010112602476763153
9.279274421166436e-05
8.57877740545144e-05
7.982115231623839e-05
7.468091724127035e-05
7.020871880067969e-05
6.628398570513933e-05
6.281335896402919e-05
5.97234657777174e-05
5.695586911722121e-05
5.446346848910682e-05
5.220788953470892e-05
5.015756053855275e-05
4.828627452933894e-05
4.6572100171050654e-05
4.499654685837768e-05
4.354391757373866e-05
4.2200802146810925e-05
4.095567670270327e-05
3.979858427193723e-05
3.872087804297906e-05
3.771501340559082e-05
3.677437832018541e-05
3.589315403285973e-05
3.506619999689232e-05
3.428895823888411e-05
3.355737344744862e-05
3.286782585382735e-05
3.2217074581093946e-05
3.160220960807962e-05
3.1020610859656855e-05
3.046991322149832e-05
2.994797650339881e-05
2.9452859554573902e-05
2.898279787746235e-05
2.853618420145288e-05
2.8111551570554756e-05
2.770755857421052e-05
2.732297641160342e-05
2.695667752989586e-05
2.6607625617984665e-05
2.6274866771320082e-05
2.5957521671474745e-05
2.5654778647554137e-05
2.5365887506078982e-05
2.5090154032339738e-05
2.4826935079984064e-05
2.457563417720405e-05
2.4335697587709284e-05
2.410661077300511e-05
2.388789520958818e-05
2.3679105520725653e-05
2.347982688766661e-05
2.3289672709581298e-05
2.3108282485350734e-05
2.2935319893629848e-05
2.2770471050461807e-05
2.261344292619503e-05
2.2463961905603873e-05
2.232177247698549e-05
2.2186636037638716e-05
2.2058329804559345e-05
2.1936645820438172e-05
2.1821390046147995e-05
2.171238153187403e-05
2.1609451659895834e-05
2.1512443452784e-05
2.1421210941443705e-05
2.133561858803085e-05
2.125554075929526e-05
2.1180861246376713e-05
2.1111472827501038e-05
2.104727687040206e-05
2.098818297163441e-05
2.0934108630249215e-05
2.0884978953582083e-05
2.0840726393154435e-05
2.0801290508919214e-05
2.0766617760292123e-05
2.073666132260313e-05
2.0711380927782046e-05
2.0690742728258396e-05
2.0674719183211935e-05
2.0663288966457274e-05
2.065643689538593e-05
2.0654153880523076e-05
2.065643689538593e-05
2.0663288966457274e-05
2.0674719183211935e-05
2.0690742728258396e-05
2.0711380927782046e-05
2.073666132260313e-05
2.0766617760292123e-05
2.0801290508919214e-05
2.0840726393154435e-05
2.0884978953582083e-05
2.0934108630249215e-05
2.098818297163441e-05
2.104727687040206e-05
2.1111472827501038e-05
2.1180861246376713e-05
2.125554075929526e-05
2.133561858803085e-05
2.1421210941443705e-05
2.1512443452784e-05
2.1609451659895834e-05
2.171238153187403e-05
2.1821390046147995e-05
2.1936645820438172e-05
2.2058329804559345e-05
2.2186636037638716e-05
2.232177247698549e-05
2.2463961905603873e-05
2.261344292619503e-05
2.2770471050461807e-05
2.2935319893629848e-05
2.3108282485350734e-05
2.3289672709581298e-05
2.347982688766661e-05
2.3679105520725653e-05
2.388789520958818e-05
2.410661077300511e-05
2.4335697587709284e-05
2.457563417720405e-05
2.4826935079984064e-05
2.5090154032339738e-05
2.5365887506078982e-05
2.5654778647554137e-05
2.5957521671474745e-05
2.6274866771320082e-05
2.6607625617984665e-05
2.695667752989586e-05
2.732297641160342e-05
2.770755857421052e-05
2.8111551570554756e-05
2.853618420145288e-05
2.898279787746235e-05
2.9452859554573902e-05
2.994797650339881e-05
3.046991322149832e-05
3.1020610859656855e-05
3.160220960807962e-05
3.2217074581093946e-05
3.286782585382735e-05
3.355737344744862e-05
3.428895823888411e-05
3.506619999689232e-05
3.589315403285973e-05
3.677437832018541e-05
3.771501340559082e-05
3.872087804297906e-05
3.979858427193723e-05
4.095567670270327e-05
4.2200802146810925e-05
4.354391757373866e-05
4.499654685837768e-05
4.6572100171050654e-05
4.828627452933894e-05
5.015756053855275e-05
5.220788953470892e-05
5.446346848910682e-05
5.695586911722121e-05
5.97234657777174e-05
6.281335896402919e-05
6.628398570513933e-05
7.020871880067969e-05
7.468091724127035e-05
7.982115231623839e-05
8.57877740545144e-05
9.279274421166436e-05
0.00010112602476763153
0.00011119434315841621
0.00012358506561527082
0.00013917590283591487
0.00015933266537770677
0.00018628655287183387
0.00022390403632772048
0.0002793893792010268
0.0003674329310235341
0.0005215820684887408
0.0008302296606088303
0.0015724284839629956
0.0038545631361952917
0.013565937174935429
0.07950148573496552

0.000981977998658105
0.0025506758025643055
0.006088686704633757
0.013356936291995268
0.026928052305061862
0.04989050395414286
0.08494654125181814
0.1329193996861107
0.19113750109460947
0.25259125714485237
0.3067650187768261
0.34238225215206114
0.3512062675170206
0.33127398045814554
0.28835986854716444
0.2361862241984904
0.1969005499893891
0.19924001207361758
0.26404129342002125
0.3747735370819123
0.46523691779282955
0.4636090422242125
0.3606688846908478
0.2171028863755405
0.10081049543433318
0.03607299247913827
0.009945399760743693
0.002113750569602704
0.00034693144088336706
4.419870389753597e-05
4.438912193167864e-06
3.6901201998361993e-07
2.9166226765339475e-08
2.783854466331829e-09
3.4735927647998215e-10
4.787292845685882e-11
6.38746313243469e-12
7.913993765559509e-13
9.025980487522673e-14
9.462404198982037e-15
9.11661455424925e-16
8.072005789204194e-17
6.568168193281087e-18
4.911588019149962e-19
3.3753161583502526e-20
2.1316791953635623e-21
1.2372119204664943e-22
6.599046762268809e-24
3.2346938065182763e-25
1.4571357352176223e-26
6.0322829199270425e-28
2.2949765709115523e-29
8.023976929007039e-31
2.578196101406848e-32
7.613021992575335e-34
2.065918013392925e-35
5.152095937153567e-37
1.180781829621491e-38
2.486968258826489e-40
4.813773861254585e-42
8.562803685949247e-44
1.3997844067921722e-45
2.1029123726457437e-47
2.903327730187792e-49
3.6837131893032523e-51
4.2952694880817125e-53
4.602670505078108e-55
4.5325668245345484e-57
4.101978753367268e-59
3.411594914923467e-61
2.607572373984966e-63
1.831597934356078e-65
1.1823301919957494e-67
7.013943702204509e-70
3.823848105178232e-72
1.915816239374771e-74
8.82108341621045e-77
3.732543422025934e-79
1.4514519709979383e-81
5.186989050104325e-84
1.7035028084388133e-86
5.1414455118758955e-89
1.4260753801890176e-91
3.6350851458473227e-94
8.515331401642262e-97
1.833172705198834e-99
3.626770469435331e-102
6.5940406561834e-105
1.1017879825285651e-107
1.6918400544482753e-110
2.3874563235394653e-113
3.096181624735747e-116
3.6900502765085567e-119
4.0415969297317925e-122
4.068071481790622e-125
3.763041544415757e-128
3.198926867295133e-131
2.499104813550414e-134
1.7942356912647426e-137
1.1838300859235363e-140
