0.7942623293216718
0.14984290592184102
0.035647164295726605
0.01061310766576168
0.003850850273554713
0.001657465056234261
0.0008270153159227184
0.0004681894979602848
0.00029437980261017694
0.00020145594042212916
0.00014740281598605662
0.00011363854965734823
9.125179419883931e-05
7.565314634892614e-05
6.432601905161756e-05
5.581254135924965e-05
4.922660162548907e-05
4.40065052209602e-05
3.9782865932497134e-05
3.630480217540341e-05
3.339701474575567e-05
3.093390956427283e-05
2.8823484706475493e-05
2.6997001922899796e-05
2.540219064296078e-05
2.3998669420186e-05
2.275479458429733e-05
2.164544864635102e-05
2.0650460490694418e-05
1.9753458470077006e-05
1.89410253509528e-05
1.8202067135327936e-05
1.752733568425944e-05
1.6909063464628196e-05
1.6340681076666086e-05
1.5816596620928303e-05
1.5332021768618597e-05
1.488283346502382e-05
1.4465463079624937e-05
1.4076806886167133e-05
1.3714153257947209e-05
1.3375123064939591e-05
1.3057620574921619e-05
1.2759792770239364e-05
1.2479995451315897e-05
1.2216764847226506e-05
1.196879372116766e-05
1.1734911165065077e-05
1.1514065437963503e-05
1.1305309328306206e-05
1.110778761897274e-05
1.0920726312150684e-05
1.0743423333402787e-05
1.0575240484167291e-05
1.0415596452076784e-05
1.0263960720958235e-05
1.011984824877443e-05
9.982814803321001e-06
9.85245286316879e-06
9.728388005897711e-06
9.610275717703319e-06
9.497798568447028e-06
9.390663704543036e-06
9.288600619032968e-06
9.191359164036852e-06
9.09870777568233e-06
9.010431885763433e-06
8.926332497894564e-06
8.846224908911144e-06
8.769937558812467e-06
8.697310994715723e-06
8.628196936152547e-06
8.562457430638825e-06
8.499964089826292e-06
8.440597397733618e-06
8.384246083584074e-06
8.330806552669895e-06
8.28018236943989e-06
8.232283787683765e-06
8.187027323277787e-06
8.144335365474317e-06
8.104135823171943e-06
8.066361803002705e-06
8.030951316425359e-06
7.997847013324985e-06
7.96699593989535e-06
7.93834931882548e-06
7.911862350030347e-06
7.887494030360563e-06
7.865206990900904e-06
7.844967350624608e-06
7.82674458531215e-06
7.81051141077198e-06
7.796243679517461e-06
7.783920290161397e-06
7.773523108888044e-06
7.765036902453469e-06
7.758449282250181e-06
7.753750659051647e-06
7.75093420812767e-06
7.74999584449384e-06
7.75093420812767e-06
7.753750659051647e-06
7.758449282250181e-06
7.765036902453469e-06
7.773523108888044e-06
7.783920290161397e-06
7.796243679517461e-06
7.81051141077198e-06
7.82674458531215e-06
7.844967350624608e-06
7.865206990900904e-06
7.887494030360563e-06
7.911862350030347e-06
7.93834931882548e-06
7.96699593989535e-06
7.997847013324985e-06
8.030951316425359e-06
8.066361803002705e-06
8.104135823171943e-06
8.144335365474317e-06
8.187027323277787e-06
8.232283787683765e-06
8.28018236943989e-06
8.330806552669895e-06
8.384246083584074e-06
8.440597397733618e-06
8.499964089826292e-06
8.562457430638825e-06
8.628196936152547e-06
8.697310994715723e-06
8.769937558812467e-06
8.846224908911144e-06
8.926332497894564e-06
9.010431885763433e-06
9.09870777568233e-06
9.191359164036852e-06
9.288600619032968e-06
9.390663704543036e-06
9.497798568447028e-06
9.610275717703319e-06
9.728388005897711e-06
9.85245286316879e-06
9.982814803321001e-06
1.011984824877443e-05
1.0263960720958235e-05
1.0415596452076784e-05
1.0575240484167291e-05
1.0743423333402787e-05
1.0920726312150684e-05
1.110778761897274e-05
1.1305309328306206e-05
1.1514065437963503e-05
1.1734911165065077e-05
1.196879372116766e-05
1.2216764847226506e-05
1.2479995451315897e-05
1.2759792770239364e-05
1.3057620574921619e-05
1.3375123064939591e-05
1.3714153257947209e-05
1.4076806886167133e-05
1.4465463079624937e-05
1.488283346502382e-05
1.5332021768618597e-05
1.5816596620928303e-05
1.6340681076666086e-05
1.6909063464628196e-05
1.752733568425944e-05
1.8202067135327936e-05
1.89410253509528e-05
1.9753458470077006e-05
2.0650460490694418e-05
2.164544864635102e-05
2.275479458429733e-05
2.3998669420186e-05
2.540219064296078e-05
2.6997001922899796e-05
2.8823484706475493e-05
3.093390956427283e-05
3.339701474575567e-05
3.630480217540341e-05
3.9782865932497134e-05
4.40065052209602e-05
4.922660162548907e-05
5.581254135924965e-05
6.432601905161756e-05
7.565314634892614e-05
9.125179419883931e-05
0.00011363854965734823
0.00014740281598605662
0.00020145594042212916
0.00029437980261017694
0.0004681894979602848
0.0008270153159227184
0.001657465056234261
0.003850850273554713
0.01061310766576168
0.035647164295726605
0.14984290592184102

0.0003518025388398744
0.0020325820071939492
0.009234970644689163
0.032996000136514485
0.09270974982463698
0.20484617384192494
0.3559333145424798
0.48634869645923073
0.5225949721230538
0.44204554584693057
0.4542126454186424
1.1488063523226968
0.17071757898939277
0.020565969443096133
0.005174584951250019
0.0010340957507468818
0.00016251179436502388
2.008386773291325e-05
1.9518577100350634e-06
1.491719927671641e-07
8.965298692901782e-09
4.237215674705465e-10
1.5748337446073586e-11
4.602853886467314e-13
1.0579326013077754e-14
1.9121728488590022e-16
2.7179072304810127e-18
3.0379487681893496e-20
2.6703279242505734e-22
1.845810379853925e-24
1.0033394892492861e-26
4.288911274458066e-29
1.4417320515906475e-31
3.811188066619492e-34
7.92272426474435e-37
1.295170779848553e-39
1.6650139218724708e-42
1.6832438466380408e-45
1.3381800063077864e-48
8.366048406115489e-52
4.113055259207095e-55
1.5901827958822587e-58
4.834681754654963e-62
1.155918109695036e-65
2.1733245155329802e-69
3.2133677080506446e-73
3.736238627074443e-77
3.4162301566760545e-81
2.4563936898557843e-85
1.3889517491077815e-89
6.176105129305194e-94
2.1596358880419422e-98
5.938608925197874e-103
1.2841839936394128e-107
2.1837761233309295e-112
2.920298927812991e-117
3.0710355209862374e-122
2.539689979313448e-127
1.651638151068453e-132
8.446707234741535e-138
3.3970216306268505e-143
1.0743542787813223e-148
2.671991414388712e-154
5.2258980600063137e-160
8.037576959032328e-166
9.721374852976802e-172
9.246312559231154e-178
6.915885356810929e-184
4.0678537993707833e-190
1.8815736439088862e-196
6.844085736186385e-203
1.957708365241646e-209
4.4037117780484773e-216
7.789832365665905e-223
1.0836166565008153e-229
1.185390840537291e-236
1.0197314110784677e-243
6.898399827577542e-251
3.6698580175272703e-258
1.5352831984806091e-265
5.050868562670287e-273
1.3067182963786683e-280
2.6584972285629726e-288
4.253327134696296e-296
5.351304902149279e-304
5.2945486263e-312
4.119e-320
0.0
0.0
0.0
0.0
0.0
0.0
0.0
0.0
0.0
0.0
0.0
0.0
0.0
