0.9086903293391388
0.21608936292500688
0.11682620159293697
0.07920328487785919
0.05843020939884783
0.045461168397568176
0.03679706617859189
0.030709372715193545
0.026254026488591497
0.022881778663184738
0.020256726864668295
0.018164572259127536
0.01646350307922928
0.015056633038401521
0.013875890839152338
0.012872256876321623
0.012009652855306457
0.011261005689452729
0.010605645396070612
0.01002754418349855
0.009514099317450852
0.009055275538453261
0.008642990164413528
0.008270665111315089
0.007932895718603759
0.007625202618310059
0.007343843514487504
0.007085668771284614
0.006848009438427415
0.006628589574654995
0.0064254569694392576
0.006236927936515889
0.006061542971634721
0.005898030872060018
0.005745279501082364
0.005602311811333238
0.005468266060221374
0.005342379390126577
0.005223974126774855
0.005112446286905802
0.005007255892013542
0.004907918766633022
0.004813999563233477
0.004725105805605975
0.004640882781916058
0.004561009149749503
0.004485193140330705
0.004413169269022024
0.0043446954752764605
0.0042795506282282125
0.004217532344695729
0.0041584550750294255
0.004102148419344523
0.004048455642539996
0.003997232361355595
0.003948345380749535
0.003901671660240919
0.0038570973936740073
0.0038145171882239415
0.003773833330453686
0.0037349551289141696
0.003697798324205586
0.003662284558630284
0.003628340898601521
0.0035958994038562554
0.003564896738277996
0.0035352738177870124
0.0035069754913164735
0.003479950251377828
0.0034541499711384866
0.0034295296652990487
0.003406047272374154
0.0033836634562571448
0.003362341425189922
0.0033420467664705585
0.0033227472954164014
0.0033044129172632294
0.0032870155008243975
0.003270528762860428
0.0032549281622214358
0.003240190802923893
0.003226295345411303
0.0032132219253266487
0.003200952079194375
0.0031894686764720017
0.003178755857487433
0.0031687989768281843
0.0031595845517939113
0.003151100215564433
0.0031433346747723437
0.0031362776712028336
0.0031299199473738843
0.003124253215778015
0.0031192701315923663
0.0031149642686877175
0.0031113300987889543
0.003108362973660137
0.0031060591102065366
0.003104415578404303
0.0031034302919857887
0.003103102001825246
0.0031034302919857887
0.003104415578404303
0.0031060591102065366
0.003108362973660137
0.0031113300987889543
0.0031149642686877175
0.0031192701315923663
0.003124253215778015
0.0031299199473738843
0.0031362776712028336
0.0031433346747723437
0.003151100215564433
0.0031595845517939113
0.0031687989768281843
0.003178755857487433
0.0031894686764720017
0.003200952079194375
0.0032132219253266487
0.003226295345411303
0.003240190802923893
0.0032549281622214358
0.003270528762860428
0.0032870155008243975
0.0033044129172632294
0.0033227472954164014
0.0033420467664705585
0.003362341425189922
0.0033836634562571448
0.003406047272374154
0.0034295296652990487
0.0034541499711384866
0.003479950251377828
0.0035069754913164735
0.0035352738177870124
0.003564896738277996
0.0035958994038562554
0.003628340898601521
0.003662284558630284
0.003697798324205586
0.0037349551289141696
0.003773833330453686
0.0038145171882239415
0.0038570973936740073
0.003901671660240919
0.003948345380749535
0.003997232361355595
0.004048455642539996
0.004102148419344523
0.0041584550750294255
0.004217532344695729
0.0042795506282282125
0.0043446954752764605
0.004413169269022024
0.004485193140330705
0.004561009149749503
0.004640882781916058
0.004725105805605975
0.004813999563233477
0.004907918766633022
0.005007255892013542
0.005112446286905802
0.005223974126774855
0.005342379390126577
0.005468266060221374
0.005602311811333238
0.005745279501082364
0.005898030872060018
0.006061542971634721
0.006236927936515889
0.0064254569694392576
0.006628589574654995
0.006848009438427415
0.007085668771284614
0.007343843514487504
0.007625202618310059
0.007932895718603759
0.008270665111315089
0.008642990164413528
0.009055275538453261
0.009514099317450852
0.01002754418349855
0.010605645396070612
0.011261005689452729
0.012009652855306457
0.012872256876321623
0.013875890839152338
0.015056633038401521
0.01646350307922928
0.018164572259127536
0.020256726864668295
0.022881778663184738
0.026254026488591497
0.030709372715193545
0.03679706617859189
0.045461168397568176
0.05843020939884783
0.07920328487785919
0.11682620159293697
0.21608936292500688

0.1507224781046745
0.24260333054681124
0.3117334632069643
0.31978148859464456
0.26194712660575636
0.17165805709275267
0.09130512306134808
0.04403989149216016
0.03245668803023081
0.05368970112340366
0.108677051733959
0.1975576885108588
0.3081453657154902
0.4104338557744985
0.4666158272949087
0.4527798831216223
0.37499434463542025
0.26507705732039155
0.15992979592299544
0.08235622748061977
0.036197062285793044
0.01357875726071492
0.004347669709802427
0.0011881270441948513
0.00027712712635093227
5.517025794688014e-05
9.37434234616348e-06
1.3595225765552799e-06
1.682836245316624e-07
1.777899099162346e-08
1.6031796130791783e-09
1.2338633722444489e-10
8.105163537670254e-12
4.544292848883271e-13
2.1746063855435576e-14
8.881878462454924e-16
3.096269910515923e-17
9.21260854101499e-19
2.3395710681379433e-20
5.071070935860106e-22
9.38151437365424e-24
1.4813443659225962e-25
1.9964062964196957e-27
2.2964217465049457e-29
2.254572419608943e-31
1.8892374594608055e-33
1.3511971650706334e-35
8.248229223356698e-38
4.297466869236668e-40
1.9110593371273024e-42
7.253466765583886e-45
2.34977835135179e-47
6.497076646520611e-50
1.5332709280312781e-52
3.0883721773398302e-55
5.3094578877315814e-58
7.790772970436339e-61
9.757099554656148e-64
1.0429674212873745e-66
9.515477099569369e-70
7.409692975444411e-73
4.924698836822511e-76
2.7936304765718527e-79
1.3525958853350435e-82
5.589551772350924e-86
1.9714951968647238e-89
5.935048642496417e-93
1.5249747791825468e-96
3.3443433533296464e-100
6.259921330424239e-104
1.0000845341372381e-107
1.3636859500865029e-111
1.5870910406992655e-115
1.5765187238239376e-119
1.3366147373225976e-123
9.672153417200884e-128
5.973789662058529e-132
3.149100323015463e-136
1.4168793965269323e-140
5.44112988155019e-145
1.7834261059467065e-149
4.9892005955071e-154
1.1912876253783562e-158
2.4277955701400885e-163
4.2229643765205806e-168
6.269494709147487e-173
7.944333760992809e-178
8.591959914817559e-183
7.931162019575481e-188
6.248722242515745e-193
4.201994101510145e-198
2.4117343853725237e-203
1.1814445179362175e-208
4.9397731660589435e-214
1.7628302765168915e-219
5.3693759628667174e-225
1.3958763421873185e-230
3.09727593590059e-236
5.865738110654651e-242
9.481460907968036e-248
