1.0107557834627012
0.07350866695577411
0.010340218979577612
0.0017996365875879525
0.0003451181413603575
7.138549227254848e-05
1.5859022334231654e-05
3.7804507817123472e-06
9.667136602386975e-07
2.6515858665532677e-07
7.801158282363924e-08
2.4618515477833548e-08
8.333566640942975e-09
3.0261062865207694e-09
1.1788408613022494e-09
4.927038449347036e-10
2.2095105949216773e-10
1.0630023493086393e-10
5.483935504397446e-11
3.0303034678227616e-11
1.7898887910916085e-11
1.1264775871334422e-11
7.520897891204857e-12
5.298182265390843e-12
3.914533483663706e-12
3.014631635711853e-12
2.405408776136659e-12
1.977707749348926e-12
1.6674711278285657e-12
1.435777441058538e-12
1.2582004877535397e-12
1.1189443919200016e-12
1.0075072800294014e-12
9.167262758086423e-13
8.415996305183642e-13
7.785583687557203e-13
7.250048150924704e-13
6.790134983236945e-13
6.391331474288645e-13
6.042529954725976e-13
5.735108268402869e-13
5.46228638633694e-13
5.218668964391148e-13
4.999915207967977e-13
4.802497267091671e-13
4.623521102768231e-13
4.4605920447661687e-13
4.311712735512555e-13
4.175204828461008e-13
4.049648309007736e-13
3.933834029467026e-13
3.8267262527159406e-13
3.7274328489257557e-13
3.635181396788871e-13
3.549299878810201e-13
3.4692009797054893e-13
3.394369232110274e-13
3.3243504284728277e-13
3.258742848860914e-13
3.1971899532484314e-13
3.139374262081066e-13
3.085012206611795e-13
3.0338497750501335e-13
2.9856588152077125e-13
2.940233881426676e-13
2.897389534915827e-13
2.8569580235175666e-13
2.8187872803856546e-13
2.7827391918280663e-13
2.7486880932400277e-13
2.716519459064749e-13
2.686128758417674e-13
2.6574204526613503e-13
2.630307115031591e-13
2.604708655555248e-13
2.580551637095425e-13
2.5577686705140183e-13
2.53629787873585e-13
2.516082420999037e-13
2.4970700698352466e-13
2.479212834383526e-13
2.462466624537093e-13
2.446790951181747e-13
2.432148658430336e-13
2.418505684308793e-13
2.405830846821005e-13
2.39409565272505e-13
2.3832741267026206e-13
2.3733426589055663e-13
2.36427986912576e-13
2.356066486063122e-13
2.3486852403667123e-13
2.3421207702997186e-13
2.3363595390347494e-13
2.33138976272403e-13
2.3272013486128175e-13
2.3237858425758413e-13
2.3211363855578976e-13
2.319247678492656e-13
2.31811595535992e-13
2.31773896412241e-13
2.31811595535992e-13
2.319247678492656e-13
2.3211363855578976e-13
2.3237858425758413e-13
2.3272013486128175e-13
2.33138976272403e-13
2.3363595390347494e-13
2.3421207702997186e-13
2.3486852403667123e-13
2.356066486063122e-13
2.36427986912576e-13
2.3733426589055663e-13
2.3832741267026206e-13
2.39409565272505e-13
2.405830846821005e-13
2.418505684308793e-13
2.432148658430336e-13
2.446790951181747e-13
2.462466624537093e-13
2.479212834383526e-13
2.4970700698352466e-13
2.516082420999037e-13
2.53629787873585e-13
2.5577686705140183e-13
2.580551637095425e-13
2.604708655555248e-13
2.630307115031591e-13
2.6574204526613503e-13
2.686128758417674e-13
2.716519459064749e-13
2.7486880932400277e-13
2.7827391918280663e-13
2.8187872803856546e-13
2.8569580235175666e-13
2.897389534915827e-13
2.940233881426676e-13
2.9856588152077125e-13
3.0338497750501335e-13
3.085012206611795e-13
3.139374262081066e-13
3.1971899532484314e-13
3.258742848860914e-13
3.3243504284728277e-13
3.394369232110274e-13
3.4692009797054893e-13
3.549299878810201e-13
3.635181396788871e-13
3.7274328489257557e-13
3.8267262527159406e-13
3.933834029467026e-13
4.049648309007736e-13
4.175204828461008e-13
4.311712735512555e-13
4.4605920447661687e-13
4.623521102768231e-13
4.802497267091671e-13
4.999915207967977e-13
5.218668964391148e-13
5.46228638633694e-13
5.735108268402869e-13
6.042529954725976e-13
6.391331474288645e-13
6.790134983236945e-13
7.250048150924704e-13
7.785583687557203e-13
8.415996305183642e-13
9.167262758086423e-13
1.0075072800294014e-12
1.1189443919200016e-12
1.2582004877535397e-12
1.435777441058538e-12
1.6674711278285657e-12
1.977707749348926e-12
2.405408776136659e-12
3.014631635711853e-12
3.914533483663706e-12
5.298182265390843e-12
7.520897891204857e-12
1.1264775871334422e-11
1.7898887910916085e-11
3.0303034678227616e-11
5.483935504397446e-11
1.0630023493086393e-10
2.2095105949216773e-10
4.927038449347036e-10
1.1788408613022494e-09
3.0261062865207694e-09
8.333566640942975e-09
2.4618515477833548e-08
7.801158282363924e-08
2.6515858665532677e-07
9.667136602386975e-07
3.7804507817123472e-06
1.5859022334231654e-05
7.138549227254848e-05
0.0003451181413603575
0.0017996365875879525
0.010340218979577612
0.07350866695577411

9.160205460111745e-12
9.081068938660638e-10
8.332548766392039e-08
4.481830398690812e-06
0.0001353070620337218
0.002282954951850679
0.021514475664494492
0.11323432801632932
0.33284857224166
0.5465357575298733
0.5018842087330435
0.26025771630296296
0.08474114849452435
0.04080866525845166
0.06560024761165137
0.12512313658482038
0.21168529003662512
0.3129943107623944
0.4042997086525718
0.4562351742837536
0.4497720075887153
0.3873596696319982
0.291443720018821
0.19156374672170465
0.10999938693916425
0.0551804868412248
0.02418238393201671
0.009258295052239032
0.0030965724347534924
0.000904794164141043
0.00023095994057135662
5.150410545247708e-05
1.0033798125473545e-05
1.7076827463723547e-06
2.5390271398766584e-07
3.297963286816865e-08
3.742334569774448e-09
3.7098617623532026e-10
3.212855282333445e-11
2.430764705276323e-12
1.606619377301082e-13
9.276868501883686e-15
4.679593419347349e-16
2.0622113064212472e-17
7.939196053616834e-19
2.6701656880127167e-20
7.845456451355239e-22
2.0138009542392504e-23
4.515784302955711e-25
8.846432293480221e-27
1.5139845643048807e-28
2.2635654572337593e-30
2.9565347598455024e-32
3.373581775556743e-34
3.3629299073399933e-36
2.928617884436694e-38
2.228055095559313e-40
1.4808377009615538e-42
8.598195597296815e-45
4.3613957835463597e-47
1.932689108832402e-49
7.481984777814862e-52
2.530404564509517e-54
7.476208856638082e-57
1.9297062770116216e-59
4.3513028855720424e-62
8.571675884344668e-65
1.4751306549513701e-67
2.2177549466252064e-70
2.912828706423443e-73
3.3422170965510656e-76
3.350215070714647e-79
2.933790111929997e-82
2.2444178504047647e-85
1.5000188226995162e-88
8.758062184278827e-92
4.4672232941004185e-95
1.990607422103575e-98
7.749111285939454e-102
2.6353390526423587e-105
7.829597177974924e-109
2.0321729245945113e-112
4.607870062163264e-116
9.127631700319752e-120
1.579553401732264e-123
2.387969851185468e-127
3.1538547394644397e-131
3.638922908201651e-135
3.667941026223828e-139
3.229908019878163e-143
2.484713309519791e-147
1.669862603670029e-151
9.804004737738214e-156
5.028571239041628e-160
2.253222206723409e-164
8.820267560481688e-169
3.0163228031139582e-173
9.011398516745709e-178
2.3519327311353467e-182
5.362606336973101e-187
