1.2374059658549512
0.13340567605208026
0.0349571291990813
0.01486217007932932
0.007635612981135856
0.004344027667447732
0.0026719683015812954
0.0017574214650360191
0.0012252687483785287
0.0008981435123393622
0.0006869361764059194
0.0005444844521666632
0.00044462526446305473
0.00037220761596510395
0.00031810611207481006
0.00027662402382424683
0.00024408710731161948
0.00021805425900768544
0.00019685941332480339
0.00017933736674879982
0.00016465495138871393
0.00015220431569548315
0.00014153381232761476
0.00013230223016335156
0.00012424785441056687
0.00011716714886938234
0.00011089980723271788
0.00010531809854817202
0.00010031915793777547
9.581932986029563e-05
9.17499631868796e-05
8.805424750068624e-05
8.468480586912241e-05
8.160184389374909e-05
7.877171247697786e-05
7.61657815590047e-05
7.375954993226171e-05
7.153193596029937e-05
6.946470814645663e-05
6.754202471357743e-05
6.575005882249622e-05
6.40766915659466e-05
6.251125897578358e-05
6.1044342360734e-05
5.9667593622654704e-05
5.83735889770257e-05
5.7155705869257255e-05
5.600801893508211e-05
5.492521167622539e-05
5.3902501167452705e-05
5.29355736195736e-05
5.202052902611344e-05
5.1153833442855295e-05
5.033227770706674e-05
4.955294161076521e-05
4.881316271035039e-05
4.8110509091518655e-05
4.744275551993082e-05
4.680786249960502e-05
4.620395783636267e-05
4.562932036596176e-05
4.508236555826075e-05
4.456163275182872e-05
4.4065773809420314e-05
4.359354301493078e-05
4.314378805785454e-05
4.2715441972719565e-05
4.230751591912852e-05
4.191909270345915e-05
4.154932095640913e-05
4.119740989178479e-05
4.086262458153745e-05
4.054428169029463e-05
4.024174561972982e-05
3.99544250192376e-05
3.9681769624676165e-05
3.942326739153139e-05
3.917844189284682e-05
3.89468499557393e-05
3.872807951335485e-05
3.852174765177427e-05
3.832749883370719e-05
3.814500328285974e-05
3.7973955514665265e-05
3.7814073000660666e-05
3.7665094955200745e-05
3.752678123445633e-05
3.739891133875508e-05
3.728128351032011e-05
3.717371391935154e-05
3.707603593219733e-05
3.6988099456081004e-05
3.690977035550833e-05
3.684092993606862e-05
3.6781474491891015e-05
3.6731314913514534e-05
3.6690376353393636e-05
3.665859794669115e-05
3.663593258541378e-05
3.6622346744328253e-05
3.661782035745999e-05
3.6622346744328253e-05
3.663593258541378e-05
3.665859794669115e-05
3.6690376353393636e-05
3.6731314913514534e-05
3.6781474491891015e-05
3.684092993606862e-05
3.690977035550833e-05
3.6988099456081004e-05
3.707603593219733e-05
3.717371391935154e-05
3.728128351032011e-05
3.739891133875508e-05
3.752678123445633e-05
3.7665094955200745e-05
3.7814073000660666e-05
3.7973955514665265e-05
3.814500328285974e-05
3.832749883370719e-05
3.852174765177427e-05
3.872807951335485e-05
3.89468499557393e-05
3.917844189284682e-05
3.942326739153139e-05
3.9681769624676165e-05
3.99544250192376e-05
4.024174561972982e-05
4.054428169029463e-05
4.086262458153745e-05
4.119740989178479e-05
4.154932095640913e-05
4.191909270345915e-05
4.230751591912852e-05
4.2715441972719565e-05
4.314378805785454e-05
4.359354301493078e-05
4.4065773809420314e-05
4.456163275182872e-05
4.508236555826075e-05
4.562932036596176e-05
4.620395783636267e-05
4.680786249960502e-05
4.744275551993082e-05
4.8110509091518655e-05
4.881316271035039e-05
4.955294161076521e-05
5.033227770706674e-05
5.1153833442855295e-05
5.202052902611344e-05
5.29355736195736e-05
5.3902501167452705e-05
5.492521167622539e-05
5.600801893508211e-05
5.7155705869257255e-05
5.83735889770257e-05
5.9667593622654704e-05
6.1044342360734e-05
6.251125897578358e-05
6.40766915659466e-05
6.575005882249622e-05
6.754202471357743e-05
6.946470814645663e-05
7.153193596029937e-05
7.375954993226171e-05
7.61657815590047e-05
7.877171247697786e-05
8.160184389374909e-05
8.468480586912241e-05
8.805424750068624e-05
9.17499631868796e-05
9.581932986029563e-05
0.00010031915793777547
0.00010531809854817202
0.00011089980723271788
0.00011716714886938234
0.00012424785441056687
0.00013230223016335156
0.00014153381232761476
0.00015220431569548315
0.00016465495138871393
0.00017933736674879982
0.00019685941332480339
0.00021805425900768544
0.00024408710731161948
0.00027662402382424683
0.00031810611207481006
0.00037220761596510395
0.00044462526446305473
0.0005444844521666632
0.0006869361764059194
0.0008981435123393622
0.0012252687483785287
0.0017574214650360191
0.0026719683015812954
0.004344027667447732
0.007635612981135856
0.01486217007932932
0.0349571291990813
0.13340567605208026

0.001643520031383974
0.010637344191871748
0.04392785005453808
0.11574686909026824
0.19464575186210903
0.20914271122174097
0.1445414131999044
0.06760265235807658
0.03326459806018617
0.060258811315114416
0.20111361301884864
0.506209898087005
0.8047468875789783
0.8120026727809807
0.6036587809406729
0.45563174242084475
0.4136422134624248
0.3892557204727954
0.33950894846791835
0.26789668352272944
0.1907386322746118
0.12251582692955726
0.07099456445517995
0.03711396098660312
0.017503657945743153
0.007447313427233285
0.002858576040057024
0.000989872296244239
0.00030923446658113275
8.715171151024775e-05
2.2158647583548194e-05
5.082646246013015e-06
1.051757990563391e-06
1.9634554866472028e-07
3.306782287735954e-08
5.024229264361816e-09
6.886722731307293e-10
8.515988190591055e-11
9.500288767789097e-12
9.561320253881465e-13
8.681169323017175e-14
7.110790643536794e-15
5.254566113290914e-16
3.502959630445916e-17
2.106748566965109e-18
1.1430614681073695e-19
5.595073118383714e-21
2.4707070292987667e-22
9.84274057198584e-24
3.5374485271541295e-25
1.1469474580666787e-26
3.3548740504488677e-28
8.85295426850969e-30
2.1075579472789125e-31
4.526370828214106e-33
8.770009042011604e-35
1.532954463478433e-36
2.417340179420187e-38
3.43894785169145e-40
4.4135973782352965e-42
5.110214605861353e-44
5.337831596145137e-46
5.0300221835744855e-48
4.276162847593092e-50
3.279577322170351e-52
2.269137518406876e-54
1.4163906842915172e-56
7.975990169352539e-59
4.051962911676705e-61
1.8570586342075637e-63
7.678299958322098e-66
2.864071365053373e-68
9.637888541120416e-71
2.925898572257431e-73
8.013383688880025e-76
1.9799394618123212e-78
4.413337990226732e-81
8.874865273958748e-84
1.6100362429018937e-86
2.6350498706585846e-89
3.890642520856149e-92
5.182426148326511e-95
6.227650306482477e-98
6.751412098236507e-101
6.603045961499579e-104
5.826038176058261e-107
4.6374755734665385e-110
3.330191801740475e-113
2.1574272640880893e-116
1.2609050420296178e-119
6.648258586721572e-123
3.162370340569875e-126
1.357053146572478e-129
5.253639732002912e-133
1.8348603768761906e-136
5.781294062863961e-140
1.6433361203648638e-143
4.2141214263137633e-147
9.749155391353141e-151
2.0347274459088238e-154
