0.5780923508016457
0.036163939006733495
0.0023849027526285137
0.00016764662814452966
1.2735490128158546e-05
1.0607024936935052e-06
9.800432681756238e-08
9.398419005177608e-09
1.1118634090187132e-09
1.4406320194984508e-10
2.042632524649934e-11
3.1630236495087646e-12
5.331047892840417e-13
9.748136913145837e-14
1.9304457799035115e-14
4.138969638444452e-15
9.61216392672217e-16
2.419082362318963e-16
6.598825668110682e-17
1.951000929558358e-17
6.251429945332567e-18
2.170649567084922e-18
8.166472063591098e-19
3.328157366615736e-19
1.468468062915966e-19
7.007570553818628e-20
3.610239069160942e-20
2.0024208331002006e-20
1.1909793467356653e-20
7.557236398800208e-21
5.085253639232803e-21
3.60496414965766e-21
2.6744334412231494e-21
2.063152069032008e-21
1.64537309507541e-21
1.3495749352817661e-21
1.1334737082197422e-21
9.711627483082475e-22
8.462399741035198e-22
7.480036791850295e-22
6.692765361452463e-22
6.0512231110061e-22
5.520672410845493e-22
5.076149821645301e-22
4.699369531984553e-22
4.376701131851981e-22
4.097820897216311e-22
3.8547945420992445e-22
3.6414420115360387e-22
3.4528901385534107e-22
3.28525264932433e-22
3.135397918986455e-22
3.0007781243143876e-22
2.879301972192492e-22
2.769238771570648e-22
2.669145334158953e-22
2.5778096983095557e-22
2.494207387533215e-22
2.4174671053182404e-22
2.3468436031147267e-22
2.281696051213617e-22
2.2214706677109087e-22
2.165686669236268e-22
2.1139248329956134e-22
2.0658181265924255e-22
2.0210439865277292e-22
1.9793179198208932e-22
1.9403881740711028e-22
1.9040312753897134e-22
1.8700482752403718e-22
1.8382615794353198e-22
1.808512257637006e-22
1.7806577513957924e-22
1.7545699142789631e-22
1.7301333299612936e-22
1.707243863969905e-22
1.6858074126514505e-22
1.6657388192755366e-22
1.6469609323264057e-22
1.6294037852144254e-22
1.6130038800540308e-22
1.597703560957226e-22
1.5834504646013285e-22
1.5701970377406734e-22
1.5579001129197561e-22
1.546520534969588e-22
1.53602283197805e-22
1.5263749253572988e-22
1.5175478744182787e-22
1.5095156515293354e-22
1.5022549445037254e-22
1.4957449833463115e-22
1.4899673889070054e-22
1.4849060413490435e-22
1.4805469666536916e-22
1.476878239657349e-22
1.4738899023592535e-22
1.471573896453603e-22
1.4699240092340725e-22
1.4689358321955157e-22
1.4686067318209933e-22
1.4689358321955157e-22
1.4699240092340725e-22
1.471573896453603e-22
1.4738899023592535e-22
1.476878239657349e-22
1.4805469666536916e-22
1.4849060413490435e-22
1.4899673889070054e-22
1.4957449833463115e-22
1.5022549445037254e-22
1.5095156515293354e-22
1.5175478744182787e-22
1.5263749253572988e-22
1.53602283197805e-22
1.546520534969588e-22
1.5579001129197561e-22
1.5701970377406734e-22
1.5834504646013285e-22
1.597703560957226e-22
1.6130038800540308e-22
1.6294037852144254e-22
1.6469609323264057e-22
1.6657388192755366e-22
1.6858074126514505e-22
1.707243863969905e-22
1.7301333299612936e-22
1.7545699142789631e-22
1.7806577513957924e-22
1.808512257637006e-22
1.8382615794353198e-22
1.8700482752403718e-22
1.9040312753897134e-22
1.9403881740711028e-22
1.9793179198208932e-22
2.0210439865277292e-22
2.0658181265924255e-22
2.1139248329956134e-22
2.165686669236268e-22
2.2214706677109087e-22
2.281696051213617e-22
2.3468436031147267e-22
2.4174671053182404e-22
2.494207387533215e-22
2.5778096983095557e-22
2.669145334158953e-22
2.769238771570648e-22
2.879301972192492e-22
3.0007781243143876e-22
3.135397918986455e-22
3.28525264932433e-22
3.4528901385534107e-22
3.6414420115360387e-22
3.8547945420992445e-22
4.097820897216311e-22
4.376701131851981e-22
4.699369531984553e-22
5.076149821645301e-22
5.520672410845493e-22
6.0512231110061e-22
6.692765361452463e-22
7.480036791850295e-22
8.462399741035198e-22
9.711627483082475e-22
1.1334737082197422e-21
1.3495749352817661e-21
1.64537309507541e-21
2.063152069032008e-21
2.6744334412231494e-21
3.60496414965766e-21
5.085253639232803e-21
7.557236398800208e-21
1.1909793467356653e-20
2.0024208331002006e-20
3.610239069160942e-20
7.007570553818628e-20
1.468468062915966e-19
3.328157366615736e-19
8.166472063591098e-19
2.170649567084922e-18
6.251429945332567e-18
1.951000929558358e-17
6.598825668110682e-17
2.419082362318963e-16
9.61216392672217e-16
4.138969638444452e-15
1.9304457799035115e-14
9.748136913145837e-14
5.331047892840417e-13
3.1630236495087646e-12
2.042632524649934e-11
1.4406320194984508e-10
1.1118634090187132e-09
9.398419005177608e-09
9.800432681756238e-08
1.0607024936935052e-06
1.2735490128158546e-05
0.00016764662814452966
0.0023849027526285137
0.036163939006733495

4.885449241119047e-21
3.3995285318346804e-18
1.4239468109599857e-15
3.590291705661991e-13
5.4491228096623906e-11
4.978337638397864e-09
2.7378080197454794e-07
9.063220091568994e-06
0.00018060216552714316
0.0021663282945064773
0.015641796881852618
0.06800540681572999
0.18560745245710958
0.5699334319718747
1.3652817019624268
0.5744925954192446
0.06853963015863468
0.010827982667625712
0.0013396295610785226
0.00010036597444190059
4.526448964207053e-06
1.228823892452345e-07
2.0080871518484746e-09
1.975314990985626e-11
1.1696368798900154e-13
4.1689495461493757e-16
8.944645159903488e-19
1.1552087918062215e-21
8.980876952506415e-25
4.202792015326395e-28
1.1839079654167117e-31
2.0075153664995438e-35
2.0490884515241318e-39
1.2589933170008746e-43
4.6563652082409e-48
1.0366485344891474e-52
1.3892388896585164e-57
1.1206841200696993e-62
5.441897978614651e-68
1.5906640463576598e-73
2.798771390176648e-79
2.964266721358203e-85
1.8898529925392604e-91
7.252699080680063e-98
1.675452756471001e-104
2.3298373632273137e-111
1.9502034336193304e-118
9.826415400156931e-126
2.9803770732326564e-133
5.44136927482052e-141
5.98006738554264e-149
3.956078013760865e-157
1.5753770284347255e-165
3.7762875895787963e-174
5.44887074404954e-183
4.732698541371631e-192
2.474412323915243e-201
7.787466467773626e-211
1.4753029163897574e-220
1.6823916488830975e-230
1.1548721240091765e-240
4.77201263562868e-251
1.1869438184430331e-261
1.7771317776023332e-272
1.6016587629023921e-283
8.689229086030906e-295
2.837614482951069e-306
5.5781e-318
0.0
0.0
0.0
0.0
0.0
0.0
0.0
0.0
0.0
0.0
0.0
0.0
0.0
0.0
0.0
0.0
0.0
0.0
0.0
0.0
0.0
0.0
0.0
0.0
0.0
0.0
0.0
0.0
0.0
0.0
0.0
0.0
