1.1483123802537234
0.25650134384573153
0.08078171239096975
0.03450163756065144
0.018588911058213562
0.011766567791491085
0.008301293007806044
0.006304841418635717
0.005041961877946779
0.00418499613264404
0.0035713510709769886
0.003113099151409295
0.0027592685940337064
0.0024785810918470765
0.00225091600639254
0.0020628077568911212
0.001904937097566428
0.0017706663650475423
0.0016551490223045036
0.001554768975216516
0.001466776493379499
0.001389045283560075
0.0013199064421860387
0.0012580324851572237
0.0012023547708664016
0.0011520036663888833
0.0011062645024433485
0.0010645446813895294
0.0010263487895350923
0.0009912595379796036
0.0009589230046395291
0.0009290370895944834
0.0009013423984670059
0.0008756149798816587
0.0008516604926453075
0.0008293094855108779
0.0008084135501320699
0.000788842164803637
0.0007704800887793199
0.0007532251985045137
0.0007369866808942129
0.0007216835168853176
0.0007072432023687633
0.0006936006643262553
0.0006806973383358576
0.0006684803801424181
0.0006569019891373748
0.0006459188256754478
0.0006354915074123048
0.0006255841724590321
0.0006161640992548265
0.0006072013747652996
0.0005986686040026124
0.0005905406549994562
0.0005827944343018058
0.0005754086888148712
0.0005683638304739037
0.0005616417807412639
0.0005552258323731765
0.0005491005262697307
0.0005432515415326733
0.0005376655971177176
0.0005323303636897892
0.0005272343844777099
0.000522367004084811
0.0005177183043484943
0.0005132790464585539
0.00050904061864426
0.0005049949888263987
0.0005011346617047512
0.0004974526398157304
0.0004939423881505371
0.0004905978019725243
0.00048741317751451146
0.0004843831852734939
0.00048150284565225636
0.00047876750672550694
0.0004761728239328165
0.0004737147415223565
0.0004713894755885613
0.0004691934985637497
0.000467123525038707
0.0004651764988005114
0.0004633495809876915
0.00046164013927333465
0.0004600457379961585
0.00045856412916797933
0.0004571932442935735
0.0004559311869457282
0.0004547762260444256
0.00045372678979467513
0.000452781460242569
0.00045193896841375894
0.0004511981900027903
0.00045055814158563253
0.00045001797733135927
0.000449576986192301
0.0004492345895551472
0.00044899033933845607
0.00044884391652486727
0.00044879513011902676
0.00044884391652486727
0.00044899033933845607
0.0004492345895551472
0.000449576986192301
0.00045001797733135927
0.00045055814158563253
0.0004511981900027903
0.00045193896841375894
0.000452781460242569
0.00045372678979467513
0.0004547762260444256
0.0004559311869457282
0.0004571932442935735
0.00045856412916797933
0.0004600457379961585
0.00046164013927333465
0.0004633495809876915
0.0004651764988005114
0.000467123525038707
0.0004691934985637497
0.0004713894755885613
0.0004737147415223565
0.0004761728239328165
0.00047876750672550694
0.00048150284565225636
0.0004843831852734939
0.00048741317751451146
0.0004905978019725243
0.0004939423881505371
0.0004974526398157304
0.0005011346617047512
0.0005049949888263987
0.00050904061864426
0.0005132790464585539
0.0005177183043484943
0.000522367004084811
0.0005272343844777099
0.0005323303636897892
0.0005376655971177176
0.0005432515415326733
0.0005491005262697307
0.0005552258323731765
0.0005616417807412639
0.0005683638304739037
0.0005754086888148712
0.0005827944343018058
0.0005905406549994562
0.0005986686040026124
0.0006072013747652996
0.0006161640992548265
0.0006255841724590321
0.0006354915074123048
0.0006459188256754478
0.0006569019891373748
0.0006684803801424181
0.0006806973383358576
0.0006936006643262553
0.0007072432023687633
0.0007216835168853176
0.0007369866808942129
0.0007532251985045137
0.0007704800887793199
0.000788842164803637
0.0008084135501320699
0.0008293094855108779
0.0008516604926453075
0.0008756149798816587
0.0009013423984670059
0.0009290370895944834
0.0009589230046395291
0.0009912595379796036
0.0010263487895350923
0.0010645446813895294
0.0011062645024433485
0.0011520036663888833
0.0012023547708664016
0.0012580324851572237
0.0013199064421860387
0.001389045283560075
0.001466776493379499
0.001554768975216516
0.0016551490223045036
0.0017706663650475423
0.001904937097566428
0.0020628077568911212
0.00225091600639254
0.0024785810918470765
0.0027592685940337064
0.003113099151409295
0.0035713510709769886
0.00418499613264404
0.005041961877946779
0.006304841418635717
0.008301293007806044
0.011766567791491085
0.018588911058213562
0.03450163756065144
0.08078171239096975
0.25650134384573153

0.02151551501951799
0.04734173500607206
0.09411749290394811
0.16820438384430222
0.27007346575216934
0.3920798342231073
0.522088169870282
0.647745148673373
0.7494277947520294
0.7888023663572876
0.7255694088804228
0.5629327914112644
0.3617039213450587
0.19315671088009567
0.08821377856033995
0.036354088199326846
0.014393397380839317
0.005676781544333241
0.002214142582814958
0.000830595173725126
0.00029290241349073394
9.588220230647187e-05
2.8956154389741143e-05
8.041396389756025e-06
2.0498586763044254e-06
4.791482012393133e-07
1.0264117257544013e-07
2.014415836501827e-08
3.621494393148521e-09
5.963582893934954e-10
8.994848964658165e-11
1.2426301956411224e-11
1.572349258630603e-12
1.8222767639615902e-13
1.9343610076673815e-14
1.8806954868091006e-15
1.67477766109662e-16
1.3660089619996774e-17
1.020487398883383e-18
6.982636778605796e-20
4.376117395485705e-21
2.511980036759387e-22
1.3206906718444576e-23
6.359804186574531e-25
2.80507246603274e-26
1.1331884345217002e-27
4.19293267090055e-29
1.4209910777757163e-30
4.4108523524352224e-32
1.2540400226970817e-33
3.2655623557535546e-35
7.788651499475662e-37
1.7014698975739718e-38
3.404426599769294e-40
6.239091967733035e-42
1.0472648007279757e-43
1.6100869626394125e-45
2.2672523833016555e-47
2.9242069697957415e-49
3.454411381185319e-51
3.7376420828329313e-53
3.704069042130159e-55
3.362158184333976e-57
2.795213073795679e-59
2.1284791608708742e-61
1.4845047557723442e-63
9.483125347808805e-66
5.548544788691586e-68
2.973475799285364e-70
1.4595111845374752e-72
6.561575854186791e-75
2.7018833018077594e-77
1.0190200470765101e-79
3.5201127615745694e-82
1.1137510604751925e-84
3.2275828012233874e-87
8.566913102900857e-90
2.0827111304712216e-92
4.637580074493195e-95
9.45826574275436e-98
1.7668078069809256e-100
3.0229071957435415e-103
4.73715970359426e-106
6.799374237109177e-109
8.938766064527316e-112
1.0763261822444018e-114
1.18704708344847e-117
1.1990842343294921e-120
1.1094025188030093e-123
9.401265320040415e-127
7.296946773354104e-130
5.187447977990537e-133
3.3777230509406148e-136
2.0144292923876796e-139
1.1003674258135046e-142
5.505301776634384e-146
2.5227966279173175e-149
1.0588661396522403e-152
4.070592111947432e-156
1.4332825710285314e-159
