1.5211726395018166
0.20922415816397677
0.05593265479962235
0.017225779084474955
0.005555757003934682
0.0018534658159247797
0.0006384755676344386
0.0002270411426115814
8.333860427005196e-05
3.157665575974777e-05
1.2349909518611399e-05
4.985848173117411e-06
2.077743300869161e-06
8.937626063607321e-07
3.9685300019049897e-07
1.8189209378205442e-07
8.605442464485169e-08
4.2024889123392016e-08
2.1184060651296304e-08
1.102233615590769e-08
5.919522894164813e-09
3.2811482032400783e-09
1.8769559061412147e-09
1.1079313641811639e-09
6.747038741589483e-10
4.237648549712841e-10
2.74387944819504e-10
1.8305692047868323e-10
1.2573815074793542e-10
8.883959362880943e-11
6.449446084937802e-11
4.804588408807974e-11
3.667614761670176e-11
2.864377435300632e-11
2.2851623693698565e-11
1.8588229796672388e-11
1.5394393429451796e-11
1.2958849017036618e-11
1.1070989119318135e-11
9.585192819118477e-12
8.399141047811944e-12
7.439829759473896e-12
6.65440540418053e-12
6.004068678164697e-12
5.459960019557022e-12
5.000343700478215e-12
4.608654771954925e-12
4.272127044732949e-12
3.980817389223613e-12
3.7269037137492975e-12
3.5041741798664744e-12
3.3076515718945605e-12
3.133314228957201e-12
2.97788668967391e-12
2.838681170128162e-12
2.7134764644848807e-12
2.600424648783441e-12
2.4979786228404433e-12
2.4048354015496827e-12
2.3198914054803645e-12
2.2422069641451393e-12
2.1709779446979077e-12
2.105512930685727e-12
2.0452147530627463e-12
1.9895654563229983e-12
1.938113992735686e-12
1.8904660961003676e-12
1.846275906707048e-12
1.805239011077322e-12
1.76708663071383e-12
1.7315807487344704e-12
1.698510005785783e-12
1.6676862298953885e-12
1.6389414910907286e-12
1.6121255923027443e-12
1.5871039245168763e-12
1.5637556272655472e-12
1.5419720060924438e-12
1.5216551671110178e-12
1.5027168356543865e-12
1.485077331603093e-12
1.4686646785402436e-12
1.4534138276239142e-12
1.4392659801449062e-12
1.4261679952810392e-12
1.4140718716683109e-12
1.4029342931652179e-12
1.3927162306540747e-12
1.3833825929544942e-12
1.374901920961492e-12
1.3672461199982239e-12
1.3603902261190955e-12
1.3543122027358132e-12
1.348992764485705e-12
1.3444152257339088e-12
1.3405653715118169e-12
1.3374313490543204e-12
1.335003578417091e-12
1.3332746809402678e-12
1.332239424583141e-12
1.3318946853917704e-12
1.332239424583141e-12
1.3332746809402678e-12
1.335003578417091e-12
1.3374313490543204e-12
1.3405653715118169e-12
1.3444152257339088e-12
1.348992764485705e-12
1.3543122027358132e-12
1.3603902261190955e-12
1.3672461199982239e-12
1.374901920961492e-12
1.3833825929544942e-12
1.3927162306540747e-12
1.4029342931652179e-12
1.4140718716683109e-12
1.4261679952810392e-12
1.4392659801449062e-12
1.4534138276239142e-12
1.4686646785402436e-12
1.485077331603093e-12
1.5027168356543865e-12
1.5216551671110178e-12
1.5419720060924438e-12
1.5637556272655472e-12
1.5871039245168763e-12
1.6121255923027443e-12
1.6389414910907286e-12
1.6676862298953885e-12
1.698510005785783e-12
1.7315807487344704e-12
1.76708663071383e-12
1.805239011077322e-12
1.846275906707048e-12
1.8904660961003676e-12
1.938113992735686e-12
1.9895654563229983e-12
2.0452147530627463e-12
2.105512930685727e-12
2.1709779446979077e-12
2.2422069641451393e-12
2.3198914054803645e-12
2.4048354015496827e-12
2.4979786228404433e-12
2.600424648783441e-12
2.7134764644848807e-12
2.838681170128162e-12
2.97788668967391e-12
3.133314228957201e-12
3.3076515718945605e-12
3.5041741798664744e-12
3.7269037137492975e-12
3.980817389223613e-12
4.272127044732949e-12
4.608654771954925e-12
5.000343700478215e-12
5.459960019557022e-12
6.004068678164697e-12
6.65440540418053e-12
7.439829759473896e-12
8.399141047811944e-12
9.585192819118477e-12
1.1070989119318135e-11
1.2958849017036618e-11
1.5394393429451796e-11
1.8588229796672388e-11
2.2851623693698565e-11
2.864377435300632e-11
3.667614761670176e-11
4.804588408807974e-11
6.449446084937802e-11
8.883959362880943e-11
1.2573815074793542e-10
1.8305692047868323e-10
2.74387944819504e-10
4.237648549712841e-10
6.747038741589483e-10
1.1079313641811639e-09
1.8769559061412147e-09
3.2811482032400783e-09
5.919522894164813e-09
1.102233615590769e-08
2.1184060651296304e-08
4.2024889123392016e-08
8.605442464485169e-08
1.8189209378205442e-07
3.9685300019049897e-07
8.937626063607321e-07
2.077743300869161e-06
4.985848173117411e-06
1.2349909518611399e-05
3.157665575974777e-05
8.333860427005196e-05
0.0002270411426115814
0.0006384755676344386
0.0018534658159247797
0.005555757003934682
0.017225779084474955
0.05593265479962235
0.20922415816397677

4.090083118816754e-11
5.782654025049484e-08
2.258482334118992e-05
0.002436691786499354
0.0726237907331895
0.5979317866682266
1.359936976056413
0.8544375692851427
0.1482983443824285
0.00711027965375756
9.417409925412227e-05
3.4456471265581246e-07
3.658407202928779e-07
0.007379684527969477
0.770127184911868
0.4153865173021832
0.0011874773887298484
0.020750547626780087
0.8569812608557159
2.076598015539019
0.29523819448849475
0.0024628141711117426
1.2053959944910642e-06
3.461519967067737e-11
5.8323413655446e-17
5.765779455134582e-24
3.344353023144693e-32
1.1381649296911136e-41
2.272674722863527e-52
2.662614917131709e-64
1.8302838048555673e-77
7.381888991743476e-92
1.746849862950857e-107
2.425395945694784e-124
1.9758260698392348e-142
9.443952031592966e-162
2.6484869090038234e-182
4.3579363792045844e-204
4.207294745009586e-227
2.383219188898697e-251
7.920708547100496e-277
1.5445539280385835e-303
0.0
0.0
0.0
0.0
0.0
0.0
0.0
0.0
0.0
0.0
0.0
0.0
0.0
0.0
0.0
0.0
0.0
0.0
0.0
0.0
0.0
0.0
0.0
0.0
0.0
0.0
0.0
0.0
0.0
0.0
0.0
0.0
0.0
0.0
0.0
0.0
0.0
0.0
0.0
0.0
0.0
0.0
0.0
0.0
0.0
0.0
0.0
0.0
0.0
0.0
0.0
0.0
0.0
0.0
0.0
0.0
0.0
0.0
