1.234836881343278
0.12241737382102327
0.04860435919635918
0.02875986930545945
0.01977469079110999
0.014787092377500699
0.011691120024497063
0.009617971084640993
0.008149220821114023
0.007062184410685469
0.006229235708535996
0.005572796508433153
0.005043376894928998
0.004608103334142073
0.0042443784333202105
0.00393620582894898
0.003671970823048958
0.003443051538344914
0.003242922235126282
0.003066558201993049
0.002910031002033661
0.0027702270962364365
0.0026446483548066353
0.0025312680952933333
0.0024284255095115854
0.0023347471026660253
0.0022490874477137956
0.002170483956135792
0.0020981219585186435
0.002031307463727762
0.0019694457032937806
0.0019120240813263174
0.0018585985127798636
0.001808782391961126
0.0017622376204908148
0.0017186672608760197
0.0016778094829948322
0.0016394325462234546
0.0016033306166977571
0.001569320262281258
0.0015372375007713585
0.0015069353022848047
0.0014782814664927053
0.0014511568107990628
0.0014254536176924262
0.0014010742991074935
0.0013779302432835132
0.0013559408157317418
0.0013350324908548605
0.0013151380947502267
0.001296196142971568
0.0012781502596719836
0.0012609486667234618
0.0012445437331975678
0.0012288915770720273
0.0012139517122568373
0.001199686735057753
0.0011860620450516405
0.001173045596067189
0.0011606076735699523
0.0011487206952621649
0.0011373590321412477
0.0011264988476293108
0.0011161179526999868
0.0011061956751973472
0.001096712741771704
0.0010876511710547834
0.0010789941768670575
0.0010707260803970995
0.0010628322304201286
0.0010552989307333913
0.001048113374082078
0.001041263581933214
0.0010347383495280791
0.0010285271957077285
0.0010226203170623281
0.001017008546004369
0.0010116833124092714
0.0010066366085052544
0.0010018609567282563
0.0009973493802877338
0.0009930953762158604
0.0009890928906963739
0.0009853362964904932
0.000981820372296237
0.0009785402838944236
0.000975491566949833
0.0009726701113497159
0.0009700721469741898
0.0009676942308042365
0.0009655332352832166
0.0009635863378570338
0.0009618510116265939
0.000960325017053973
0.0009590063946709108
0.0009578934587449091
0.0009569847918644576
0.0009562792404107478
0.000955775910888777
0.0009554741670960126
0.0009553736281118522
0.0009554741670960126
0.000955775910888777
0.0009562792404107478
0.0009569847918644576
0.0009578934587449091
0.0009590063946709108
0.000960325017053973
0.0009618510116265939
0.0009635863378570338
0.0009655332352832166
0.0009676942308042365
0.0009700721469741898
0.0009726701113497159
0.000975491566949833
0.0009785402838944236
0.000981820372296237
0.0009853362964904932
0.0009890928906963739
0.0009930953762158604
0.0009973493802877338
0.0010018609567282563
0.0010066366085052544
0.0010116833124092714
0.001017008546004369
0.0010226203170623281
0.0010285271957077285
0.0010347383495280791
0.001041263581933214
0.001048113374082078
0.0010552989307333913
0.0010628322304201286
0.0010707260803970995
0.0010789941768670575
0.0010876511710547834
0.001096712741771704
0.0011061956751973472
0.0011161179526999868
0.0011264988476293108
0.0011373590321412477
0.0011487206952621649
0.0011606076735699523
0.001173045596067189
0.0011860620450516405
0.001199686735057753
0.0012139517122568373
0.0012288915770720273
0.0012445437331975678
0.0012609486667234618
0.0012781502596719836
0.001296196142971568
0.0013151380947502267
0.0013350324908548605
0.0013559408157317418
0.0013779302432835132
0.0014010742991074935
0.0014254536176924262
0.0014511568107990628
0.0014782814664927053
0.0015069353022848047
0.0015372375007713585
0.001569320262281258
0.0016033306166977571
0.0016394325462234546
0.0016778094829948322
0.0017186672608760197
0.0017622376204908148
0.001808782391961126
0.0018585985127798636
0.0019120240813263174
0.0019694457032937806
0.002031307463727762
0.0020981219585186435
0.002170483956135792
0.0022490874477137956
0.0023347471026660253
0.0024284255095115854
0.0025312680952933333
0.0026446483548066353
0.0027702270962364365
0.002910031002033661
0.003066558201993049
0.003242922235126282
0.003443051538344914
0.003671970823048958
0.00393620582894898
0.0042443784333202105
0.004608103334142073
0.005043376894928998
0.005572796508433153
0.006229235708535996
0.007062184410685469
0.008149220821114023
0.009617971084640993
0.011691120024497063
0.014787092377500699
0.01977469079110999
0.02875986930545945
0.04860435919635918
0.12241737382102327

0.04654536160367401
0.07383906916229546
0.10346905484197597
0.12822531329301373
0.14098999426331488
0.13876835116623
0.12516632999511412
0.10949166282063913
0.1029413129699511
0.11404209382601872
0.1453704406923832
0.1923844155636832
0.24440093822051576
0.28757552129027564
0.3093524373474935
0.30292655164307986
0.2696606858318204
0.21813120148311083
0.16031946205829906
0.1070554565727112
0.06500656703887324
0.04266568141433026
0.1965604354255322
1.0021595473744873
1.1860947016839605
0.3021815613795473
0.016803038862734397
0.00032445149815073406
3.822191896066721e-05
9.660827232190016e-06
2.2462493206099026e-06
4.745272751328261e-07
9.107782884320384e-08
1.588226435347998e-08
2.516288505981684e-09
3.622068917615269e-10
4.736976685779138e-11
5.628517843634504e-12
6.076242659338219e-13
5.95970048100804e-14
5.310825359073712e-15
4.2997961754704905e-16
3.1628746468089016e-17
2.1138022367432645e-18
1.2834973857236872e-19
7.08066236451931e-21
3.548959518718609e-22
1.6161306525666038e-23
6.686520054531136e-25
2.5134606922972414e-26
8.584051334953265e-28
2.6635495279359104e-29
7.508920556650418e-31
1.923279951824827e-32
4.475646339315554e-34
9.462748140247479e-36
1.817720322071362e-37
3.1723792924642326e-39
5.030271341769084e-41
7.24679507346706e-43
9.485250628129567e-45
1.127976114156748e-46
1.2187068659451289e-48
1.1963186541453309e-50
1.0669467718808147e-52
8.64543589712838e-55
6.364719937194858e-57
4.25715991307393e-59
2.587074241135276e-61
1.428387634294009e-63
7.165253071554484e-66
3.2656170008903245e-68
1.3522195945855225e-70
5.087184205533586e-73
1.7388253558279658e-75
5.399862827782056e-78
1.523553653357514e-80
3.905539552532313e-83
9.096044786932031e-86
1.9247414624395906e-88
3.70033016389823e-91
6.463337170259587e-94
1.0257024918357716e-96
1.4788845477109073e-99
1.9372933780185363e-102
2.3057105087366955e-105
2.493230471799348e-108
2.4494486279352382e-111
2.1863641974581123e-114
1.7730661584068823e-117
1.3063983904091572e-120
8.745297635371922e-124
5.318899874440205e-127
2.939119860942995e-130
1.4755741628156342e-133
6.730588653052885e-137
2.7892877406507713e-140
1.0502237837751378e-143
3.5926808798070034e-147
1.1166156187062005e-150
