0.7024512416817466
0.040507647058825584
0.0028535569520782263
0.00022934314237484465
2.1079018219194995e-05
2.382678222984311e-06
3.951846397450237e-07
1.1371369009410431e-07
5.207546870762666e-08
3.105011109963563e-08
2.1316458658148952e-08
1.5952595513521596e-08
1.2640142447604855e-08
1.0427287061483645e-08
8.860164881450444e-09
7.699385115059404e-09
6.808636446523651e-09
6.1054113154002595e-09
5.537204136681627e-09
5.069178427118977e-09
4.677393271636787e-09
4.344894865468513e-09
4.059363639941394e-09
3.811644869679467e-09
3.5948011203611513e-09
3.4034837326649933e-09
3.2335053861409347e-09
3.081542877854336e-09
2.944926292389481e-09
2.821486749799275e-09
2.7094446610085406e-09
2.607326498561457e-09
2.513901969406169e-09
2.428136003106172e-09
2.349151646108426e-09
2.276201085503207e-09
2.2086428031026168e-09
2.1459234020705106e-09
2.087563030574254e-09
2.033143600235339e-09
1.982299194895606e-09
1.9347082098672354e-09
1.8900868687470314e-09
1.8481838446615398e-09
1.8087757728946207e-09
1.7716634874854354e-09
1.7366688493269012e-09
1.7036320602523624e-09
1.6724093785458408e-09
1.6428711676995881e-09
1.6149002231470722e-09
1.5883903319228456e-09
1.5632450283473663e-09
1.5393765153625239e-09
1.5167047264018803e-09
1.4951565069365422e-09
1.474664898300579e-09
1.4551685092299077e-09
1.4366109628715182e-09
1.4189404089347544e-09
1.40210909224104e-09
1.3860729702451604e-09
1.3707913731991854e-09
1.3562267015490834e-09
1.3423441559258371e-09
1.3291114957431344e-09
1.3164988229634077e-09
1.3044783880600649e-09
1.293024415600147e-09
1.2821129472097078e-09
1.2717216999733831e-09
1.2618299385675624e-09
1.2524183596398419e-09
1.2434689871312186e-09
1.2349650773963677e-09
1.2268910331149551e-09
1.2192323251064578e-09
1.2119754212649865e-09
1.2051077219213654e-09
1.1986175010190917e-09
1.1924938525603613e-09
1.1867266418394336e-09
1.1813064610344494e-09
1.1762245887762521e-09
1.1714729533548105e-09
1.167044099261076e-09
1.1629311567952364e-09
1.1591278145018596e-09
1.1556282942188423e-09
1.1524273285507463e-09
1.1495201405984397e-09
1.1469024257962064e-09
1.144570335724962e-09
1.14252046378612e-09
1.1407498326352188e-09
1.1392558832878462e-09
1.1380364658228067e-09
1.137089831619068e-09
1.1364146270739273e-09
1.1360098887601175e-09
1.135875039989454e-09
1.1360098887601175e-09
1.1364146270739273e-09
1.137089831619068e-09
1.1380364658228067e-09
1.1392558832878462e-09
1.1407498326352188e-09
1.14252046378612e-09
1.144570335724962e-09
1.1469024257962064e-09
1.1495201405984397e-09
1.1524273285507463e-09
1.1556282942188423e-09
1.1591278145018596e-09
1.1629311567952364e-09
1.167044099261076e-09
1.1714729533548105e-09
1.1762245887762521e-09
1.1813064610344494e-09
1.1867266418394336e-09
1.1924938525603613e-09
1.1986175010190917e-09
1.2051077219213654e-09
1.2119754212649865e-09
1.2192323251064578e-09
1.2268910331149551e-09
1.2349650773963677e-09
1.2434689871312186e-09
1.2524183596398419e-09
1.2618299385675624e-09
1.2717216999733831e-09
1.2821129472097078e-09
1.293024415600147e-09
1.3044783880600649e-09
1.3164988229634077e-09
1.3291114957431344e-09
1.3423441559258371e-09
1.3562267015490834e-09
1.3707913731991854e-09
1.3860729702451604e-09
1.40210909224104e-09
1.4189404089347544e-09
1.4366109628715182e-09
1.4551685092299077e-09
1.474664898300579e-09
1.4951565069365422e-09
1.5167047264018803e-09
1.5393765153625239e-09
1.5632450283473663e-09
1.5883903319228456e-09
1.6149002231470722e-09
1.6428711676995881e-09
1.6724093785458408e-09
1.7036320602523624e-09
1.7366688493269012e-09
1.7716634874854354e-09
1.8087757728946207e-09
1.8481838446615398e-09
1.8900868687470314e-09
1.9347082098672354e-09
1.982299194895606e-09
2.033143600235339e-09
2.087563030574254e-09
2.1459234020705106e-09
2.2086428031026168e-09
2.276201085503207e-09
2.349151646108426e-09
2.428136003106172e-09
2.513901969406169e-09
2.607326498561457e-09
2.7094446610085406e-09
2.821486749799275e-09
2.944926292389481e-09
3.081542877854336e-09
3.2335053861409347e-09
3.4034837326649933e-09
3.5948011203611513e-09
3.811644869679467e-09
4.059363639941394e-09
4.344894865468513e-09
4.677393271636787e-09
5.069178427118977e-09
5.537204136681627e-09
6.1054113154002595e-09
6.808636446523651e-09
7.699385115059404e-09
8.860164881450444e-09
1.0427287061483645e-08
1.2640142447604855e-08
1.5952595513521596e-08
2.1316458658148952e-08
3.105011109963563e-08
5.207546870762666e-08
1.1371369009410431e-07
3.951846397450237e-07
2.382678222984311e-06
2.1079018219194995e-05
0.00022934314237484465
0.0028535569520782263
0.040507647058825584

5.210715802501781e-08
2.646501228481615e-07
1.2235012689170861e-06
5.148661734966845e-06
1.972159058491851e-05
6.876212419003143e-05
0.00021827255814309477
0.0006334983352728489
0.0017711201257086492
0.006212725057308055
0.03251897608100088
0.1535462103075571
0.4496243644485875
0.7412531584053853
0.6876874493024364
0.39463790999645587
0.20272918774564908
0.15493653756525602
0.1493333855899738
0.13888713533477715
0.11812453778133665
0.09146706657448912
0.06446875235210636
0.04136103760148499
0.024154118703929795
0.012839513807639617
0.006212459525156325
0.0027361265299653
0.0010968983751880777
0.0004002710868641252
0.0001329534645974062
4.0197839211684155e-05
1.1062756916457275e-05
2.771287876521968e-06
6.319133424205473e-07
1.3115686277052688e-07
2.4778905865731113e-08
4.261189448029909e-09
6.670174123524122e-10
9.503883647909123e-11
1.2326014138764225e-11
1.455130097269468e-12
1.5636465709735964e-13
1.529441891081426e-14
1.3617110977954351e-15
1.1035565272305281e-16
8.140700965284562e-18
5.466214015032269e-19
3.3409430441381433e-20
1.8586992501445393e-21
9.412538958788098e-23
4.338724368424066e-24
1.8204340350359644e-25
6.952571170498576e-27
2.4169827518370354e-28
7.648200601716815e-30
2.202939655241325e-31
5.775685573896526e-33
1.378358203097128e-34
2.9941824419417044e-36
5.9204134230341e-38
1.0655735239145902e-39
1.7457112830217074e-41
2.6032688866482998e-43
3.533647694570411e-45
4.3660135529533514e-47
4.9102603775274494e-49
5.026683903651285e-51
4.683993040955881e-53
3.9729080843514396e-55
3.0673151880710434e-57
2.155588727706914e-59
1.3788944191829549e-61
8.028857226410079e-64
4.255338058198745e-66
2.0529199317157437e-68
9.015038093708738e-71
3.603468519586999e-73
1.3110869955822678e-75
4.342100771344502e-78
1.3089585618392367e-80
3.591778191730817e-83
8.97120398128825e-86
2.039621423455088e-88
4.2209091999316465e-91
7.950969100535108e-94
1.3633009359492111e-96
2.1277520189686164e-99
3.0227894717263188e-102
3.9088805732574664e-105
4.6010241612150835e-108
4.929629015180779e-111
4.8076359244461725e-114
4.267824158815682e-117
3.448570227478826e-120
2.536467153522966e-123
1.6981538034121916e-126
1.0348619352513533e-129
5.7404430763189936e-133
2.8984514343770493e-136
