1.0184248825353182
0.163272801680102
0.03005720448597561
0.006674989119386305
0.0019433501066276429
0.0007755045025000163
0.00040464866250041083
0.0002530931875430691
0.00017747454178626765
0.00013410669599548558
0.00010671984895456582
8.817528734192856e-05
7.4936592504293e-05
6.508478824137213e-05
5.750563169270658e-05
5.15147234375091e-05
4.6671992666957986e-05
4.2683332152693585e-05
3.9345596672356716e-05
3.651442704242236e-05
3.408467646854735e-05
3.1978088821749385e-05
3.013530452040326e-05
2.8510533467547104e-05
2.706791954663732e-05
2.5779005934748524e-05
2.462093357841012e-05
2.3575138295938788e-05
2.2626393500000305e-05
2.176209666548238e-05
2.0971730436219596e-05
2.0246450684850163e-05
1.9578768100242096e-05
1.8962299530879323e-05
1.8391571950392098e-05
1.786186654145697e-05
1.7369093667280142e-05
1.690969184247362e-05
1.6480545511465194e-05
1.607891768411941e-05
1.5702394396499823e-05
1.5348838650069308e-05
1.5016351998960636e-05
1.4703242347164846e-05
1.4407996817817414e-05
1.4129258788473059e-05
1.386580836630538e-05
1.3616545718015683e-05
1.3380476780126668e-05
1.3156700963176213e-05
1.2944400533309602e-05
1.2742831410833318e-05
1.2551315170444742e-05
1.2369232064397058e-05
1.219601491957957e-05
1.2031143783776042e-05
1.1874141216289894e-05
1.172456813454522e-05
1.1582020141858601e-05
1.1446124272861036e-05
1.131653610245676e-05
1.1192937172076948e-05
1.1075032693594392e-05
1.0962549496831486e-05
1.0855234191297728e-05
1.0752851516779918e-05
1.0655182860797926e-05
1.056202492382909e-05
1.0473188515675273e-05
1.0388497468465052e-05
1.0307787653604455e-05
1.0230906091558783e-05
1.0157710144703585e-05
1.0088066784656768e-05
1.0021851926522685e-05
9.958949823365488e-06
9.899252515002038e-06
9.842659325880184e-06
9.78907640739985e-06
9.738416320553693e-06
9.690597655221091e-06
9.645544682851777e-06
9.603187039631624e-06
9.563459437538022e-06
9.526301400972268e-06
9.491657026905202e-06
9.459474766694558e-06
9.429707227930975e-06
9.402310994848003e-06
9.377246465991544e-06
9.35447770798907e-06
9.333972324390076e-06
9.315701338668293e-06
9.299639090585598e-06
9.285763145217118e-06
9.274054214029834e-06
9.264496087492508e-06
9.257075578775041e-06
9.251782478170896e-06
9.24860951794786e-06
9.24755234740099e-06
9.24860951794786e-06
9.251782478170896e-06
9.257075578775041e-06
9.264496087492508e-06
9.274054214029834e-06
9.285763145217118e-06
9.299639090585598e-06
9.315701338668293e-06
9.333972324390076e-06
9.35447770798907e-06
9.377246465991544e-06
9.402310994848003e-06
9.429707227930975e-06
9.459474766694558e-06
9.491657026905202e-06
9.526301400972268e-06
9.563459437538022e-06
9.603187039631624e-06
9.645544682851777e-06
9.690597655221091e-06
9.738416320553693e-06
9.78907640739985e-06
9.842659325880184e-06
9.899252515002038e-06
9.958949823365488e-06
1.0021851926522685e-05
1.0088066784656768e-05
1.0157710144703585e-05
1.0230906091558783e-05
1.0307787653604455e-05
1.0388497468465052e-05
1.0473188515675273e-05
1.056202492382909e-05
1.0655182860797926e-05
1.0752851516779918e-05
1.0855234191297728e-05
1.0962549496831486e-05
1.1075032693594392e-05
1.1192937172076948e-05
1.131653610245676e-05
1.1446124272861036e-05
1.1582020141858601e-05
1.172456813454522e-05
1.1874141216289894e-05
1.2031143783776042e-05
1.219601491957957e-05
1.2369232064397058e-05
1.2551315170444742e-05
1.2742831410833318e-05
1.2944400533309602e-05
1.3156700963176213e-05
1.3380476780126668e-05
1.3616545718015683e-05
1.386580836630538e-05
1.4129258788473059e-05
1.4407996817817414e-05
1.4703242347164846e-05
1.5016351998960636e-05
1.5348838650069308e-05
1.5702394396499823e-05
1.607891768411941e-05
1.6480545511465194e-05
1.690969184247362e-05
1.7369093667280142e-05
1.786186654145697e-05
1.8391571950392098e-05
1.8962299530879323e-05
1.9578768100242096e-05
2.0246450684850163e-05
2.0971730436219596e-05
2.176209666548238e-05
2.2626393500000305e-05
2.3575138295938788e-05
2.462093357841012e-05
2.5779005934748524e-05
2.706791954663732e-05
2.8510533467547104e-05
3.013530452040326e-05
3.1978088821749385e-05
3.408467646854735e-05
3.651442704242236e-05
3.9345596672356716e-05
4.2683332152693585e-05
4.6671992666957986e-05
5.15147234375091e-05
5.750563169270658e-05
6.508478824137213e-05
7.4936592504293e-05
8.817528734192856e-05
0.00010671984895456582
0.00013410669599548558
0.00017747454178626765
0.0002530931875430691
0.00040464866250041083
0.0007755045025000163
0.0019433501066276429
0.006674989119386305
0.03005720448597561
0.163272801680102

0.000432233433970939
0.0015195470598703864
0.004672763994453556
0.012568904718832938
0.029572287249761728
0.06086060901414831
0.10956316408809813
0.1774853180950761
0.6595515239007216
2.2946189607260083
0.8375095885016672
0.2861037739047586
0.22423221095432497
0.1581421090734825
0.09756048638356363
0.0526458670741348
0.0248495485904242
0.010259746252160026
0.0037052595097412065
0.0011704814526948852
0.00032342555862605813
7.817142565309377e-05
1.652668018441766e-05
3.0562375569392925e-06
4.943704326925376e-07
6.994904084794729e-08
8.657149827937655e-09
9.371993934508286e-10
8.874685239258233e-11
7.350854280204954e-12
5.325820969893925e-13
3.3751976342615915e-14
1.8710084440683343e-15
9.072274495477248e-17
3.847871066363622e-18
1.427541477616525e-19
4.632557887115859e-21
1.3149731007928672e-22
3.2649518280610974e-24
7.090887283381839e-26
1.347064157770847e-27
2.2384112222046503e-29
3.2535341017712904e-31
4.136516363706919e-33
4.6002138922737944e-35
4.474919205618983e-37
3.8076433872139315e-39
2.8339437776530847e-41
1.844973311256025e-43
1.0506373629919205e-45
5.23334648571019e-48
2.280184725016105e-50
8.690093911189278e-53
2.8969620261013413e-55
8.447438331786788e-58
2.1546223103582285e-60
4.80707800907596e-63
9.381128443096077e-66
1.601374429319371e-68
2.391082668675278e-71
3.122915179100837e-74
3.56771110804517e-77
3.565193182796364e-80
3.116307817811449e-83
2.3826569929943008e-86
1.5934799284802317e-89
9.321709487642623e-93
4.769890676827868e-96
2.134937578942447e-99
8.358451617826209e-103
2.8624003680841714e-106
8.574302871956854e-110
2.246627942268947e-113
5.149053294622535e-117
1.0322562301948168e-120
1.810137365948772e-124
2.776511323746229e-128
3.725214284063851e-132
4.371867236728921e-136
4.487935072639538e-140
4.0298609449406424e-144
3.1651729877895365e-148
2.174546684403303e-152
1.3067843229716194e-156
6.869149850974023e-161
3.1583914872057574e-165
1.2702605926065775e-169
4.468724539476105e-174
1.375112529737572e-178
3.7013213192960656e-183
8.714434963442887e-188
1.7946740050933933e-192
3.232926316738981e-197
5.094128965441802e-202
7.021145281792999e-207
8.464667016120625e-212
8.926386603154967e-217
8.233896450176266e-222
6.6435315931084165e-227
4.6887438029562064e-232
