1.2403637480084104
0.3109679400512173
0.11128553524260974
0.047071915448766086
0.022038236021224237
0.011200325085822395
0.006133624759081504
0.0036014902239916327
0.002255907543744324
0.001498821058882614
0.0010496771159985612
0.0007699219861709256
0.0005877680187998174
0.00046431655073785483
0.000377591954291983
0.0003146889580317899
0.0002677525828141212
0.00023184137777460225
0.00020375104397313024
0.00018134516837415361
0.00016316262200593803
0.0001481805914156156
0.00013566770420693865
0.00012509072458856196
0.0001160539084997216
0.00010825874038826905
0.00010147666958725233
9.553030821255136e-05
9.028024218214514e-05
8.561563232325254e-05
8.144741728006659e-05
7.770333029655791e-05
7.43241989603033e-05
7.12611647378671e-05
6.847357033582785e-05
6.592733773328567e-05
6.359371076278234e-05
6.144827138386923e-05
5.94701634689126e-05
5.7641475387463836e-05
5.594674517641028e-05
5.437256112364516e-05
5.290723719581148e-05
5.1540547608387155e-05
5.0263508456888195e-05
4.906819704363783e-05
4.794760158778677e-05
4.689549557064481e-05
4.590633216882885e-05
4.497515515536558e-05
4.409752337040481e-05
4.3269446427939546e-05
4.248732976961425e-05
4.1747927528864795e-05
4.1048301949057165e-05
4.0385788323763324e-05
3.9757964607900695e-05
3.916262499444811e-05
3.859775687000989e-05
3.806152065921476e-05
3.7552232147165866e-05
3.7068346934333175e-05
3.660844673210187e-05
3.6171227251809055e-05
3.575548747722337e-05
3.5360120141418095e-05
3.498410325495599e-05
3.462649255413191e-05
3.428641475642415e-05
3.396306152587374e-05
3.365568406431693e-05
3.336358825563244e-05
3.308613029975129e-05
3.282271278137809e-05
3.257278112540719e-05
3.233582039706676e-05
3.211135241004009e-05
3.1898933110320774e-05
3.169815020746543e-05
3.150862102829904e-05
3.1329990571082074e-05
3.116192974072551e-05
3.1004133747894965e-05
3.085632065682192e-05
3.07182300683782e-05
3.0589621926501924e-05
3.0470275437416068e-05
3.035998809228125e-05
3.025857478498931e-05
3.016586701775545e-05
3.00817121880165e-05
3.00059729509068e-05
2.9938526652271242e-05
2.9879264827799098e-05
2.9828092764429872e-05
2.9784929120702333e-05
2.97497056031974e-05
2.9722366696669656e-05
2.9702869445878718e-05
2.9691183287523882e-05
2.968728993105897e-05
2.9691183287523882e-05
2.9702869445878718e-05
2.9722366696669656e-05
2.97497056031974e-05
2.9784929120702333e-05
2.9828092764429872e-05
2.9879264827799098e-05
2.9938526652271242e-05
3.00059729509068e-05
3.00817121880165e-05
3.016586701775545e-05
3.025857478498931e-05
3.035998809228125e-05
3.0470275437416068e-05
3.0589621926501924e-05
3.07182300683782e-05
3.085632065682192e-05
3.1004133747894965e-05
3.116192974072551e-05
3.1329990571082074e-05
3.150862102829904e-05
3.169815020746543e-05
3.1898933110320774e-05
3.211135241004009e-05
3.233582039706676e-05
3.257278112540719e-05
3.282271278137809e-05
3.308613029975129e-05
3.336358825563244e-05
3.365568406431693e-05
3.396306152587374e-05
3.428641475642415e-05
3.462649255413191e-05
3.498410325495599e-05
3.5360120141418095e-05
3.575548747722337e-05
3.6171227251809055e-05
3.660844673210187e-05
3.7068346934333175e-05
3.7552232147165866e-05
3.806152065921476e-05
3.859775687000989e-05
3.916262499444811e-05
3.9757964607900695e-05
4.0385788323763324e-05
4.1048301949057165e-05
4.1747927528864795e-05
4.248732976961425e-05
4.3269446427939546e-05
4.409752337040481e-05
4.497515515536558e-05
4.590633216882885e-05
4.689549557064481e-05
4.794760158778677e-05
4.906819704363783e-05
5.0263508456888195e-05
5.1540547608387155e-05
5.290723719581148e-05
5.437256112364516e-05
5.594674517641028e-05
5.7641475387463836e-05
5.94701634689126e-05
6.144827138386923e-05
6.359371076278234e-05
6.592733773328567e-05
6.847357033582785e-05
7.12611647378671e-05
7.43241989603033e-05
7.770333029655791e-05
8.144741728006659e-05
8.561563232325254e-05
9.028024218214514e-05
9.553030821255136e-05
0.00010147666958725233
0.00010825874038826905
0.0001160539084997216
0.00012509072458856196
0.00013566770420693865
0.0001481805914156156
0.00016316262200593803
0.00018134516837415361
0.00020375104397313024
0.00023184137777460225
0.0002677525828141212
0.0003146889580317899
0.000377591954291983
0.00046431655073785483
0.0005877680187998174
0.0007699219861709256
0.0010496771159985612
0.001498821058882614
0.002255907543744324
0.0036014902239916327
0.006133624759081504
0.011200325085822395
0.022038236021224237
0.047071915448766086
0.11128553524260974
0.3109679400512173

0.0012930092171860275
0.013870850656090141
0.08826523312852082
0.33317562280925755
0.7461177221843757
0.9919472582742155
0.7866418485990079
0.38766444763476193
0.16820090376183477
0.17281147972717947
0.29167230463759297
0.42998862444011376
0.5085445350995521
0.48013952590852305
0.3618143079569651
0.21761120435296313
0.10446094475821505
0.04002246435917148
0.012238575860400997
0.002986999309151532
0.0005818573712735668
9.046386513552827e-05
1.122563503794348e-05
1.111792853603149e-06
8.788485046909269e-08
5.5447419430306425e-09
2.7920670235171294e-10
1.122141232240492e-11
3.599534844937952e-13
9.215574705210429e-15
1.8831098125608901e-16
3.071185503535901e-18
3.997731593345197e-20
4.1533487141942075e-22
3.4439777726405676e-24
2.279289365514607e-26
1.2039702868591724e-28
5.075855547499582e-31
1.7079687474377024e-33
4.5869897071544527e-36
9.83224726807917e-39
1.6821123472317536e-41
2.2968592663241265e-44
2.503173505042891e-47
2.1773322300386565e-50
1.5115956366011674e-53
8.375750623231982e-57
3.7041539427699023e-60
1.307469290190423e-63
3.6834191942453956e-67
8.282243165551839e-71
1.4863530816459265e-74
2.1289878305701525e-78
2.4338933858194292e-82
2.220788001589973e-86
1.6172972000703895e-90
9.40047388730901e-95
4.361007569201017e-99
1.614734461128025e-103
4.77191355678458e-108
1.1255406953899825e-112
2.1188831960318652e-117
3.183684417955114e-122
3.817949567118422e-127
3.654328148344451e-132
2.7916571432619173e-137
1.7021341932513153e-142
8.283286696248628e-148
3.2172793436888915e-153
9.973601883106552e-159
2.467700600179427e-164
4.8731534312516996e-170
7.680772193129316e-176
9.662218711474793e-182
9.701212633803006e-188
7.774140117811441e-194
4.972283524042032e-200
2.538262803681501e-206
1.0341760286951303e-212
3.3630206095410075e-219
8.728543306908308e-226
1.8081364186373614e-232
2.989494760816162e-239
3.9449506985691967e-246
4.1549188297647827e-253
3.492695205695892e-260
2.343343813751126e-267
1.2548404726444597e-274
5.363128503703289e-282
1.8294690588832177e-289
4.980914822365253e-297
1.0823565298729312e-304
1.87719223278e-312
2.5983e-320
0.0
0.0
0.0
0.0
0.0
0.0
