1.2673202341314027
0.23822272542967124
0.11261960911580962
0.06269313022027495
0.03911846211187168
0.026711567363987554
0.0195601355142814
0.015113241913358406
0.012169412482732591
0.010117625908753869
0.008625667922543637
0.007502128586087326
0.006631039550428659
0.00593900920795414
0.00537779767810357
0.004914632548165026
0.004526596678734567
0.004197252409228099
0.003914542362012892
0.0036694446873432587
0.0034550883128789222
0.0032661566933627722
0.003098477176460644
0.0029487325903075935
0.002814255025198222
0.0026928759654145425
0.0025828157401001513
0.0024826008569127376
0.0023910014050588326
0.0023069831035674795
0.002229670173251516
0.0021583163027562953
0.002092281734052696
0.002031015021840235
0.0019740383968846896
0.0019209359330645162
0.0018713439138163198
0.0018249429374518735
0.0017814514073793905
0.00174062013296758
0.0017022278269305832
0.0016660773308623603
0.001631992435624413
0.0015998151903800191
0.001569403615136006
0.0015406297481465971
0.001513377972527613
0.0014875435767273213
0.0014630315117083392
0.0014397553142729482
0.0014176361712631615
0.0013966021036566746
0.0013765872530691892
0.001357531256024716
0.0013393786936952384
0.0013220786067392632
0.0013055840664640862
0.0012898517948615753
0.0012748418271718094
0.0012605172115529443
0.0012468437412113717
0.001233789714999518
0.0012213257230406127
0.0012094244544075172
0.0011980605242803571
0.0011872103183466055
0.0011768518524970274
0.0011669646461191987
0.001157529607503708
0.0011485289300619927
0.0011399459982135095
0.001131765301937388
0.0011239723591029572
0.0011165536447972472
0.0011094965269579618
0.0011027892076993736
0.001096420669787708
0.001090380627783229
0.0010846594834195192
0.0010792482848374315
0.0010741386893326123
0.0010693229293121933
0.0010647937811887414
0.00106054453696845
0.0010565689783162862
0.001052861352903751
0.0010494163528654845
0.0010462290952093544
0.001043295104041271
0.0010406102944809335
0.0010381709581582584
0.0010359737501925564
0.0010340156775677587
0.0010322940888272735
0.0010308066650215365
0.0010295514118500747
0.0010285266529480698
0.0010277310242750544
0.0010271634695705762
0.0010268232368485398
0.0010267098759085005
0.0010268232368485398
0.0010271634695705762
0.0010277310242750544
0.0010285266529480698
0.0010295514118500747
0.0010308066650215365
0.0010322940888272735
0.0010340156775677587
0.0010359737501925564
0.0010381709581582584
0.0010406102944809335
0.001043295104041271
0.0010462290952093544
0.0010494163528654845
0.001052861352903751
0.0010565689783162862
0.00106054453696845
0.0010647937811887414
0.0010693229293121933
0.0010741386893326123
0.0010792482848374315
0.0010846594834195192
0.001090380627783229
0.001096420669787708
0.0011027892076993736
0.0011094965269579618
0.0011165536447972472
0.0011239723591029572
0.001131765301937388
0.0011399459982135095
0.0011485289300619927
0.001157529607503708
0.0011669646461191987
0.0011768518524970274
0.0011872103183466055
0.0011980605242803571
0.0012094244544075172
0.0012213257230406127
0.001233789714999518
0.0012468437412113717
0.0012605172115529443
0.0012748418271718094
0.0012898517948615753
0.0013055840664640862
0.0013220786067392632
0.0013393786936952384
0.001357531256024716
0.0013765872530691892
0.0013966021036566746
0.0014176361712631615
0.0014397553142729482
0.0014630315117083392
0.0014875435767273213
0.001513377972527613
0.0015406297481465971
0.001569403615136006
0.0015998151903800191
0.001631992435624413
0.0016660773308623603
0.0017022278269305832
0.00174062013296758
0.0017814514073793905
0.0018249429374518735
0.0018713439138163198
0.0019209359330645162
0.0019740383968846896
0.002031015021840235
0.002092281734052696
0.0021583163027562953
0.002229670173251516
0.0023069831035674795
0.0023910014050588326
0.0024826008569127376
0.0025828157401001513
0.0026928759654145425
0.002814255025198222
0.0029487325903075935
0.003098477176460644
0.0032661566933627722
0.0034550883128789222
0.0036694446873432587
0.003914542362012892
0.004197252409228099
0.004526596678734567
0.004914632548165026
0.00537779767810357
0.00593900920795414
0.006631039550428659
0.007502128586087326
0.008625667922543637
0.010117625908753869
0.012169412482732591
0.015113241913358406
0.0195601355142814
0.026711567363987554
0.03911846211187168
0.06269313022027495
0.11261960911580962
0.23822272542967124

0.04881566034162923
0.11962445838222174
0.23695705893832267
0.37940947090381366
0.4910611028745076
0.5137499025735202
0.43446702547053234
0.296996094992749
0.1641094190312063
0.07330019455725373
0.026464616021559025
0.007723513630570848
0.0018220197823052282
0.0003474402341112848
5.3554501416101296e-05
6.672686213009612e-06
6.720401511099012e-07
5.609339293819021e-08
4.949493193031909e-07
6.57793296364579e-05
0.0033162330403945168
0.06295940454200911
0.4501268214902314
1.2119030560081192
1.2287388172161149
0.46914812498607195
0.06745576943951455
0.0036524722488123686
7.44755052511e-05
5.718718252473337e-07
1.6536464068640273e-09
1.8007163654008432e-12
7.384254910919025e-16
1.140320044310298e-19
6.63140488785694e-24
1.4522555360199452e-28
1.1976757195981002e-33
3.719582182527403e-39
4.3501858728989704e-45
1.9161793049990735e-51
4.685318528488767e-58
7.434057783101149e-62
2.9615131145851194e-65
9.539073323777579e-69
2.4836338553584067e-72
5.227063858214017e-76
8.892357018916912e-80
1.2228264563286852e-83
1.359257106118769e-87
1.2213137552193577e-91
8.870369993429095e-96
5.207689380511935e-100
2.471367094160403e-104
9.480217424440144e-109
2.9395996445759866e-113
7.367954326317345e-118
1.4927755536692753e-122
2.444730292873966e-127
3.2363556718121616e-132
3.463142679087196e-137
2.995527945371939e-142
2.0944269468039458e-147
1.1837116137977755e-152
5.407735616550036e-158
1.9969805890771222e-163
5.961026967214367e-169
1.4383254997457943e-174
2.8053181654181964e-180
4.422785919208823e-186
5.636357908749661e-192
5.806174153994239e-198
4.834709719876038e-204
3.254165225347646e-210
1.7705069922587683e-216
7.78654043358292e-223
2.7680905354921642e-229
7.95435350991089e-236
1.8476441711820555e-242
3.4691304809427643e-249
5.265162552797444e-256
6.459394111012072e-263
6.405612058613476e-270
5.134738528443856e-277
3.327092566526064e-284
1.742610333798276e-291
7.377760224129403e-299
2.5248619562258064e-306
6.98456866e-314
1.56e-321
0.0
0.0
0.0
0.0
0.0
0.0
0.0
0.0
0.0
0.0
0.0
