0.8514641557246321
0.10753609937047723
0.029383793908457884
0.011910044348963826
0.006249338669703571
0.0039013357049811066
0.0027335182473740617
0.0020695808619169203
0.001652982505921213
0.0013716203442360655
0.0011706764774420328
0.0010208222967698678
0.0009051853055186493
0.0008134669896901093
0.0007390667971098111
0.0006775782813715448
0.000625956809354038
0.0005820360859285722
0.0005442353624256661
0.0005113756041132892
0.00048256037094461047
0.00045709645997204514
0.0004344397226877746
0.0004141572528861692
0.0003959004769358346
0.00037938566228091906
0.00036437957222661257
0.0003506887541973029
0.00033815143477465955
0.0003266313125145514
0.0003160127510654905
0.0003061970183770105
0.0002970993163622292
0.00028864641420027866
0.0002807747471653413
0.0002734288777668202
0.00026656024128568636
0.00026012611633566274
0.0002540887748084788
0.0002484147758268453
0.00024307437607126964
0.00023804103473653443
0.0002332909958897925
0.00022880293449125153
0.00022455765505316683
0.0002205378340394194
0.00021672779878443787
0.0002131133370399198
0.00020968153231854932
0.0002064206210547489
0.0002033198682885618
0.00020036945913470955
0.0001975604037515426
0.0001948844538948603
0.00019233402944575495
0.000189902153552566
0.0001875823952348705
0.00018536881847024567
0.00018325593692875515
0.00018123867364088885
0.00017931232498618853
0.0001774725284753657
0.00017571523387110047
0.00017403667725412
0.00017243335769340565
0.00017090201622396858
0.000169439616873785
0.00016804332951422232
0.0001667105143364411
0.00016543870778054577
0.00016422560976524637
0.00016306907208398432
0.00016196708784927885
0.00016091778188079416
0.0001599194019446355
0.00015897031076186937
0.0001580689787134528
0.0001572139771768314
0.00015640397243656562
0.00015563772011760566
0.0001549140600953705
0.00015423191184168333
0.0001535902701699634
0.00015298820134694103
0.00015242483954160593
0.00015189938358518056
0.0001514110940186631
0.00015095929040696393
0.0001505433489008864
0.00015016270003021683
0.00014981682671301265
0.00014950526246783715
0.00014922758981720293
0.00014898343887187582
0.00014877248608697002
0.00014859445318194943
0.0001484491062177557
0.00014833625482531636
0.00014825575158066535
0.0001482074915228367
0.00014819141181158322
0.0001482074915228367
0.00014825575158066535
0.00014833625482531636
0.0001484491062177557
0.00014859445318194943
0.00014877248608697002
0.00014898343887187582
0.00014922758981720293
0.00014950526246783715
0.00014981682671301265
0.00015016270003021683
0.0001505433489008864
0.00015095929040696393
0.0001514110940186631
0.00015189938358518056
0.00015242483954160593
0.00015298820134694103
0.0001535902701699634
0.00015423191184168333
0.0001549140600953705
0.00015563772011760566
0.00015640397243656562
0.0001572139771768314
0.0001580689787134528
0.00015897031076186937
0.0001599194019446355
0.00016091778188079416
0.00016196708784927885
0.00016306907208398432
0.00016422560976524637
0.00016543870778054577
0.0001667105143364411
0.00016804332951422232
0.000169439616873785
0.00017090201622396858
0.00017243335769340565
0.00017403667725412
0.00017571523387110047
0.0001774725284753657
0.00017931232498618853
0.00018123867364088885
0.00018325593692875515
0.00018536881847024567
0.0001875823952348705
0.000189902153552566
0.00019233402944575495
0.0001948844538948603
0.0001975604037515426
0.00020036945913470955
0.0002033198682885618
0.0002064206210547489
0.00020968153231854932
0.0002131133370399198
0.00021672779878443787
0.0002205378340394194
0.00022455765505316683
0.00022880293449125153
0.0002332909958897925
0.00023804103473653443
0.00024307437607126964
0.0002484147758268453
0.0002540887748084788
0.00026012611633566274
0.00026656024128568636
0.0002734288777668202
0.0002807747471653413
0.00028864641420027866
0.0002970993163622292
0.0003061970183770105
0.0003160127510654905
0.0003266313125145514
0.00033815143477465955
0.0003506887541973029
0.00036437957222661257
0.00037938566228091906
0.0003959004769358346
0.0004141572528861692
0.0004344397226877746
0.00045709645997204514
0.00048256037094461047
0.0005113756041132892
0.0005442353624256661
0.0005820360859285722
0.000625956809354038
0.0006775782813715448
0.0007390667971098111
0.0008134669896901093
0.0009051853055186493
0.0010208222967698678
0.0011706764774420328
0.0013716203442360655
0.001652982505921213
0.0020695808619169203
0.0027335182473740617
0.0039013357049811066
0.006249338669703571
0.011910044348963826
0.029383793908457884
0.10753609937047723

0.007111073815778908
0.01541994295840993
0.030594996304173155
0.05554412202267012
0.09226689402057629
0.1402406576227915
0.1950396597620448
0.24819674140579367
0.2890061986578767
0.30797310476450573
0.30049315689869244
0.2689660810464537
0.22233124965243262
0.1734291774245523
0.13549413841047925
0.11881282990791098
0.1277706039235308
0.1585099651554441
0.19856866604508183
0.2304210970567594
0.23881926507957352
0.21816952956817737
0.17484850146481626
0.1227278549307882
0.0753994215829816
0.04053527963704944
0.019067665450806646
0.00784773083070992
0.002825957527774422
0.0008903461557865121
0.00024542702495878037
5.919096294056189e-05
1.248986097357516e-05
2.3058380453522626e-06
3.724507901643631e-07
5.263539071165616e-08
6.5081210934037475e-09
7.040478968400557e-10
6.663732925206529e-11
5.51825481705993e-12
3.9981097107063743e-13
2.534407526390465e-14
1.4056169243968412e-15
6.820658285216342e-17
2.8957055213951434e-18
1.0756012243558003e-19
3.495561753514345e-21
9.939201086150293e-23
2.4726053229816525e-24
5.381792842756625e-26
1.024868302731048e-27
1.707568569199615e-29
2.4891864972900254e-31
3.1747262392523e-33
3.5426270376195483e-35
3.458728375193879e-37
2.9544916096458255e-39
2.208167590592837e-41
1.444050071551834e-43
8.263748630527298e-46
4.1392978607602966e-48
1.816013654531513e-50
6.99093812487588e-53
2.3733249646029606e-55
7.207052086048826e-58
2.0352364949565095e-60
5.850662701345262e-63
1.9563490422514424e-65
8.007626109700812e-68
3.6474615645570956e-70
1.6544146997909644e-72
7.065022673794959e-75
2.7841932581590925e-77
1.006310505614205e-79
3.33008232668937e-82
1.0084764735476364e-84
2.794556194975865e-87
7.085715065013754e-90
1.643899962721555e-92
3.489693716946845e-95
6.778277225911172e-98
1.2046791819796507e-100
1.9590410709911364e-103
2.9149810317386757e-106
3.9686973522151786e-109
4.944020763812095e-112
5.635502501190001e-115
5.877668171173262e-118
5.609156240989068e-121
4.8979017248503525e-124
3.913295582811455e-127
2.860851365337419e-130
1.9136741615590866e-133
1.1712800539157274e-136
6.559542623277118e-140
3.361293420967521e-143
1.5760113786931198e-146
6.761333039317889e-150
2.6541493922440226e-153
9.533194550561161e-157
