0.9659575476188105
0.36190515647048965
0.22495732171394164
0.1611380313328441
0.12303346907681541
0.09807057218129835
0.08078549918724653
0.0683002537610964
0.0589637329035085
0.05177583996614944
0.04610429193499029
0.04153446856191668
0.037785654343514365
0.03466236015249386
0.03202500574615923
0.029771692448785855
0.027826542014557424
0.026132040909243613
0.024643895086264328
0.02332749762501468
0.022155456190736396
0.021105831438340546
0.020160861446401005
0.01930602425663759
0.018529339418405913
0.01782084100509458
0.017172175348563128
0.01657629064543653
0.016027195043000264
0.015519766332410865
0.015049600934570233
0.014612893090384134
0.01420633747825791
0.013827050155677069
0.013472503946932954
0.013140475304643429
0.012829000348285111
0.012536338291343697
0.01226094085444176
0.012001426556797083
0.011756559005628072
0.011525228479440175
0.01130643623883427
0.011099281106713562
0.010902947945352005
0.010716697725854388
0.010539858939969834
0.01037182014797678
0.010212023491708482
0.010059959030485758
0.009915159781126778
0.00977719736237356
0.009645678159843178
0.009520239940634617
0.009400548857519753
0.009286296791632792
0.009177198990077353
0.009072991961160381
0.008973431595251317
0.008878291483726703
0.008787361412236329
0.00870044600773172
0.008617363521425609
0.008537944732179588
0.008462031956810147
0.008389478155513636
0.008320146122082013
0.008253907749850553
0.008190643365415492
0.008130241123110756
0.008072596454058221
0.008017611564325022
0.00796519497734826
0.007915261116335615
0.007867729922830483
0.007822526508051741
0.007779580833988902
0.007738827421560177
0.0077002050834294195
0.007663656679333309
0.007629128891996315
0.007596572021912257
0.007565939799450138
0.007537189212901729
0.007510280351231121
0.007485176260414495
0.007461842812373219
0.0074402485856069935
0.007420364756727198
0.007402165002175322
0.007385625409488271
0.007370724397542496
0.007357442645273191
0.007345763028423769
0.007335670563935386
0.007327152361636943
0.007320197582943211
0.00731479740631322
0.007310944999262942
0.007308635496766476
0.007307865985918307
0.007308635496766476
0.007310944999262942
0.00731479740631322
0.007320197582943211
0.007327152361636943
0.007335670563935386
0.007345763028423769
0.007357442645273191
0.007370724397542496
0.007385625409488271
0.007402165002175322
0.007420364756727198
0.0074402485856069935
0.007461842812373219
0.007485176260414495
0.007510280351231121
0.007537189212901729
0.007565939799450138
0.007596572021912257
0.007629128891996315
0.007663656679333309
0.0077002050834294195
0.007738827421560177
0.007779580833988902
0.007822526508051741
0.007867729922830483
0.007915261116335615
0.00796519497734826
0.008017611564325022
0.008072596454058221
0.008130241123110756
0.008190643365415492
0.008253907749850553
0.008320146122082013
0.008389478155513636
0.008462031956810147
0.008537944732179588
0.008617363521425609
0.00870044600773172
0.008787361412236329
0.008878291483726703
0.008973431595251317
0.009072991961160381
0.009177198990077353
0.009286296791632792
0.009400548857519753
0.009520239940634617
0.009645678159843178
0.00977719736237356
0.009915159781126778
0.010059959030485758
0.010212023491708482
0.01037182014797678
0.010539858939969834
0.010716697725854388
0.010902947945352005
0.011099281106713562
0.01130643623883427
0.011525228479440175
0.011756559005628072
0.012001426556797083
0.01226094085444176
0.012536338291343697
0.012829000348285111
0.013140475304643429
0.013472503946932954
0.013827050155677069
0.01420633747825791
0.014612893090384134
0.015049600934570233
0.015519766332410865
0.016027195043000264
0.01657629064543653
0.017172175348563128
0.01782084100509458
0.018529339418405913
0.01930602425663759
0.020160861446401005
0.021105831438340546
0.022155456190736396
0.02332749762501468
0.024643895086264328
0.026132040909243613
0.027826542014557424
0.029771692448785855
0.03202500574615923
0.03466236015249386
0.037785654343514365
0.04153446856191668
0.04610429193499029
0.05177583996614944
0.0589637329035085
0.0683002537610964
0.08078549918724653
0.09807057218129835
0.12303346907681541
0.1611380313328441
0.22495732171394164
0.36190515647048965

0.35572748180609043
0.5376106381348897
0.6200221510174897
0.5456768399942487
0.3664829877789331
0.18783814174625407
0.07355295318573747
0.02272405894359469
0.021492974550116055
0.1707506218217967
0.3494539904159287
0.19962265701637866
0.1924865721255604
0.2786981499304775
0.32404510995362756
0.29391307239238657
0.20791903396374345
0.11471795619630099
0.049366275165759504
0.01656880262322588
0.004337242407145681
0.0008855193845840464
0.00014100816339429425
1.7512665221992824e-05
1.6963756950779726e-06
1.281603378117277e-07
7.55174039214685e-09
3.4705816495082006e-10
1.243996867577826e-11
3.477748032889715e-13
7.582959678695945e-15
1.2895589084053362e-16
1.7104304970470998e-18
1.7694222458926968e-20
1.4276420819626462e-22
8.983984729441206e-25
4.409409925486543e-27
1.6879273562393243e-29
5.039516071564612e-32
1.1735071052248323e-34
2.1312991835578293e-37
3.0190125605330975e-40
3.3353946470491376e-43
2.8740302914456524e-46
1.9315113348709367e-49
1.01242995732525e-52
4.138991357806327e-56
1.319732336824023e-59
3.2820032208395756e-63
6.365814130197559e-67
9.63009809645711e-71
1.1362379080320692e-74
1.0456097976097843e-78
7.504673799795193e-83
4.201030183158844e-87
1.8341784646749998e-91
6.245815979233404e-96
1.6588174109139453e-100
3.4361316270183643e-105
5.551403628294375e-110
6.995159542736598e-115
6.874707891632124e-120
5.269539705649056e-125
3.1503072966118507e-130
1.4689092414837457e-135
5.341937634041781e-141
1.5151808400264825e-146
3.351906784822898e-152
5.78337297768333e-158
7.782735599503296e-164
8.168553500656313e-170
6.686823273351924e-176
4.2692967134954026e-182
2.1259577969912243e-188
8.25685665673622e-195
2.5011322574718138e-201
5.909086887925906e-208
1.0888445976249239e-214
1.564851864330432e-221
1.7540516147650604e-228
1.5334630371376823e-235
1.045601172792472e-242
5.5605867110057506e-250
2.3064124804513713e-257
7.461311088100523e-265
1.8825872887732154e-272
3.704732904000567e-280
5.686178506490925e-288
6.806845330536739e-296
6.355256472443977e-304
4.627879976256e-312
2.6284e-320
0.0
0.0
0.0
0.0
0.0
0.0
0.0
0.0
