0.887714461948421
0.3314303067974154
0.21106905261953196
0.15861165578806563
0.12671627943988964
0.10484169623732782
0.08896877367915523
0.0770193462739972
0.06776408722815981
0.06042518140413851
0.05448877923607352
0.0496040047768828
0.04552455884322182
0.04207335726104827
0.03912035581567561
0.036568234413477105
0.03434291806886672
0.032387157229608686
0.03065609053175092
0.02911412043458446
0.027732675718594495
0.026488584034623022
0.025362871151260714
0.024339863283704598
0.02340650778664076
0.02255185326467653
0.02176664750270337
0.021043023473129648
0.020374251890712035
0.01975454455144593
0.01917889678893713
0.01864296032637168
0.018142939941597415
0.01767550893298121
0.01723773953712876
0.016827045319412832
0.016441133214189448
0.016077963390205056
0.015735715498645372
0.015412760155978651
0.015107634742701501
0.014819022778141115
0.014545736272357133
0.014286700567712383
0.014040941271463984
0.013807572951786988
0.01358578932681298
0.013374854722489084
0.01317409661261207
0.012982899085033342
0.012800697103143863
0.012626971452416154
0.012461244278858821
0.012303075140405417
0.012152057504053486
0.01200781563142433
0.011870001803675916
0.011738293843651186
0.011612392899008596
0.011492021455045968
0.01137692155014314
0.011266853170337172
0.011161592802607517
0.011060932129071202
0.010964676846539166
0.01087264559782201
0.010784669002844124
0.010700588779070087
0.010620256941998979
0.010543535077570176
0.010470293679270505
0.010400411543558898
0.010333775217946392
0.010270278496702038
0.010209821959710331
0.010152312550494112
0.010097663189847244
0.010045792421901283
0.00999662408978659
0.009950087038346217
0.009906114841625646
0.009864645553096964
0.00982562147678606
0.009788988957659119
0.009754698189792844
0.009722703041003608
0.009692960892746483
0.009665432494217618
0.009640081829704062
0.009616875998325624
0.009595785105404764
0.009576782164783982
0.0095598430114867
0.009544946224187998
0.009532073057026812
0.009521207380351674
0.009512335630048732
0.00950544676515398
0.009500532233502097
0.009497585945212321
0.009496604253858173
0.009497585945212321
0.009500532233502097
0.00950544676515398
0.009512335630048732
0.009521207380351674
0.009532073057026812
0.009544946224187998
0.0095598430114867
0.009576782164783982
0.009595785105404764
0.009616875998325624
0.009640081829704062
0.009665432494217618
0.009692960892746483
0.009722703041003608
0.009754698189792844
0.009788988957659119
0.00982562147678606
0.009864645553096964
0.009906114841625646
0.009950087038346217
0.00999662408978659
0.010045792421901283
0.010097663189847244
0.010152312550494112
0.010209821959710331
0.010270278496702038
0.010333775217946392
0.010400411543558898
0.010470293679270505
0.010543535077570176
0.010620256941998979
0.010700588779070087
0.010784669002844124
0.01087264559782201
0.010964676846539166
0.011060932129071202
0.011161592802607517
0.011266853170337172
0.01137692155014314
0.011492021455045968
0.011612392899008596
0.011738293843651186
0.011870001803675916
0.01200781563142433
0.012152057504053486
0.012303075140405417
0.012461244278858821
0.012626971452416154
0.012800697103143863
0.012982899085033342
0.01317409661261207
0.013374854722489084
0.01358578932681298
0.013807572951786988
0.014040941271463984
0.014286700567712383
0.014545736272357133
0.014819022778141115
0.015107634742701501
0.015412760155978651
0.015735715498645372
0.016077963390205056
0.016441133214189448
0.016827045319412832
0.01723773953712876
0.01767550893298121
0.018142939941597415
0.01864296032637168
0.01917889678893713
0.01975454455144593
0.020374251890712035
0.021043023473129648
0.02176664750270337
0.02255185326467653
0.02340650778664076
0.024339863283704598
0.025362871151260714
0.026488584034623022
0.027732675718594495
0.02911412043458446
0.03065609053175092
0.032387157229608686
0.03434291806886672
0.036568234413477105
0.03912035581567561
0.04207335726104827
0.04552455884322182
0.0496040047768828
0.05448877923607352
0.06042518140413851
0.06776408722815981
0.0770193462739972
0.08896877367915523
0.10484169623732782
0.12671627943988964
0.15861165578806563
0.21106905261953196
0.3314303067974154

0.4664784966043222
0.5765717219096842
0.5182089846988225
0.3397225159691391
0.16635301874704359
0.07301347236606044
0.058363764008134034
0.09761285270009647
0.1732057521256053
0.2674791714496854
0.35211072783709735
0.39449409754285614
0.3761226781413291
0.3051714358231877
0.21070919209519823
0.12380788882805831
0.06190680480049985
0.026342300258614715
0.009538810852660513
0.0029394089602575095
0.0007708165405460664
0.00017201537721770884
3.266696250389942e-05
5.2792894147201105e-06
7.260514934786046e-07
8.497371588509476e-08
8.463052452818062e-09
7.172898575580473e-10
5.1735372747641986e-11
3.1754531533232562e-12
1.6586283061993306e-13
7.372549049740166e-15
2.7887623304630313e-16
8.976986489043944e-18
2.459092553313699e-19
5.732504613162528e-21
1.137206114761475e-22
1.9198141780436414e-24
2.758064626062524e-26
3.3719017897774445e-28
3.5080892240667815e-30
3.1059293983469423e-32
2.340118033552836e-34
1.5004073483272106e-36
8.186642705445805e-39
3.8012613150231535e-41
1.5020170075320848e-43
5.050649254927257e-46
1.4452560775159266e-48
3.519391931197263e-51
7.293159284892234e-54
1.2861422309607242e-56
1.9301343227978722e-59
2.4649681027539757e-62
2.678923481610504e-65
2.4776191510423357e-68
1.949997365871486e-71
1.3060467873197177e-74
7.444039703835687e-78
3.6106372767431965e-81
1.4903362922053185e-84
5.234918543108712e-88
1.5648071229808156e-91
3.980493650500142e-95
8.616646806663267e-99
1.58732144276907e-102
2.4883800425357014e-106
3.3196612657905485e-110
3.768739050773228e-114
3.6410244852920096e-118
2.9934800377738246e-122
2.0943746294389318e-126
1.2469745945986367e-130
6.318093921172483e-135
2.7242049948086933e-139
9.995826911841149e-144
3.1212093896357328e-148
8.293776299234277e-153
1.8754563687839053e-157
3.608999715636046e-162
5.910061031592616e-167
8.236113421380043e-172
9.767376010010539e-177
9.857317156473777e-182
8.465737312396067e-187
6.187227454624093e-192
3.8481554756054947e-197
2.0367342846210538e-202
9.173633231379723e-208
3.516200299367388e-213
1.146914584832447e-218
3.183565426082935e-224
7.520067151726112e-230
1.5116626857334734e-235
2.5859093849731476e-241
3.764410245860808e-247
4.6634339102858515e-253
4.9163177128993765e-259
4.4106164288350874e-265
3.367316013733164e-271
