1.3499366375787538
0.07453288293903491
0.007246355478726147
0.0010992115916724117
0.00023527499710823717
6.721820773355085e-05
2.474899636639674e-05
1.1333955535395317e-05
6.196743579238811e-06
3.881435785717608e-06
2.688321962738671e-06
2.003560234610439e-06
1.5754830841906604e-06
1.2891596353972238e-06
1.0871005995801825e-06
9.382597912504591e-07
8.247546729959271e-07
7.357089954886601e-07
6.641954851938547e-07
6.056250355820304e-07
5.568531303859886e-07
5.156613484424092e-07
4.80444422177015e-07
4.500146967654667e-07
4.234761428717926e-07
4.001409410878371e-07
3.794728932601192e-07
3.610481866130543e-07
3.4452764985896544e-07
3.296367837811292e-07
3.1615115404406317e-07
3.0388554819528514e-07
2.926858179754991e-07
2.8242266579403795e-07
2.729868580439199e-07
2.642854988011716e-07
2.5623910076530506e-07
2.4877926208333735e-07
2.4184680825988964e-07
2.3539029441878802e-07
2.2936478920872048e-07
2.2373088063761792e-07
2.1845385812272345e-07
2.1350303546718248e-07
2.0885118730487457e-07
2.0447407748876834e-07
2.0035006243050873e-07
1.9645975588764644e-07
1.9278574439972095e-07
1.8931234468585142e-07
1.86025395975488e-07
1.8291208155554556e-07
1.7996077486014272e-07
1.771609062632453e-07
1.7450284740507626e-07
1.7197781042500646e-07
1.6957775991361668e-07
1.6729533575554252e-07
1.651237853288098e-07
1.630569037683835e-07
1.6108898120161595e-07
1.5921475602915652e-07
1.5742937346299443e-07
1.5572834864872143e-07
1.5410753379588358e-07
1.5256308882172325e-07
1.5109145508235124e-07
1.496893318235916e-07
1.483536550331776e-07
1.4708157841808291e-07
1.4587045626674127e-07
1.4471782798671624e-07
1.436214041348414e-07
1.4257905377963475e-07
1.4158879305545702e-07
1.4064877478490282e-07
1.397572790606746e-07
1.389127046910279e-07
1.3811356142406046e-07
1.373584628758929e-07
1.3664612010588595e-07
1.3597533572111332e-07
1.3534499860937315e-07
1.347540790460372e-07
1.3420162429453073e-07
1.3368675459713814e-07
1.3320865953490313e-07
1.3276659472752978e-07
1.3235987884741468e-07
1.3198789092483e-07
1.316500679238738e-07
1.3134590257114953e-07
1.3107494142125998e-07
1.3083678314513513e-07
1.3063107702898286e-07
1.3045752167327825e-07
1.303158638827142e-07
1.3020589773943884e-07
1.3012746385322491e-07
1.3008044878346177e-07
1.3006478462905442e-07
1.3008044878346177e-07
1.3012746385322491e-07
1.3020589773943884e-07
1.303158638827142e-07
1.3045752167327825e-07
1.3063107702898286e-07
1.3083678314513513e-07
1.3107494142125998e-07
1.3134590257114953e-07
1.316500679238738e-07
1.3198789092483e-07
1.3235987884741468e-07
1.3276659472752978e-07
1.3320865953490313e-07
1.3368675459713814e-07
1.3420162429453073e-07
1.347540790460372e-07
1.3534499860937315e-07
1.3597533572111332e-07
1.3664612010588595e-07
1.373584628758929e-07
1.3811356142406046e-07
1.389127046910279e-07
1.397572790606746e-07
1.4064877478490282e-07
1.4158879305545702e-07
1.4257905377963475e-07
1.436214041348414e-07
1.4471782798671624e-07
1.4587045626674127e-07
1.4708157841808291e-07
1.483536550331776e-07
1.496893318235916e-07
1.5109145508235124e-07
1.5256308882172325e-07
1.5410753379588358e-07
1.5572834864872143e-07
1.5742937346299443e-07
1.5921475602915652e-07
1.6108898120161595e-07
1.630569037683835e-07
1.651237853288098e-07
1.6729533575554252e-07
1.6957775991361668e-07
1.7197781042500646e-07
1.7450284740507626e-07
1.771609062632453e-07
1.7996077486014272e-07
1.8291208155554556e-07
1.86025395975488e-07
1.8931234468585142e-07
1.9278574439972095e-07
1.9645975588764644e-07
2.0035006243050873e-07
2.0447407748876834e-07
2.0885118730487457e-07
2.1350303546718248e-07
2.1845385812272345e-07
2.2373088063761792e-07
2.2936478920872048e-07
2.3539029441878802e-07
2.4184680825988964e-07
2.4877926208333735e-07
2.5623910076530506e-07
2.642854988011716e-07
2.729868580439199e-07
2.8242266579403795e-07
2.926858179754991e-07
3.0388554819528514e-07
3.1615115404406317e-07
3.296367837811292e-07
3.4452764985896544e-07
3.610481866130543e-07
3.794728932601192e-07
4.001409410878371e-07
4.234761428717926e-07
4.500146967654667e-07
4.80444422177015e-07
5.156613484424092e-07
5.568531303859886e-07
6.056250355820304e-07
6.641954851938547e-07
7.357089954886601e-07
8.247546729959271e-07
9.382597912504591e-07
1.0871005995801825e-06
1.2891596353972238e-06
1.5754830841906604e-06
2.003560234610439e-06
2.688321962738671e-06
3.881435785717608e-06
6.196743579238811e-06
1.1333955535395317e-05
2.474899636639674e-05
6.721820773355085e-05
0.00023527499710823717
0.0010992115916724117
0.007246355478726147
0.07453288293903491

5.9223971533908265e-06
3.368484797556727e-05
0.00016519789988088618
0.0006985657977556665
0.002547082319778031
0.008007768515612522
0.021707654743321963
0.050739614946856804
0.10226200325385462
0.17771104832149753
0.26629094156767935
0.3443062482293495
0.3890015521811009
0.42656418823025377
0.5841240250294442
0.8433932331624782
0.7912161024498856
0.39471401491754177
0.10730639232318372
0.08708141913583292
1.478498297611747
0.596373490058496
0.004679933136891423
7.156277315195902e-05
1.3355441204126997e-05
2.166626266853429e-06
3.030698429666602e-07
3.65539497509572e-08
3.801532986659192e-09
3.40891429321339e-10
2.635762456520202e-11
1.7572328733380413e-12
1.0101485319519233e-13
5.0069588376978954e-15
2.1399108038106713e-16
7.885880432834532e-18
2.5057490290334395e-19
6.865273126657983e-21
1.6218509334686986e-22
3.3036719554502607e-24
5.802508221609199e-26
8.787543311255502e-28
1.1474983212645031e-29
1.2920208002394412e-31
1.2543531311099718e-33
1.0500331189304298e-35
7.579124525596682e-38
4.717022569137484e-40
2.5313356293160438e-42
1.171289839789779e-44
4.673173296593799e-47
1.607652806317238e-49
4.768760436687601e-52
1.2196960429681299e-54
2.6898656575309377e-57
5.114962237158252e-60
8.386623362065706e-63
1.1856724085519433e-65
1.4453570793428109e-68
1.5192122741786489e-71
1.3768753768688435e-74
1.0759786957690009e-77
7.2501263927802415e-81
4.212310235396973e-84
2.110221226179066e-87
9.115248045964341e-91
3.395016283231455e-94
1.0903052371533705e-97
3.019167452362815e-101
7.20873681512455e-105
1.484102871666912e-108
2.6345212565151207e-112
4.0324804898792706e-116
5.322010277921835e-120
6.056364557734604e-124
5.94266400058487e-128
5.027860374815148e-132
3.667905245058702e-136
2.307203347339488e-140
1.2513722060038907e-144
5.852211356309417e-149
2.3598606937556572e-153
8.205132469250707e-158
2.4599013655563585e-162
6.358909679832333e-167
1.4173610226845002e-171
2.7240255760110912e-176
4.5141370735963245e-181
6.450170138294426e-186
7.946949704485614e-191
8.442335843283424e-196
7.733171671827224e-201
6.107810359041645e-206
4.159549561363668e-211
2.4425301242431765e-216
1.236705864617339e-221
5.399154784499788e-227
2.032441257275277e-232
6.596948482894753e-238
1.8462948113534618e-243
