0.7369650403783197
0.04640654352202607
0.007923521408356499
0.002772317560107643
0.0013678766932156525
0.0008209274319497901
0.0005594598874966565
0.0004152644290169894
0.00032692636635809843
0.0002683803959806926
0.00022719052851061271
0.0001968413585739662
0.00017365091149332002
0.00015540572239111167
0.00014070547001370556
0.00012862572601939163
0.0001185339203417367
0.00010998375949373234
0.00010265198844033924
9.629907379093554e-05
9.074394988996571e-05
8.584732643257602e-05
8.150037194474936e-05
7.761686683229732e-05
7.412765133911507e-05
7.097662530034815e-05
6.811781830247932e-05
6.55132116420248e-05
6.313109705513608e-05
6.094482448867542e-05
5.893183574957467e-05
5.70729109027651e-05
5.535157485641521e-05
5.375362587069215e-05
5.2266757802590675e-05
5.088025509225984e-05
4.9584744692361445e-05
4.837199293759315e-05
4.72347381530504e-05
4.61665518881664e-05
4.516172323355767e-05
4.421516186966458e-05
4.3322316407435506e-05
4.2479105283705444e-05
4.1681858019200404e-05
4.092726507331373e-05
4.0212334865115374e-05
3.953435679548705e-05
3.88908693166233e-05
3.827963226435987e-05
3.769860280500602e-05
3.714591445855854e-05
3.661985874976608e-05
3.6118869111670804e-05
3.564150672630553e-05
3.518644803662483e-05
3.475247370469779e-05
3.433845882512476e-05
3.394336423096018e-05
3.356622875310214e-05
3.320616231398764e-05
3.2862339753173456e-05
3.2533995296526465e-05
3.222041759273596e-05
3.1920945251050385e-05
3.163496282282817e-05
3.13618971769194e-05
3.11012142252615e-05
3.085241596054306e-05
3.0615037772504794e-05
3.0388646013518776e-05
3.017283578761254e-05
2.9967228940165e-05
2.9771472228162444e-05
2.9585235653223323e-05
2.9408210941628138e-05
2.9240110157365476e-05
2.9080664435763004e-05
2.892962282664197e-05
2.8786751237140175e-05
2.865183146541451e-05
2.8524660317376807e-05
2.840504879945311e-05
2.8292821381099705e-05
2.818781532147125e-05
2.8089880055227485e-05
2.7998876632994147e-05
2.7914677212468368e-05
2.7837164596586545e-05
2.7766231815557965e-05
2.77017817499172e-05
2.764372679206547e-05
2.7591988544061398e-05
2.754649754968623e-05
2.7507193059054128e-05
2.747402282426371e-05
2.7446942924797922e-05
2.742591762157722e-05
2.7410919238756816e-05
2.7401928072536533e-05
2.7398932326421535e-05
2.7401928072536533e-05
2.7410919238756816e-05
2.742591762157722e-05
2.7446942924797922e-05
2.747402282426371e-05
2.7507193059054128e-05
2.754649754968623e-05
2.7591988544061398e-05
2.764372679206547e-05
2.77017817499172e-05
2.7766231815557965e-05
2.7837164596586545e-05
2.7914677212468368e-05
2.7998876632994147e-05
2.8089880055227485e-05
2.818781532147125e-05
2.8292821381099705e-05
2.840504879945311e-05
2.8524660317376807e-05
2.865183146541451e-05
2.8786751237140175e-05
2.892962282664197e-05
2.9080664435763004e-05
2.9240110157365476e-05
2.9408210941628138e-05
2.9585235653223323e-05
2.9771472228162444e-05
2.9967228940165e-05
3.017283578761254e-05
3.0388646013518776e-05
3.0615037772504794e-05
3.085241596054306e-05
3.11012142252615e-05
3.13618971769194e-05
3.163496282282817e-05
3.1920945251050385e-05
3.222041759273596e-05
3.2533995296526465e-05
3.2862339753173456e-05
3.320616231398764e-05
3.356622875310214e-05
3.394336423096018e-05
3.433845882512476e-05
3.475247370469779e-05
3.518644803662483e-05
3.564150672630553e-05
3.6118869111670804e-05
3.661985874976608e-05
3.714591445855854e-05
3.769860280500602e-05
3.827963226435987e-05
3.88908693166233e-05
3.953435679548705e-05
4.0212334865115374e-05
4.092726507331373e-05
4.1681858019200404e-05
4.2479105283705444e-05
4.3322316407435506e-05
4.421516186966458e-05
4.516172323355767e-05
4.61665518881664e-05
4.72347381530504e-05
4.837199293759315e-05
4.9584744692361445e-05
5.088025509225984e-05
5.2266757802590675e-05
5.375362587069215e-05
5.535157485641521e-05
5.70729109027651e-05
5.893183574957467e-05
6.094482448867542e-05
6.313109705513608e-05
6.55132116420248e-05
6.811781830247932e-05
7.097662530034815e-05
7.412765133911507e-05
7.761686683229732e-05
8.150037194474936e-05
8.584732643257602e-05
9.074394988996571e-05
9.629907379093554e-05
0.00010265198844033924
0.00010998375949373234
0.0001185339203417367
0.00012862572601939163
0.00014070547001370556
0.00015540572239111167
0.00017365091149332002
0.0001968413585739662
0.00022719052851061271
0.0002683803959806926
0.00032692636635809843
0.0004152644290169894
0.0005594598874966565
0.0008209274319497901
0.0013678766932156525
0.002772317560107643
0.007923521408356499
0.04640654352202607

0.0013097117097532768
0.0030508452072221114
0.006461661709796962
0.01244365161044869
0.021788686550449722
0.03468916456106949
0.05021531734893128
0.0660934107827818
0.07909694315018986
0.08606784475640683
0.085155082798941
0.07667752219558513
0.0643462249894589
0.06674502410174112
0.15887093405515085
0.44641459736418715
0.7708256889512326
0.7260498400772346
0.3759717326071049
0.13124161125517525
0.07440521294734947
0.08206771128054098
0.08426689810073723
0.06831131510109796
0.043222696803624776
0.021333266268191372
0.008213041678520465
0.002466297026989597
0.0005776691394394584
0.00010553695559067532
1.5039081186518674e-05
1.671588843137988e-06
1.4492039448118642e-07
9.799924648029623e-09
5.169073763376066e-10
2.126719135318802e-11
6.825745962674849e-13
1.7094748449281097e-14
3.3449526057206534e-16
5.143740203090022e-18
6.408347985113676e-20
7.543481382163028e-22
1.325373167044963e-23
4.175306951713335e-25
1.5475082651323776e-26
5.447985476951976e-28
1.7531164331742674e-29
5.132097165602827e-31
1.3660863472811686e-32
3.3063013954223445e-34
7.275894619929242e-36
1.4558275936785536e-37
2.6485798761836806e-39
4.3812272976308096e-41
6.589585184424068e-43
9.011559402552677e-45
1.120524624095172e-46
1.2668419656870131e-48
1.302276068689761e-50
1.217203688744196e-52
1.034434607186577e-54
7.99323175196993e-57
5.615925655839471e-59
3.587565811466508e-61
2.0838093629067568e-63
1.1005142620481318e-65
5.284610056692634e-68
2.3073304649308927e-70
9.1598051526186e-73
3.3062999629862986e-75
1.0851202064400063e-77
3.2381206847394122e-80
8.785931090524275e-83
2.167515122637194e-85
4.862012391795378e-88
9.916297971426645e-91
1.8389192404083788e-93
3.1006684270181477e-96
4.753654120209317e-99
6.626426917081754e-102
8.398676003177866e-105
9.678806883534866e-108
1.0141738383624263e-110
9.662345520628976e-114
8.370131971484314e-117
6.592674429174506e-120
4.721397160642207e-123
3.074390443718712e-126
1.820233446510212e-129
9.79884167399532e-133
4.796251771282324e-136
2.134562061766099e-139
8.63764163406958e-143
3.1780531695096937e-146
1.0631798022840707e-149
3.2339392543458523e-153
8.944098637274992e-157
2.2491627583023575e-160
5.1426239645787654e-164
1.0691243880130244e-167
