0.5644487456929628
0.13440673765421327
0.04876757581226044
0.022233688185904647
0.011877395165227416
0.007175472284667056
0.004774960015635646
0.00342558390996459
0.002604161031642167
0.0020701085083603002
0.001703539598667469
0.0014404251698974043
0.0012444542757036276
0.0010939360352908145
0.0009753150398052617
0.0008797810029242789
0.0008014083423046959
0.000736090468250861
0.0006809054968221381
0.0006337256219854492
0.0005929690805063668
0.0005574382788457028
0.0005262115105738581
0.0004985688894490409
0.00047394065313386725
0.0004518704128119171
0.0004319885872283804
0.0004139929030738636
0.00039763388020169847
0.00038270388734037384
0.00036902879146939217
0.0003564615159288617
0.0003448770202350285
0.0003341683507596909
0.0003242435064562441
0.000315022930983112
0.00030643749063061275
0.0002984268322300672
0.0002909380406542364
0.0002839245343026491
0.00027734515097176864
0.00027116338704651413
0.0002653467609425031
0.000259866277839694
0.00025469597745588033
0.00024981255026084196
0.0002451950103846334
0.00024082441571583938
0.00023668362745899227
0.0002327571028309319
0.00022903071570413462
0.0002254916009122021
0.00022212801866579497
0.00021892923612256386
0.0002158854236402224
0.00021298756363977213
0.00021022737033326121
0.00020759721884091803
0.0002050900824468157
0.0002026994769289623
0.00020041941105572775
0.0001982443424713246
0.00019616913830308797
0.00019418903991615544
0.00019229963131975184
0.00019049681079602308
0.0001887767653791949
0.00018713594786136053
0.00018557105604275625
0.0001840790139800537
0.00018265695501691002
0.00018130220640749688
0.0001800122753666585
0.00017878483640020547
0.0001776177197861197
0.0001765089010924812
0.0001754564916310519
0.00017445872975693327
0.00017351397293478347
0.00017262069050091885
0.00017177745705841913
0.00017098294644922002
0.00017023592625326167
0.00016953525277013987
0.00016887986644350053
0.00016826878769267254
0.0001677011131198421
0.00016717601206447686
0.00016669272347976364
0.0001662505531085771
0.0001658488709389832
0.0001654871089215356
0.00016516475893267398
0.0001648813709704121
0.00016463655157022457
0.00016442996243063395
0.00016426131923948158
0.0001641303906932444
0.0001640369977030689
0.00016398101278242703
0.0001639623596124859
0.00016398101278242703
0.0001640369977030689
0.0001641303906932444
0.00016426131923948158
0.00016442996243063395
0.00016463655157022457
0.0001648813709704121
0.00016516475893267398
0.0001654871089215356
0.0001658488709389832
0.0001662505531085771
0.00016669272347976364
0.00016717601206447686
0.0001677011131198421
0.00016826878769267254
0.00016887986644350053
0.00016953525277013987
0.00017023592625326167
0.00017098294644922002
0.00017177745705841913
0.00017262069050091885
0.00017351397293478347
0.00017445872975693327
0.0001754564916310519
0.0001765089010924812
0.0001776177197861197
0.00017878483640020547
0.0001800122753666585
0.00018130220640749688
0.00018265695501691002
0.0001840790139800537
0.00018557105604275625
0.00018713594786136053
0.0001887767653791949
0.00019049681079602308
0.00019229963131975184
0.00019418903991615544
0.00019616913830308797
0.0001982443424713246
0.00020041941105572775
0.0002026994769289623
0.0002050900824468157
0.00020759721884091803
0.00021022737033326121
0.00021298756363977213
0.0002158854236402224
0.00021892923612256386
0.00022212801866579497
0.0002254916009122021
0.00022903071570413462
0.0002327571028309319
0.00023668362745899227
0.00024082441571583938
0.0002451950103846334
0.00024981255026084196
0.00025469597745588033
0.000259866277839694
0.0002653467609425031
0.00027116338704651413
0.00027734515097176864
0.0002839245343026491
0.0002909380406542364
0.0002984268322300672
0.00030643749063061275
0.000315022930983112
0.0003242435064562441
0.0003341683507596909
0.0003448770202350285
0.0003564615159288617
0.00036902879146939217
0.00038270388734037384
0.00039763388020169847
0.0004139929030738636
0.0004319885872283804
0.0004518704128119171
0.00047394065313386725
0.0004985688894490409
0.0005262115105738581
0.0005574382788457028
0.0005929690805063668
0.0006337256219854492
0.0006809054968221381
0.000736090468250861
0.0008014083423046959
0.0008797810029242789
0.0009753150398052617
0.0010939360352908145
0.0012444542757036276
0.0014404251698974043
0.001703539598667469
0.0020701085083603002
0.002604161031642167
0.00342558390996459
0.004774960015635646
0.007175472284667056
0.011877395165227416
0.022233688185904647
0.04876757581226044
0.13440673765421327

0.007679477697950173
0.02496043567266683
0.0649781857888411
0.13551680913603123
0.22657162525905447
0.30416564992084016
0.3293311095845026
0.29130697135062644
0.2186567106797413
0.15419786980009187
0.12255894783070359
0.12129891433711033
0.13353621713798258
0.14273626247209154
0.13967326459745621
0.12305063035493345
0.09722533264249623
0.06884439662242328
0.043681066496181614
0.02483386577357344
0.012650877348868626
0.00577460162881398
0.0023618290731310565
0.0008655655230988728
0.0002842342993946511
8.363307575165316e-05
2.204980247799859e-05
5.20902434972771e-06
1.1026384215619591e-06
2.0913894123789757e-07
3.554362665214993e-08
5.4126958208299654e-09
7.385681146782082e-10
9.030099527994387e-11
9.892807750463445e-12
9.71117211790633e-13
8.541787900369076e-14
6.7321063007335195e-15
4.754208194226359e-16
3.008364653372728e-17
1.7057202609066917e-18
8.665830470531537e-20
3.9449147181084445e-21
1.6091261736953339e-22
5.8812227541129475e-24
1.926061757807491e-25
5.651943836897916e-27
1.4861084947332066e-28
3.501291306227322e-30
7.391473495293885e-32
1.3981663710181966e-33
2.369800191174228e-35
3.599064732539064e-37
4.8977051395466075e-39
5.972011875028975e-41
6.524898189458667e-43
6.387808181652296e-45
5.603444087140544e-47
4.4043646570584195e-49
3.101962511764583e-51
1.9575590461046787e-53
1.106925127196793e-55
5.608499315669853e-58
2.5462447475678416e-60
1.0358065925031439e-62
3.7755675536996174e-65
1.2331356953195262e-67
3.608814368709482e-70
9.463314356248115e-73
2.223550719864279e-75
4.681401213917688e-78
8.831403672587617e-81
1.4928241729951016e-83
2.2610628333895556e-86
3.0686096988202155e-89
3.73160550601171e-92
4.0660699604452177e-95
3.969894980805322e-98
3.4730276365247126e-101
2.7224662841919957e-104
1.9122374996055683e-107
1.2035002945649523e-110
6.786965178088822e-114
3.4294943425043255e-117
1.552778861764648e-120
6.299617482716215e-124
2.290043851447953e-127
7.459306755447329e-131
2.1770990379974123e-134
5.693547577796943e-138
1.334174919059041e-141
2.801351722535803e-145
5.270448298583387e-149
8.884899600464936e-153
1.3420927849405577e-156
1.8165092275044794e-160
2.203016372616223e-164
2.3939930816255933e-168
2.3310581473395274e-172
2.033800607205899e-176
