0.8985289872477675
0.10346143921636905
0.014749797722652811
0.0026112911105174836
0.0005751350014610569
0.0001574573341334294
5.3265692096691324e-05
2.1958773532926137e-05
1.0784487779516572e-05
6.130433439388431e-06
3.913990859420519e-06
2.73193006648379e-06
2.0396818730657754e-06
1.602125658075023e-06
1.307895691246068e-06
1.099859913763506e-06
9.466307635631826e-07
8.299218962986687e-07
7.385297123655353e-07
6.652864355341428e-07
6.054317791306618e-07
5.557002725048723e-07
5.137877536103268e-07
4.780276885538544e-07
4.471882016273373e-07
4.203409990522059e-07
3.9677446420139084e-07
3.7593466164535003e-07
3.573844256711332e-07
3.4077443824930017e-07
3.2582242245792696e-07
3.1229793410071696e-07
3.000110824758267e-07
2.8880405296782014e-07
2.785446569462768e-07
2.691213684241666e-07
2.604394647014076e-07
2.5241799626897263e-07
2.449873863181492e-07
2.3808751305758333e-07
2.316661657267574e-07
2.256777923786655e-07
2.2008247732854074e-07
2.148451007711167e-07
2.099346439338561e-07
2.0532361128944528e-07
2.0098754752562304e-07
1.9690463168316398e-07
1.930553344972453e-07
1.8942212778503262e-07
1.8598923691212824e-07
1.8274242908960587e-07
1.7966883161125885e-07
1.76756775219612e-07
1.739956586513181e-07
1.7137583110505184e-07
1.6888848993411743e-07
1.6652559131960704e-07
1.6427977204969598e-07
1.6214428083339398e-07
1.601129178259988e-07
1.581799812490187e-07
1.5634022015768533e-07
1.5458879255091854e-07
1.5292122813696317e-07
1.5133339516710525e-07
1.4982147083326709e-07
1.4838191479563236e-07
1.4701144546597876e-07
1.4570701872292473e-07
1.4446580877830754e-07
1.4328519095062908e-07
1.4216272613293956e-07
1.4109614676951028e-07
1.4008334417886438e-07
1.3912235708077012e-07
1.3821136120212735e-07
1.373486598517021e-07
1.365326753769184e-07
1.357619413541869e-07
1.3503509559895893e-07
1.343508737061898e-07
1.3370810323382445e-07
1.3310569840564928e-07
1.3254265529902046e-07
1.3201804747597592e-07
1.3153102202087207e-07
1.3108079595180423e-07
1.3066665297674397e-07
1.302879405686065e-07
1.2994406733640733e-07
1.2963450067232102e-07
1.2935876465685047e-07
1.2911643820649708e-07
1.2890715345030741e-07
1.287305943235012e-07
1.2858649536807034e-07
1.284746407318095e-07
1.283948633587083e-07
1.2834704436502748e-07
1.2833111259670623e-07
1.2834704436502748e-07
1.283948633587083e-07
1.284746407318095e-07
1.2858649536807034e-07
1.287305943235012e-07
1.2890715345030741e-07
1.2911643820649708e-07
1.2935876465685047e-07
1.2963450067232102e-07
1.2994406733640733e-07
1.302879405686065e-07
1.3066665297674397e-07
1.3108079595180423e-07
1.3153102202087207e-07
1.3201804747597592e-07
1.3254265529902046e-07
1.3310569840564928e-07
1.3370810323382445e-07
1.343508737061898e-07
1.3503509559895893e-07
1.357619413541869e-07
1.365326753769184e-07
1.373486598517021e-07
1.3821136120212735e-07
1.3912235708077012e-07
1.4008334417886438e-07
1.4109614676951028e-07
1.4216272613293956e-07
1.4328519095062908e-07
1.4446580877830754e-07
1.4570701872292473e-07
1.4701144546597876e-07
1.4838191479563236e-07
1.4982147083326709e-07
1.5133339516710525e-07
1.5292122813696317e-07
1.5458879255091854e-07
1.5634022015768533e-07
1.581799812490187e-07
1.601129178259988e-07
1.6214428083339398e-07
1.6427977204969598e-07
1.6652559131960704e-07
1.6888848993411743e-07
1.7137583110505184e-07
1.739956586513181e-07
1.76756775219612e-07
1.7966883161125885e-07
1.8274242908960587e-07
1.8598923691212824e-07
1.8942212778503262e-07
1.930553344972453e-07
1.9690463168316398e-07
2.0098754752562304e-07
2.0532361128944528e-07
2.099346439338561e-07
2.148451007711167e-07
2.2008247732854074e-07
2.256777923786655e-07
2.316661657267574e-07
2.3808751305758333e-07
2.449873863181492e-07
2.5241799626897263e-07
2.604394647014076e-07
2.691213684241666e-07
2.785446569462768e-07
2.8880405296782014e-07
3.000110824758267e-07
3.1229793410071696e-07
3.2582242245792696e-07
3.4077443824930017e-07
3.573844256711332e-07
3.7593466164535003e-07
3.9677446420139084e-07
4.203409990522059e-07
4.471882016273373e-07
4.780276885538544e-07
5.137877536103268e-07
5.557002725048723e-07
6.054317791306618e-07
6.652864355341428e-07
7.385297123655353e-07
8.299218962986687e-07
9.466307635631826e-07
1.099859913763506e-06
1.307895691246068e-06
1.602125658075023e-06
2.0396818730657754e-06
2.73193006648379e-06
3.913990859420519e-06
6.130433439388431e-06
1.0784487779516572e-05
2.1958773532926137e-05
5.3265692096691324e-05
0.0001574573341334294
0.0005751350014610569
0.0026112911105174836
0.014749797722652811
0.10346143921636905

5.754239514750491e-06
4.256515754920496e-05
0.0002607582039480322
0.0013245420007270033
0.0055868863194436175
0.01959842678913514
0.05725439268597495
0.13940507888683185
0.282860250965876
0.4776614483521982
0.6696416672753996
0.7767028997364004
0.7424332283971142
0.5825595972434668
0.37390702767626083
0.19574172777367527
0.08341194248217354
0.028902598054029643
0.008142792124628933
0.0018669290212543518
0.00034898319589570176
5.33320942781058e-05
6.686176360615634e-06
6.903420695672398e-07
5.8933757329163014e-08
4.174570696853334e-09
2.4601783914656523e-10
1.2080541075331203e-11
4.944367077479823e-13
1.685587191767882e-14
4.780221075191476e-16
1.1259886477759029e-17
2.199704454538484e-19
3.559524570812592e-21
4.766460164588014e-23
5.278085281155712e-25
4.830959572083338e-27
3.653770587160037e-29
2.2831008780268288e-31
1.1785347801997193e-33
5.025395199758991e-36
1.770095487518318e-38
5.150103671241802e-41
1.2377281886608827e-43
2.45710305781911e-46
4.029115325484113e-49
5.457377965119515e-52
6.105852174749166e-55
5.642822915988105e-58
4.307590668020018e-61
2.716190958618218e-64
1.4147315383092541e-67
6.0866122397723215e-71
2.163042727303645e-74
6.349542362934172e-78
1.5395989822645568e-81
3.0836186885402757e-85
5.10154340787555e-89
6.971566382498308e-93
7.869497671731119e-97
7.33755752232358e-101
5.651241802197428e-105
3.595208854477086e-109
1.8892621452702433e-113
8.200648255024575e-118
2.9403024748876057e-122
8.708105822393044e-127
2.130312178121072e-131
4.304777068636317e-136
7.185317191711206e-141
9.906701719947544e-146
1.1282363632824775e-150
1.0613508265318717e-155
8.247184214801818e-161
5.293467996849126e-166
2.806485169925634e-171
1.2290599725910129e-176
4.446018462977664e-182
1.3284870098980275e-187
3.2789230594654217e-193
6.684870573751627e-199
1.125751784437361e-204
1.5659581386912393e-210
1.799308021175078e-216
1.7077281888385313e-222
1.3388127569572087e-228
8.669794431162136e-235
4.637518143437553e-241
2.049039388349438e-247
7.47829951972368e-254
2.254463806939316e-260
5.61398881617326e-267
1.1547492322647e-273
1.9619669384485328e-280
2.753490298966759e-287
3.192002921852918e-294
3.056545556816356e-301
2.4176104802379706e-308
1.57953644e-315
8.4e-323
