1.2024707605303726
0.1148137408536925
0.01967698142730443
0.0038052555757125644
0.0007517772038886048
0.0001496514306369146
2.995852840276348e-05
6.029196689854424e-06
1.219749059447092e-06
2.480538098313947e-07
5.070877829359115e-08
1.0420334314641567e-08
2.4573816204909208e-09
5.362602997987802e-10
1.170452499546808e-10
2.555084065833796e-11
5.578934772812418e-12
1.218644362023011e-12
2.664855543223274e-13
5.847310973803485e-14
1.298222228057393e-14
3.003805105470162e-15
7.945506280849552e-16
2.9059392188132424e-16
1.645911014191919e-16
1.2484642227931742e-16
1.0653765657307507e-16
9.478821604885365e-17
8.586698899059762e-17
7.862533213807801e-17
7.257483943935109e-17
6.743575560470689e-17
6.301824451372407e-17
5.91833412026707e-17
5.582564080704055e-17
5.286350230958955e-17
5.023270527608403e-17
4.7882073092191846e-17
4.5770353047708524e-17
4.386394569111813e-17
4.21352255312727e-17
4.05612818179961e-17
3.91229625185953e-17
3.7804140182531375e-17
3.6591142244442104e-17
3.547230460969211e-17
3.443761866561949e-17
3.3478449804414886e-17
3.2587311197495076e-17
3.175768063313793e-17
3.0983851193897084e-17
3.0260808731183806e-17
2.958413071418357e-17
2.894990224428991e-17
2.83546459439589e-17
2.779526312826181e-17
2.726898420448461e-17
2.6773326660556582e-17
2.6306059326651655e-17
2.5865171847964198e-17
2.5448848506754105e-17
2.505544569053307e-17
2.468347242996545e-17
2.4331573531708536e-17
2.399851491338959e-17
2.3683170814346147e-17
2.3384512609840834e-17
2.310159900069638e-17
2.2833567386629368e-17
2.2579626261528192e-17
2.233904849373634e-17
2.211116537502896e-17
2.1895361339180996e-17
2.1691069265434227e-17
2.1497766294277295e-17
2.1314970093157395e-17
2.114223551837295e-17
2.0979151626717363e-17
2.0825338996673636e-17
2.068044732427654e-17
2.054415326330941e-17
2.0416158483409217e-17
2.0296187923016677e-17
2.0183988217010867e-17
2.0079326281381992e-17
1.9981988039478088e-17
1.9891777276262504e-17
1.9808514608679293e-17
1.973203656167888e-17
1.9662194740736332e-17
1.95988550928236e-17
1.9541897248798523e-17
1.949121394106404e-17
1.9446710491147765e-17
1.9408304362568915e-17
1.9375924775007767e-17
1.934951237638346e-17
1.9329018969988352e-17
1.931440729432916e-17
1.930565085379486e-17
1.9302733798714822e-17
1.930565085379486e-17
1.931440729432916e-17
1.9329018969988352e-17
1.934951237638346e-17
1.9375924775007767e-17
1.9408304362568915e-17
1.9446710491147765e-17
1.949121394106404e-17
1.9541897248798523e-17
1.95988550928236e-17
1.9662194740736332e-17
1.973203656167888e-17
1.9808514608679293e-17
1.9891777276262504e-17
1.9981988039478088e-17
2.0079326281381992e-17
2.0183988217010867e-17
2.0296187923016677e-17
2.0416158483409217e-17
2.054415326330941e-17
2.068044732427654e-17
2.0825338996673636e-17
2.0979151626717363e-17
2.114223551837295e-17
2.1314970093157395e-17
2.1497766294277295e-17
2.1691069265434227e-17
2.1895361339180996e-17
2.211116537502896e-17
2.233904849373634e-17
2.2579626261528192e-17
2.2833567386629368e-17
2.310159900069638e-17
2.3384512609840834e-17
2.3683170814346147e-17
2.399851491338959e-17
2.4331573531708536e-17
2.468347242996545e-17
2.505544569053307e-17
2.5448848506754105e-17
2.5865171847964198e-17
2.6306059326651655e-17
2.6773326660556582e-17
2.726898420448461e-17
2.779526312826181e-17
2.83546459439589e-17
2.894990224428991e-17
2.958413071418357e-17
3.0260808731183806e-17
3.0983851193897084e-17
3.175768063313793e-17
3.2587311197495076e-17
3.3478449804414886e-17
3.443761866561949e-17
3.547230460969211e-17
3.6591142244442104e-17
3.7804140182531375e-17
3.91229625185953e-17
4.05612818179961e-17
4.21352255312727e-17
4.386394569111813e-17
4.5770353047708524e-17
4.7882073092191846e-17
5.023270527608403e-17
5.286350230958955e-17
5.582564080704055e-17
5.91833412026707e-17
6.301824451372407e-17
6.743575560470689e-17
7.257483943935109e-17
7.862533213807801e-17
8.586698899059762e-17
9.478821604885365e-17
1.0653765657307507e-16
1.2484642227931742e-16
1.645911014191919e-16
2.9059392188132424e-16
7.945506280849552e-16
3.003805105470162e-15
1.298222228057393e-14
5.847310973803485e-14
2.664855543223274e-13
1.218644362023011e-12
5.578934772812418e-12
2.555084065833796e-11
1.170452499546808e-10
5.362602997987802e-10
2.4573816204909208e-09
1.0420334314641567e-08
5.070877829359115e-08
2.480538098313947e-07
1.219749059447092e-06
6.029196689854424e-06
2.995852840276348e-05
0.0001496514306369146
0.0007517772038886048
0.0038052555757125644
0.01967698142730443
0.1148137408536925

7.8419320262996685e-16
3.1391411655051066e-14
1.0056402257140258e-12
2.5782109328213605e-11
5.289788067752531e-10
8.685645966471273e-09
1.955696364375471e-07
0.023541892016334123
2.6674155016614316
0.11854419701995661
0.0003687380082105615
0.001581647023770963
0.005459860421252559
0.015083340330366997
0.033347059036118336
0.059001317657240475
0.0836120360844753
0.1168948954735208
0.7459192426829797
1.8725734528013742
0.4946924233161705
0.027544359929576767
0.006279535959351718
0.0018624280508513153
0.00044368895284236347
8.45907397416428e-05
1.2906576155646406e-05
1.575953111035724e-06
1.53999586088985e-07
1.204314272762826e-08
7.537097464036815e-10
3.7749608097253834e-11
1.5130900711051805e-12
4.853568168636401e-14
1.245952552280226e-15
2.559681281526751e-17
4.208373712586549e-19
5.537155549294067e-21
5.830464651262614e-23
4.913190773425791e-25
3.313356045484546e-27
1.7882021134183845e-29
7.723410515254006e-32
2.669596673556489e-34
7.384586874049787e-37
1.6347478453610387e-39
2.8961387292477596e-42
4.10612311887417e-45
4.6589558096653015e-48
4.230475977209231e-51
3.074212566046631e-54
1.7878149794218368e-57
8.320611949203183e-61
3.099074258370481e-64
9.237463073891642e-68
2.203522381727378e-71
4.2065517393701273e-75
6.426566738729137e-79
7.857345081858525e-83
7.688057986319031e-87
6.020069313253197e-91
3.7725095779155454e-95
1.8919220054330355e-99
7.59311756751891e-104
2.438827245293036e-108
6.268822455311515e-113
1.289540302926061e-117
2.1228919398729e-122
2.796822304065053e-127
2.9488038081424425e-132
2.4881175881032003e-137
1.6801186078215272e-142
9.079313256596254e-148
3.9265404637582827e-153
1.3589740762639086e-158
3.764057813314863e-164
8.343445172952518e-170
1.4800574239941692e-175
2.101143592009243e-181
2.3871346600407696e-187
2.170411701398912e-193
1.5792516666964556e-199
9.196119026223945e-206
4.285503377350133e-212
1.5982441289956377e-218
4.7701101960260086e-225
1.1393514890063102e-231
2.1778654971927468e-238
3.3315658611036615e-245
4.07858736786764e-252
3.9959049995510567e-259
3.1330300287533154e-266
1.9658844090579956e-273
9.87177884712169e-281
3.967134041923036e-288
1.2758580261757423e-295
3.283763289964534e-303
6.7637158627554e-311
1.11492e-318
0.0
