1.4054289033295868
0.03757150596877631
0.0015120538919069005
7.750052047613964e-05
4.583889993414617e-06
3.0113785196667216e-07
2.1707884991699727e-08
1.5996411743484615e-09
1.4096085349713707e-10
1.3655660462838244e-11
1.42997973527053e-12
1.6100974787615142e-13
1.9569755949762506e-14
2.5870015780980017e-15
3.7413928361632124e-16
5.930246124755417e-17
1.0287756081141968e-17
1.949195806143453e-18
4.028547058879272e-19
9.081372723934748e-20
2.2337532737440653e-20
5.9971526089702946e-21
1.7576151187869166e-21
5.622674351227122e-22
1.9630941115044313e-22
7.478475473333597e-23
3.107034485785703e-23
1.4064154991481265e-23
6.923708911875075e-24
3.696177158989242e-24
2.1305701949946804e-24
1.3185932501478754e-24
8.702663319845399e-25
6.079754927804272e-25
4.461936769944327e-25
3.415266471338069e-25
2.708571094196553e-25
2.213000687828003e-25
1.8536764980144154e-25
1.5853829398641537e-25
1.3798409724838768e-25
1.2187881479964735e-25
1.0900813236234278e-25
9.854289509264938e-26
8.990310930444579e-26
8.267407035171464e-26
7.655328357000236e-26
7.131606110419524e-26
6.679272605121684e-26
6.285319651955484e-26
5.939636196579968e-26
5.634263316726013e-26
5.36286326239796e-26
5.120335329165646e-26
4.9025340656306105e-26
4.706059862179779e-26
4.528101445257466e-26
4.3663160758392844e-26
4.2187374679640964e-26
4.083704318072099e-26
3.959804322053266e-26
3.845829946416132e-26
3.7407432036584253e-26
3.643647386116102e-26
3.5537642220387816e-26
3.470415289929281e-26
3.393006801812444e-26
3.321017070504426e-26
3.253986129389682e-26
3.191507089320443e-26
3.133218905788812e-26
3.0788002975254394e-26
3.027964610275897e-26
2.980455460456085e-26
2.9360430254720965e-26
2.894520872779193e-26
2.855703239802969e-26
2.81942269282738e-26
2.7855281057614405e-26
2.7538829100118885e-26
2.7243635750383625e-26
2.6968582859573544e-26
2.6712657901079346e-26
2.647494389043579e-26
2.6254610561652654e-26
2.605090663315165e-26
2.5863153022300726e-26
2.5690736889067566e-26
2.5533106407358006e-26
2.5389766177793258e-26
2.5260273208521133e-26
2.5144233401565082e-26
2.5041298491529525e-26
2.495116339147726e-26
2.4873563907705262e-26
2.4808274791157763e-26
2.475510809849061e-26
2.471391184047192e-26
2.4684568899585805e-26
2.4666996202496913e-26
2.4661144136519944e-26
2.4666996202496913e-26
2.4684568899585805e-26
2.471391184047192e-26
2.475510809849061e-26
2.4808274791157763e-26
2.4873563907705262e-26
2.495116339147726e-26
2.5041298491529525e-26
2.5144233401565082e-26
2.5260273208521133e-26
2.5389766177793258e-26
2.5533106407358006e-26
2.5690736889067566e-26
2.5863153022300726e-26
2.605090663315165e-26
2.6254610561652654e-26
2.647494389043579e-26
2.6712657901079346e-26
2.6968582859573544e-26
2.7243635750383625e-26
2.7538829100118885e-26
2.7855281057614405e-26
2.81942269282738e-26
2.855703239802969e-26
2.894520872779193e-26
2.9360430254720965e-26
2.980455460456085e-26
3.027964610275897e-26
3.0788002975254394e-26
3.133218905788812e-26
3.191507089320443e-26
3.253986129389682e-26
3.321017070504426e-26
3.393006801812444e-26
3.470415289929281e-26
3.5537642220387816e-26
3.643647386116102e-26
3.7407432036584253e-26
3.845829946416132e-26
3.959804322053266e-26
4.083704318072099e-26
4.2187374679640964e-26
4.3663160758392844e-26
4.528101445257466e-26
4.706059862179779e-26
4.9025340656306105e-26
5.120335329165646e-26
5.36286326239796e-26
5.634263316726013e-26
5.939636196579968e-26
6.285319651955484e-26
6.679272605121684e-26
7.131606110419524e-26
7.655328357000236e-26
8.267407035171464e-26
8.990310930444579e-26
9.854289509264938e-26
1.0900813236234278e-25
1.2187881479964735e-25
1.3798409724838768e-25
1.5853829398641537e-25
1.8536764980144154e-25
2.213000687828003e-25
2.708571094196553e-25
3.415266471338069e-25
4.461936769944327e-25
6.079754927804272e-25
8.702663319845399e-25
1.3185932501478754e-24
2.1305701949946804e-24
3.696177158989242e-24
6.923708911875075e-24
1.4064154991481265e-23
3.107034485785703e-23
7.478475473333597e-23
1.9630941115044313e-22
5.622674351227122e-22
1.7576151187869166e-21
5.9971526089702946e-21
2.2337532737440653e-20
9.081372723934748e-20
4.028547058879272e-19
1.949195806143453e-18
1.0287756081141968e-17
5.930246124755417e-17
3.7413928361632124e-16
2.5870015780980017e-15
1.9569755949762506e-14
1.6100974787615142e-13
1.42997973527053e-12
1.3655660462838244e-11
1.4096085349713707e-10
1.5996411743484615e-09
2.1707884991699727e-08
3.0113785196667216e-07
4.583889993414617e-06
7.750052047613964e-05
0.0015120538919069005
0.03757150596877631

7.973120574568231e-25
8.248086525980254e-22
5.353879022588764e-19
2.180591765601653e-16
5.572763990806515e-14
8.936293062548505e-12
8.991551245094201e-10
5.676783265605559e-08
2.248849915294215e-06
5.5899651439548404e-05
0.0008718628972749372
0.008532528778565552
0.05239595928930465
0.2018869742726264
0.488100521074212
0.7404584818438344
0.7048271619362718
0.42099325962959666
0.16196027659995163
0.19782379362859426
1.105364985389305
1.344687923101786
0.3082878820030517
0.15650382790227063
0.44909537180199227
0.4513886575464783
0.14740702917034237
0.015637409861692153
0.000538877963878094
6.032467754003351e-06
2.1937067574982678e-08
2.5914397515078064e-11
9.944492831625786e-15
1.2396615784835076e-18
5.019987346977394e-23
6.603604932822895e-28
2.821879882528459e-33
3.9171927624024396e-39
1.76640537651625e-45
2.5875569201463046e-52
1.2353685233675473e-59
5.2881119171042946e-67
1.7607701226463535e-72
5.741052914917251e-78
1.1751856259750666e-83
1.5094265290310617e-89
1.2164883537040633e-95
6.151689420261604e-102
1.951961806729128e-108
3.8863212674012563e-115
4.855081801730194e-122
3.805790457659935e-129
1.8719043910051007e-136
5.777140398809465e-144
1.1187489740733386e-151
1.3593861690601886e-159
1.036438441703165e-167
4.9583210903688866e-176
1.4883883118087794e-184
2.8034210069774196e-193
3.313224504121554e-202
2.4569927496413113e-211
1.1432661737817918e-220
3.337961337587468e-230
6.11513035203229e-240
7.029438001200565e-250
5.0702101412209986e-260
2.2946781654035943e-270
6.51640511243543e-281
1.1611406707190984e-291
1.2982312755634597e-302
9.107722016e-314
0.0
0.0
0.0
0.0
0.0
0.0
0.0
0.0
0.0
0.0
0.0
0.0
0.0
0.0
0.0
0.0
0.0
0.0
0.0
0.0
0.0
0.0
0.0
0.0
0.0
0.0
0.0
0.0
