0.5617421955882242
0.013970904696506064
0.0011185475058378444
0.00018148773968926183
4.717003424093918e-05
1.7885828750051206e-05
8.980400773946794e-06
5.460703362190064e-06
3.7664102815370883e-06
2.823962235017257e-06
2.241319401069636e-06
1.8518739559526127e-06
1.5758095334540412e-06
1.3710730957098045e-06
1.21375303329717e-06
1.0893861998428038e-06
9.887691135552719e-07
9.057930023127701e-07
8.362568655337365e-07
7.771832926545216e-07
7.264067744474576e-07
6.823166094081369e-07
6.436910739703871e-07
6.095873790729327e-07
5.792667909515368e-07
5.521425301225695e-07
5.277427890143335e-07
5.056840060978215e-07
4.856512365764116e-07
4.673835217540562e-07
4.506628370823766e-07
4.3530564060571655e-07
4.211563368527687e-07
4.080821694243955e-07
3.959691916079805e-07
3.8471905916777594e-07
3.7424645643832575e-07
3.644770147632382e-07
3.553456170068666e-07
3.467950072529237e-07
3.3877464357703306e-07
3.312397457972639e-07
3.241505006679507e-07
3.174713950076751e-07
3.1117065340017557e-07
3.052197618522807e-07
2.9959306248205766e-07
2.942674071978491e-07
2.892218606035062e-07
2.844374441679537e-07
2.7989691513442957e-07
2.755845747968209e-07
2.7148610169890303e-07
2.6758840606418807e-07
2.638795023759702e-07
2.6034839752738334e-07
2.5698499237203563e-07
2.53779994844472e-07
2.5072484310011983e-07
2.4781163735741297e-07
2.450330793191968e-07
2.4238241821326306e-07
2.398534026285821e-07
2.374402374390364e-07
2.3513754520388378e-07
2.3294033151682012e-07
2.308439538457992e-07
2.2884409346573633e-07
2.2693673013752328e-07
2.251181192307815e-07
2.2338477102562817e-07
2.217334319613546e-07
2.201610676281197e-07
2.186648473221949e-07
2.1724213000651437e-07
2.1589045153675695e-07
2.146075130292974e-07
2.1339117026145413e-07
2.1223942400680557e-07
2.1115041121918956e-07
2.1012239698854133e-07
2.0915376720014218e-07
2.0824302183629108e-07
2.0738876886600343e-07
2.06589718674195e-07
2.0584467898701988e-07
2.0515255025468422e-07
2.0451232145721623e-07
2.0392306630241095e-07
2.0338393978852728e-07
2.0289417510735342e-07
2.0245308086903623e-07
2.0206003861077937e-07
2.0171450062107724e-07
2.0141598799778706e-07
2.0116408897932056e-07
2.0095845751632654e-07
2.0079881207831384e-07
2.0068493468749982e-07
2.006166701736773e-07
2.005939256453366e-07
2.006166701736773e-07
2.0068493468749982e-07
2.0079881207831384e-07
2.0095845751632654e-07
2.0116408897932056e-07
2.0141598799778706e-07
2.0171450062107724e-07
2.0206003861077937e-07
2.0245308086903623e-07
2.0289417510735342e-07
2.0338393978852728e-07
2.0392306630241095e-07
2.0451232145721623e-07
2.0515255025468422e-07
2.0584467898701988e-07
2.06589718674195e-07
2.0738876886600343e-07
2.0824302183629108e-07
2.0915376720014218e-07
2.1012239698854133e-07
2.1115041121918956e-07
2.1223942400680557e-07
2.1339117026145413e-07
2.146075130292974e-07
2.1589045153675695e-07
2.1724213000651437e-07
2.186648473221949e-07
2.201610676281197e-07
2.217334319613546e-07
2.2338477102562817e-07
2.251181192307815e-07
2.2693673013752328e-07
2.2884409346573633e-07
2.308439538457992e-07
2.3294033151682012e-07
2.3513754520388378e-07
2.374402374390364e-07
2.398534026285821e-07
2.4238241821326306e-07
2.450330793191968e-07
2.4781163735741297e-07
2.5072484310011983e-07
2.53779994844472e-07
2.5698499237203563e-07
2.6034839752738334e-07
2.638795023759702e-07
2.6758840606418807e-07
2.7148610169890303e-07
2.755845747968209e-07
2.7989691513442957e-07
2.844374441679537e-07
2.892218606035062e-07
2.942674071978491e-07
2.9959306248205766e-07
3.052197618522807e-07
3.1117065340017557e-07
3.174713950076751e-07
3.241505006679507e-07
3.312397457972639e-07
3.3877464357703306e-07
3.467950072529237e-07
3.553456170068666e-07
3.644770147632382e-07
3.7424645643832575e-07
3.8471905916777594e-07
3.959691916079805e-07
4.080821694243955e-07
4.211563368527687e-07
4.3530564060571655e-07
4.506628370823766e-07
4.673835217540562e-07
4.856512365764116e-07
5.056840060978215e-07
5.277427890143335e-07
5.521425301225695e-07
5.792667909515368e-07
6.095873790729327e-07
6.436910739703871e-07
6.823166094081369e-07
7.264067744474576e-07
7.771832926545216e-07
8.362568655337365e-07
9.057930023127701e-07
9.887691135552719e-07
1.0893861998428038e-06
1.21375303329717e-06
1.3710730957098045e-06
1.5758095334540412e-06
1.8518739559526127e-06
2.241319401069636e-06
2.823962235017257e-06
3.7664102815370883e-06
5.460703362190064e-06
8.980400773946794e-06
1.7885828750051206e-05
4.717003424093918e-05
0.00018148773968926183
0.0011185475058378444
0.013970904696506064

9.41633722859781e-06
3.120572314593133e-05
9.51446849282671e-05
0.0002668903350932814
0.0006887778860101945
0.001635398431519075
0.003572448626631691
0.007179702365986213
0.013275317701832497
0.022582989842540535
0.03534402360709941
0.05089188903275116
0.06741851589572206
0.08216896905188965
0.09213709635539163
0.09505155775233835
0.09021567218039396
0.07877760504400044
0.06328803201122624
0.04677765505496771
0.031811452644514675
0.021146842686097806
0.10046411123422759
0.8113042156035665
0.9256639583234578
0.13524824756552253
0.0030083417533028974
0.00021298700926207387
7.234554022159822e-05
2.3232652701218605e-05
6.86426464962485e-06
1.8658953092383322e-06
4.666363432130714e-07
1.0736627376362247e-07
2.2727686754801018e-08
4.42629772959156e-09
7.930928675576843e-10
1.307391024320507e-10
1.9828277461799518e-11
2.7667027986370074e-12
3.5517146354233706e-13
4.194803810801783e-14
4.558093991276677e-15
4.556726185013478e-16
4.1910285766828215e-17
3.546388787857643e-18
2.7608963457377366e-19
1.9774790545114275e-20
1.3030819104389156e-21
7.900045146723716e-23
4.406415680070372e-24
2.261202142883434e-25
1.0675576727393592e-26
4.6370452901029965e-28
1.853059492792165e-29
6.81295344276433e-31
2.3045148614897414e-32
7.171692147555541e-34
2.0533443987203886e-35
5.408788387159891e-37
1.3107993479093387e-38
2.9226073783641423e-40
5.995187491301675e-42
1.131444085092331e-43
1.9645426272696787e-45
3.1382522622244027e-47
4.612244035897245e-49
6.23641114320032e-51
7.758097500414409e-53
8.879198424255315e-55
9.349541697590204e-57
9.057428573748846e-59
8.072676450694813e-61
6.61954606336537e-63
4.993866224437864e-65
3.4661203130551385e-67
2.2133413428036184e-69
1.3003228447176274e-71
7.028328020245578e-74
3.495029820970153e-76
1.5989974919439242e-78
6.7304284694873e-81
2.606367652030007e-83
9.285957131011026e-86
3.043797145508763e-88
9.179156405942388e-91
2.5467591083423435e-93
6.500862789380115e-96
1.5266945837491452e-98
3.2986129796916043e-101
6.557051516434587e-104
1.199178577520242e-106
2.0177026335441482e-109
3.123406384409585e-112
4.448338830091862e-115
5.8286135282227156e-118
7.0263647893887815e-121
7.792811305327148e-124
7.951620796720175e-127
7.464748753624392e-130
