0.46976457200122823
0.022503729030994783
0.0034724672041282966
0.0009791305003216172
0.0003983894785187335
0.00020979552148530972
0.00013151409737861415
9.249257423400465e-05
7.024294166957173e-05
5.62410681890375e-05
4.675925482228071e-05
3.9971762392434584e-05
3.4899883226234316e-05
3.0979432671249566e-05
2.7865368854485e-05
2.533613753461081e-05
2.3243579790371652e-05
2.1485165990588786e-05
1.9987841845898547e-05
1.8698231117344605e-05
1.757647561529187e-05
1.6592238371767484e-05
1.5722037640230806e-05
1.4947424534688148e-05
1.4253709897816625e-05
1.3629057342367362e-05
1.3063825699968983e-05
1.255008465912725e-05
1.2081252791953967e-05
1.1651823461411845e-05
1.1257154758061234e-05
1.0893306717366822e-05
1.055691388263597e-05
1.0245084593935575e-05
9.955320699420457e-06
9.685453025758828e-06
9.43358912046561e-06
9.198070632187523e-06
8.977438320732687e-06
8.77040315224317e-06
8.575822281675305e-06
8.392678986458152e-06
8.220065814381869e-06
8.057170361570456e-06
7.903263214499059e-06
7.757687681952688e-06
7.619851014871059e-06
7.489216868846858e-06
7.365298809130721e-06
7.247654693976494e-06
7.1358818010310184e-06
7.029612584760055e-06
6.928510971779265e-06
6.832269116334549e-06
6.740604550756143e-06
6.653257676048761e-06
6.5699895463108354e-06
6.490579907743647e-06
6.414825458889138e-06
6.342538303642041e-06
6.273544572692263e-06
6.207683192508569e-06
6.144804783888396e-06
6.084770674563682e-06
6.027452012444387e-06
5.972728967861722e-06
5.920490014692695e-06
5.87063128154799e-06
5.8230559653214384e-06
5.777673800359436e-06
5.734400577337002e-06
5.693157706643296e-06
5.6538718217001764e-06
5.616474418176524e-06
5.580901525530647e-06
5.547093407722763e-06
5.51499429029787e-06
5.484552111353402e-06
5.455718294181868e-06
5.428447539621495e-06
5.40269763636208e-06
5.378429287642476e-06
5.3556059529440085e-06
5.334193703432869e-06
5.314161090037171e-06
5.295479023162472e-06
5.278120663155329e-06
5.2620613207191905e-06
5.247278366572172e-06
5.2337511497131e-06
5.221460923731721e-06
5.210390780662213e-06
5.200525591936561e-06
5.1918519560472195e-06
5.184358152576874e-06
5.178034102298064e-06
5.17287133308712e-06
5.168862951435971e-06
5.166003619382288e-06
5.164289536713429e-06
5.163718428333259e-06
5.164289536713429e-06
5.166003619382288e-06
5.168862951435971e-06
5.17287133308712e-06
5.178034102298064e-06
5.184358152576874e-06
5.1918519560472195e-06
5.200525591936561e-06
5.210390780662213e-06
5.221460923731721e-06
5.2337511497131e-06
5.247278366572172e-06
5.2620613207191905e-06
5.278120663155329e-06
5.295479023162472e-06
5.314161090037171e-06
5.334193703432869e-06
5.3556059529440085e-06
5.378429287642476e-06
5.40269763636208e-06
5.428447539621495e-06
5.455718294181868e-06
5.484552111353402e-06
5.51499429029787e-06
5.547093407722763e-06
5.580901525530647e-06
5.616474418176524e-06
5.6538718217001764e-06
5.693157706643296e-06
5.734400577337002e-06
5.777673800359436e-06
5.8230559653214384e-06
5.87063128154799e-06
5.920490014692695e-06
5.972728967861722e-06
6.027452012444387e-06
6.084770674563682e-06
6.144804783888396e-06
6.207683192508569e-06
6.273544572692263e-06
6.342538303642041e-06
6.414825458889138e-06
6.490579907743647e-06
6.5699895463108354e-06
6.653257676048761e-06
6.740604550756143e-06
6.832269116334549e-06
6.928510971779265e-06
7.029612584760055e-06
7.1358818010310184e-06
7.247654693976494e-06
7.365298809130721e-06
7.489216868846858e-06
7.619851014871059e-06
7.757687681952688e-06
7.903263214499059e-06
8.057170361570456e-06
8.220065814381869e-06
8.392678986458152e-06
8.575822281675305e-06
8.77040315224317e-06
8.977438320732687e-06
9.198070632187523e-06
9.43358912046561e-06
9.685453025758828e-06
9.955320699420457e-06
1.0245084593935575e-05
1.055691388263597e-05
1.0893306717366822e-05
1.1257154758061234e-05
1.1651823461411845e-05
1.2081252791953967e-05
1.255008465912725e-05
1.3063825699968983e-05
1.3629057342367362e-05
1.4253709897816625e-05
1.4947424534688148e-05
1.5722037640230806e-05
1.6592238371767484e-05
1.757647561529187e-05
1.8698231117344605e-05
1.9987841845898547e-05
2.1485165990588786e-05
2.3243579790371652e-05
2.533613753461081e-05
2.7865368854485e-05
3.0979432671249566e-05
3.4899883226234316e-05
3.9971762392434584e-05
4.675925482228071e-05
5.62410681890375e-05
7.024294166957173e-05
9.249257423400465e-05
0.00013151409737861415
0.00020979552148530972
0.0003983894785187335
0.0009791305003216172
0.0034724672041282966
0.022503729030994783

0.0002454302831579883
0.0006409227931551718
0.0015369669764001227
0.0033845786232684968
0.006844251019990972
0.012709501095440463
0.021672665484527766
0.03393730909421079
0.0488004392884339
0.06443937362185694
0.0781376130730517
0.08700620412738266
0.08896548580835113
0.08353608903039408
0.072029097919597
0.057032646112515954
0.04147476961681072
0.0279749158270499
0.023049302814158804
0.06823895010046738
0.26352933223838115
0.5219969939551065
0.47724080503847943
0.1994263590395952
0.03807891040277839
0.0033471485376542704
0.0001464048748722723
6.849038759520081e-06
1.192771434562607e-06
2.8175940458456524e-07
6.210125792261883e-08
1.2572296996458357e-08
2.3372813175683993e-09
3.990144266373508e-10
6.255290162867175e-11
9.005079954396678e-12
1.1904439101477162e-12
1.44514542877247e-13
1.6109995555786348e-14
1.6491514428023802e-15
1.5502684506102475e-16
1.3382416119499453e-17
1.0608241605238471e-18
7.722066300072631e-20
5.1618443073352585e-21
3.168527840926484e-22
1.7860409216504384e-23
9.244991883433035e-25
4.394433679843433e-26
1.9181410785656565e-27
7.688461238225208e-29
2.8299552200045853e-30
9.565351837948743e-32
2.9689548013711385e-33
8.462281620127445e-35
2.214892302912202e-36
5.323521407191211e-38
1.1749696454296083e-39
2.381417499147953e-41
4.432264663174335e-43
7.575251945893921e-45
1.1889120510184715e-46
1.7134981031215835e-48
2.2677688113701336e-50
2.756101323343422e-52
3.0759043934609175e-54
3.152330446026417e-56
2.9666881164138785e-58
2.563854049032473e-60
2.034679253334179e-62
1.4827907434388186e-64
9.923046510141893e-67
6.098056430971862e-69
3.4412728042155882e-71
1.783314812993583e-73
8.486296141656222e-76
3.708425855523371e-78
1.4881347871043528e-80
5.4837315846615554e-83
1.8556298936896793e-85
5.766174522646238e-88
1.6453771311266118e-90
4.311460206696087e-93
1.0374437499535098e-95
2.2923767050153105e-98
4.6514533074817085e-101
8.667075829578085e-104
1.4829884825573366e-106
2.3301517830712334e-109
3.3621098253625724e-112
4.454724306664608e-115
5.420146420647313e-118
6.0559524602592e-121
6.213483466286107e-124
5.854220661512286e-127
5.0650563408807595e-130
4.024210819050712e-133
2.9360160096422223e-136
1.9670589068350094e-139
1.2102011561445195e-142
