1.0228651220381593
0.17919149676876425
0.08011138966369187
0.04700218952798768
0.031745302302918145
0.02346574237851513
0.01843725810185988
0.015121020352699258
0.012794545879783289
0.011083223029780752
0.009776818434033168
0.00874954603645466
0.007922089833517401
0.007242209214811153
0.006674214710359068
0.0061929553816340785
0.005780228905872713
0.005422554971605452
0.005109747709782069
0.004833973427217795
0.004589112498250405
0.004370317270029405
0.0041736994671825855
0.003996105081025422
0.003834949559497797
0.003688095324048065
0.003553759492878684
0.003430443488937046
0.0033168787246119352
0.003211984247793192
0.003114833392502481
0.0030246272822290706
0.002940673601150461
0.002862369453057707
0.0027891874200313407
0.0027206641463255075
0.0026563909304069626
0.0025960059254577293
0.0025391876369156583
0.0024856494725846766
0.0024351351520546984
0.0023874148216356333
0.002342281751645375
0.00229954951683672
0.002259049579586164
0.0022206292103793537
0.0021841496920012764
0.002149484763346203
0.0021165192664150062
0.0020851479662588393
0.002055274518661544
0.0020268105644641586
0.001999674932807334
0.0019737929383459004
0.0019490957597881092
0.0019255198890205947
0.0019030066416709783
0.0018815017212908307
0.001860954830458818
0.0018413193230447627
0.0018225518926703037
0.0018046122930756678
0.0017874630866748062
0.0017710694180694997
0.0017553988097104886
0.001740420977251561
0.0017261076624500754
0.0017124324817324524
0.0016993707887720253
0.001686899549624879
0.001674997229141251
0.001663643687519721
0.0016528200860017783
0.0016425088008183064
0.001632693344599249
0.0016233582945452143
0.0016144892267366973
0.0016060726560243373
0.0015980959810034362
0.0015905474336288532
0.0015834160330732506
0.0015766915434733014
0.0015703644352455062
0.0015644258496862937
0.0015588675666006043
0.00155368197472962
0.0015488620447720236
0.001544401304814587
0.0015402938180071749
0.0015365341623347318
0.001533117412354711
0.0015300391227828648
0.0015272953138235903
0.0015248824581531662
0.0015227974694754936
0.0015210376925803737
0.0015196008948440965
0.0015184852591212795
0.001517689377985543
0.0015172122492848599
0.0015170532729853361
0.0015172122492848599
0.001517689377985543
0.0015184852591212795
0.0015196008948440965
0.0015210376925803737
0.0015227974694754936
0.0015248824581531662
0.0015272953138235903
0.0015300391227828648
0.001533117412354711
0.0015365341623347318
0.0015402938180071749
0.001544401304814587
0.0015488620447720236
0.00155368197472962
0.0015588675666006043
0.0015644258496862937
0.0015703644352455062
0.0015766915434733014
0.0015834160330732506
0.0015905474336288532
0.0015980959810034362
0.0016060726560243373
0.0016144892267366973
0.0016233582945452143
0.001632693344599249
0.0016425088008183064
0.0016528200860017783
0.001663643687519721
0.001674997229141251
0.001686899549624879
0.0016993707887720253
0.0017124324817324524
0.0017261076624500754
0.001740420977251561
0.0017553988097104886
0.0017710694180694997
0.0017874630866748062
0.0018046122930756678
0.0018225518926703037
0.0018413193230447627
0.001860954830458818
0.0018815017212908307
0.0019030066416709783
0.0019255198890205947
0.0019490957597881092
0.0019737929383459004
0.001999674932807334
0.0020268105644641586
0.002055274518661544
0.0020851479662588393
0.0021165192664150062
0.002149484763346203
0.0021841496920012764
0.0022206292103793537
0.002259049579586164
0.00229954951683672
0.002342281751645375
0.0023874148216356333
0.0024351351520546984
0.0024856494725846766
0.0025391876369156583
0.0025960059254577293
0.0026563909304069626
0.0027206641463255075
0.0027891874200313407
0.002862369453057707
0.002940673601150461
0.0030246272822290706
0.003114833392502481
0.003211984247793192
0.0033168787246119352
0.003430443488937046
0.003553759492878684
0.003688095324048065
0.003834949559497797
0.003996105081025422
0.0041736994671825855
0.004370317270029405
0.004589112498250405
0.004833973427217795
0.005109747709782069
0.005422554971605452
0.005780228905872713
0.0061929553816340785
0.006674214710359068
0.007242209214811153
0.007922089833517401
0.00874954603645466
0.009776818434033168
0.011083223029780752
0.012794545879783289
0.015121020352699258
0.01843725810185988
0.02346574237851513
0.031745302302918145
0.04700218952798768
0.08011138966369187
0.17919149676876425

0.07407721292336485
0.11437645299477867
0.16210750733550588
0.21090433911701575
0.2518770248586778
0.27613965749390473
0.2779478171779354
0.2569733310558
0.21856074900897743
0.17189812659550524
0.1271616620592701
0.0930712195564566
0.075711544743111
0.07843983462642298
0.10201055563850976
0.14419296829236702
0.1989943067324846
0.2564588711563619
0.30412938073369294
0.3303535460010908
0.3282299868270887
0.29817727919628695
0.24763546850054016
0.18800805157511688
0.1304848988046031
0.08278710602211373
0.048015705398281296
0.02545786279441618
0.012338959522380219
0.005467050596660493
0.002214346592083736
0.0008198908748077069
0.0002775137186210361
8.586789374450131e-05
2.4288187823766565e-05
6.2802562490835994e-06
1.4844909869305632e-06
3.207714557455848e-07
6.336242850656598e-08
1.1441576336391563e-08
1.888677732072997e-09
2.850019336139852e-10
3.9314766648733026e-11
4.957714885366239e-12
5.715119836524458e-13
6.022642499723615e-14
5.8018537464450925e-15
5.109335467573767e-16
4.113201723722701e-17
3.0270078623768288e-18
2.03640914193382e-19
1.2523752497062157e-20
7.0407976583969845e-22
3.6184885277063053e-23
1.7000061234145482e-24
7.301157557453291e-26
2.8664931250214368e-27
1.0287930877124882e-28
3.3753834755034494e-30
1.012362737224509e-31
2.7756655294090955e-33
6.956904821827691e-35
1.5939802671475267e-36
3.338625981548835e-38
6.392497193533596e-40
1.1188999963656524e-41
1.790317051374622e-43
2.6187049716332703e-45
3.5015565663452157e-47
4.280097572494761e-49
4.7826009066759125e-51
4.885314903178283e-53
4.561828285607108e-55
3.8940655099956696e-57
3.038683881905352e-59
2.167632930833941e-61
1.4135263456076098e-63
8.426360273626955e-66
4.591917630909342e-68
2.2875263414651457e-70
1.0417321499470019e-72
4.336745939349187e-75
1.6504023851993487e-77
5.741609527461633e-80
1.825977468550914e-82
5.308540363712753e-85
1.4108238168927156e-87
3.4275862386291075e-90
7.612406082109027e-93
1.5455158160930807e-95
2.868421104418223e-98
4.866652240557762e-101
7.548065625021991e-104
1.07018527289891e-106
1.387075887794465e-109
1.6434610789406958e-112
1.7800679209939704e-115
1.7625103388219397e-118
1.5953086568337248e-121
1.3200054359002619e-124
