0.6484932803301133
0.13434428340825494
0.03210872398409512
0.008542975418120349
0.002497455353040451
0.0007982627611983525
0.0002784071984628887
0.00010584745576811531
4.383630692364568e-05
1.9757615114857427e-05
9.676169524383587e-06
5.135952839593201e-06
2.943049749215447e-06
1.8110711437971297e-06
1.1890801208558864e-06
8.269157436164979e-07
6.045294214462678e-07
4.6123558367514205e-07
3.648282790210087e-07
2.974251249544731e-07
2.48672796448991e-07
2.1234169137247345e-07
1.84548677408668e-07
1.6279380227062728e-07
1.4541947505322272e-07
1.3129674090636845e-07
1.1963768613672224e-07
1.0988006764937093e-07
1.0161449107576575e-07
9.453732668747298e-08
8.841958175469317e-08
8.308589410888894e-08
7.840008358038491e-08
7.425503738327964e-08
7.05655129063706e-08
6.726293830409307e-08
6.429160317225036e-08
6.160583096526986e-08
5.916785446854116e-08
5.69462013316547e-08
5.491445416998368e-08
5.3050288881832106e-08
5.1334721963899654e-08
4.9751515522184915e-08
4.828670491163012e-08
4.692821856979539e-08
4.5665571488823255e-08
4.4489615761332426e-08
4.339233637523879e-08
4.236668304082803e-08
4.1406430902127813e-08
4.0506064548932334e-08
3.9660680937866296e-08
3.886590774590954e-08
3.811783438712481e-08
3.741295347373263e-08
3.6748110933693346e-08
3.612046333652957e-08
3.552744124819907e-08
3.496671765022521e-08
3.443618063002373e-08
3.393390968761799e-08
3.345815511577671e-08
3.300732000150495e-08
3.257994447102259e-08
3.217469186120075e-08
3.179033655050839e-08
3.1425753223913964e-08
3.1079907380527677e-08
3.075184692136554e-08
3.0440694678512324e-08
3.014564176699722e-08
2.9865941657552705e-08
2.9600904882653995e-08
2.9349894300280397e-08
2.9112320850067945e-08
2.888763974523216e-08
2.8675347051079784e-08
2.8474976607299106e-08
2.8286097256690956e-08
2.8108310347714614e-08
2.7941247482291433e-08
2.7784568483832027e-08
2.7637959563510392e-08
2.7501131665470566e-08
2.7373818973974283e-08
2.7255777567531855e-08
2.7146784206844005e-08
2.7046635244954232e-08
2.6955145649400926e-08
2.6872148127389896e-08
2.6797492346104862e-08
2.673104424125374e-08
2.66726854078293e-08
2.662231256785803e-08
2.6579837110633817e-08
2.6545184701593767e-08
2.651829495660264e-08
2.6499121178978016e-08
2.6487630157119483e-08
2.6483802021107466e-08
2.6487630157119483e-08
2.6499121178978016e-08
2.651829495660264e-08
2.6545184701593767e-08
2.6579837110633817e-08
2.662231256785803e-08
2.66726854078293e-08
2.673104424125374e-08
2.6797492346104862e-08
2.6872148127389896e-08
2.6955145649400926e-08
2.7046635244954232e-08
2.7146784206844005e-08
2.7255777567531855e-08
2.7373818973974283e-08
2.7501131665470566e-08
2.7637959563510392e-08
2.7784568483832027e-08
2.7941247482291433e-08
2.8108310347714614e-08
2.8286097256690956e-08
2.8474976607299106e-08
2.8675347051079784e-08
2.888763974523216e-08
2.9112320850067945e-08
2.9349894300280397e-08
2.9600904882653995e-08
2.9865941657552705e-08
3.014564176699722e-08
3.0440694678512324e-08
3.075184692136554e-08
3.1079907380527677e-08
3.1425753223913964e-08
3.179033655050839e-08
3.217469186120075e-08
3.257994447102259e-08
3.300732000150495e-08
3.345815511577671e-08
3.393390968761799e-08
3.443618063002373e-08
3.496671765022521e-08
3.552744124819907e-08
3.612046333652957e-08
3.6748110933693346e-08
3.741295347373263e-08
3.811783438712481e-08
3.886590774590954e-08
3.9660680937866296e-08
4.0506064548932334e-08
4.1406430902127813e-08
4.236668304082803e-08
4.339233637523879e-08
4.4489615761332426e-08
4.5665571488823255e-08
4.692821856979539e-08
4.828670491163012e-08
4.9751515522184915e-08
5.1334721963899654e-08
5.3050288881832106e-08
5.491445416998368e-08
5.69462013316547e-08
5.916785446854116e-08
6.160583096526986e-08
6.429160317225036e-08
6.726293830409307e-08
7.05655129063706e-08
7.425503738327964e-08
7.840008358038491e-08
8.308589410888894e-08
8.841958175469317e-08
9.453732668747298e-08
1.0161449107576575e-07
1.0988006764937093e-07
1.1963768613672224e-07
1.3129674090636845e-07
1.4541947505322272e-07
1.6279380227062728e-07
1.84548677408668e-07
2.1234169137247345e-07
2.48672796448991e-07
2.974251249544731e-07
3.648282790210087e-07
4.6123558367514205e-07
6.045294214462678e-07
8.269157436164979e-07
1.1890801208558864e-06
1.8110711437971297e-06
2.943049749215447e-06
5.135952839593201e-06
9.676169524383587e-06
1.9757615114857427e-05
4.383630692364568e-05
0.00010584745576811531
0.0002784071984628887
0.0007982627611983525
0.002497455353040451
0.008542975418120349
0.03210872398409512
0.13434428340825494

1.0998037365803375e-06
2.907162551247546e-05
0.0005073573539744085
0.0055758035678956566
0.0381763355084628
0.16241652345066818
0.4292218567050763
0.7056209491625903
0.7260088823125378
0.47973041802049693
0.22874985428381184
0.11639210735676878
0.09073542418179863
0.08078904219796751
0.06369281984342899
0.042209627130571525
0.023377103854833447
0.010815127461524144
0.004179489311037453
0.001349164719655783
0.00036379514541856053
8.19405715526113e-05
1.5416693720051272e-05
2.4228898246218764e-06
3.1807259614352453e-07
3.4879400142209876e-08
3.19493426436538e-09
2.444584268966698e-10
1.5624217085881492e-11
8.341452523585725e-13
3.7199342702708844e-14
1.3857312661311276e-15
4.311942212756947e-17
1.1207713325691411e-18
2.4333874388837033e-20
4.413220998612052e-22
6.685751893596696e-24
8.460479979680781e-26
8.943137628138418e-28
7.896506413788112e-30
5.82411895522816e-32
3.588191779867897e-34
1.8465931629678125e-36
7.938107310697396e-39
2.850446367537184e-41
8.549858916587283e-44
2.1421761947394946e-46
4.483339173326223e-49
7.837872020017057e-52
1.1445767148788979e-54
1.3961812811263643e-57
1.4226199073678668e-60
1.2108382127547623e-63
8.608619670774061e-67
5.11247373487825e-70
2.53617270739783e-73
1.0509371043308943e-76
3.637682513140925e-80
1.0517754397231631e-83
2.5402205450010736e-87
5.124718199822829e-91
8.63612103326669e-95
1.2156753685372442e-98
1.4294424673104052e-102
1.4039961263039672e-106
1.1519013963515963e-110
7.894322530382672e-115
4.519231545241072e-119
2.161048364278877e-123
8.63206189708283e-128
2.880147775273261e-132
8.027219942338627e-137
1.8688124558630608e-141
3.6342637610079325e-146
5.9036055598266795e-151
8.010661650218919e-156
9.079660504938588e-161
8.596486745153561e-166
6.798647927935362e-171
4.491322815591353e-176
2.4784271448173785e-181
1.142426342871302e-186
4.398761615395224e-192
1.4147601242944127e-197
3.8008905196222327e-203
8.52978483884309e-209
1.5989723666024373e-214
2.5037675493896143e-220
3.274893795485123e-226
3.578084564889316e-232
3.2655335244937965e-238
2.4894755130496514e-244
1.5853010126550634e-250
8.432683127809257e-257
3.746881788123415e-263
1.3906709026735461e-269
4.311505160692021e-276
1.1165639931986714e-282
2.415396836237571e-289
4.3645908070369364e-296
