0.48431125205823095
0.18437081143952455
0.12664012343957975
0.09780203236854257
0.07862662128326502
0.0650143883918121
0.05501499142903299
0.04746145541506597
0.04161411040113939
0.03698880859158829
0.033259921408726245
0.030202931289823823
0.027659470338911578
0.025515471071876725
0.023687184492760055
0.022112032303327436
0.02074249685898788
0.019541960637198326
0.018481821781922446
0.017539460530182967
0.016696782938984266
0.0159391627210146
0.01525466183792847
0.014633449092583073
0.01406736125716646
0.013549568109777043
0.013074314120254008
0.012636717308091225
0.012232611191685233
0.011858419536318934
0.011511056298412668
0.011187845094992117
0.010886453928475166
0.010604841923397073
0.010341215590791614
0.010093992702282947
0.009861772282035044
0.009643309547854332
0.009437494879687173
0.009243336083837
0.009059943368550948
0.008886516561563487
0.00872233419041817
0.008566744117652783
0.00841915547953829
0.00827903172226957
0.008145884565800008
0.008019268754796251
0.007898777479931226
0.0077840383720703095
0.007674709987724477
0.0075704787171399935
0.007471056057114256
0.007376176199504707
0.007285593893776984
0.007199082548094484
0.007116432538605241
0.007037449700910818
0.006961953981350088
0.006889778228814599
0.006820767110426962
0.006754776136637446
0.00669167078319012
0.006631325699031476
0.006573623990624777
0.006518456574328404
0.00646572158952641
0.006415323866088971
0.0063671744405108584
0.0063211901157443065
0.006277293060324259
0.00623541044289063
0.0061954740986549664
0.006157420224746399
0.006121189101711666
0.006086724838742715
0.0060539751404685115
0.006022891093379761
0.005993426970160607
0.005965540050383063
0.005939190456181454
0.0059143410016676105
0.005890957054975532
0.005869006411938488
0.005848459180503796
0.005829287675082274
0.005811466320111858
0.005794971562189295
0.005779781790190964
0.0057658772628650335
0.005753240043432379
0.005741853940784537
0.005731704456913163
0.005722778740248293
0.005715065544622018
0.0057085551936109915
0.005703239550045317
0.005699111990503667
0.00569616738464495
0.0056944020792559
0.005693813886921966
0.0056944020792559
0.00569616738464495
0.005699111990503667
0.005703239550045317
0.0057085551936109915
0.005715065544622018
0.005722778740248293
0.005731704456913163
0.005741853940784537
0.005753240043432379
0.0057658772628650335
0.005779781790190964
0.005794971562189295
0.005811466320111858
0.005829287675082274
0.005848459180503796
0.005869006411938488
0.005890957054975532
0.0059143410016676105
0.005939190456181454
0.005965540050383063
0.005993426970160607
0.006022891093379761
0.0060539751404685115
0.006086724838742715
0.006121189101711666
0.006157420224746399
0.0061954740986549664
0.00623541044289063
0.006277293060324259
0.0063211901157443065
0.0063671744405108584
0.006415323866088971
0.00646572158952641
0.006518456574328404
0.006573623990624777
0.006631325699031476
0.00669167078319012
0.006754776136637446
0.006820767110426962
0.006889778228814599
0.006961953981350088
0.007037449700910818
0.007116432538605241
0.007199082548094484
0.007285593893776984
0.007376176199504707
0.007471056057114256
0.0075704787171399935
0.007674709987724477
0.0077840383720703095
0.007898777479931226
0.008019268754796251
0.008145884565800008
0.00827903172226957
0.00841915547953829
0.008566744117652783
0.00872233419041817
0.008886516561563487
0.009059943368550948
0.009243336083837
0.009437494879687173
0.009643309547854332
0.009861772282035044
0.010093992702282947
0.010341215590791614
0.010604841923397073
0.010886453928475166
0.011187845094992117
0.011511056298412668
0.011858419536318934
0.012232611191685233
0.012636717308091225
0.013074314120254008
0.013549568109777043
0.01406736125716646
0.014633449092583073
0.01525466183792847
0.0159391627210146
0.016696782938984266
0.017539460530182967
0.018481821781922446
0.019541960637198326
0.02074249685898788
0.022112032303327436
0.023687184492760055
0.025515471071876725
0.027659470338911578
0.030202931289823823
0.033259921408726245
0.03698880859158829
0.04161411040113939
0.04746145541506597
0.05501499142903299
0.0650143883918121
0.07862662128326502
0.09780203236854257
0.12664012343957975
0.18437081143952455

0.279982579517633
0.3637067999098186
0.3512474359765195
0.20593627255132738
0.06657405789327152
0.01189483514699015
0.0013009432808708294
0.00010701501766208548
7.65993403187106e-06
4.497731907171726e-07
1.9735465937503994e-08
2.1892536926085628e-06
0.013953451589792306
0.7959487932857694
0.4062398261059001
0.0018551274704764838
7.579820220926042e-08
2.7710091051044948e-14
9.244958554401957e-23
4.010209093121773e-27
6.364992506087797e-30
7.24309904424345e-33
5.909439787200748e-36
3.456714891222568e-39
1.449693427473853e-42
4.358972609456577e-46
9.396962005062428e-50
1.452399739699651e-53
1.6094601002496026e-57
1.2787028337790704e-61
7.283739437729324e-66
2.97464083645845e-70
8.709837067242309e-75
1.8284407287107533e-79
2.7519915954331547e-84
2.9696733424231837e-89
2.29755342320906e-94
1.2744356665222052e-99
5.068338081276454e-105
1.445135590011622e-110
2.95424818634931e-116
4.3299284424504726e-122
4.54998349671946e-128
3.427948466643582e-134
1.851629571749309e-140
7.170827784649202e-147
1.991039324318968e-153
3.9635627989191944e-160
5.65701082969521e-167
5.788734584115774e-174
4.246935111021251e-181
2.2338961218736063e-188
8.424530047585094e-196
2.2778428252588456e-203
4.415675848428665e-211
6.137139233310101e-219
6.115474062494358e-227
4.369076424980865e-235
2.2379197823643165e-243
8.218541448234912e-252
2.1639157350719382e-260
4.084898791509178e-269
5.528631163286004e-278
5.364747607206005e-287
3.732298177760106e-296
1.861652987103007e-305
6.65758149e-315
5e-324
0.0
0.0
0.0
0.0
0.0
0.0
0.0
0.0
0.0
0.0
0.0
0.0
0.0
0.0
0.0
0.0
0.0
0.0
0.0
0.0
0.0
0.0
0.0
0.0
0.0
0.0
0.0
0.0
0.0
0.0
0.0
0.0
