0.7712146629020469
0.009585124637228434
0.0001698498802568365
4.404820752082211e-06
1.6471127426801982e-07
8.59101264939283e-09
5.907380851141366e-10
5.2682487880322056e-11
6.0512536174997015e-12
8.884312627024307e-13
1.6581570082898973e-13
3.923278873562941e-14
1.1707542886004963e-14
4.3525093157863534e-15
1.9719801771952734e-15
1.056115368212766e-15
6.464341635341084e-16
4.3816918322745324e-16
3.2061177782291925e-16
2.483331961840361e-16
2.007370572232478e-16
1.6761716194136984e-16
1.435213368295522e-16
1.2534451160464352e-16
1.1121917351694215e-16
9.996853107785056e-17
9.082078590504016e-17
8.32519958531826e-17
7.68956853634797e-17
7.14887517117086e-17
6.683794002895871e-17
6.279841082072617e-17
5.92596539071205e-17
5.613599868418727e-17
5.336007720315106e-17
5.0878230092222436e-17
4.86472187623177e-17
4.663183335244145e-17
4.4803126018900535e-17
4.313708802313674e-17
4.1613646559100764e-17
4.021589515705546e-17
3.8929496917583146e-17
3.7742217151213304e-17
3.664355397996468e-17
3.5624443858782256e-17
3.467702494263056e-17
3.3794445514993326e-17
3.2970707812131754e-17
3.220053986841351e-17
3.147928970763719e-17
3.0802837477904447e-17
3.016752208884694e-17
2.9570079642074853e-17
2.9007591507573616e-17
2.847744033318698e-17
2.797727261254355e-17
2.750496670185601e-17
2.7058605385073654e-17
2.6636452252726426e-17
2.6236931292135896e-17
2.585860919283416e-17
2.5500179956641548e-17
2.5160451471231043e-17
2.4838333762494178e-17
2.4532828687224126e-17
2.424302086558298e-17
2.3968069684125044e-17
2.3707202226073427e-17
2.34597070070997e-17
2.3224928412840715e-17
2.300226174944559e-17
2.2791148831099976e-17
2.2591074039142175e-17
2.2401560796407765e-17
2.2222168408093772e-17
2.205248922694648e-17
2.1892146106135765e-17
2.1740790107936395e-17
2.1598098440420378e-17
2.1463772597878848e-17
2.1337536683725262e-17
2.1219135897256512e-17
2.1108335167926497e-17
2.1004917922768094e-17
2.0908684974329465e-17
2.081945351800342e-17
2.073705622895714e-17
2.0661340450038757e-17
2.0592167463070697e-17
2.0529411836855406e-17
2.0472960846034638e-17
2.0422713955671996e-17
2.037858236708358e-17
2.0340488621032162e-17
2.0308366254938043e-17
2.028215951125038e-17
2.026182309457582e-17
2.0247321975581646e-17
2.0238631240085075e-17
2.0235735982114387e-17
2.0238631240085075e-17
2.0247321975581646e-17
2.026182309457582e-17
2.028215951125038e-17
2.0308366254938043e-17
2.0340488621032162e-17
2.037858236708358e-17
2.0422713955671996e-17
2.0472960846034638e-17
2.0529411836855406e-17
2.0592167463070697e-17
2.0661340450038757e-17
2.073705622895714e-17
2.081945351800342e-17
2.0908684974329465e-17
2.1004917922768094e-17
2.1108335167926497e-17
2.1219135897256512e-17
2.1337536683725262e-17
2.1463772597878848e-17
2.1598098440420378e-17
2.1740790107936395e-17
2.1892146106135765e-17
2.205248922694648e-17
2.2222168408093772e-17
2.2401560796407765e-17
2.2591074039142175e-17
2.2791148831099976e-17
2.300226174944559e-17
2.3224928412840715e-17
2.34597070070997e-17
2.3707202226073427e-17
2.3968069684125044e-17
2.424302086558298e-17
2.4532828687224126e-17
2.4838333762494178e-17
2.5160451471231043e-17
2.5500179956641548e-17
2.585860919283416e-17
2.6236931292135896e-17
2.6636452252726426e-17
2.7058605385073654e-17
2.750496670185601e-17
2.797727261254355e-17
2.847744033318698e-17
2.9007591507573616e-17
2.9570079642074853e-17
3.016752208884694e-17
3.0802837477904447e-17
3.147928970763719e-17
3.220053986841351e-17
3.2970707812131754e-17
3.3794445514993326e-17
3.467702494263056e-17
3.5624443858782256e-17
3.664355397996468e-17
3.7742217151213304e-17
3.8929496917583146e-17
4.021589515705546e-17
4.1613646559100764e-17
4.313708802313674e-17
4.4803126018900535e-17
4.663183335244145e-17
4.86472187623177e-17
5.0878230092222436e-17
5.336007720315106e-17
5.613599868418727e-17
5.92596539071205e-17
6.279841082072617e-17
6.683794002895871e-17
7.14887517117086e-17
7.68956853634797e-17
8.32519958531826e-17
9.082078590504016e-17
9.996853107785056e-17
1.1121917351694215e-16
1.2534451160464352e-16
1.435213368295522e-16
1.6761716194136984e-16
2.007370572232478e-16
2.483331961840361e-16
3.2061177782291925e-16
4.3816918322745324e-16
6.464341635341084e-16
1.056115368212766e-15
1.9719801771952734e-15
4.3525093157863534e-15
1.1707542886004963e-14
3.923278873562941e-14
1.6581570082898973e-13
8.884312627024307e-13
6.0512536174997015e-12
5.2682487880322056e-11
5.907380851141366e-10
8.59101264939283e-09
1.6471127426801982e-07
4.404820752082211e-06
0.0001698498802568365
0.009585124637228434

8.451778859603916e-16
2.182720130837008e-14
4.75219896334019e-13
8.72243834715527e-12
1.349671860328104e-10
1.7606220552752071e-09
1.9362143165034656e-08
1.7951230538324564e-07
1.4031322969312301e-06
9.246781388498765e-06
5.1383767347274724e-05
0.0002408418482009513
0.0009527799109132581
0.0031858575494241917
0.009031117216560585
0.021837197876177918
0.04556936659571464
0.08373573589500001
0.13944316418314587
0.21665154161309785
0.3179543329282231
0.43434818971457123
0.5349214587570065
0.5752413007889879
0.5278752644707948
0.4076335368808094
0.26283666466581246
0.1409179289185875
0.06268308411820751
0.02310622799512532
0.007053915179961321
0.0017828170779211516
0.00037297361052863613
6.458019921725933e-05
9.254337397917419e-06
1.0974922663650326e-06
1.0771083125987515e-07
8.748106975070255e-09
5.879800800149706e-10
3.2704171419587616e-11
1.5053399258218652e-12
5.733980397846418e-14
1.8074553480511227e-15
4.7148557986466725e-17
1.0177908215247963e-18
1.8181838692303045e-20
2.6878568989784534e-22
3.2882399590433716e-24
3.3289696846522616e-26
2.7889782636456315e-28
1.9336120853571746e-30
1.1093855222184921e-32
5.26725745506281e-35
2.0695479962226076e-37
6.7290748367074255e-40
1.8106066432860845e-42
4.0316400826497486e-45
7.428964643577293e-48
1.1328273359515816e-50
1.4295127760573083e-53
1.4927987228905811e-56
1.2900405542009693e-59
9.225594648213219e-63
5.459769092483171e-66
2.673887244640004e-69
1.0836794010595231e-72
3.634523430779945e-76
1.0087488891740607e-79
2.316901816769578e-83
4.403735101189387e-87
6.926658656376848e-91
9.016033078287264e-95
9.711725941273425e-99
8.656985782770621e-103
6.385965760014307e-107
3.898310430085791e-111
1.969322153463567e-115
8.232817968374807e-120
2.8482170952490205e-124
8.15441532447382e-129
1.9320199036508266e-133
3.788226167946352e-138
6.1471929105612895e-143
8.255695546010138e-148
9.17698956036218e-153
8.444559885694199e-158
6.434185995146776e-163
4.0611725755650466e-168
2.1253255763381637e-173
9.236780515715469e-179
3.344019065960491e-184
1.0143165149536016e-189
2.6051378829132102e-195
5.770229057522228e-201
1.1335167001572529e-206
2.0427453314579873e-212
3.4636765616290375e-218
5.529831416716671e-224
8.122221803215752e-230
1.0644183895902998e-235
