0.46609631740802215
0.15205761638358592
0.05788843816418831
0.025622554304016627
0.013023265395721073
0.00746219497244819
0.004722156224598951
0.0032368289732271475
0.002363763693609426
0.0018145993374051072
0.0014491119002167584
0.0011941552885954857
0.0010091723114347465
0.0008704525388560613
0.0007634822536650379
0.0006790142587921927
0.0006109468265670759
0.000555127936272348
0.0005086544926668735
0.0004694471804917562
0.0004359844334753178
0.0004071312746272854
0.00038202639898223933
0.0003600059699987371
0.0003405511215726314
0.00032325110555816837
0.0003077769741912669
0.00029386248778026533
0.0002812900622718246
0.00026988028754446964
0.00025948401227233266
0.0002499762983921876
0.00024125175446684102
0.00023322089783577227
0.0002258072926421109
0.00021894527891038777
0.0002125781561332354
0.00020665671946437726
0.00020113807173696875
0.0001959846529327116
0.00019116344234372366
0.0001866452988342525
0.00018240441226324557
0.00017841784493890307
0.0001746651464208684
0.00017112802841052853
0.00016779008912730907
0.00016463657864444121
0.00016165419828903575
0.0001588309285011829
0.00015615588057251234
0.0001536191685047476
0.0001512117978879015
0.0001489255692301356
0.0001467529936033578
0.0001446872188208711
0.00014272196465181633
0.00014085146581431653
0.00013907042168504003
0.00013737395182518216
0.00013575755655786958
0.00013421708194470342
0.00013274868860358544
0.00013134882388933893
0.00013001419702557762
0.00012874175683287784
0.00012752867174635913
0.00012637231185664178
0.0001252702327430304
0.00012422016089761064
0.00012321998056454722
0.0001222677218408878
0.00012136154990416167
0.00012049975524847014
0.00011968074482498257
0.00011890303399509666
0.0001181652392152671
0.00011746607138188115
0.00011680432977275427
0.00011617889652900145
0.00011558873162734525
0.0001150328682984726
0.00011451040885194798
0.00011402052087252012
0.00011356243375649324
0.00011313543556024437
0.00011273887013599963
0.00011237213453269522
0.00011203467664217337
0.00011172599307314536
0.00011144562723731644
0.00011119316763384656
0.0001109682463199335
0.00011077053755677841
0.00011059975662154285
0.00011045565877715121
0.00011033803839294572
0.00011024672821027919
0.00011018159874814268
0.00011014255784488628
0.00011012955033300993
0.00011014255784488628
0.00011018159874814268
0.00011024672821027919
0.00011033803839294572
0.00011045565877715121
0.00011059975662154285
0.00011077053755677841
0.0001109682463199335
0.00011119316763384656
0.00011144562723731644
0.00011172599307314536
0.00011203467664217337
0.00011237213453269522
0.00011273887013599963
0.00011313543556024437
0.00011356243375649324
0.00011402052087252012
0.00011451040885194798
0.0001150328682984726
0.00011558873162734525
0.00011617889652900145
0.00011680432977275427
0.00011746607138188115
0.0001181652392152671
0.00011890303399509666
0.00011968074482498257
0.00012049975524847014
0.00012136154990416167
0.0001222677218408878
0.00012321998056454722
0.00012422016089761064
0.0001252702327430304
0.00012637231185664178
0.00012752867174635913
0.00012874175683287784
0.00013001419702557762
0.00013134882388933893
0.00013274868860358544
0.00013421708194470342
0.00013575755655786958
0.00013737395182518216
0.00013907042168504003
0.00014085146581431653
0.00014272196465181633
0.0001446872188208711
0.0001467529936033578
0.0001489255692301356
0.0001512117978879015
0.0001536191685047476
0.00015615588057251234
0.0001588309285011829
0.00016165419828903575
0.00016463657864444121
0.00016779008912730907
0.00017112802841052853
0.0001746651464208684
0.00017841784493890307
0.00018240441226324557
0.0001866452988342525
0.00019116344234372366
0.0001959846529327116
0.00020113807173696875
0.00020665671946437726
0.0002125781561332354
0.00021894527891038777
0.0002258072926421109
0.00023322089783577227
0.00024125175446684102
0.0002499762983921876
0.00025948401227233266
0.00026988028754446964
0.0002812900622718246
0.00029386248778026533
0.0003077769741912669
0.00032325110555816837
0.0003405511215726314
0.0003600059699987371
0.00038202639898223933
0.0004071312746272854
0.0004359844334753178
0.0004694471804917562
0.0005086544926668735
0.000555127936272348
0.0006109468265670759
0.0006790142587921927
0.0007634822536650379
0.0008704525388560613
0.0010091723114347465
0.0011941552885954857
0.0014491119002167584
0.0018145993374051072
0.002363763693609426
0.0032368289732271475
0.004722156224598951
0.00746219497244819
0.013023265395721073
0.025622554304016627
0.05788843816418831
0.15205761638358592

0.005059269254437119
0.022305522542273627
0.06974025389196634
0.15875269215220297
0.27690045230916005
0.39389358237943595
0.46559546019627696
0.4332303098407582
0.29352722507018986
0.13699592689658222
0.042777145099035685
0.008815046667292143
0.0011913623895607917
0.00010529871590542897
6.078123161060274e-06
2.2897661318227138e-07
5.6278068179195516e-09
9.022692631262149e-11
9.435006771032193e-13
6.434864173460491e-15
2.8623648827712376e-17
8.304446798747752e-20
1.5715446758662563e-22
1.9401414946101804e-25
1.5629547204064284e-28
8.220350727003558e-32
2.8256285324014824e-35
6.361418066109394e-39
9.423438426887113e-43
9.278371391230727e-47
6.207138462238775e-51
2.9494394267536665e-55
1.06991735347935e-59
3.181498851317359e-64
7.837789847883136e-69
1.5167835292922848e-73
2.172686192001546e-78
2.2239693993908235e-83
1.6019029549526614e-88
8.073193077105242e-94
2.8414158785806e-99
6.97998453037866e-105
1.1965583522178006e-110
1.4313791238343018e-116
1.1948472495844069e-122
6.959948159063233e-129
2.8290154400350006e-135
8.024173044680758e-142
1.5881843117398493e-148
2.1934976021430194e-155
2.1140199066545266e-162
1.4217283621616134e-169
6.67205823494825e-177
2.1849357739426267e-184
4.992903459695563e-192
7.961654155692658e-200
8.859089603197614e-208
6.878765846874154e-216
3.727070472374354e-224
1.4091600717832607e-232
3.717822913737155e-241
6.844673186370199e-250
8.793309912545764e-259
7.882930345260992e-268
4.931268440870356e-277
2.1526094692816272e-286
6.557034887218956e-296
1.3937516308272962e-305
2.06727822e-315
0.0
0.0
0.0
0.0
0.0
0.0
0.0
0.0
0.0
0.0
0.0
0.0
0.0
0.0
0.0
0.0
0.0
0.0
0.0
0.0
0.0
0.0
0.0
0.0
0.0
0.0
0.0
0.0
0.0
0.0
0.0
