0.8605437253864441
0.14927159923658667
0.061445709682225215
0.03230579085558118
0.019111360878926696
0.012385825829309057
0.008646258499579602
0.006407296701368043
0.004979198122532085
0.0040180285340130125
0.0033411062270519236
0.0028457980963763597
0.0024715049317801767
0.0021808395271910924
0.001949823379799133
0.001762541844560492
0.0016081074374204422
0.0014788691864308782
0.0013693207328670375
0.0012754140433871041
0.0011941160816467827
0.0011231152304573193
0.0010606224499874772
0.0010052338108984481
0.0009558336639305433
0.0009115252569258099
0.0008715802336516339
0.0008354013427800963
0.0008024945338748378
0.00077244782028308
0.0007449150855479528
0.0007196035461922942
0.0006962639501254524
0.0006746828438266546
0.0006546764197322754
0.0006360855819772952
0.0006187719597659615
0.0006026146638873482
0.0005875076305368431
0.0005733574326730502
0.0005600814661261148
0.0005476064380383634
0.000535867100710885
0.0005248051858065995
0.0005143685030316176
0.000504510174547738
0.0004951879819499804
0.0004863638070383601
0.00047800315109519263
0.00047007472015345083
0.00046255006596396237
0.0004554032741585362
0.0004486106925539386
0.0004421506937186842
0.00043600346688586837
0.00043015083508369113
0.0004245760940046929
0.00041926386967169096
0.00041419999240414716
0.00040937138496006053
0.0004047659630389942
0.00040037254659235387
0.0003961807806063262
0.00039218106420805534
0.0003883644871024856
0.00038472277248054665
0.000381248225652877
0.0003779336877602823
0.000374772493995203
0.0003717584358398305
0.00036888572688796464
0.0003661489718707373
0.0003635431385522325
0.00036106353220082937
0.0003587057723767053
0.00035646577180607205
0.00035433971713905475
0.0003523240514111449
0.0003504154580483697
0.00034861084627406646
0.0003469073377907901
0.0003453022546246839
0.00034379310803184655
0.000342377588377058
0.00034105355590483916
0.0003398190323313884
0.00033867219319358693
0.0003376113608981131
0.00033663499841985573
0.00033574170360434885
0.0003349302040339621
0.00033419935242210824
0.00033354812250386645
0.00033297560539519584
0.0003324810063963798
0.00033206364221855384
0.00033172293861514617
0.0003314584284028462
0.00033126974985934446
0.0003311566454875795
0.00033111896113861524
0.0003311566454875795
0.00033126974985934446
0.0003314584284028462
0.00033172293861514617
0.00033206364221855384
0.0003324810063963798
0.00033297560539519584
0.00033354812250386645
0.00033419935242210824
0.0003349302040339621
0.00033574170360434885
0.00033663499841985573
0.0003376113608981131
0.00033867219319358693
0.0003398190323313884
0.00034105355590483916
0.000342377588377058
0.00034379310803184655
0.0003453022546246839
0.0003469073377907901
0.00034861084627406646
0.0003504154580483697
0.0003523240514111449
0.00035433971713905475
0.00035646577180607205
0.0003587057723767053
0.00036106353220082937
0.0003635431385522325
0.0003661489718707373
0.00036888572688796464
0.0003717584358398305
0.000374772493995203
0.0003779336877602823
0.000381248225652877
0.00038472277248054665
0.0003883644871024856
0.00039218106420805534
0.0003961807806063262
0.00040037254659235387
0.0004047659630389942
0.00040937138496006053
0.00041419999240414716
0.00041926386967169096
0.0004245760940046929
0.00043015083508369113
0.00043600346688586837
0.0004421506937186842
0.0004486106925539386
0.0004554032741585362
0.00046255006596396237
0.00047007472015345083
0.00047800315109519263
0.0004863638070383601
0.0004951879819499804
0.000504510174547738
0.0005143685030316176
0.0005248051858065995
0.000535867100710885
0.0005476064380383634
0.0005600814661261148
0.0005733574326730502
0.0005875076305368431
0.0006026146638873482
0.0006187719597659615
0.0006360855819772952
0.0006546764197322754
0.0006746828438266546
0.0006962639501254524
0.0007196035461922942
0.0007449150855479528
0.00077244782028308
0.0008024945338748378
0.0008354013427800963
0.0008715802336516339
0.0009115252569258099
0.0009558336639305433
0.0010052338108984481
0.0010606224499874772
0.0011231152304573193
0.0011941160816467827
0.0012754140433871041
0.0013693207328670375
0.0014788691864308782
0.0016081074374204422
0.001762541844560492
0.001949823379799133
0.0021808395271910924
0.0024715049317801767
0.0028457980963763597
0.0033411062270519236
0.0040180285340130125
0.004979198122532085
0.006407296701368043
0.008646258499579602
0.012385825829309057
0.019111360878926696
0.03230579085558118
0.061445709682225215
0.14927159923658667

0.01550195086869513
0.049545774994141596
0.11995517262614958
0.22000037354445748
0.30564686140513875
0.3216685096684984
0.2564420485149874
0.1548681149382046
0.07084788190142623
0.024551826927144055
0.00644515207947582
0.0012829546730184498
0.0003246230920886986
0.005176590281526888
0.0776777643307804
0.45019013902764116
1.003508167815818
0.8603223871905722
0.2836722170549265
0.035973910145052225
0.0017545823323005803
3.291357993493476e-05
2.3746070672128493e-07
6.589062904356219e-10
7.031869707121525e-13
2.8862453112629223e-16
4.556285511673297e-20
2.7663296377068648e-24
6.459749973103868e-29
5.808640757416403e-34
2.7359594204598506e-39
5.662139252928529e-43
3.286325051003969e-46
1.4516960081234999e-49
4.857745161639583e-53
1.2313623147574455e-56
2.3644442170615274e-60
3.439254948881484e-64
3.789585879276639e-68
3.163087603895138e-72
1.9999667294859908e-76
9.579137472445529e-81
3.4755386706128817e-85
9.55234343569669e-90
1.9887940665611277e-94
3.1366191315850916e-99
3.7473636751956066e-104
3.39142316590467e-109
2.325038807983147e-114
1.2074537766161524e-119
4.750101681525614e-125
1.4155570678541103e-130
3.1955376800999986e-136
5.4645271413179146e-142
7.078696885836573e-148
6.946181527116025e-154
5.163343587833015e-160
2.907421559424384e-166
1.240158149892585e-172
4.00717418506202e-179
9.808248358395528e-186
1.818598262142883e-192
2.55431335087673e-199
2.717713421109406e-206
2.19040906925371e-213
1.3373309109196838e-220
6.185070027403276e-228
2.166917831172333e-235
5.750854100985588e-243
1.1561504170999536e-250
1.7607123676295162e-258
2.031208819506438e-266
1.7750590964558733e-274
1.1750683894597953e-282
5.8925809117861615e-291
2.238412126102174e-299
6.441197700738207e-308
1.40405883e-316
0.0
0.0
0.0
0.0
0.0
0.0
0.0
0.0
0.0
0.0
0.0
0.0
0.0
0.0
0.0
0.0
0.0
0.0
0.0
0.0
0.0
0.0
