1.0119073683067394
0.5318210378556689
0.3843719093066138
0.31301446168269387
0.2683392705175586
0.23637370358007048
0.21177991421395317
0.19202260721516837
0.17569822711472696
0.16194129814084596
0.1501755430306003
0.1399952876171367
0.13110295129086091
0.12327333293936805
0.1163318341679776
0.11014046051803103
0.10458842661294605
0.09958562472795637
0.09505795014134484
0.09094387368335777
0.087191877381987
0.08375850271765646
0.08060684319743035
0.07770536522818766
0.07502697548922832
0.07254827599402291
0.0702489638297922
0.0681113436415782
0.06611992883468344
0.0642611132033303
0.06252289891048365
0.06089466988468626
0.05936700206584106
0.05793150373267404
0.056580680528027935
0.055307820869998255
0.054106898273914
0.052972487768476205
0.05189969411060956
0.050884089918868475
0.04992166217802487
0.04900876583559976
0.04814208342824533
0.04731858985258819
0.046535521539596156
0.045790349410128404
0.045080755087101965
0.04440460992062841
0.043759956449701036
0.043144991980059604
0.042558054004751045
0.04199760723326064
0.041462232028228796
0.04095061407675802
0.04046153514702349
0.03999386480104182
0.03954655295160753
0.03911862316605905
0.03870916663208166
0.03831733671152288
0.03794234401746239
0.037583451957768146
0.03723997269527903
0.0369112634807368
0.03659672331978498
0.03629578993987173
0.036007937026831985
0.035732671704365476
0.03546953223263779
0.03521808590487147
0.034977927123113005
0.03474867563640238
0.034529974926370166
0.034321490726876416
0.03412290966571049
0.03393393801761653
0.03375430055901528
0.03358373951577523
0.03342201359626268
0.033268897102681334
0.03312417911441042
0.03298766273767639
0.03285916441645387
0.03273851329999662
0.032625550662853234
0.032520129373632474
0.03242211340915489
0.032331377410962626
0.03224780628146631
0.03217129481728669
0.0321017473776031
0.032039077585555735
0.031983208060963886
0.03193407018282172
0.03189160388021838
0.03185575745050205
0.03182648740366982
0.03180375833211834
0.03178754280503588
0.031777821286855065
0.03177458207932053
0.031777821286855065
0.03178754280503588
0.03180375833211834
0.03182648740366982
0.03185575745050205
0.03189160388021838
0.03193407018282172
0.031983208060963886
0.032039077585555735
0.0321017473776031
0.03217129481728669
0.03224780628146631
0.032331377410962626
0.03242211340915489
0.032520129373632474
0.032625550662853234
0.03273851329999662
0.03285916441645387
0.03298766273767639
0.03312417911441042
0.033268897102681334
0.03342201359626268
0.03358373951577523
0.03375430055901528
0.03393393801761653
0.03412290966571049
0.034321490726876416
0.034529974926370166
0.03474867563640238
0.034977927123113005
0.03521808590487147
0.03546953223263779
0.035732671704365476
0.036007937026831985
0.03629578993987173
0.03659672331978498
0.0369112634807368
0.03723997269527903
0.037583451957768146
0.03794234401746239
0.03831733671152288
0.03870916663208166
0.03911862316605905
0.03954655295160753
0.03999386480104182
0.04046153514702349
0.04095061407675802
0.041462232028228796
0.04199760723326064
0.042558054004751045
0.043144991980059604
0.043759956449701036
0.04440460992062841
0.045080755087101965
0.045790349410128404
0.046535521539596156
0.04731858985258819
0.04814208342824533
0.04900876583559976
0.04992166217802487
0.050884089918868475
0.05189969411060956
0.052972487768476205
0.054106898273914
0.055307820869998255
0.056580680528027935
0.05793150373267404
0.05936700206584106
0.06089466988468626
0.06252289891048365
0.0642611132033303
0.06611992883468344
0.0681113436415782
0.0702489638297922
0.07254827599402291
0.07502697548922832
0.07770536522818766
0.08060684319743035
0.08375850271765646
0.087191877381987
0.09094387368335777
0.09505795014134484
0.09958562472795637
0.10458842661294605
0.11014046051803103
0.1163318341679776
0.12327333293936805
0.13110295129086091
0.1399952876171367
0.1501755430306003
0.16194129814084596
0.17569822711472696
0.19202260721516837
0.21177991421395317
0.23637370358007048
0.2683392705175586
0.31301446168269387
0.3843719093066138
0.5318210378556689

1.563118924771919
1.006603307276234
0.33996707091699563
0.30158675241265215
0.3017263363000977
0.2952140772413868
0.2870137501220697
0.2788979425543847
0.26834783129463075
0.2507760111406532
0.22299570876575686
0.18562165532329591
0.14304551122715062
0.1013602295341937
0.06577677023715446
0.039003274420684186
0.021105661833883366
0.01041495853046609
0.004684952904060071
0.0019206432981453184
0.0007175116907983122
0.0002442431978822989
7.575489377953532e-05
2.140840848470414e-05
5.512369889342596e-06
1.2932118510699404e-06
2.7642460851379745e-07
5.383422908228932e-08
9.552444643505008e-09
1.5443455985647552e-09
2.2748261945012669e-10
3.052991590381269e-11
3.733159970292105e-12
4.1591172591230174e-13
4.2218158123993636e-14
3.904549578632496e-15
3.29015332462104e-16
2.5260088296351333e-17
1.766961640663649e-18
1.1261413546373574e-19
6.5393144384218686e-21
3.4597527364002776e-22
1.6677518438833612e-23
7.324725004819864e-25
2.931060253325505e-26
1.0686406613139523e-27
3.5498677216286283e-29
1.0744004274611061e-30
2.96274109436515e-32
7.4438010459068e-34
1.7039990150632792e-35
3.554000205028373e-37
6.753658308775119e-39
1.1693223399120852e-40
1.844603108942848e-42
2.6512162459028087e-44
3.47184953404151e-46
4.1423821778691074e-48
4.503114199106572e-50
4.4601481411584235e-52
4.024937430722579e-54
3.3093485438536263e-56
2.4791306407649188e-58
1.6921148736288561e-60
1.0522860172018704e-62
5.9622651097536025e-65
3.0779551899917894e-67
1.4477275189612198e-69
6.204187197954344e-72
2.4224592683923455e-74
8.6179029791911e-77
2.7933171267507294e-79
8.249211045570563e-82
2.2196173545831e-84
5.441483738894232e-87
1.215430376802012e-89
2.4735253389511477e-92
4.586444766298522e-95
7.748354792060434e-98
1.1926591821273191e-100
1.6726179006683075e-103
2.1372269965709873e-106
2.488158768667036e-109
2.6392410261816316e-112
2.550665715893344e-115
2.245957648779583e-118
1.8018685590685068e-121
1.3170982681125375e-124
8.771760730159123e-128
5.322662161414468e-131
2.9426902694893353e-134
1.4822918865838647e-137
6.802936802513041e-141
2.844675079898834e-144
1.0837832302133262e-147
3.762059949997653e-151
1.1898234493727398e-154
3.4285687510359884e-158
9.001538180954528e-162
2.1532483349233525e-165
