0.3918443051992186
0.250426026245486
0.17660313879783598
0.1332097873233198
0.10548113226796008
0.08661821446647874
0.07314453779771328
0.0631368164391665
0.05546277020622154
0.04942103645468311
0.04455829011007756
0.04057072513716548
0.03724829456159444
0.03444178872804823
0.032042671002191825
0.02997032281892727
0.028163741982202513
0.02657600019178985
0.025170457339612106
0.023918122042061958
0.02279577679462414
0.021784623542899312
0.020869290011216603
0.02003709034129438
0.019277467783689658
0.018581569575604678
0.017941919061849488
0.017352160224747823
0.016806856740486265
0.016301332527313757
0.015831544176149466
0.015393978103738873
0.014985567040443144
0.014603621760266675
0.014245774917460331
0.013909934567270032
0.013594245484848659
0.013297056803226988
0.013016894802294987
0.012752439920333538
0.012502507245492848
0.012266029889762373
0.012042044762061587
0.011829680347296876
0.011628146169985075
0.011436723678432823
0.011254758331601085
0.011081652708068464
0.010916860486779806
0.010759881173960222
0.010610255470806192
0.01046756119321141
0.010331409668536387
0.010201442545835465
0.010077328965448547
0.009958763041796272
0.009845461619866559
0.009737162271473481
0.009633621502088921
0.009534613143042561
0.009439926907277508
0.0093493670897367
0.009262751395921384
0.009179909884273857
0.009100684009849081
0.009024925758299324
0.0089524968605414
0.008883268079639621
0.008817118562446059
0.008753935249415826
0.008693612336777895
0.008636050785907528
0.008581157875328354
0.008528846791281968
0.008479036253250648
0.008431650171212456
0.008386617331755287
0.008343871110482763
0.008303349208416315
0.008264993410338145
0.008228749363233536
0.008194566373181096
0.00816239721920915
0.008132197982788067
0.00810392789176428
0.008077549177663432
0.008053026945399984
0.008030329054529608
0.008009426011270079
0.007990290870597853
0.007972899147801282
0.00795722873893908
0.007943259849714583
0.007930974932333282
0.007920358629964028
0.007911397728473143
0.007904081115146774
0.007898399744159755
0.007894346608590229
0.007891916718818281
0.007891107087184173
0.007891916718818281
0.007894346608590229
0.007898399744159755
0.007904081115146774
0.007911397728473143
0.007920358629964028
0.007930974932333282
0.007943259849714583
0.00795722873893908
0.007972899147801282
0.007990290870597853
0.008009426011270079
0.008030329054529608
0.008053026945399984
0.008077549177663432
0.00810392789176428
0.008132197982788067
0.00816239721920915
0.008194566373181096
0.008228749363233536
0.008264993410338145
0.008303349208416315
0.008343871110482763
0.008386617331755287
0.008431650171212456
0.008479036253250648
0.008528846791281968
0.008581157875328354
0.008636050785907528
0.008693612336777895
0.008753935249415826
0.008817118562446059
0.008883268079639621
0.0089524968605414
0.009024925758299324
0.009100684009849081
0.009179909884273857
0.009262751395921384
0.0093493670897367
0.009439926907277508
0.009534613143042561
0.009633621502088921
0.009737162271473481
0.009845461619866559
0.009958763041796272
0.010077328965448547
0.010201442545835465
0.010331409668536387
0.01046756119321141
0.010610255470806192
0.010759881173960222
0.010916860486779806
0.011081652708068464
0.011254758331601085
0.011436723678432823
0.011628146169985075
0.011829680347296876
0.012042044762061587
0.012266029889762373
0.012502507245492848
0.012752439920333538
0.013016894802294987
0.013297056803226988
0.013594245484848659
0.013909934567270032
0.014245774917460331
0.014603621760266675
0.014985567040443144
0.015393978103738873
0.015831544176149466
0.016301332527313757
0.016806856740486265
0.017352160224747823
0.017941919061849488
0.018581569575604678
0.019277467783689658
0.02003709034129438
0.020869290011216603
0.021784623542899312
0.02279577679462414
0.023918122042061958
0.025170457339612106
0.02657600019178985
0.028163741982202513
0.02997032281892727
0.032042671002191825
0.03444178872804823
0.03724829456159444
0.04057072513716548
0.04455829011007756
0.04942103645468311
0.05546277020622154
0.0631368164391665
0.07314453779771328
0.08661821446647874
0.10548113226796008
0.1332097873233198
0.17660313879783598
0.250426026245486

0.3892106619860743
0.46227741283125257
0.43954531886655374
0.33847887854192665
0.21673498331900656
0.12167899208439122
0.06520044130283828
0.036168165987103956
0.021033195303824696
0.012189974894748148
0.006689559955968626
0.003385414033237536
0.0015648320410874307
0.0006588076710176165
0.00025246143179192713
8.804774429729505e-05
2.7945900494507616e-05
8.072223405819892e-06
2.1219895449797303e-06
5.076545567597715e-07
1.1052698364368286e-07
2.1899960282308443e-08
3.94905621912748e-09
6.48064579953556e-10
9.678726882168177e-11
1.3155070026212622e-11
1.6272080104538144e-12
1.831757434435874e-13
1.8765832353613907e-14
1.749615758034829e-15
1.4845420750372836e-16
1.1463502243694894e-17
8.055956448881678e-19
5.152190104368391e-20
2.9987594432426843e-21
1.5884236990655098e-22
7.657130830116469e-24
3.3592378653819187e-25
1.3411903702938874e-26
4.873209431695202e-28
1.6114420997808151e-29
4.849414594996583e-31
1.3281248564347443e-32
3.3102704285488067e-34
7.508670106430924e-36
1.5500208983878153e-37
2.9119711189187348e-39
4.978649502638364e-41
7.74659805870953e-43
1.0969465646500099e-44
1.4136272297886265e-46
1.6579037423030542e-48
1.7695331443251488e-50
1.718830578888059e-52
1.519436032446266e-54
1.2223814508071695e-56
8.94965019484823e-59
5.963213391624552e-61
3.6160099811969583e-63
1.995509825319568e-65
1.0021970045964893e-67
4.580652119870604e-70
1.905357615889124e-72
7.212746524939285e-75
2.484847956565769e-77
7.790654598438534e-80
2.2229160428929408e-82
5.772276818822255e-85
1.3641000356018694e-87
2.933730867409348e-90
5.742080813314268e-93
1.0228061024076671e-95
1.6580296805408783e-98
2.4460552971793757e-101
3.284091289560583e-104
4.012722721514253e-107
4.462087283069776e-110
4.515563474823886e-113
4.158730923361478e-116
3.4856571851961505e-119
2.658786728018129e-122
1.8456838517130422e-125
1.1660202768958168e-128
6.703936208664635e-132
3.507749920384268e-135
1.6703302786607897e-138
7.238541425336207e-142
2.8547938634643976e-145
1.0246449995218099e-148
3.346933437539502e-152
9.94937284021381e-156
2.691654518912199e-159
6.627014284927525e-163
1.4848804085792306e-166
3.0278895404110318e-170
5.619058560972504e-174
9.489909456147262e-178
1.4585978174504409e-181
2.0402530227428662e-185
2.5972124770144017e-189
