0.39897556633119213
0.14604581122331226
0.09931473623650162
0.07387366116707081
0.05793019179387122
0.04725324422541485
0.03972227326705839
0.034182730756801935
0.029966179969488367
0.02666493450371377
0.0240190131732348
0.021856155065582854
0.02005838376144271
0.01854254608630469
0.0172485441803841
0.016131975186473545
0.015159387458653023
0.014305140174453595
0.013549273931246514
0.012876035373724344
0.012272834865579015
0.01172949698607944
0.011237712864705974
0.010790634092984988
0.010382567547518212
0.010008743204885368
0.009665135473946387
0.009348324261148528
0.009055385878769733
0.008783806610265359
0.008531413650215747
0.008296319492944652
0.008076876822173904
0.007871641667372508
0.007679343117916227
0.007498858277022081
0.00732919143080202
0.007169456629893429
0.007018863050649334
0.0068767026332517715
0.006742339595115363
0.006615201496732048
0.0064947715989617134
0.0063805822996365925
0.0062722094761756735
0.00616926759193332
0.0060714054489336535
0.005978302489770667
0.005889665567787068
0.005805226117959658
0.0057247376718222364
0.005647973668723235
0.005574725523119321
0.005504800913743769
0.005438022265596056
0.005374225399964442
0.005313258331268158
0.0052549801925119285
0.005199260273681386
0.0051459771595541845
0.005095017955223125
0.005046277589178477
0.004999658185120391
0.004955068494805696
0.0049124233852058325
0.004871643374089674
0.004832654208866868
0.004795386484151497
0.004759775294046879
0.004725759915622273
0.004693283520461297
0.00466229291151891
0.0046327382828357305
0.0046045729999320524
0.004577753398943765
0.004552238602773656
0.004527990352717604
0.00450497285418952
0.004483152635314364
0.0044624984172874395
0.004442980995512729
0.004424573130634977
0.0044072494486711855
0.004390986349528388
0.004375761923267461
0.004361555873537984
0.004348349447668108
0.004336125372946297
0.004324867798679958
0.004314562243659441
0.004305195548695555
0.004296755833934989
0.004289232460691187
0.004282615997558842
0.004276898190608402
0.0042720719374833354
0.00426813126524746
0.004265071311852757
0.004262888311120051
0.004261579581145769
0.00426114351606816
0.004261579581145769
0.004262888311120051
0.004265071311852757
0.00426813126524746
0.0042720719374833354
0.004276898190608402
0.004282615997558842
0.004289232460691187
0.004296755833934989
0.004305195548695555
0.004314562243659441
0.004324867798679958
0.004336125372946297
0.004348349447668108
0.004361555873537984
0.004375761923267461
0.004390986349528388
0.0044072494486711855
0.004424573130634977
0.004442980995512729
0.0044624984172874395
0.004483152635314364
0.00450497285418952
0.004527990352717604
0.004552238602773656
0.004577753398943765
0.0046045729999320524
0.0046327382828357305
0.00466229291151891
0.004693283520461297
0.004725759915622273
0.004759775294046879
0.004795386484151497
0.004832654208866868
0.004871643374089674
0.0049124233852058325
0.004955068494805696
0.004999658185120391
0.005046277589178477
0.005095017955223125
0.0051459771595541845
0.005199260273681386
0.0052549801925119285
0.005313258331268158
0.005374225399964442
0.005438022265596056
0.005504800913743769
0.005574725523119321
0.005647973668723235
0.0057247376718222364
0.005805226117959658
0.005889665567787068
0.005978302489770667
0.0060714054489336535
0.00616926759193332
0.0062722094761756735
0.0063805822996365925
0.0064947715989617134
0.006615201496732048
0.006742339595115363
0.0068767026332517715
0.007018863050649334
0.007169456629893429
0.00732919143080202
0.007498858277022081
0.007679343117916227
0.007871641667372508
0.008076876822173904
0.008296319492944652
0.008531413650215747
0.008783806610265359
0.009055385878769733
0.009348324261148528
0.009665135473946387
0.010008743204885368
0.010382567547518212
0.010790634092984988
0.011237712864705974
0.01172949698607944
0.012272834865579015
0.012876035373724344
0.013549273931246514
0.014305140174453595
0.015159387458653023
0.016131975186473545
0.0172485441803841
0.01854254608630469
0.02005838376144271
0.021856155065582854
0.0240190131732348
0.02666493450371377
0.029966179969488367
0.034182730756801935
0.03972227326705839
0.04725324422541485
0.05793019179387122
0.07387366116707081
0.09931473623650162
0.14604581122331226

0.21048696337515685
0.2485869830074336
0.2472175442428298
0.20702744204006937
0.1459903897498593
0.08668986837097753
0.043347109485299566
0.018251546347818816
0.006471231138572122
0.0019320656638721902
0.00048574079171678785
0.00010283358913057487
1.8332138736309492e-05
2.7519441810628057e-06
3.505348130813062e-07
7.197952674091239e-07
6.586890672554958e-05
0.002395507352820845
0.03284650520297924
0.16979843677868192
0.3309261001678779
0.24315386053188642
0.06735721640211052
0.007034608094901322
0.0002769800554339311
4.111590958941772e-06
2.3010397503301944e-08
4.8550214617301055e-11
3.8619887215430566e-14
1.1582002715013078e-17
1.3095109607607838e-21
5.581969163099314e-26
8.97057937853154e-31
5.454587720486106e-36
9.183047830407239e-41
2.7164343535075853e-43
7.823581887291623e-46
1.8974785012438598e-48
3.8752151647132544e-51
6.664422188625985e-54
9.651102009782425e-57
1.176898567094139e-59
1.208506208368035e-62
1.044976349198269e-65
7.608722766723141e-69
4.665141092782232e-72
2.4086047005192663e-75
1.0471623033256465e-78
3.8336299874635283e-82
1.1818275534817823e-85
3.067932161566737e-89
6.7063330425662066e-93
1.2344463094436037e-96
1.9134054994451733e-100
2.497408317458951e-104
2.744857566409545e-108
2.540374803887176e-112
1.9798099546718374e-116
1.2992625910619567e-120
7.179894924909384e-125
3.3410807068997894e-129
1.3091926794874731e-133
4.319842308234608e-138
1.2002727397479602e-142
2.808275527568036e-147
5.532828539352006e-152
9.179149259651543e-157
1.2823464552414775e-161
1.5085372656056102e-166
1.4943572475217484e-171
1.2465237256088232e-176
8.755770860774092e-182
5.178881211772151e-187
2.5794388435821246e-192
1.0818380322703266e-197
3.820735541494279e-203
1.1362644918292388e-208
2.8455067214723e-214
6.0005011052112265e-220
1.0655237834964363e-225
1.5932594374778156e-231
2.0061230825423712e-237
2.1270435109506422e-243
1.8990784107548192e-249
1.4277663526669027e-255
9.038973497148265e-262
4.8186879909424985e-268
2.1631479490322367e-274
8.17695043406403e-281
2.602820568111144e-287
6.976615980533041e-294
1.574682969527704e-300
2.992879050823475e-307
4.7899714606e-314
6.457e-321
0.0
0.0
0.0
0.0
0.0
