0.29573183729989494
0.056971716401740646
0.022762250214318974
0.014187136456445143
0.010574283539641807
0.008507548712120411
0.007135977124886155
0.006151391483856948
0.005409094868990067
0.004829681058196346
0.004365233198800902
0.003984948285847625
0.0036680886164208288
0.0034001798028874793
0.0031708170497225744
0.00297233354242689
0.0027989589134109994
0.0026462694091986946
0.0025108183335106372
0.0023898814921323123
0.002281278033433857
0.0021832419176869076
0.002094328114761999
0.0020133430814263933
0.0019392925073035494
0.0018713415359943877
0.0018087841275329537
0.0017510192071205138
0.0016975319125521549
0.0016478787150275378
0.0016016755128002616
0.00155858802830357
0.001518324005984191
0.0014806268295007219
0.0014452702663900392
0.001412054114853903
0.0013808005772932774
0.001351351223076999
0.00132356443194872
0.0012973132317356023
0.001272483461282755
0.0012489722030147562
0.0012266864401181783
0.0012055419017164266
0.0011854620660728583
0.0011663772971902554
0.0011482240944635414
0.0011309444385100094
0.0011144852191182948
0.001098797733556534
0.001083837245365188
0.001069562595312054
0.0010559358574701281
0.0010429220344439314
0.0010304887866571606
0.001018606191356342
0.0010072465276076067
0.0009963840840876794
0.0009859949869127215
0.000976057045123588
0.000966549611764627
0.0009574534587646471
0.0009487506640607013
0.0009404245096041196
0.0009324593890590513
0.0009248407241508784
0.0009175548887488959
0.0009105891398775869
0.0009039315549462025
0.0008975709745692695
0.0008914969504229178
0.0008856996976450091
0.0008801700513422681
0.0008748994268160333
0.0008698797831607936
0.0008651035899271169
0.000860563796573634
0.0008562538044619278
0.000852167441174048
0.0008482989369553152
0.0008446429031054723
0.0008411943121594248
0.0008379484797150227
0.000834901047779851
0.0008320479695220013
0.0008293854953214806
0.0008269101600294448
0.0008246187713519359
0.0008225083992834106
0.0008205763665231603
0.0008188202398148333
0.0008172378221557738
0.000815827145828863
0.0008145864662150415
0.0008135142563497862
0.0008126092021915458
0.0008118701985745714
0.0008112963458227521
0.0008108869470050124
0.0008106415058166021
0.000810559725074243
0.0008106415058166021
0.0008108869470050124
0.0008112963458227521
0.0008118701985745714
0.0008126092021915458
0.0008135142563497862
0.0008145864662150415
0.000815827145828863
0.0008172378221557738
0.0008188202398148333
0.0008205763665231603
0.0008225083992834106
0.0008246187713519359
0.0008269101600294448
0.0008293854953214806
0.0008320479695220013
0.000834901047779851
0.0008379484797150227
0.0008411943121594248
0.0008446429031054723
0.0008482989369553152
0.000852167441174048
0.0008562538044619278
0.000860563796573634
0.0008651035899271169
0.0008698797831607936
0.0008748994268160333
0.0008801700513422681
0.0008856996976450091
0.0008914969504229178
0.0008975709745692695
0.0009039315549462025
0.0009105891398775869
0.0009175548887488959
0.0009248407241508784
0.0009324593890590513
0.0009404245096041196
0.0009487506640607013
0.0009574534587646471
0.000966549611764627
0.000976057045123588
0.0009859949869127215
0.0009963840840876794
0.0010072465276076067
0.001018606191356342
0.0010304887866571606
0.0010429220344439314
0.0010559358574701281
0.001069562595312054
0.001083837245365188
0.001098797733556534
0.0011144852191182948
0.0011309444385100094
0.0011482240944635414
0.0011663772971902554
0.0011854620660728583
0.0012055419017164266
0.0012266864401181783
0.0012489722030147562
0.001272483461282755
0.0012973132317356023
0.00132356443194872
0.001351351223076999
0.0013808005772932774
0.001412054114853903
0.0014452702663900392
0.0014806268295007219
0.001518324005984191
0.00155858802830357
0.0016016755128002616
0.0016478787150275378
0.0016975319125521549
0.0017510192071205138
0.0018087841275329537
0.0018713415359943877
0.0019392925073035494
0.0020133430814263933
0.002094328114761999
0.0021832419176869076
0.002281278033433857
0.0023898814921323123
0.0025108183335106372
0.0026462694091986946
0.0027989589134109994
0.00297233354242689
0.0031708170497225744
0.0034001798028874793
0.0036680886164208288
0.003984948285847625
0.004365233198800902
0.004829681058196346
0.005409094868990067
0.006151391483856948
0.007135977124886155
0.008507548712120411
0.010574283539641807
0.014187136456445143
0.022762250214318974
0.056971716401740646

0.04033731492700813
0.04270538358434122
0.04169624038463536
0.03811758598573521
0.03424564813543886
0.03386551450678048
0.0417910069279973
0.06224056109435355
0.09584482633197926
0.13669037043406626
0.17240648705501518
0.18923607053549493
0.17976555559879087
0.14751367402296994
0.1044914082960136
0.0638759001107644
0.03369426567261193
0.015336221256785203
0.0060230401738719085
0.0020410062327096434
0.0005967634737304566
0.00015055269888539593
3.277198817356205e-05
6.155236032761216e-06
9.975029166119658e-07
1.3947973319425188e-07
1.6828115531171046e-08
1.7518112495872832e-09
1.5734995640007302e-10
1.2194767448316514e-11
8.154703391742288e-13
4.7051219407374165e-14
2.342406506306946e-15
1.006198092304261e-16
3.729382576392892e-18
1.1926902078701389e-19
3.2912949354394694e-21
7.837548614445896e-23
1.6107599754929297e-24
2.858108594295144e-26
4.382807276669955e-28
5.8244047706985845e-30
6.761831816566626e-32
7.021724260595897e-34
6.959291044817533e-36
7.539631507998093e-38
1.0209217774735858e-39
1.6661334992832257e-41
2.852820996723011e-43
4.690488802349025e-45
7.165970393913177e-47
1.0075244267775507e-48
1.3003611592491593e-50
1.5396973512728301e-52
1.672283613360725e-54
1.666000292439319e-56
1.5223982594400722e-58
1.2760540962316834e-60
9.810641682034254e-63
6.918520782678277e-65
4.475242683996526e-67
2.65526235319976e-69
1.4450597016604928e-71
7.213593201784746e-74
3.3029728967556034e-76
1.387221713345121e-78
5.344096000727544e-81
1.8883832069187923e-83
6.120593172208177e-86
1.8196355063281297e-88
4.962068976200588e-91
1.2411626462011714e-93
2.8476204402612415e-96
5.992706552494388e-99
1.1567817477520236e-101
2.0481763560053563e-104
3.326371680129289e-107
4.955205909990315e-110
6.770802450911393e-113
8.486059740119298e-116
9.75572460586269e-119
1.0287278202191095e-121
9.950134302238511e-125
8.827645935802176e-128
7.183703094066171e-131
5.362154809491969e-134
3.671282696203402e-137
2.3055991945262994e-140
1.3281199532268454e-143
7.017433348961794e-147
3.401001290419869e-150
1.511899078355685e-153
6.164903929333048e-157
2.3057771408288784e-160
7.91035275307527e-164
2.4892119517504588e-167
7.184812014245377e-171
1.9022011808538176e-174
4.619393826192193e-178
1.0289660304530203e-181
