1.0567294995939898
0.03344584658198153
0.0014631565706399621
7.525102277239332e-05
4.2890147274729964e-06
2.668134618666011e-07
1.805481088436381e-08
1.2270848703074964e-09
9.873859041647282e-11
8.856047468595759e-12
8.654598394263589e-13
9.076086667959287e-14
1.017640378123978e-14
1.225913880151443e-15
1.599518423727824e-16
2.274416756336354e-17
3.53137774585295e-18
5.978258918460551e-19
1.1008155812549948e-19
2.2014496844073327e-20
4.7802533048245424e-21
1.1275272189141429e-21
2.890210460735976e-22
8.052616965025983e-23
2.4385858860693303e-23
8.025805274268333e-24
2.8703521455585824e-24
1.1152935909620512e-24
4.706146035118805e-25
2.154717214991437e-25
1.0687723559436588e-25
5.728505402300784e-26
3.3054007246064606e-26
2.042923968512237e-26
1.3442351410521892e-26
9.352718200195242e-27
6.832565878170772e-27
5.205321118336452e-27
4.1095610297529005e-27
3.343538969967367e-27
2.789960779659778e-27
2.3780241084121016e-27
2.0634911574939305e-27
1.8178350746708775e-27
1.6221217022201882e-27
1.4634486269466411e-27
1.3328101759343362e-27
1.2237816147430514e-27
1.131687261985883e-27
1.053061972610609e-27
9.852948202332353e-28
9.263885086151145e-28
8.747938466873131e-28
8.292938689716296e-28
7.889213918702683e-28
7.528994730435438e-28
7.205978085980016e-28
6.915003856609398e-28
6.65181193731443e-28
6.412857808058963e-28
6.195170999248517e-28
5.996245409251606e-28
5.813953520814815e-28
5.646478728475555e-28
5.492261519943007e-28
5.349956348918004e-28
5.2183968276474775e-28
5.09656744465168e-28
4.983580438263269e-28
4.87865677269887e-28
4.781110400356384e-28
4.690335173135443e-28
4.605793901988954e-28
4.527009168569328e-28
4.453555573686911e-28
4.385053170179073e-28
4.321161877002585e-28
4.261576710113385e-28
4.206023696388157e-28
4.154256361283807e-28
4.106052700499768e-28
4.061212561656645e-28
4.019555374741196e-28
3.980918180418002e-28
3.945153913758397e-28
3.912129907867754e-28
3.8817265876017793e-28
3.8538363282870806e-28
3.828362458288372e-28
3.8052183875435297e-28
3.7843268469383293e-28
3.7656192257112813e-28
3.749034996043878e-28
3.7345212156661388e-28
3.7220321007437064e-28
3.711528662553737e-28
3.702978402537854e-28
3.696355061271443e-28
3.691638417734395e-28
3.68881413603082e-28
3.6878736574026054e-28
3.68881413603082e-28
3.691638417734395e-28
3.696355061271443e-28
3.702978402537854e-28
3.711528662553737e-28
3.7220321007437064e-28
3.7345212156661388e-28
3.749034996043878e-28
3.7656192257112813e-28
3.7843268469383293e-28
3.8052183875435297e-28
3.828362458288372e-28
3.8538363282870806e-28
3.8817265876017793e-28
3.912129907867754e-28
3.945153913758397e-28
3.980918180418002e-28
4.019555374741196e-28
4.061212561656645e-28
4.106052700499768e-28
4.154256361283807e-28
4.206023696388157e-28
4.261576710113385e-28
4.321161877002585e-28
4.385053170179073e-28
4.453555573686911e-28
4.527009168569328e-28
4.605793901988954e-28
4.690335173135443e-28
4.781110400356384e-28
4.87865677269887e-28
4.983580438263269e-28
5.09656744465168e-28
5.2183968276474775e-28
5.349956348918004e-28
5.492261519943007e-28
5.646478728475555e-28
5.813953520814815e-28
5.996245409251606e-28
6.195170999248517e-28
6.412857808058963e-28
6.65181193731443e-28
6.915003856609398e-28
7.205978085980016e-28
7.528994730435438e-28
7.889213918702683e-28
8.292938689716296e-28
8.747938466873131e-28
9.263885086151145e-28
9.852948202332353e-28
1.053061972610609e-27
1.131687261985883e-27
1.2237816147430514e-27
1.3328101759343362e-27
1.4634486269466411e-27
1.6221217022201882e-27
1.8178350746708775e-27
2.0634911574939305e-27
2.3780241084121016e-27
2.789960779659778e-27
3.343538969967367e-27
4.1095610297529005e-27
5.205321118336452e-27
6.832565878170772e-27
9.352718200195242e-27
1.3442351410521892e-26
2.042923968512237e-26
3.3054007246064606e-26
5.728505402300784e-26
1.0687723559436588e-25
2.154717214991437e-25
4.706146035118805e-25
1.1152935909620512e-24
2.8703521455585824e-24
8.025805274268333e-24
2.4385858860693303e-23
8.052616965025983e-23
2.890210460735976e-22
1.1275272189141429e-21
4.7802533048245424e-21
2.2014496844073327e-20
1.1008155812549948e-19
5.978258918460551e-19
3.53137774585295e-18
2.274416756336354e-17
1.599518423727824e-16
1.225913880151443e-15
1.017640378123978e-14
9.076086667959287e-14
8.654598394263589e-13
8.856047468595759e-12
9.873859041647282e-11
1.2270848703074964e-09
1.805481088436381e-08
2.668134618666011e-07
4.2890147274729964e-06
7.525102277239332e-05
0.0014631565706399621
0.03344584658198153

1.1495505852004664e-26
1.883114880943526e-23
1.889309261868914e-20
1.1609320519707307e-17
4.3690605110367115e-15
1.0070402463804435e-12
1.421618626591422e-10
1.2291273785738293e-08
6.50860911278852e-07
2.1108481737382077e-05
0.00041927919616481876
0.005100668992092482
0.03800392720765455
0.1734232513271423
0.48468957687838504
0.8296550224828303
0.8697790096621754
0.5584673766539541
0.21961612732774918
0.05290864839689255
0.010798837155616917
0.11268646872542683
0.753821891236597
0.9139061048088386
0.19957706433001243
0.007850099357512104
5.561534851907251e-05
7.096907953847823e-08
1.6311710126752813e-11
6.753459772808613e-16
5.109343406066786e-21
5.646542826410024e-26
2.0425235036642604e-29
5.139978783967546e-33
7.922602624456064e-37
7.479144713386038e-41
4.324277034617692e-45
1.5312728833728244e-49
3.321002360868447e-54
4.411266406842209e-59
3.588681358957265e-64
1.788067958177262e-69
5.456455938871289e-75
1.0197994989891638e-80
1.167337523065703e-86
8.183811302501731e-93
3.5139233046361442e-99
9.240733793829693e-106
1.4883262793976332e-112
1.4681395927391235e-119
8.86980478131989e-127
3.2819977710417e-134
7.437723203817246e-142
1.032331672712884e-149
8.77558347998042e-158
4.568885365572542e-166
1.4568741289487615e-174
2.8451902423642563e-183
3.40312655475671e-192
2.493000691276413e-201
1.1185211688183358e-210
3.0735729586431896e-220
5.172736491112433e-230
5.331810353274167e-240
3.36594133126139e-250
1.3014152755270595e-260
3.081788058237047e-271
4.469584432890399e-282
3.970169360259968e-293
2.1598740709911784e-304
7.1965664e-316
0.0
0.0
0.0
0.0
0.0
0.0
0.0
0.0
0.0
0.0
0.0
0.0
0.0
0.0
0.0
0.0
0.0
0.0
0.0
0.0
0.0
0.0
0.0
0.0
0.0
0.0
0.0
0.0
0.0
