1.4964804697610006
0.23272923658427438
0.09767293977283519
0.05085096359132074
0.030221491094416474
0.01990533592177143
0.014194085964101641
0.010754400862952802
0.008534211352260802
0.007017545588056063
0.005932247733559131
0.005125443380400895
0.004506466169820698
0.00401896019178978
0.003626443806516869
0.003304453065000437
0.0030360707038414553
0.002809278985666922
0.00261533618896477
0.0024477491220366646
0.0023016043081208423
0.002173121512182673
0.002059348841980624
0.001957950209779653
0.0018670543912856462
0.0017851459980660535
0.0017109854976287652
0.0016435497057325904
0.0015819869315602812
0.0015255827607494237
0.0014737336634853555
0.0014259264289884655
0.0013817219874292326
0.0013407425705269209
0.001302661437731087
0.0012671945919846153
0.0012340940516230403
0.0012031423491813548
0.0011741480048374205
0.0011469417795900575
0.0011213735564187173
0.0010973097303989031
0.0010746310137681693
0.0010532305812105264
0.0010330124955787389
0.0010138903659518232
0.0009957861991044962
0.0009786294127250416
0.000962355984492919
0.0009469077157466234
0.0009322315921866176
0.0009182792270599678
0.000905006374710966
0.0008923725043707347
0.0008803404256883825
0.0008688759588472787
0.000857947643217993
0.0008475264794184844
0.0008375857004172926
0.0008281005679548558
0.0008190481910941624
0.0008104073641629636
0.0008021584217304115
0.000794283108583262
0.0007867644629404299
0.0007795867113777383
0.0007727351741337261
0.0007661961796378225
0.0007599569872485192
0.0007540057173151404
0.000748331287785499
0.0007429233566757478
0.0007377722698002601
0.0007328690132302007
0.0007282051700111751
0.0007237728807241732
0.0007195648075211748
0.0007155741013080608
0.0007117943717837786
0.0007082196600766596
0.0007048444137469588
0.0007016634639496253
0.0006986720045733793
0.000695865573191788
0.0006932400336794798
0.0006907915603622073
0.0006885166235833961
0.0006864119765822974
0.0006844746435900971
0.0006827019090604555
0.0006810913079601187
0.0006796406170535627
0.0006783478471232225
0.000677211236073804
0.0006762292428755708
0.0006754005423074127
0.0006747240204660059
0.0006741987710125298
0.0006738240921332639
0.0006735994841950121
0.0006735246480807305
0.0006735994841950121
0.0006738240921332639
0.0006741987710125298
0.0006747240204660059
0.0006754005423074127
0.0006762292428755708
0.000677211236073804
0.0006783478471232225
0.0006796406170535627
0.0006810913079601187
0.0006827019090604555
0.0006844746435900971
0.0006864119765822974
0.0006885166235833961
0.0006907915603622073
0.0006932400336794798
0.000695865573191788
0.0006986720045733793
0.0007016634639496253
0.0007048444137469588
0.0007082196600766596
0.0007117943717837786
0.0007155741013080608
0.0007195648075211748
0.0007237728807241732
0.0007282051700111751
0.0007328690132302007
0.0007377722698002601
0.0007429233566757478
0.000748331287785499
0.0007540057173151404
0.0007599569872485192
0.0007661961796378225
0.0007727351741337261
0.0007795867113777383
0.0007867644629404299
0.000794283108583262
0.0008021584217304115
0.0008104073641629636
0.0008190481910941624
0.0008281005679548558
0.0008375857004172926
0.0008475264794184844
0.000857947643217993
0.0008688759588472787
0.0008803404256883825
0.0008923725043707347
0.000905006374710966
0.0009182792270599678
0.0009322315921866176
0.0009469077157466234
0.000962355984492919
0.0009786294127250416
0.0009957861991044962
0.0010138903659518232
0.0010330124955787389
0.0010532305812105264
0.0010746310137681693
0.0010973097303989031
0.0011213735564187173
0.0011469417795900575
0.0011741480048374205
0.0012031423491813548
0.0012340940516230403
0.0012671945919846153
0.001302661437731087
0.0013407425705269209
0.0013817219874292326
0.0014259264289884655
0.0014737336634853555
0.0015255827607494237
0.0015819869315602812
0.0016435497057325904
0.0017109854976287652
0.0017851459980660535
0.0018670543912856462
0.001957950209779653
0.002059348841980624
0.002173121512182673
0.0023016043081208423
0.0024477491220366646
0.00261533618896477
0.002809278985666922
0.0030360707038414553
0.003304453065000437
0.003626443806516869
0.00401896019178978
0.004506466169820698
0.005125443380400895
0.005932247733559131
0.007017545588056063
0.008534211352260802
0.010754400862952802
0.014194085964101641
0.01990533592177143
0.030221491094416474
0.05085096359132074
0.09767293977283519
0.23272923658427438

0.03192343769768484
0.08343607117618222
0.17807135292759052
0.3103348855124515
0.4416361719585894
0.5132169808775969
0.48703665930900597
0.3775330929828634
0.2393697175827598
0.12513427091218374
0.05667411960328045
0.02882472814329033
0.02821111612046421
0.04567935715911748
0.07753878463514034
0.12139676171715631
0.1721616755428615
0.22070630222412416
0.25571241200471495
0.267756198454874
0.25338841808674334
0.22183975940263595
0.5048988613903002
1.6912686858637633
0.5956312316649623
0.0544261578208923
0.021750158225923272
0.010126032932016707
0.004264581082080503
0.001623167919608477
0.0005583422017166919
0.00017357508569006624
4.8766799157448394e-05
1.2382577183601333e-05
2.8415006883016278e-06
5.892972533135157e-07
1.1045134215875765e-07
1.8709298660335912e-08
2.8641380530926465e-09
3.962600741144013e-10
4.954691457296088e-11
5.598901702423849e-12
5.717932183689603e-13
5.277461661097204e-14
4.402112156185057e-15
3.31853993987229e-16
2.260908174185345e-17
1.3920945350781955e-18
7.746481045518283e-20
3.895741448163328e-21
1.7706214407283042e-22
7.272960705429024e-24
2.69989387041924e-25
9.057994947110593e-27
2.7464227296868205e-28
7.525799170003386e-30
1.8637505913210922e-31
4.171314097390442e-33
8.437386069122206e-35
1.5423853067994756e-36
2.548166293142024e-38
3.804631360040873e-40
5.1338991057713485e-42
6.260831346704846e-44
6.900278348589858e-46
6.873075971787407e-48
6.187078244056093e-50
5.033499173272998e-52
3.7008742131941113e-54
2.4591701383615947e-56
1.4768036538265251e-58
8.015061688068628e-61
3.931342757097218e-63
1.7427090226630903e-65
6.981661347368124e-68
2.5277994086426558e-70
8.271349388611847e-73
2.4460202822946595e-75
6.537228584181597e-78
1.5789821395629628e-80
3.446757216800185e-83
6.799768057736222e-86
1.2123483728815159e-88
1.9534877772965177e-91
2.844748597704774e-94
3.7439239228019447e-97
4.4530755962141734e-100
4.786775394257617e-103
4.650246359659421e-106
4.082806545978949e-109
3.2396013613847377e-112
2.323134062566656e-115
1.5055906252397252e-118
8.81839322217964e-122
4.6679043544470595e-125
2.2330804339951928e-128
9.654653978950332e-132
3.772410889452487e-135
1.3321440695257308e-138
4.2514133412481504e-142
