0.8625461899941133
0.12131633230187766
0.03471247677120925
0.015610230928844082
0.008968082184602925
0.005966635192253324
0.004365026309001893
0.003404676426943351
0.0027775170314150704
0.0023408805327558863
0.0020216231274420436
0.00177907900699938
0.001589106774165956
0.0014365836061736993
0.0013116044439683153
0.0012074346100012117
0.0011193475551928855
0.001043934775467047
0.0009786798862039161
0.0009216867227990908
0.0008715005622454742
0.000826987468483079
0.0007872509577018924
0.0007515732378724503
0.0007193729997557111
0.0006901745852258991
0.0006635851217595664
0.0006392773289370416
0.00061697642572898
0.0005964500444175262
0.0005775003775026606
0.0005599580028193267
0.0005436769838440267
0.0005285309488690399
0.0005144099287255221
0.0005012177875329854
0.0004888701209071429
0.00047729252549925233
0.00046641916564938796
0.0004561915793919604
0.00044655767851970406
0.0004374709069364716
0.00042888952886100133
0.0004207760241293798
0.0004130965722834278
0.00040582061062156057
0.00039892045414827187
0.0003923709675538097
0.00038614928111202354
0.00038023454379710133
0.0003746077080620298
0.00036925134164946324
0.00036414946256297927
0.0003592873939475457
0.00035465163613918857
0.0003502297535664221
0.0003460102745367237
0.0003419826022335013
0.00033813693549328787
0.00033446419813785034
0.00033095597580843397
0.00032760445939507445
0.0003244023942773525
0.0003213430346978553
0.00031842010267899294
0.0003156277509702051
0.0003129605295780471
0.00031041335548787514
0.000307981485234291
0.0003056604900193249
0.0003034462331135363
0.00030133484930661635
0.0002993227262013833
0.00029740648716886005
0.00029558297580290995
0.0002938492417310963
0.0002922025276543895
0.00029064025750237126
0.0002891600256029377
0.00028775958677640156
0.0002864368472735444
0.0002851898564857054
0.00028401679936259207
0.0002829159894802461
0.0002818858627076297
0.0002809249714256833
0.0002800319792575374
0.0002792056562729009
0.00027844487463356157
0.0002777486046504703
0.00027711591122608664
0.00027654595065858235
0.00027603796778716673
0.00027559129346024276
0.00027520534231035887
0.0002748796108220151
0.00027461367568032543
0.0002744071923903721
0.0002742598941588111
0.00027417159103093494
0.0002741421692779722
0.00027417159103093494
0.0002742598941588111
0.0002744071923903721
0.00027461367568032543
0.0002748796108220151
0.00027520534231035887
0.00027559129346024276
0.00027603796778716673
0.00027654595065858235
0.00027711591122608664
0.0002777486046504703
0.00027844487463356157
0.0002792056562729009
0.0002800319792575374
0.0002809249714256833
0.0002818858627076297
0.0002829159894802461
0.00028401679936259207
0.0002851898564857054
0.0002864368472735444
0.00028775958677640156
0.0002891600256029377
0.00029064025750237126
0.0002922025276543895
0.0002938492417310963
0.00029558297580290995
0.00029740648716886005
0.0002993227262013833
0.00030133484930661635
0.0003034462331135363
0.0003056604900193249
0.000307981485234291
0.00031041335548787514
0.0003129605295780471
0.0003156277509702051
0.00031842010267899294
0.0003213430346978553
0.0003244023942773525
0.00032760445939507445
0.00033095597580843397
0.00033446419813785034
0.00033813693549328787
0.0003419826022335013
0.0003460102745367237
0.0003502297535664221
0.00035465163613918857
0.0003592873939475457
0.00036414946256297927
0.00036925134164946324
0.0003746077080620298
0.00038023454379710133
0.00038614928111202354
0.0003923709675538097
0.00039892045414827187
0.00040582061062156057
0.0004130965722834278
0.0004207760241293798
0.00042888952886100133
0.0004374709069364716
0.00044655767851970406
0.0004561915793919604
0.00046641916564938796
0.00047729252549925233
0.0004888701209071429
0.0005012177875329854
0.0005144099287255221
0.0005285309488690399
0.0005436769838440267
0.0005599580028193267
0.0005775003775026606
0.0005964500444175262
0.00061697642572898
0.0006392773289370416
0.0006635851217595664
0.0006901745852258991
0.0007193729997557111
0.0007515732378724503
0.0007872509577018924
0.000826987468483079
0.0008715005622454742
0.0009216867227990908
0.0009786798862039161
0.001043934775467047
0.0011193475551928855
0.0012074346100012117
0.0013116044439683153
0.0014365836061736993
0.001589106774165956
0.00177907900699938
0.0020216231274420436
0.0023408805327558863
0.0027775170314150704
0.003404676426943351
0.004365026309001893
0.005966635192253324
0.008968082184602925
0.015610230928844082
0.03471247677120925
0.12131633230187766

0.01322736225102744
0.025794687466974178
0.04609574356069153
0.0754857390486542
0.11327720633005553
0.15577353663146853
0.19629912442976818
0.2266817751323472
0.23987808663399296
0.23266780603655024
0.20799295145045033
0.1842743106488975
0.23026719061437667
0.4495368575248303
0.7228759376324934
0.6827356037776756
0.3525400049610104
0.09970723637891685
0.016754394335188588
0.0024211852518475794
0.0005619870712082647
0.00017794359909314807
5.5181437476689625e-05
1.5753969955677043e-05
4.122271717481209e-06
9.884583682140466e-07
2.171969399464522e-07
4.3734337698835564e-08
8.06984025434323e-09
1.3645229778898728e-09
2.1143179694663453e-10
3.00215617027987e-11
3.906337758166398e-12
4.657789254382861e-13
5.089362783443272e-14
5.095895536381853e-15
4.675748631036252e-16
3.93147325931827e-17
3.029235436669593e-18
2.1388693797782687e-19
1.3839137664456772e-20
8.205543038643852e-22
4.458401312089459e-23
2.219854552424499e-24
1.0128459918277588e-25
4.234828620940786e-27
1.622563855238586e-28
5.696935295078827e-30
1.8329655739672785e-31
5.4043175750442314e-33
1.4601616803248548e-34
3.6152186104282106e-36
8.202414516970765e-38
1.70538482384547e-39
3.249201212875972e-41
5.672889854694688e-43
9.076232824130564e-45
1.3307008563198148e-46
1.7878405228410153e-48
2.2011551181560586e-50
2.4833964331462337e-52
2.5675268208538825e-54
2.4325258094742883e-56
2.1119005177869177e-58
1.6802077683978455e-60
1.2249716897825652e-62
8.18394396844736e-65
5.010404337128343e-67
2.810971444677348e-69
1.4451523216903382e-71
6.808388789107475e-74
2.939331729448054e-76
1.1628572089313895e-78
4.215777757749814e-81
1.4005627089167202e-83
4.2638404091271315e-86
1.1895230320977016e-88
3.0410131747327426e-91
7.124219302627044e-94
1.5294306516220487e-96
3.008817397464809e-99
5.424196389955362e-102
8.960835627928912e-105
1.3565479471277485e-107
1.8818946945766345e-110
2.392373698598102e-113
2.7869954030936353e-116
2.9752058374825036e-119
2.9105248686531793e-122
2.609150575928582e-125
2.1433865641408368e-128
1.613523877477209e-131
1.1130734434223755e-134
7.036323164496019e-138
4.0760665471584434e-141
2.1637659686303267e-144
1.0525744844965346e-147
4.692117962684411e-151
1.9167193967998446e-154
7.174996368043108e-158
