1.420224052082378
0.19351952396333505
0.04910064435110301
0.019415740806426076
0.009976115797676367
0.006046089465701705
0.004102913653607759
0.0030164847783126854
0.002349636722403714
0.001909554605682917
0.0016021062234067153
0.001377381497144087
0.0012070429783916942
0.0010740533523467615
0.0009676626473174294
0.0008808042575220399
0.000808667227713084
0.000747875919450261
0.0006959989964884267
0.0006512447926012124
0.0006122662390354386
0.0005780323961573095
0.0005477417079701508
0.0005207621044033821
0.000496588801855291
0.0004748140277975535
0.0004551049395516679
0.00043718727630264224
0.0004208330889532888
0.0004058514143874053
0.0003920811053642242
0.00037938525882735656
0.000367646843503237
0.00035676523721090846
0.00034665346126651293
0.00033723595413222025
0.0003284467659000278
0.0003202280839235286
0.00031252902104785576
0.0003053046135961727
0.00029851498805277224
0.0002921246642965419
0.0002861019700377873
0.00028041854633797833
0.0002750489281391155
0.00026997018688500874
0.0002651616247934246
0.00026060451229399856
0.00025628186170070414
0.00025217823142912433
0.00024827955606596976
0.00024457299840338425
0.00024104682020379214
0.00023769026899349055
0.0002344934786191663
0.00023144738166002576
0.00022854363208424326
0.00022577453678383554
0.00022313299482625996
0.00022061244343157262
0.0002182068098269074
0.00021591046825021932
0.00021371820147663665
0.00021162516632657326
0.0002096268626875974
0.0002077191056440677
0.00020589800036149023
0.00020415991941787913
0.00020250148231330798
0.00020091953692232182
0.00019941114268276616
0.00019797355533956616
0.00019660421308365463
0.0001953007239450489
0.00019406085431547437
0.00019288251849022825
0.0001917637691314848
0.00019070278856621014
0.00018969788084148467
0.00018874746446851014
0.00018785006579405777
0.00018700431294472588
0.00018620893029523417
0.0001854627334171827
0.00018476462446933352
0.00018411358799460303
0.00018350868709264478
0.00018294905994021608
0.0001824339166344972
0.0001819625363372194
0.00018153426469988683
0.00018114851155258372
0.00018080474884087205
0.00018050250879712601
0.0001802413823343434
0.00018002101765204496
0.00017984111904533018
0.00017970144590952355
0.0001796018119341359
0.0001795420844810901
0.00017952218414333257
0.0001795420844810901
0.0001796018119341359
0.00017970144590952355
0.00017984111904533018
0.00018002101765204496
0.0001802413823343434
0.00018050250879712601
0.00018080474884087205
0.00018114851155258372
0.00018153426469988683
0.0001819625363372194
0.0001824339166344972
0.00018294905994021608
0.00018350868709264478
0.00018411358799460303
0.00018476462446933352
0.0001854627334171827
0.00018620893029523417
0.00018700431294472588
0.00018785006579405777
0.00018874746446851014
0.00018969788084148467
0.00019070278856621014
0.0001917637691314848
0.00019288251849022825
0.00019406085431547437
0.0001953007239450489
0.00019660421308365463
0.00019797355533956616
0.00019941114268276616
0.00020091953692232182
0.00020250148231330798
0.00020415991941787913
0.00020589800036149023
0.0002077191056440677
0.0002096268626875974
0.00021162516632657326
0.00021371820147663665
0.00021591046825021932
0.0002182068098269074
0.00022061244343157262
0.00022313299482625996
0.00022577453678383554
0.00022854363208424326
0.00023144738166002576
0.0002344934786191663
0.00023769026899349055
0.00024104682020379214
0.00024457299840338425
0.00024827955606596976
0.00025217823142912433
0.00025628186170070414
0.00026060451229399856
0.0002651616247934246
0.00026997018688500874
0.0002750489281391155
0.00028041854633797833
0.0002861019700377873
0.0002921246642965419
0.00029851498805277224
0.0003053046135961727
0.00031252902104785576
0.0003202280839235286
0.0003284467659000278
0.00033723595413222025
0.00034665346126651293
0.00035676523721090846
0.000367646843503237
0.00037938525882735656
0.0003920811053642242
0.0004058514143874053
0.0004208330889532888
0.00043718727630264224
0.0004551049395516679
0.0004748140277975535
0.000496588801855291
0.0005207621044033821
0.0005477417079701508
0.0005780323961573095
0.0006122662390354386
0.0006512447926012124
0.0006959989964884267
0.000747875919450261
0.000808667227713084
0.0008808042575220399
0.0009676626473174294
0.0010740533523467615
0.0012070429783916942
0.001377381497144087
0.0016021062234067153
0.001909554605682917
0.002349636722403714
0.0030164847783126854
0.004102913653607759
0.006046089465701705
0.009976115797676367
0.019415740806426076
0.04910064435110301
0.19351952396333505

0.00852097323188651
0.022266995261275225
0.050468008591560885
0.09922548121068446
0.16930080805521813
0.2509392704480761
0.32395153834899115
0.3666394290395078
0.3696877611637425
0.3444261011703671
0.3174960147829885
0.37491837260567507
1.2282316239411633
1.379521257395228
0.4797857010835991
0.3724816118953622
0.3159474638872936
0.2364834135943521
0.15538858988105642
0.08951989249119988
0.045196188706881524
0.01999373957492428
0.007749446497780438
0.0026316177626138824
0.0007829739086800621
0.0002041000241040828
4.6613288410936595e-05
9.327112721922722e-06
1.6351419674024443e-06
2.511507318369282e-07
3.3797468293767303e-08
3.984782557430884e-09
4.1161938812850484e-10
3.725269993979011e-11
2.953863499496622e-12
2.0520778223639344e-13
1.2490159021066245e-14
6.6605922097160385e-16
3.1119202514908334e-17
1.2738397860085582e-18
4.568481765618369e-20
1.4354885044540416e-21
3.951830225048918e-23
9.531638758544978e-25
2.0142232609386706e-26
3.7292231879021013e-28
6.04922699158567e-30
8.597102864388849e-32
1.0704714805878622e-33
1.1678009280057749e-35
1.116177508832855e-37
9.346918474957655e-40
6.85763520257493e-42
4.4080959507547986e-44
2.4825524689320695e-46
1.224944943956291e-48
5.2954813060992126e-51
2.0056957095029495e-53
6.6557252850777145e-56
1.935069052258223e-58
4.929107420078662e-61
1.1000459712872987e-63
2.1509193338365098e-66
3.684751023795211e-69
5.530481062252393e-72
7.27257832595719e-75
8.378854357951613e-78
8.45768706546573e-81
7.479788525461154e-84
5.795591447592371e-87
3.934385790332614e-90
2.3400592795581483e-93
1.219403710520974e-96
5.567226638413583e-100
2.2269015999842365e-103
7.804298814821387e-107
2.3962795870185156e-110
6.4463194490248606e-114
1.5193467277201894e-117
3.1374203042748523e-121
5.676220361754008e-125
8.997389634561867e-129
1.2495238368170094e-132
1.5203490224852989e-136
1.6207379054842035e-140
1.5137460262464187e-144
1.2386938437485723e-148
8.880668905151702e-153
5.578251805778842e-157
3.069879205892231e-161
1.4801822637901104e-165
6.252876359640203e-170
2.314276381020789e-174
7.504492730806759e-179
2.132053979067776e-183
5.306959666967168e-188
1.1573483971784781e-192
2.21132806860482e-197
3.701800237182951e-202
5.429295951953185e-207
