0.8331163369821262
0.10090107853664369
0.014952474762172908
0.002284035919115518
0.0003536086202656543
5.5398157783737004e-05
8.781208597037487e-06
1.4082934385422708e-06
2.285131334274535e-07
3.751528372714145e-08
8.037123237868708e-09
1.2872736805882182e-09
2.0719853373106454e-10
3.357041407008594e-11
5.486232857055782e-12
9.066253234773944e-13
1.519444613399714e-13
2.5907900806080792e-14
4.508823146470855e-15
8.031826344923046e-16
1.4675075171986878e-16
2.752698376718191e-17
5.2987923249598676e-18
1.0450397580934283e-18
2.106349177889267e-19
4.325777157996693e-20
9.02394734785798e-21
1.906740485977603e-21
4.0709347118770034e-22
8.765213497286868e-23
1.9005060133451917e-23
4.1455783177265215e-24
9.091941009251158e-25
2.0043958524488502e-25
4.4422119552561225e-26
9.900448705317815e-27
2.220264977880262e-27
5.014111667039489e-28
1.1414140887037312e-28
2.621989684460675e-29
6.0851345777935916e-30
1.428496721018265e-30
3.395848721653461e-31
8.18283878459587e-32
2.0002147381167852e-32
4.9622221534363305e-33
1.2496285319900716e-33
3.194045457736989e-34
8.283185989621406e-35
2.1782626754283897e-35
5.8048922693448834e-36
1.5665790041516264e-36
4.278643481005902e-37
1.1820004048397565e-37
3.30144136163912e-38
9.320547903527688e-39
2.659308661147818e-39
7.667915359228634e-40
2.2346200113403445e-40
6.582903568874342e-41
1.9606899518323093e-41
5.905770233421744e-42
1.7993535760102083e-42
5.546434291243869e-43
1.7299620989299072e-43
5.460499643536948e-44
1.7443287048383054e-44
5.639397613402568e-45
1.8451793476812212e-45
6.109816086331261e-46
2.0472805364364027e-46
6.941610129817372e-47
2.3815081540289114e-47
8.266696951904329e-48
2.9032483894643545e-48
1.0315686958692156e-48
3.7082455704813214e-49
1.3486335217607313e-49
4.962224059614873e-50
1.8472236857465477e-50
6.957095062161902e-51
2.6509798108360485e-51
1.0220194097546307e-51
3.9864791473883414e-52
1.573257951290885e-52
6.281914676956483e-53
2.5378541081116324e-53
1.0373473934523841e-53
4.290077651520708e-54
1.7951079924146781e-54
7.599827734735427e-55
3.255464981080982e-55
1.4110382392801986e-55
6.18913642511219e-56
2.7479496934590815e-56
1.2359501388330868e-56
5.64383965463584e-57
2.635941813508525e-57
1.292453717935274e-57
7.256660912955722e-58
5.697938650201409e-58
7.256660912955722e-58
1.292453717935274e-57
2.635941813508525e-57
5.64383965463584e-57
1.2359501388330868e-56
2.7479496934590815e-56
6.18913642511219e-56
1.4110382392801986e-55
3.255464981080982e-55
7.599827734735427e-55
1.7951079924146781e-54
4.290077651520708e-54
1.0373473934523841e-53
2.5378541081116324e-53
6.281914676956483e-53
1.573257951290885e-52
3.9864791473883414e-52
1.0220194097546307e-51
2.6509798108360485e-51
6.957095062161902e-51
1.8472236857465477e-50
4.962224059614873e-50
1.3486335217607313e-49
3.7082455704813214e-49
1.0315686958692156e-48
2.9032483894643545e-48
8.266696951904329e-48
2.3815081540289114e-47
6.941610129817372e-47
2.0472805364364027e-46
6.109816086331261e-46
1.8451793476812212e-45
5.639397613402568e-45
1.7443287048383054e-44
5.460499643536948e-44
1.7299620989299072e-43
5.546434291243869e-43
1.7993535760102083e-42
5.905770233421744e-42
1.9606899518323093e-41
6.582903568874342e-41
2.2346200113403445e-40
7.667915359228634e-40
2.659308661147818e-39
9.320547903527688e-39
3.30144136163912e-38
1.1820004048397565e-37
4.278643481005902e-37
1.5665790041516264e-36
5.8048922693448834e-36
2.1782626754283897e-35
8.283185989621406e-35
3.194045457736989e-34
1.2496285319900716e-33
4.9622221534363305e-33
2.0002147381167852e-32
8.18283878459587e-32
3.395848721653461e-31
1.428496721018265e-30
6.0851345777935916e-30
2.621989684460675e-29
1.1414140887037312e-28
5.014111667039489e-28
2.220264977880262e-27
9.900448705317815e-27
4.4422119552561225e-26
2.0043958524488502e-25
9.091941009251158e-25
4.1455783177265215e-24
1.9005060133451917e-23
8.765213497286868e-23
4.0709347118770034e-22
1.906740485977603e-21
9.02394734785798e-21
4.325777157996693e-20
2.106349177889267e-19
1.0450397580934283e-18
5.2987923249598676e-18
2.752698376718191e-17
1.4675075171986878e-16
8.031826344923046e-16
4.508823146470855e-15
2.5907900806080792e-14
1.519444613399714e-13
9.066253234773944e-13
5.486232857055782e-12
3.357041407008594e-11
2.0719853373106454e-10
1.2872736805882182e-09
8.037123237868708e-09
3.751528372714145e-08
2.285131334274535e-07
1.4082934385422708e-06
8.781208597037487e-06
5.5398157783737004e-05
0.0003536086202656543
0.002284035919115518
0.014952474762172908
0.10090107853664369

7.147417437020781e-58
9.318379475881523e-53
3.060847449903504e-42
9.948432113365547e-32
9.865038553458462e-23
2.9845110715891562e-15
2.7547225436683052e-09
7.75733940261097e-05
0.06664659788084029
1.746921692247405
1.3970088323567247
0.034084358723672166
2.537122221183659e-05
8.096413545043743e-10
2.1645722751361067e-08
1.151908844436656e-06
3.518470146737191e-05
0.0006168496980951105
0.006207183306087653
0.035850854668271856
0.11884863127052189
0.22614062276478794
0.24697483928019603
0.15481625848984987
0.05570191827773021
0.011503062101637443
0.0013634728841416884
9.276182293321493e-05
3.6222779512471682e-06
8.118653349757794e-08
1.0444218586894639e-09
7.711833335177567e-12
3.2683536742212013e-14
7.950422078420149e-17
1.1100461964334222e-19
8.895731149289211e-23
4.091777154855913e-26
1.0802692794730147e-29
1.636974095047807e-33
1.423774846404507e-37
7.107723971791399e-42
2.0366177268274015e-46
3.349486361941327e-51
3.1618163172527596e-56
1.7131081740271224e-61
5.3274902865095145e-67
9.509337778345443e-73
9.742437088175184e-79
5.728945281804254e-85
1.933621501965797e-91
3.745915597584811e-98
4.1651844360949486e-105
2.6582768823263048e-112
9.73768945508237e-120
2.0473936620418134e-127
2.470793880745522e-135
1.7114389351561548e-143
6.804183651729066e-152
1.5526743360523573e-160
2.033641756083981e-169
1.528826685624615e-178
6.596776756301529e-188
1.633785540387174e-197
2.322458900638238e-207
1.8949194553282504e-217
8.874077160104973e-228
2.385312998109102e-238
3.6800801482213184e-249
3.258809007657965e-260
1.6563429640913702e-271
4.832049278783827e-283
8.09099942900241e-295
7.776115715746689e-307
4.28953e-319
0.0
0.0
0.0
0.0
0.0
0.0
0.0
0.0
0.0
0.0
0.0
0.0
0.0
0.0
0.0
0.0
0.0
0.0
0.0
0.0
0.0
0.0
0.0
0.0
0.0
0.0
