1.0145556940115452
0.420641466338911
0.21405854361971044
0.12647993892023282
0.08353606298115251
0.05996755133314191
0.04581702754857549
0.036682159417771726
0.030427980778716272
0.025936264402158814
0.02258181861626215
0.019995005010648274
0.017946491220802184
0.016287937259394
0.014919855358036917
0.013773384226249052
0.012799528489064196
0.01196257338680064
0.011235923375218487
0.010599395842281551
0.010037415153002884
0.009537779179542656
0.009090798976029718
0.008688687200208206
0.008325115787522305
0.00799489096283253
0.007693711004073942
0.007417983291077055
0.007164684446214749
0.006931252217212785
0.006715501031860154
0.0065155554090120926
0.006329796982685255
0.0061568220073231344
0.005995407007495116
0.005844480810931633
0.0057031016250555676
0.005570438128606354
0.005445753782412131
0.005328393738444181
0.005217773859274039
0.005113371461879305
0.005014717478303
0.004921389786715264
0.004833007514183577
0.004749226150061401
0.004669733338696062
0.0045942452438955195
0.004522503396615008
0.004454271952646762
0.004389335299500576
0.004327495961754117
0.004268572762398832
0.004212399204476781
0.004158822042884063
0.0041077000208350764
0.0040589027493193415
0.004012309711083112
0.003967809373346589
0.00392529839571738
0.00388468092165652
0.0038458679434560336
0.0038087767320458734
0.0037733303241039074
0.003739457059928371
0.0037070901663753763
0.0036761673798872004
0.003646630605258786
0.0036184256063259267
0.0035915017252217216
0.0035658116272490876
0.0035413110687654605
0.003517958685778877
0.0034957158012190216
0.0034745462490778146
0.0034544162138165045
0.0034352940836138274
0.003417150316186014
0.003399957316047111
0.003383689322199674
0.0033683223053534842
0.0033538338738654063
0.003340203187678285
0.003327410879612319
0.003315438983429789
0.003304270868154333
0.003293891178180064
0.0032842857787545054
0.0032754417064631493
0.003267347124383178
0.0032599912816098564
0.003253364476891897
0.003247458026142107
0.0032422642336170774
0.003237776366585141
0.0032339886333253034
0.00323089616432182
0.003228494996539727
0.0032267820606860713
0.0032257551713801343
0.0032254130201737666
0.0032257551713801343
0.0032267820606860713
0.003228494996539727
0.00323089616432182
0.0032339886333253034
0.003237776366585141
0.0032422642336170774
0.003247458026142107
0.003253364476891897
0.0032599912816098564
0.003267347124383178
0.0032754417064631493
0.0032842857787545054
0.003293891178180064
0.003304270868154333
0.003315438983429789
0.003327410879612319
0.003340203187678285
0.0033538338738654063
0.0033683223053534842
0.003383689322199674
0.003399957316047111
0.003417150316186014
0.0034352940836138274
0.0034544162138165045
0.0034745462490778146
0.0034957158012190216
0.003517958685778877
0.0035413110687654605
0.0035658116272490876
0.0035915017252217216
0.0036184256063259267
0.003646630605258786
0.0036761673798872004
0.0037070901663753763
0.003739457059928371
0.0037733303241039074
0.0038087767320458734
0.0038458679434560336
0.00388468092165652
0.00392529839571738
0.003967809373346589
0.004012309711083112
0.0040589027493193415
0.0041077000208350764
0.004158822042884063
0.004212399204476781
0.004268572762398832
0.004327495961754117
0.004389335299500576
0.004454271952646762
0.004522503396615008
0.0045942452438955195
0.004669733338696062
0.004749226150061401
0.004833007514183577
0.004921389786715264
0.005014717478303
0.005113371461879305
0.005217773859274039
0.005328393738444181
0.005445753782412131
0.005570438128606354
0.0057031016250555676
0.005844480810931633
0.005995407007495116
0.0061568220073231344
0.006329796982685255
0.0065155554090120926
0.006715501031860154
0.006931252217212785
0.007164684446214749
0.007417983291077055
0.007693711004073942
0.00799489096283253
0.008325115787522305
0.008688687200208206
0.009090798976029718
0.009537779179542656
0.010037415153002884
0.010599395842281551
0.011235923375218487
0.01196257338680064
0.012799528489064196
0.013773384226249052
0.014919855358036917
0.016287937259394
0.017946491220802184
0.019995005010648274
0.02258181861626215
0.025936264402158814
0.030427980778716272
0.036682159417771726
0.04581702754857549
0.05996755133314191
0.08353606298115251
0.12647993892023282
0.21405854361971044
0.420641466338911

0.1565918515555629
0.28035698928139763
0.47425372506981717
0.6938929707932875
0.8258284116513006
0.7871156760878454
0.6197725400289888
0.4342730587794307
0.2950240442281229
0.20133193708362074
0.13459638403204036
0.0850726671033689
0.04989981847836227
0.026999956230703087
0.01345850687285139
0.0061787845395140685
0.002612578631097826
0.0010174068894380757
0.0003649042130691378
0.00012053744342554857
3.667110265740507e-05
1.0275071590877143e-05
2.6515794143904706e-06
6.302071346446399e-07
1.379497402462466e-07
2.7811047907434055e-08
5.163839246548462e-09
8.830534047378556e-10
1.3907853885827412e-10
2.01740068550355e-11
2.6951510071162114e-12
3.316140611679282e-13
3.75786925480163e-14
3.922015350225026e-15
3.7699518807278277e-16
3.3374995778126333e-17
2.7212317318316082e-18
2.0434721740771367e-19
1.413288498701893e-20
9.00226546823098e-22
5.2811888947704384e-23
2.8534514107406e-24
1.4199339941516774e-25
6.507658074765178e-27
2.7468831820447765e-28
1.0678605661161699e-29
3.823382981274282e-31
1.2607818576250583e-32
3.8290496129268063e-34
1.071028261705161e-35
2.759114750041393e-37
6.546323899640216e-39
1.4304876438721886e-40
2.8789201987653394e-42
5.336223822379317e-44
9.109558780247213e-46
1.4322523461581708e-47
2.07396124544886e-49
2.765926440343468e-51
3.3973438888270604e-53
3.843238072176274e-55
4.004183401146745e-57
3.842284586625194e-59
3.3956583744657146e-61
2.7638683190853055e-63
2.071903859193796e-65
1.4304765591144969e-67
9.096007009012884e-70
5.326963509061991e-72
2.8732112078164163e-74
1.427296748969196e-76
6.530100961543052e-79
2.751594355712312e-81
1.0678440166132668e-83
3.816718428160328e-86
1.2564098128988273e-88
3.8091792703779097e-91
1.063629561988327e-93
2.735320883311007e-96
6.478658043585574e-99
1.4132556445088186e-101
2.839326229264616e-104
5.253742157762092e-107
8.953258211855393e-110
1.4052460050968075e-112
2.03133945320511e-115
2.7044038309093164e-118
3.316037826624482e-121
3.744779960965003e-124
3.894861571810849e-127
3.73092607825695e-130
3.2915477248582157e-133
2.674499759001394e-136
2.0014459415002594e-139
1.3794439551033275e-142
8.756350777577316e-146
5.119188673085866e-149
2.7563731837754215e-152
1.366890706037717e-155
6.242929919360314e-159
