0.19657383493534059
0.07801579488978287
0.05732052171060093
0.044888474461041834
0.03654892230003679
0.03066177942869167
0.026332805751023702
0.023040962133354284
0.020467120007327963
0.018407260936077578
0.016726027380492177
0.015330672398458357
0.014155830929540302
0.013154283427234799
0.012291167328937255
0.011540241628662795
0.0108814123353537
0.01029905412307679
0.009780847538269256
0.009316957741200742
0.008899444238019303
0.008521829821459478
0.008178781159980324
0.00786586893544951
0.007579385492269322
0.007316204629635805
0.007073672662503642
0.006849522952312288
0.006641808243772886
0.00644884664644602
0.006269178170287267
0.006101529495962347
0.005944785223070055
0.005797964253450595
0.005660200274561538
0.005530725538817285
0.00540885730950772
0.005293986477184854
0.0051855679528444824
0.005083112523539105
0.0049861799178833426
0.00489437287742314
0.0048073320681391645
0.004724731696770835
0.004646275720938703
0.004571694561547119
0.004500742241689417
0.004433193889043147
0.004368843549143577
0.004307502265435907
0.004248996389003142
0.004193166086640839
0.004139864020734456
0.004088954178374233
0.004040310830464386
0.003993817604365801
0.003949366655950232
0.003906857928916076
0.0038661984908839563
0.003827301937205757
0.0037900878546250345
0.0037544813379544934
0.0037204125538155323
0.0036878163462393354
0.003656631879577821
0.003626802314732286
0.0035982745151911704
0.0035709987797873217
0.0035449285994489078
0.003520020435534731
0.0034962335176207714
0.0034735296588460857
0.003451873087137525
0.003431230290818133
0.0034115698772671822
0.0033928624434434217
0.0033750804572099313
0.0033581981485111146
0.0033421914095517293
0.003327037703216113
0.0033127159790441946
0.003299206596150861
0.0032864912525377493
0.0032745529203023595
0.0032633757862996398
0.0032529451978561513
0.003243247613177651
0.0032342705561274995
0.003226002575086624
0.0032184332056358787
0.00321155293682921
0.0032053531808511155
0.003199826245875049
0.0031949653119606354
0.003190764409847317
0.0031872184025203577
0.003184322969442321
0.0031820745933592853
0.0031804705496063994
0.003179508897851976
0.003179188476233428
0.003179508897851976
0.0031804705496063994
0.0031820745933592853
0.003184322969442321
0.0031872184025203577
0.003190764409847317
0.0031949653119606354
0.003199826245875049
0.0032053531808511155
0.00321155293682921
0.0032184332056358787
0.003226002575086624
0.0032342705561274995
0.003243247613177651
0.0032529451978561513
0.0032633757862996398
0.0032745529203023595
0.0032864912525377493
0.003299206596150861
0.0033127159790441946
0.003327037703216113
0.0033421914095517293
0.0033581981485111146
0.0033750804572099313
0.0033928624434434217
0.0034115698772671822
0.003431230290818133
0.003451873087137525
0.0034735296588460857
0.0034962335176207714
0.003520020435534731
0.0035449285994489078
0.0035709987797873217
0.0035982745151911704
0.003626802314732286
0.003656631879577821
0.0036878163462393354
0.0037204125538155323
0.0037544813379544934
0.0037900878546250345
0.003827301937205757
0.0038661984908839563
0.003906857928916076
0.003949366655950232
0.003993817604365801
0.004040310830464386
0.004088954178374233
0.004139864020734456
0.004193166086640839
0.004248996389003142
0.004307502265435907
0.004368843549143577
0.004433193889043147
0.004500742241689417
0.004571694561547119
0.004646275720938703
0.004724731696770835
0.0048073320681391645
0.00489437287742314
0.0049861799178833426
0.005083112523539105
0.0051855679528444824
0.005293986477184854
0.00540885730950772
0.005530725538817285
0.005660200274561538
0.005797964253450595
0.005944785223070055
0.006101529495962347
0.006269178170287267
0.00644884664644602
0.006641808243772886
0.006849522952312288
0.007073672662503642
0.007316204629635805
0.007579385492269322
0.00786586893544951
0.008178781159980324
0.008521829821459478
0.008899444238019303
0.009316957741200742
0.009780847538269256
0.01029905412307679
0.0108814123353537
0.011540241628662795
0.012291167328937255
0.013154283427234799
0.014155830929540302
0.015330672398458357
0.016726027380492177
0.018407260936077578
0.020467120007327963
0.023040962133354284
0.026332805751023702
0.03066177942869167
0.03654892230003679
0.044888474461041834
0.05732052171060093
0.07801579488978287

0.15823001957596972
0.15887126716544092
0.13100784443631344
0.08872473402726329
0.04935004750208588
0.022543736920424627
0.00845784465403243
0.002606087355413728
0.0006594987614463206
0.00013707307309304204
2.3457901451546678e-05
3.824580367726967e-06
4.389205694657191e-06
2.459520729709002e-05
0.00012498700551448615
0.0005287157411663898
0.0018591743078751838
0.0054343707301910404
0.013204123008226102
0.02666864831664003
0.04477376245433502
0.06248522255299207
0.07248734529419286
0.06990016685773917
0.056030612980892
0.03733392740758748
0.020678218847676032
0.009520367645266052
0.00364355605831697
0.001159119829564557
0.00030652250000444284
6.73794600127033e-05
1.2311864779582985e-05
1.8700417026129348e-06
2.3610755820964944e-07
2.4779904697151715e-08
2.161824913135334e-09
1.5677346122026715e-10
9.450520309660463e-12
4.735545748047913e-13
1.9724931193111978e-14
6.829550191059107e-16
1.9656212965695958e-17
4.702607589116335e-19
9.352092110117985e-21
1.5460016550723234e-22
2.124429273458016e-24
2.4266421865820255e-26
2.3040948511574e-28
1.8185536049037325e-30
1.193116919733396e-32
6.506853751717743e-35
2.9497841004616042e-37
1.1115795769923703e-39
3.481945996314654e-42
9.066395223742692e-45
1.9623587517778962e-47
3.53063896452989e-50
5.280309229891703e-53
6.564422833753732e-56
6.783672637589366e-59
5.827259517928382e-62
4.160973804149965e-65
2.4697713427354903e-68
1.218567683064366e-71
4.997740578426116e-75
1.7038403765264736e-78
4.8285334672662923e-82
1.1374510864176625e-85
2.227313541587361e-89
3.6254433955320413e-93
4.90537308515232e-97
5.517141245799542e-101
5.1580708714900245e-105
4.0085901145411173e-109
2.589566934030904e-113
1.3905729417409405e-117
6.20714015472841e-122
2.303140713595492e-126
7.103633345492581e-131
1.8212591451271313e-135
3.881450906874928e-140
6.876185642646372e-145
1.0125867322752362e-149
1.2395042371422164e-154
1.26123188776588e-159
1.0667754509569524e-164
7.500362040304803e-170
4.383515888596372e-175
2.129580623544074e-180
8.599965953223887e-186
2.8868918926420954e-191
8.055554746990599e-197
1.86849323546468e-202
3.60262244120483e-208
5.774004443002336e-214
7.692484346724548e-220
8.518973599094618e-226
7.842220824626388e-232
6.00097760092768e-238
