0.9642679564619072
0.15065280108631451
0.03806464488858881
0.012894811282189654
0.005158245645818258
0.0023162178127042535
0.001145767008001351
0.0006186588416999867
0.0003619826477604323
0.00022778555540905218
0.00015290341558708685
0.00010856543892750217
8.086883491648409e-05
6.271948277476487e-05
5.031116429977893e-05
4.150526807624907e-05
3.504826562970355e-05
3.0176489788564345e-05
2.64080606891576e-05
2.3429044183828456e-05
2.1028910819784597e-05
1.9062722765047974e-05
1.742829809665544e-05
1.6052029203888756e-05
1.4879845848543926e-05
1.387131824378159e-05
1.2995723994999249e-05
1.222937140860395e-05
1.1553743595106006e-05
1.0954189342855138e-05
1.0418984864277399e-05
9.938651364074659e-06
9.505451847896884e-06
9.113015355597567e-06
8.756053019729322e-06
8.430141138901973e-06
8.131553741594449e-06
7.857132105857974e-06
7.6041821630485364e-06
7.370393146678535e-06
7.1537725770187685e-06
6.9525939152157725e-06
6.765354123562735e-06
6.590739030792297e-06
6.4275948915278035e-06
6.274904895203264e-06
6.131769655546623e-06
5.997390921082204e-06
5.871057907245957e-06
5.7521357740749284e-06
5.640055869122907e-06
5.534307429960502e-06
5.43443049930337e-06
5.340009852186188e-06
5.250669771451987e-06
5.166069537270412e-06
5.085899520045022e-06
5.00987778515448e-06
4.9377471334486005e-06
4.869272514027064e-06
4.804238756142985e-06
4.742448575547862e-06
4.6837208175847e-06
4.627888905124981e-06
4.574799464256654e-06
4.524311104644019e-06
4.476293334840183e-06
4.430625595654426e-06
4.387196397054498e-06
4.345902546093325e-06
4.306648455053286e-06
4.269345520449751e-06
4.2339115647706656e-06
4.2002703338850225e-06
4.168351043958427e-06
4.138087972492207e-06
4.109420088773112e-06
4.082290719600147e-06
4.05664724665674e-06
4.032440832332204e-06
4.009626171175538e-06
3.988161264495334e-06
3.968007215908856e-06
3.949128045896824e-06
3.931490523643339e-06
3.915064014636653e-06
3.899820342679939e-06
3.885733665114906e-06
3.872780360197532e-06
3.860938925686979e-06
3.850189887817501e-06
3.840515719920961e-06
3.831900770055559e-06
3.824331197076278e-06
3.817794914655077e-06
3.8122815428254045e-06
3.807782366686905e-06
3.8042903019629164e-06
3.8017998671566856e-06
3.800307162102223e-06
3.7998098527535876e-06
3.800307162102223e-06
3.8017998671566856e-06
3.8042903019629164e-06
3.807782366686905e-06
3.8122815428254045e-06
3.817794914655077e-06
3.824331197076278e-06
3.831900770055559e-06
3.840515719920961e-06
3.850189887817501e-06
3.860938925686979e-06
3.872780360197532e-06
3.885733665114906e-06
3.899820342679939e-06
3.915064014636653e-06
3.931490523643339e-06
3.949128045896824e-06
3.968007215908856e-06
3.988161264495334e-06
4.009626171175538e-06
4.032440832332204e-06
4.05664724665674e-06
4.082290719600147e-06
4.109420088773112e-06
4.138087972492207e-06
4.168351043958427e-06
4.2002703338850225e-06
4.2339115647706656e-06
4.269345520449751e-06
4.306648455053286e-06
4.345902546093325e-06
4.387196397054498e-06
4.430625595654426e-06
4.476293334840183e-06
4.524311104644019e-06
4.574799464256654e-06
4.627888905124981e-06
4.6837208175847e-06
4.742448575547862e-06
4.804238756142985e-06
4.869272514027064e-06
4.9377471334486005e-06
5.00987778515448e-06
5.085899520045022e-06
5.166069537270412e-06
5.250669771451987e-06
5.340009852186188e-06
5.43443049930337e-06
5.534307429960502e-06
5.640055869122907e-06
5.7521357740749284e-06
5.871057907245957e-06
5.997390921082204e-06
6.131769655546623e-06
6.274904895203264e-06
6.4275948915278035e-06
6.590739030792297e-06
6.765354123562735e-06
6.9525939152157725e-06
7.1537725770187685e-06
7.370393146678535e-06
7.6041821630485364e-06
7.857132105857974e-06
8.131553741594449e-06
8.430141138901973e-06
8.756053019729322e-06
9.113015355597567e-06
9.505451847896884e-06
9.938651364074659e-06
1.0418984864277399e-05
1.0954189342855138e-05
1.1553743595106006e-05
1.222937140860395e-05
1.2995723994999249e-05
1.387131824378159e-05
1.4879845848543926e-05
1.6052029203888756e-05
1.742829809665544e-05
1.9062722765047974e-05
2.1028910819784597e-05
2.3429044183828456e-05
2.64080606891576e-05
3.0176489788564345e-05
3.504826562970355e-05
4.150526807624907e-05
5.031116429977893e-05
6.271948277476487e-05
8.086883491648409e-05
0.00010856543892750217
0.00015290341558708685
0.00022778555540905218
0.0003619826477604323
0.0006186588416999867
0.001145767008001351
0.0023162178127042535
0.005158245645818258
0.012894811282189654
0.03806464488858881
0.15065280108631451

0.00016573562365083483
0.0017999446492000196
0.012621843810250959
0.057154398117227716
0.16718195077916756
0.3163291929275556
0.3896575613802669
0.3234132630168927
0.2175294209602902
0.20505471817648815
0.31141752668172934
0.472347228188472
0.5940332470360117
0.6034279703691279
0.49389109551640875
0.32564858759567106
0.1729716233120066
0.0740129937370393
0.025512235853486328
0.007084292932404859
0.0015847178144255479
0.00028557146462379623
4.145578253806877e-05
4.848002841658939e-06
4.5671792155279954e-07
3.466096750206742e-08
2.11904777562533e-09
1.0436340862298696e-10
4.140599274604526e-12
1.3233831109827071e-13
3.4073395455868426e-15
7.067286202218394e-17
1.1808572064963675e-18
1.5894597295734075e-20
1.7234913719199593e-22
1.505483977278284e-24
1.0593771505200719e-26
6.005269538861623e-29
2.7423434708082194e-31
1.0088314918235572e-33
2.9896672441391066e-36
7.137309261317165e-39
1.3726304122619683e-41
2.126572328146292e-44
2.654080794754174e-47
2.668428436290541e-50
2.1612470846336214e-53
1.410135092256724e-56
7.411813112625559e-60
3.138308546094864e-63
1.0704694029871545e-66
2.941442188340689e-70
6.511091753375798e-74
1.1610602407433595e-77
1.667873586552538e-81
1.930096167027085e-85
1.7992943043464992e-89
1.3512412721266227e-93
8.174685213094726e-98
3.98397508674782e-102
1.5641184162439547e-106
4.9468652976021836e-111
1.2603697745639033e-115
2.5868623152635088e-120
4.2771658276586417e-125
5.697001085871594e-130
6.112853050879078e-135
5.283832586442452e-140
3.679269342890764e-145
2.0638662741118876e-150
9.326291089271967e-156
3.395031578677595e-161
9.956028007533203e-167
2.351992003109665e-172
4.476030235971675e-178
6.862109154038385e-184
8.47480417947961e-190
8.431583821436081e-196
6.7576561729872065e-202
4.363052716064929e-208
2.2693018598035325e-214
9.50827025922827e-221
3.209358300500127e-227
8.726545012890991e-234
1.9114982314810783e-240
3.3729733324352565e-247
4.794676984432314e-254
5.490517000064183e-261
5.064943050308737e-268
3.7639455500199294e-275
2.2533027022214514e-282
1.086683774285615e-289
4.2217670608034543e-297
1.321273702913931e-304
3.331185023594e-312
6.7657e-320
0.0
0.0
0.0
0.0
