0.4928107211177405
0.0739203733239554
0.01295780710239804
0.002654408356675457
0.0006353507085320809
0.0001776088889841302
5.790728090039901e-05
2.1948681391209495e-05
9.609119184819392e-06
4.80751332296867e-06
2.708355589743429e-06
1.6884635265548795e-06
1.1442883394235622e-06
8.292921820390798e-07
6.337855436828854e-07
5.050630979776798e-07
4.1599985491320053e-07
3.5175899221732887e-07
3.037765910196651e-07
2.668697349687101e-07
2.377682686086435e-07
2.1433186600015568e-07
1.9511370944893324e-07
1.791074985157052e-07
1.655954357692282e-07
1.5405390770339918e-07
1.4409324533246295e-07
1.3541823171478288e-07
1.278015908791956e-07
1.2106580464041346e-07
1.1507039510367125e-07
1.0970286990214392e-07
1.0487216927793114e-07
1.0050385230161809e-07
9.65365117260444e-08
9.291906985456173e-08
8.96087149226996e-08
8.656930912934737e-08
8.377014811565144e-08
8.118498522949979e-08
7.879125734612669e-08
7.656946559578968e-08
7.450267622164942e-08
7.257611538718003e-08
7.077683804214103e-08
6.909345560378826e-08
6.7515910676316e-08
6.603528963952123e-08
6.46436659162087e-08
6.33339682406413e-08
6.209986941563545e-08
6.093569194986259e-08
5.983632767285614e-08
5.87971689800319e-08
5.781404979870671e-08
5.688319471495892e-08
5.600117498013491e-08
5.51648703400431e-08
5.437143586285254e-08
5.3618272719441904e-08
5.290300311846793e-08
5.2223447779964777e-08
5.157760636589319e-08
5.0963640157329445e-08
5.037985672985082e-08
4.982469636544712e-08
4.929671997774831e-08
4.879459835959465e-08
4.831710258908396e-08
4.786309545310228e-08
4.743152376670004e-08
4.702141148310673e-08
4.66318535031661e-08
4.626201010491727e-08
4.591110192427241e-08
4.557840542651978e-08
4.526324881593627e-08
4.496500833731326e-08
4.4683104928839916e-08
4.4417001190679687e-08
4.416619863782862e-08
4.3930235209550435e-08
4.370868301092218e-08
4.3501146264859964e-08
4.330725945548563e-08
4.31266856458874e-08
4.2959114955263394e-08
4.280426318215006e-08
4.266187056195967e-08
4.253170064840505e-08
4.241353930960224e-08
4.230719383072798e-08
4.2212492116088e-08
4.2129281984338966e-08
4.2057430551412985e-08
4.199682369643131e-08
4.194736560657409e-08
4.190897839750234e-08
4.188160180651841e-08
4.1865192956206e-08
4.185972618682018e-08
4.1865192956206e-08
4.188160180651841e-08
4.190897839750234e-08
4.194736560657409e-08
4.199682369643131e-08
4.2057430551412985e-08
4.2129281984338966e-08
4.2212492116088e-08
4.230719383072798e-08
4.241353930960224e-08
4.253170064840505e-08
4.266187056195967e-08
4.280426318215006e-08
4.2959114955263394e-08
4.31266856458874e-08
4.330725945548563e-08
4.3501146264859964e-08
4.370868301092218e-08
4.3930235209550435e-08
4.416619863782862e-08
4.4417001190679687e-08
4.4683104928839916e-08
4.496500833731326e-08
4.526324881593627e-08
4.557840542651978e-08
4.591110192427241e-08
4.626201010491727e-08
4.66318535031661e-08
4.702141148310673e-08
4.743152376670004e-08
4.786309545310228e-08
4.831710258908396e-08
4.879459835959465e-08
4.929671997774831e-08
4.982469636544712e-08
5.037985672985082e-08
5.0963640157329445e-08
5.157760636589319e-08
5.2223447779964777e-08
5.290300311846793e-08
5.3618272719441904e-08
5.437143586285254e-08
5.51648703400431e-08
5.600117498013491e-08
5.688319471495892e-08
5.781404979870671e-08
5.87971689800319e-08
5.983632767285614e-08
6.093569194986259e-08
6.209986941563545e-08
6.33339682406413e-08
6.46436659162087e-08
6.603528963952123e-08
6.7515910676316e-08
6.909345560378826e-08
7.077683804214103e-08
7.257611538718003e-08
7.450267622164942e-08
7.656946559578968e-08
7.879125734612669e-08
8.118498522949979e-08
8.377014811565144e-08
8.656930912934737e-08
8.96087149226996e-08
9.291906985456173e-08
9.65365117260444e-08
1.0050385230161809e-07
1.0487216927793114e-07
1.0970286990214392e-07
1.1507039510367125e-07
1.2106580464041346e-07
1.278015908791956e-07
1.3541823171478288e-07
1.4409324533246295e-07
1.5405390770339918e-07
1.655954357692282e-07
1.791074985157052e-07
1.9511370944893324e-07
2.1433186600015568e-07
2.377682686086435e-07
2.668697349687101e-07
3.037765910196651e-07
3.5175899221732887e-07
4.1599985491320053e-07
5.050630979776798e-07
6.337855436828854e-07
8.292921820390798e-07
1.1442883394235622e-06
1.6884635265548795e-06
2.708355589743429e-06
4.80751332296867e-06
9.609119184819392e-06
2.1948681391209495e-05
5.790728090039901e-05
0.0001776088889841302
0.0006353507085320809
0.002654408356675457
0.01295780710239804
0.0739203733239554

1.829289106688246e-06
2.0761205210855385e-05
0.0001813420318052877
0.0012190460083760695
0.0063069214104412635
0.02511252864471044
0.07695541315057493
0.1814945574890747
0.32943045164387197
0.4601925463970044
0.49475605962644503
0.40937221895333104
0.2606881650644425
0.12776148954855562
0.04818971092185949
0.013988926194444227
0.003125288686408608
0.0005373677563800256
7.110968769966422e-05
7.242052050081991e-06
5.67636371959465e-07
3.424163491839096e-08
1.5896974320381455e-09
5.6800238073400307e-11
1.5619299139547263e-12
3.305587307617624e-14
5.384079019907557e-16
6.749163068003218e-18
6.511246255376828e-20
4.834527369203573e-22
2.762610314231681e-24
1.214957084681177e-26
4.11223523512554e-29
1.0712002497700122e-31
2.1475292302789942e-34
3.3134712407356486e-37
3.934622130987143e-40
3.595825090805291e-43
2.5291220606228375e-46
1.3690418502592805e-49
5.703472632669185e-53
1.8286799485250324e-56
4.5124431861298765e-60
8.569618612629668e-64
1.2525265623873513e-67
1.408925723751978e-71
1.2197335095920732e-75
8.126761516623612e-80
4.167213761914603e-84
1.644560084255096e-88
4.994930097564131e-93
1.1675750008460761e-97
2.100467004384732e-102
2.9081891042032496e-107
3.098882614101579e-112
2.541343153510259e-117
1.6039735411073215e-122
7.791243758771426e-128
2.912675396074903e-133
8.380174956956069e-139
1.8556231729956708e-144
3.1622936224120367e-150
4.147537297837474e-156
4.1865290728318165e-162
3.2523226665046065e-168
1.944504011909467e-174
8.947459975614406e-181
3.1685924888376714e-187
8.6359220891825e-194
1.8114516474091212e-200
2.9242902727396824e-207
3.6332051109462148e-214
3.4740419347922493e-221
2.5565594703165572e-228
1.4479462686844843e-235
6.311385324979905e-243
2.1172524714662735e-250
5.466335766850493e-258
1.0861646485573193e-265
1.6610041826987095e-273
1.9548862487832767e-281
1.7707121222371685e-289
1.234383569833913e-297
6.622592113967245e-306
2.7345230345e-314
8.4e-323
0.0
0.0
0.0
0.0
0.0
0.0
0.0
0.0
0.0
0.0
0.0
0.0
0.0
0.0
