1.3692272731644517
0.07491336634807559
0.0053617607740404525
0.00043197999899335845
3.820347665043963e-05
3.924210931432616e-06
5.360535123825424e-07
1.1236393792443145e-07
3.59547115297137e-08
1.564947328600396e-08
8.401275733754655e-09
5.211633487123365e-09
3.585422722231068e-09
2.6613495200785586e-09
2.0870830618802537e-09
1.7046318105159348e-09
1.4355982323182771e-09
1.2379029404630459e-09
1.0874241146233503e-09
9.695465471343682e-10
8.749900767988693e-10
7.976222235951244e-10
7.332495670529444e-10
6.789187557920734e-10
6.324957937710279e-10
5.924037742150156e-10
5.574542392395119e-10
5.267357159970887e-10
4.995382129010462e-10
4.753009369674953e-10
4.5357536664789725e-10
4.339986992612544e-10
4.1627444573272057e-10
4.0015803744641745e-10
3.8544600535578097e-10
3.719677432679383e-10
3.5957916625759057e-10
3.4815777653010735e-10
3.3759878681191273e-10
3.2781204698374004e-10
3.1871958697897727e-10
3.102536369423496e-10
3.0235502024417226e-10
2.949718401778045e-10
2.8805839976054775e-10
2.8157430789213345e-10
2.7548373551258734e-10
2.697547932685845e-10
2.6435900820445413e-10
2.592708816159437e-10
2.544675137869494e-10
2.4992828412475864e-10
2.4563457740499157e-10
2.415695485727305e-10
2.3771791992590604e-10
2.340658056099466e-10
2.3060055923919013e-10
2.2731064117672335e-10
2.241855025857002e-10
2.2121548383936744e-10
2.1839172526548516e-10
2.1570608852043597e-10
2.1315108715234255e-10
2.1071982513149183e-10
2.0840594230866214e-10
2.0620356591426705e-10
2.0410726733893838e-10
2.021120235436141e-10
2.002131825378765e-10
1.9840643244206507e-10
1.9668777371388928e-10
1.9505349417580375e-10
1.9350014652684175e-10
1.9202452806323225e-10
1.9062366236702142e-10
1.8929478275196095e-10
1.8803531728186646e-10
1.8684287519909447e-10
1.857152346202597e-10
1.8465033137325418e-10
1.8364624886439109e-10
1.827012088774012e-10
1.8181356321731127e-10
1.8098178612215988e-10
1.8020446737424301e-10
1.7948030605029412e-10
1.7880810485682637e-10
1.781867650029224e-10
1.776152815681452e-10
1.770927393280582e-10
1.7661830900415312e-10
1.7619124390886295e-10
1.7581087695983903e-10
1.7547661804084817e-10
1.75187951689543e-10
1.7494443509501439e-10
1.7474569639048564e-10
1.7459143322878824e-10
1.7448141163038966e-10
1.7441546509575967e-10
1.7439349397578084e-10
1.7441546509575967e-10
1.7448141163038966e-10
1.7459143322878824e-10
1.7474569639048564e-10
1.7494443509501439e-10
1.75187951689543e-10
1.7547661804084817e-10
1.7581087695983903e-10
1.7619124390886295e-10
1.7661830900415312e-10
1.770927393280582e-10
1.776152815681452e-10
1.781867650029224e-10
1.7880810485682637e-10
1.7948030605029412e-10
1.8020446737424301e-10
1.8098178612215988e-10
1.8181356321731127e-10
1.827012088774012e-10
1.8364624886439109e-10
1.8465033137325418e-10
1.857152346202597e-10
1.8684287519909447e-10
1.8803531728186646e-10
1.8929478275196095e-10
1.9062366236702142e-10
1.9202452806323225e-10
1.9350014652684175e-10
1.9505349417580375e-10
1.9668777371388928e-10
1.9840643244206507e-10
2.002131825378765e-10
2.021120235436141e-10
2.0410726733893838e-10
2.0620356591426705e-10
2.0840594230866214e-10
2.1071982513149183e-10
2.1315108715234255e-10
2.1570608852043597e-10
2.1839172526548516e-10
2.2121548383936744e-10
2.241855025857002e-10
2.2731064117672335e-10
2.3060055923919013e-10
2.340658056099466e-10
2.3771791992590604e-10
2.415695485727305e-10
2.4563457740499157e-10
2.4992828412475864e-10
2.544675137869494e-10
2.592708816159437e-10
2.6435900820445413e-10
2.697547932685845e-10
2.7548373551258734e-10
2.8157430789213345e-10
2.8805839976054775e-10
2.949718401778045e-10
3.0235502024417226e-10
3.102536369423496e-10
3.1871958697897727e-10
3.2781204698374004e-10
3.3759878681191273e-10
3.4815777653010735e-10
3.5957916625759057e-10
3.719677432679383e-10
3.8544600535578097e-10
4.0015803744641745e-10
4.1627444573272057e-10
4.339986992612544e-10
4.5357536664789725e-10
4.753009369674953e-10
4.995382129010462e-10
5.267357159970887e-10
5.574542392395119e-10
5.924037742150156e-10
6.324957937710279e-10
6.789187557920734e-10
7.332495670529444e-10
7.976222235951244e-10
8.749900767988693e-10
9.695465471343682e-10
1.0874241146233503e-09
1.2379029404630459e-09
1.4355982323182771e-09
1.7046318105159348e-09
2.0870830618802537e-09
2.6613495200785586e-09
3.585422722231068e-09
5.211633487123365e-09
8.401275733754655e-09
1.564947328600396e-08
3.59547115297137e-08
1.1236393792443145e-07
5.360535123825424e-07
3.924210931432616e-06
3.820347665043963e-05
0.00043197999899335845
0.0053617607740404525
0.07491336634807559

7.763903017943701e-09
6.664681325611468e-08
4.94893129354466e-07
3.178895199168525e-06
1.766337731419547e-05
8.489928477801102e-05
0.00035299379130504635
0.0012695881252494743
0.0039499480734539565
0.010630475010757085
0.024750026496309044
0.061795457320996006
1.3643950943559788
2.1446601907538474
0.21745131808067783
0.19338369393762211
0.19689448347146965
0.21009753566391834
0.2974621574491832
0.475849294336931
0.6026321008954809
0.5146699405006238
0.2832445578609777
0.09930569133678506
0.02218579621162727
0.0031978634240749566
0.00031227025099232725
2.4496434928363615e-05
2.2147659913691276e-06
2.639538263873716e-07
3.253835395120572e-08
3.590480935178544e-09
3.441206484116422e-10
2.8539661808850804e-11
2.047521443230518e-12
1.270694716756814e-13
6.821607875136901e-15
3.1678530578597266e-16
1.2725535162859852e-17
4.422011135917335e-19
1.3292184422401338e-20
3.456253865356856e-22
7.774055918514046e-24
1.5125942172775656e-25
2.5458332894004767e-27
3.706553184349487e-29
4.6681334278765504e-31
5.085680061632817e-33
4.792780721152775e-35
3.907138745676787e-37
2.7552617135032645e-39
1.6807364971779769e-41
8.868887665413821e-44
4.048288241480019e-46
1.598477213628999e-48
5.459768420283964e-51
1.6131499699636918e-53
4.122949508912927e-56
9.115364464649642e-59
1.743302726451739e-61
2.8840602610760176e-64
4.1273243662429154e-67
5.109349627568451e-70
5.471361276509674e-73
5.0682486397723825e-76
4.061188823610672e-79
2.8150181667389235e-82
1.687881570395022e-85
8.754583519927694e-89
3.9279120878595275e-92
1.5244766530598e-95
5.118144533276329e-99
1.4864046797084927e-102
3.734172116720852e-106
8.114921989688701e-110
1.5254821016520742e-113
2.4806336660422758e-117
3.4894011525187604e-121
4.2459210709599423e-125
4.469157733663382e-129
4.0692296360423836e-133
3.205025317309905e-137
2.1836522621871663e-141
1.286969471593484e-145
6.56123752375053e-150
2.8935835353837638e-154
1.1038728171745827e-158
3.6427955981406126e-163
1.0398802190219962e-167
2.5678200204222474e-172
5.485024779679241e-177
1.0135037431692021e-181
1.6199621587734534e-186
2.2398407024741357e-191
2.6789348051718794e-196
2.771659696963917e-201
2.4805638969766855e-206
1.9204087675467934e-211
1.2860850543935165e-216
7.450380483896273e-222
