0.6567144398986136
0.26563364306951553
0.11988009260999567
0.06007493858697067
0.03319100485109136
0.020029286259510212
0.01305904672257896
0.009095523710826097
0.006694026627705169
0.005155305991127739
0.004120167584338195
0.0033938153934642457
0.00286528608328631
0.0024685038433774494
0.002162520912237344
0.0019210367297296158
0.0017266076955974564
0.0015673269606500408
0.0014348547026236805
0.0013232127187620517
0.0012280255343409322
0.0011460300838071152
0.0010747513212961048
0.001012282903110058
0.0009571359316627945
0.0009081327181511893
0.0008643309023265437
0.0008249684107114999
0.0007894229570188434
0.0007571818471463891
0.0007278191902575829
0.0007009785033903918
0.0006763592924552642
0.0006537065985947474
0.0006328027797211629
0.000613460993795096
0.0005955199899246687
0.0005788399134374996
0.0005632989036325841
0.0005487903160603941
0.0005352204404754174
0.0005225066149272272
0.0005105756585235561
0.0004993625621416637
0.0004888093891652214
0.00047886434818269276
0.0004694810072287701
0.00046061762511887796
0.0004522365801152896
0.00044430387986859997
0.0004367887395231322
0.00042966321722816595
0.0004229018981872951
0.00041648161990437275
0.00041038123252248084
0.00040458138916116694
0.0003990643619828732
0.000393813880398105
0.00038881498837893953
0.00038405391831442155
0.00037951797922721966
0.00037519545749287956
0.00037107552847265746
0.0003671481776974696
0.0003634041304314814
0.0003598347886053453
0.0003564321742460631
0.0003531888786469503
0.0003500980166205564
0.00034715318526239766
0.00034434842672624805
0.0003416781945744217
0.00033913732332049607
0.0003367210008286147
0.0003344247432739369
0.0003322443724039083
0.0003301759948705703
0.00032821598343076675
0.00032636095983438774
0.00032460777924119276
0.00032295351602466154
0.0003213954508370769
0.00031993105882394406
0.0003185579988881307
0.0003172741039149936
0.000316077371879429
0.00031496595776437774
0.00031393816622801116
0.00031299244496369366
0.0003121273787029985
0.0003113416838176183
0.00031063420348104994
0.0003100039033554965
0.00030944986777360693
0.00030897129638848765
0.00030856750126894805
0.00030823790442020127
0.00030798203571329294
0.000307799531209396
0.00030769013186782336
0.00030765368262921023
0.00030769013186782336
0.000307799531209396
0.00030798203571329294
0.00030823790442020127
0.00030856750126894805
0.00030897129638848765
0.00030944986777360693
0.0003100039033554965
0.00031063420348104994
0.0003113416838176183
0.0003121273787029985
0.00031299244496369366
0.00031393816622801116
0.00031496595776437774
0.000316077371879429
0.0003172741039149936
0.0003185579988881307
0.00031993105882394406
0.0003213954508370769
0.00032295351602466154
0.00032460777924119276
0.00032636095983438774
0.00032821598343076675
0.0003301759948705703
0.0003322443724039083
0.0003344247432739369
0.0003367210008286147
0.00033913732332049607
0.0003416781945744217
0.00034434842672624805
0.00034715318526239766
0.0003500980166205564
0.0003531888786469503
0.0003564321742460631
0.0003598347886053453
0.0003634041304314814
0.0003671481776974696
0.00037107552847265746
0.00037519545749287956
0.00037951797922721966
0.00038405391831442155
0.00038881498837893953
0.000393813880398105
0.0003990643619828732
0.00040458138916116694
0.00041038123252248084
0.00041648161990437275
0.0004229018981872951
0.00042966321722816595
0.0004367887395231322
0.00044430387986859997
0.0004522365801152896
0.00046061762511887796
0.0004694810072287701
0.00047886434818269276
0.0004888093891652214
0.0004993625621416637
0.0005105756585235561
0.0005225066149272272
0.0005352204404754174
0.0005487903160603941
0.0005632989036325841
0.0005788399134374996
0.0005955199899246687
0.000613460993795096
0.0006328027797211629
0.0006537065985947474
0.0006763592924552642
0.0007009785033903918
0.0007278191902575829
0.0007571818471463891
0.0007894229570188434
0.0008249684107114999
0.0008643309023265437
0.0009081327181511893
0.0009571359316627945
0.001012282903110058
0.0010747513212961048
0.0011460300838071152
0.0012280255343409322
0.0013232127187620517
0.0014348547026236805
0.0015673269606500408
0.0017266076955974564
0.0019210367297296158
0.002162520912237344
0.0024685038433774494
0.00286528608328631
0.0033938153934642457
0.004120167584338195
0.005155305991127739
0.006694026627705169
0.009095523710826097
0.01305904672257896
0.020029286259510212
0.03319100485109136
0.06007493858697067
0.11988009260999567
0.26563364306951553

0.01411148410835679
0.06392405733986674
0.20286203309659132
0.4510056836134292
0.7024380944483628
0.7664412970634994
0.5858609320474611
0.31372922677096693
0.1176955980352943
0.03093216091344107
0.005695149139603043
0.0007345895435601706
6.637876725516329e-05
4.202022980536934e-06
1.8635131581298474e-07
5.789636585223805e-09
1.2601288198820485e-10
1.9214247671343388e-12
2.0524690861010656e-14
1.5359414638119892e-16
8.052254719695367e-19
2.9573664693214982e-21
7.60917521030633e-24
1.3715600417049312e-26
1.7319560365187436e-29
1.5321585301741745e-32
9.495445445886442e-36
4.122605539089083e-39
1.253929217341884e-42
2.6718929937428312e-46
3.9885027920363383e-50
4.1710513795776843e-54
3.0558074029666677e-58
1.5683797189331174e-62
5.6392488111446294e-67
1.4204831798380649e-71
2.5066617518359603e-76
3.0988472770157883e-81
2.6837954467333543e-86
1.628333846977803e-91
6.921214179393343e-97
2.060942747188046e-102
4.2992664895919315e-108
6.2830078734219906e-114
6.432586606874028e-120
4.6136907433335097e-126
2.3182278471530002e-132
8.16034568209602e-139
2.0123605472746163e-145
3.476544815442173e-152
4.2076021653679033e-159
3.567519105756705e-166
2.119057519296786e-173
8.817875908669943e-181
2.5705734658396692e-188
5.249777022911212e-196
7.510978089229553e-204
7.528300261714716e-212
5.286182705779347e-220
2.6003523943719875e-228
8.961218023456636e-237
2.1634490938349335e-245
3.659073367655131e-254
4.3355116183364335e-263
3.598772483233201e-272
2.0927301334826775e-281
8.525441219726413e-291
2.4331299295565702e-300
4.86472771653983e-310
6.8137e-320
0.0
0.0
0.0
0.0
0.0
0.0
0.0
0.0
0.0
0.0
0.0
0.0
0.0
0.0
0.0
0.0
0.0
0.0
0.0
0.0
0.0
0.0
0.0
0.0
0.0
0.0
0.0
0.0
0.0
0.0
