0.15457031784404773
0.008478516508715844
0.0005412036172731004
4.0202083532169624e-05
3.4752294392295467e-06
3.49595162586506e-07
4.092554378961807e-08
5.582995315443764e-09
8.84673412103345e-10
1.6308008177085365e-10
3.5001513584501644e-11
8.742979276384995e-12
2.5395439262876247e-12
8.56472662183895e-13
3.3424712759415146e-13
1.4995594738838866e-13
7.652154645335461e-14
4.377948534146275e-14
2.7612199776979275e-14
1.8875384357417877e-14
1.3766788296722856e-14
1.0571036556961433e-14
8.454070421072987e-15
6.982404351030005e-15
5.9170008042592726e-15
5.1189596372253e-15
4.5037521175148715e-15
4.017800212731952e-15
3.625903185529913e-15
3.3041902161333483e-15
3.0360140769260034e-15
2.809473401614093e-15
2.6158697954629076e-15
2.4487193577194783e-15
2.303102894621188e-15
2.175228696792425e-15
2.062132045380738e-15
1.9614646651379154e-15
1.871344578511059e-15
1.79024729250182e-15
1.7169257645509126e-15
1.650350729288878e-15
1.589665644460167e-15
1.5341522777153836e-15
1.4832041372224517e-15
1.4363057526662213e-15
1.3930163678461013e-15
1.3529569940652136e-15
1.315800048344498e-15
1.2812609974946395e-15
1.2490915718541961e-15
1.2190742170602082e-15
1.1910175295406731e-15
1.1647524791303737e-15
1.140129265663057e-15
1.117014689377944e-15
1.0952899402139187e-15
1.0748487305141515e-15
1.0555957107593502e-15
1.0374451197420788e-15
1.0203196298680654e-15
1.0041493556059279e-15
9.888709989426344e-16
9.744271103703657e-16
9.607654476844004e-16
9.47838417905424e-16
9.35602590103183e-16
9.240182689080604e-16
9.13049120143725e-16
9.02661841368866e-16
8.928258712353036e-16
8.835131324980966e-16
8.746978042860712e-16
8.663561198868941e-16
8.584661868421831e-16
8.510078266035797e-16
8.439624313851142e-16
8.373128361726758e-16
8.310432041278332e-16
8.251389238587648e-16
8.195865172322902e-16
8.143735565734113e-16
8.094885902470014e-16
8.049210757439862e-16
8.006613195047902e-16
7.967004228085393e-16
7.930302331397371e-16
7.896433005167412e-16
7.865328383298927e-16
7.8369268829293195e-16
7.811172891605075e-16
7.788016489080863e-16
7.767413201092394e-16
7.749323782798184e-16
7.733714029895492e-16
7.720554615695928e-16
7.709820952701245e-16
7.701493077453655e-16
7.695555557651228e-16
7.691997420720973e-16
7.690812103232969e-16
7.691997420720973e-16
7.695555557651228e-16
7.701493077453655e-16
7.709820952701245e-16
7.720554615695928e-16
7.733714029895492e-16
7.749323782798184e-16
7.767413201092394e-16
7.788016489080863e-16
7.811172891605075e-16
7.8369268829293195e-16
7.865328383298927e-16
7.896433005167412e-16
7.930302331397371e-16
7.967004228085393e-16
8.006613195047902e-16
8.049210757439862e-16
8.094885902470014e-16
8.143735565734113e-16
8.195865172322902e-16
8.251389238587648e-16
8.310432041278332e-16
8.373128361726758e-16
8.439624313851142e-16
8.510078266035797e-16
8.584661868421831e-16
8.663561198868941e-16
8.746978042860712e-16
8.835131324980966e-16
8.928258712353036e-16
9.02661841368866e-16
9.13049120143725e-16
9.240182689080604e-16
9.35602590103183e-16
9.47838417905424e-16
9.607654476844004e-16
9.744271103703657e-16
9.888709989426344e-16
1.0041493556059279e-15
1.0203196298680654e-15
1.0374451197420788e-15
1.0555957107593502e-15
1.0748487305141515e-15
1.0952899402139187e-15
1.117014689377944e-15
1.140129265663057e-15
1.1647524791303737e-15
1.1910175295406731e-15
1.2190742170602082e-15
1.2490915718541961e-15
1.2812609974946395e-15
1.315800048344498e-15
1.3529569940652136e-15
1.3930163678461013e-15
1.4363057526662213e-15
1.4832041372224517e-15
1.5341522777153836e-15
1.589665644460167e-15
1.650350729288878e-15
1.7169257645509126e-15
1.79024729250182e-15
1.871344578511059e-15
1.9614646651379154e-15
2.062132045380738e-15
2.175228696792425e-15
2.303102894621188e-15
2.4487193577194783e-15
2.6158697954629076e-15
2.809473401614093e-15
3.0360140769260034e-15
3.3041902161333483e-15
3.625903185529913e-15
4.017800212731952e-15
4.5037521175148715e-15
5.1189596372253e-15
5.9170008042592726e-15
6.982404351030005e-15
8.454070421072987e-15
1.0571036556961433e-14
1.3766788296722856e-14
1.8875384357417877e-14
2.7612199776979275e-14
4.377948534146275e-14
7.652154645335461e-14
1.4995594738838866e-13
3.3424712759415146e-13
8.56472662183895e-13
2.5395439262876247e-12
8.742979276384995e-12
3.5001513584501644e-11
1.6308008177085365e-10
8.84673412103345e-10
5.582995315443764e-09
4.092554378961807e-08
3.49595162586506e-07
3.4752294392295467e-06
4.0202083532169624e-05
0.0005412036172731004
0.008478516508715844

3.093029902918507e-14
1.4313012478949298e-12
5.060296826827188e-11
1.3668439859139288e-09
2.8207195677941833e-08
4.447325203614498e-07
5.357175517047277e-06
4.9302719395333163e-05
0.0003466601212916024
0.0018622368069953787
0.007643001398659322
0.02396574771407286
0.05741376649412451
0.10508460724891257
0.14694681704762508
0.15699263281548706
0.12814343852144255
0.07991190527475041
0.0380736583540498
0.013859122804977331
0.003854294442925686
0.0008189399279631111
0.00013294047137347282
1.6487712047522158e-05
1.562289755718761e-06
1.1309952664651047e-07
6.255441987819787e-09
2.643341203926234e-10
8.533878628171127e-12
2.1049302495936584e-13
3.966678187850954e-15
5.711027325332021e-17
6.282022961470936e-19
5.2793786537076846e-21
3.389722265235874e-23
1.6628130767288962e-25
6.231904045447461e-28
1.784415946017662e-30
3.9036371700777055e-33
6.524403395345919e-36
8.331250191708491e-39
8.127885177980837e-42
6.058190896206344e-45
3.4498988318736827e-48
1.5009553614021434e-51
4.9891573904741924e-55
1.2670234244153722e-58
2.458329511968712e-62
3.6441274438822905e-66
4.127100363298113e-70
3.5710383556188165e-74
2.360706581384395e-78
1.1923054195583158e-82
4.600775443265425e-87
1.356352481716608e-91
3.0550062809050964e-96
5.2571414191352986e-101
6.911705476073442e-106
6.942546520634097e-111
5.327830317637411e-116
3.1237767086632942e-121
1.3992895515923185e-126
4.788871805529591e-132
1.25215139858442e-137
2.5013731610174635e-143
3.817667842298934e-149
4.4515966312191765e-155
3.965806148221176e-161
2.6992628010728563e-167
1.4036436616568768e-173
5.576562569914027e-180
1.6926778113089115e-186
3.925364896281192e-193
6.954786120767401e-200
9.414245825712179e-207
9.736106177311383e-214
7.692775876186453e-221
4.643857336285521e-228
2.1417692067382232e-235
7.546828526556471e-243
2.0316753240435817e-250
4.178709116796897e-258
6.56640985677517e-266
7.883368796578171e-274
7.230922596925933e-282
5.067264716095666e-290
2.7130105578545574e-298
1.1097557051730067e-306
3.46817737e-315
5e-324
0.0
0.0
0.0
0.0
0.0
0.0
0.0
0.0
0.0
0.0
