0.19523141035158245
0.006850546901030839
0.00037761136843901836
3.268512474117812e-05
4.429933545570026e-06
9.27305786146332e-07
2.8802623126872793e-07
1.234861577543001e-07
6.705994422290248e-08
4.278427027946937e-08
3.0407377656807916e-08
2.3243441511876793e-08
1.868958208879559e-08
1.5584365963159132e-08
1.3350556520830839e-08
1.1675348516520693e-08
1.0376943266915648e-08
9.343456412762222e-09
8.502691708419742e-09
7.806179970943694e-09
7.220272611293143e-09
6.7209317126713945e-09
6.290556050696151e-09
5.915977998525417e-09
5.587159747454302e-09
5.2963213125529255e-09
5.037343100327515e-09
4.805347698293086e-09
4.596401428880724e-09
4.407297642204591e-09
4.235396869786878e-09
4.07850722414041e-09
3.934793737403702e-09
3.80270881154234e-09
3.6809382754316305e-09
3.5683591212440628e-09
3.4640060801668657e-09
3.3670449583737474e-09
3.27675119365692e-09
3.1924924803935038e-09
3.1137145917512944e-09
3.0399297344816068e-09
2.9707069247276874e-09
2.905663987868873e-09
2.8444608719670163e-09
2.786794030296056e-09
2.7323916790343344e-09
2.681009775331667e-09
2.632428591441777e-09
2.586449784508284e-09
2.5428938804491198e-09
2.5015981053529996e-09
2.4624145097523363e-09
2.4252083407302787e-09
2.389856624560524e-09
2.3562469288559015e-09
2.3242762783163526e-09
2.2938502023530513e-09
2.2648818963065243e-09
2.237291480817072e-09
2.2110053462597564e-09
2.185955571114503e-09
2.1620794047770105e-09
2.1393188066862316e-09
2.117620034796167e-09
2.096933277391434e-09
2.0772123230683236e-09
2.0584142644010245e-09
2.040499231406827e-09
2.0234301514313595e-09
2.00717253250918e-09
1.9916942676277543e-09
1.976965457643676e-09
1.9629582508767534e-09
1.949646697646976e-09
1.9370066182269586e-09
1.9250154828628156e-09
1.9136523026735915e-09
1.9028975303765348e-09
1.8927329699055816e-09
1.8831416940956984e-09
1.874107969698323e-09
1.8656171890746596e-09
1.8576558079856538e-09
1.8502112889612064e-09
1.84327204978777e-09
1.8368274167038267e-09
1.8308675819376459e-09
1.8253835652619119e-09
1.8203671792758673e-09
1.81581099815811e-09
1.8117083296625074e-09
1.8080531901563763e-09
1.8048402825242944e-09
1.802064976783222e-09
1.79972329327505e-09
1.7978118883217177e-09
1.7963280422457266e-09
1.7952696496755662e-09
1.7946352120713232e-09
1.7944238324208363e-09
1.7946352120713232e-09
1.7952696496755662e-09
1.7963280422457266e-09
1.7978118883217177e-09
1.79972329327505e-09
1.802064976783222e-09
1.8048402825242944e-09
1.8080531901563763e-09
1.8117083296625074e-09
1.81581099815811e-09
1.8203671792758673e-09
1.8253835652619119e-09
1.8308675819376459e-09
1.8368274167038267e-09
1.84327204978777e-09
1.8502112889612064e-09
1.8576558079856538e-09
1.8656171890746596e-09
1.874107969698323e-09
1.8831416940956984e-09
1.8927329699055816e-09
1.9028975303765348e-09
1.9136523026735915e-09
1.9250154828628156e-09
1.9370066182269586e-09
1.949646697646976e-09
1.9629582508767534e-09
1.976965457643676e-09
1.9916942676277543e-09
2.00717253250918e-09
2.0234301514313595e-09
2.040499231406827e-09
2.0584142644010245e-09
2.0772123230683236e-09
2.096933277391434e-09
2.117620034796167e-09
2.1393188066862316e-09
2.1620794047770105e-09
2.185955571114503e-09
2.2110053462597564e-09
2.237291480817072e-09
2.2648818963065243e-09
2.2938502023530513e-09
2.3242762783163526e-09
2.3562469288559015e-09
2.389856624560524e-09
2.4252083407302787e-09
2.4624145097523363e-09
2.5015981053529996e-09
2.5428938804491198e-09
2.586449784508284e-09
2.632428591441777e-09
2.681009775331667e-09
2.7323916790343344e-09
2.786794030296056e-09
2.8444608719670163e-09
2.905663987868873e-09
2.9707069247276874e-09
3.0399297344816068e-09
3.1137145917512944e-09
3.1924924803935038e-09
3.27675119365692e-09
3.3670449583737474e-09
3.4640060801668657e-09
3.5683591212440628e-09
3.6809382754316305e-09
3.80270881154234e-09
3.934793737403702e-09
4.07850722414041e-09
4.235396869786878e-09
4.407297642204591e-09
4.596401428880724e-09
4.805347698293086e-09
5.037343100327515e-09
5.2963213125529255e-09
5.587159747454302e-09
5.915977998525417e-09
6.290556050696151e-09
6.7209317126713945e-09
7.220272611293143e-09
7.806179970943694e-09
8.502691708419742e-09
9.343456412762222e-09
1.0376943266915648e-08
1.1675348516520693e-08
1.3350556520830839e-08
1.5584365963159132e-08
1.868958208879559e-08
2.3243441511876793e-08
3.0407377656807916e-08
4.278427027946937e-08
6.705994422290248e-08
1.234861577543001e-07
2.8802623126872793e-07
9.27305786146332e-07
4.429933545570026e-06
3.268512474117812e-05
0.00037761136843901836
0.006850546901030839

8.263985011597668e-08
3.909686520975739e-07
1.6898656331585642e-06
6.67298626786779e-06
2.4073880979148097e-05
7.934687141754805e-05
0.00023893035404337013
0.0006573106459717796
0.0016520676476303449
0.003793523749481364
0.007958213915101296
0.015252682521054016
0.026707588318167476
0.04272488833578118
0.06244318116056063
0.08337712664192234
0.10171070138441494
0.11335591701388521
0.1154195988637951
0.10736747683427146
0.09124808406568122
0.07084881358910204
0.05025730895265481
0.0325704455301444
0.01928439368011038
0.010431484061627687
0.005155182321868629
0.0023275540810641614
0.0009600931087037257
0.00036181348131661704
0.0001245701414960309
3.9183298374517314e-05
1.1260193284336145e-05
2.9563001133770904e-06
7.091024979881559e-07
1.5539152581361452e-07
3.111024759548729e-08
5.6903296237445e-09
9.50887639457691e-10
1.4517064291972826e-10
2.0248190537106563e-11
2.5801886364932054e-12
3.003824243297678e-13
3.194886237344334e-14
3.1045174090009426e-15
2.756072394761775e-16
2.2353470706617102e-17
1.6563691231468994e-18
1.1213136512552335e-19
6.935134901609193e-21
3.9186866542354553e-22
2.0229445696600277e-23
9.540810029816899e-25
4.1109702581636073e-26
1.6183082255968092e-27
5.820174005957433e-29
1.9123550054778754e-30
5.740621133239394e-32
1.5743709751107032e-33
3.9446918631227607e-35
9.029774701375099e-37
1.8884198870885838e-38
3.6080956059538648e-40
6.298183775138716e-42
1.004408643425083e-43
1.4634010911815738e-45
1.9479335077747436e-47
2.3688780433638e-49
2.6318982630527873e-51
2.6714885241087537e-53
2.477395526099677e-55
2.0989167124421968e-57
1.624624067958519e-59
1.148863364231116e-61
7.422354602924921e-64
4.380995810381543e-66
2.3624454942579916e-68
1.1638809971319607e-70
5.2385751458063767e-73
2.1541483041484945e-75
8.09274472164037e-78
2.777626862419797e-80
8.709832167928008e-83
2.4951892466615302e-85
6.530629025699576e-88
1.5615804344651877e-90
3.411391195368959e-93
6.808579456878702e-96
1.2414788250707639e-98
2.0681400435505165e-101
3.1475916979430803e-104
4.376577862860568e-107
5.559666591286865e-110
6.452390712444993e-113
6.841485129257013e-116
6.627319951119405e-119
5.865206522375518e-122
4.742272442656839e-125
3.503059490107615e-128
2.364102735462882e-131
