0.12131858574207796
0.0015632044195024964
2.5241681214535303e-05
5.107811352364631e-07
1.2952854681486785e-08
3.915436787468464e-10
1.5822043591601254e-11
8.173797214716466e-13
5.1711403084605636e-14
4.0284586130177845e-15
3.935695430571979e-16
4.8436865079424434e-17
7.500166364586038e-18
1.4453280712097066e-18
3.493030244821947e-19
1.0516031746439167e-19
3.903720630235746e-20
1.753520347206647e-20
9.278338963715749e-21
5.607482317786888e-21
3.757234225875595e-21
2.722302062836592e-21
2.091676977546287e-21
1.6798339068988994e-21
1.3953683149233475e-21
1.1897534719851745e-21
1.0355245652379362e-21
9.162623849315359e-22
8.216792377077022e-22
7.450635443416741e-22
6.818812542719035e-22
6.2897513778319e-22
5.8408778305224425e-22
5.455672524066274e-22
5.121796802710029e-22
4.829865819898155e-22
4.5726249596161175e-22
4.344384440732592e-22
4.1406232193476887e-22
3.9577063554032483e-22
3.79267994887896e-22
3.643120075971778e-22
3.507019945953347e-22
3.382704525240109e-22
3.268765179281111e-22
3.1640090931440116e-22
3.067419734253737e-22
2.978125657575101e-22
2.8953756789907536e-22
2.8185189568257177e-22
2.7469888903560478e-22
2.680290011781754e-22
2.617987244395215e-22
2.5596970450147404e-22
2.5050800573964865e-22
2.4538349852683703e-22
2.405693455929943e-22
2.360415693108054e-22
2.317786854622237e-22
2.2776139190765466e-22
2.239723028229721e-22
2.203957209367511e-22
2.170174416005201e-22
2.1382458364095845e-22
2.1080544283739532e-22
2.0794936458847086e-22
2.0524663291511965e-22
2.0268837342151449e-22
2.0026646822332402e-22
1.9797348117085117e-22
1.9580259195687734e-22
1.9374753791605867e-22
1.918025625030019e-22
1.8996236958646607e-22
1.8822208282292737e-22
1.8657720947837503e-22
1.850236081562043e-22
1.8355745996430474e-22
1.8217524271824012e-22
1.808737078316817e-22
1.7964985959155826e-22
1.7850093655501005e-22
1.7742439483923944e-22
1.7641789310462585e-22
1.7547927905674496e-22
1.746065773148177e-22
1.7379797851311998e-22
1.7305182951844646e-22
1.723666246611983e-22
1.7174099789036068e-22
1.7117371577381953e-22
1.7066367127534647e-22
1.702098782483608e-22
1.6981146659440402e-22
1.694676780412925e-22
1.6917786250225346e-22
1.6894147498311957e-22
1.6875807300993773e-22
1.6862731455423475e-22
1.6854895643773895e-22
1.685228532026607e-22
1.6854895643773895e-22
1.6862731455423475e-22
1.6875807300993773e-22
1.6894147498311957e-22
1.6917786250225346e-22
1.694676780412925e-22
1.6981146659440402e-22
1.702098782483608e-22
1.7066367127534647e-22
1.7117371577381953e-22
1.7174099789036068e-22
1.723666246611983e-22
1.7305182951844646e-22
1.7379797851311998e-22
1.746065773148177e-22
1.7547927905674496e-22
1.7641789310462585e-22
1.7742439483923944e-22
1.7850093655501005e-22
1.7964985959155826e-22
1.808737078316817e-22
1.8217524271824012e-22
1.8355745996430474e-22
1.850236081562043e-22
1.8657720947837503e-22
1.8822208282292737e-22
1.8996236958646607e-22
1.918025625030019e-22
1.9374753791605867e-22
1.9580259195687734e-22
1.9797348117085117e-22
2.0026646822332402e-22
2.0268837342151449e-22
2.0524663291511965e-22
2.0794936458847086e-22
2.1080544283739532e-22
2.1382458364095845e-22
2.170174416005201e-22
2.203957209367511e-22
2.239723028229721e-22
2.2776139190765466e-22
2.317786854622237e-22
2.360415693108054e-22
2.405693455929943e-22
2.4538349852683703e-22
2.5050800573964865e-22
2.5596970450147404e-22
2.617987244395215e-22
2.680290011781754e-22
2.7469888903560478e-22
2.8185189568257177e-22
2.8953756789907536e-22
2.978125657575101e-22
3.067419734253737e-22
3.1640090931440116e-22
3.268765179281111e-22
3.382704525240109e-22
3.507019945953347e-22
3.643120075971778e-22
3.79267994887896e-22
3.9577063554032483e-22
4.1406232193476887e-22
4.344384440732592e-22
4.5726249596161175e-22
4.829865819898155e-22
5.121796802710029e-22
5.455672524066274e-22
5.8408778305224425e-22
6.2897513778319e-22
6.818812542719035e-22
7.450635443416741e-22
8.216792377077022e-22
9.162623849315359e-22
1.0355245652379362e-21
1.1897534719851745e-21
1.3953683149233475e-21
1.6798339068988994e-21
2.091676977546287e-21
2.722302062836592e-21
3.757234225875595e-21
5.607482317786888e-21
9.278338963715749e-21
1.753520347206647e-20
3.903720630235746e-20
1.0516031746439167e-19
3.493030244821947e-19
1.4453280712097066e-18
7.500166364586038e-18
4.8436865079424434e-17
3.935695430571979e-16
4.0284586130177845e-15
5.1711403084605636e-14
8.173797214716466e-13
1.5822043591601254e-11
3.915436787468464e-10
1.2952854681486785e-08
5.107811352364631e-07
2.5241681214535303e-05
0.0015632044195024964

6.763927166935301e-21
3.3615018669229796e-19
1.3942209505965712e-17
4.826070541472009e-16
1.394182220806263e-14
3.3613151125149513e-13
6.763363501175601e-12
1.1357429359578264e-10
1.591699839646177e-09
1.86168463402347e-08
1.817250802303221e-07
1.4804285020064594e-06
1.0065232696067772e-05
5.7111558947869e-05
0.00027045064643921844
0.001068847746778205
0.003525392544066433
0.009704271327573987
0.022293702081716667
0.042743026417141436
0.06839307942237495
0.09133197753909054
0.10178818661571766
0.09467508570892295
0.07349162494111919
0.047610616645577385
0.025741483755466334
0.011615212499477626
0.004374058189664457
0.0013746931431788635
0.0003605709964037087
7.892955004467372e-05
1.4419568930106418e-05
2.1985114979994547e-06
2.7974930647510483e-07
2.970797906740409e-08
2.6329403087389253e-09
1.9474787649770285e-10
1.2021765765931729e-11
6.193378273147634e-13
2.662874899880128e-14
9.555154975338668e-16
2.8614655385488484e-17
7.151598391464489e-19
1.4917001367256404e-20
2.596711817910854e-22
3.772504728729592e-24
4.574036697239758e-26
4.628425842885131e-28
3.908686046590686e-30
2.754812725553955e-32
1.6203811634566477e-34
7.954375795258296e-37
3.258808475862392e-39
1.1142313739919457e-41
3.179477398522615e-44
7.571813610406372e-47
1.5049008959315804e-49
2.4962018469894955e-52
3.455535134570123e-55
3.992222512702846e-58
3.8492664913091415e-61
3.0974551896545777e-64
2.080155966339968e-67
1.1658712121996939e-70
5.453421577904313e-74
2.1288809661292047e-77
6.935814979178961e-81
1.8858512458168291e-84
4.2793832269268405e-88
8.104360303982044e-92
1.280914419532592e-95
1.6896054511498076e-99
1.8600058186660967e-103
1.7088624902435632e-107
1.310278891796087e-111
8.384635466518577e-116
4.477838647189368e-120
1.995797656106487e-124
7.423836346849731e-129
2.3046452484336043e-133
5.970952173997877e-138
1.2910614516940025e-142
2.3297753679250437e-147
3.5086899891694876e-152
4.41001188260759e-157
4.625922312602099e-162
4.0496801539013675e-167
2.958740836672527e-172
1.8040847753156832e-177
9.180593764042759e-183
3.8989567075758014e-188
1.3819421678346483e-193
4.0878517581312684e-199
1.0091697427322457e-204
2.0792040719441253e-210
3.5751463671105435e-216
5.130436888888329e-222
6.144388759719599e-228
6.141392239277407e-234
