0.3647075854619116
0.023376122347242366
0.002058720526506263
0.00024908105569153196
4.135399623775119e-05
9.376191797206197e-06
2.8609927236707385e-06
1.1392443182828267e-06
5.653554600417776e-07
3.3213996013118504e-07
2.2065724228513984e-07
1.600275630460173e-07
1.2355972949552933e-07
9.98396010566864e-08
8.344036965873928e-08
7.154463466456084e-08
6.257887735103288e-08
5.560913683045508e-08
5.005204831148297e-08
4.552720268483522e-08
4.177728532134584e-08
3.862269551929245e-08
3.5934631176133754e-08
3.3618516734382114e-08
3.160345865834475e-08
2.983533846731264e-08
2.8272170838660915e-08
2.6880908335689243e-08
2.5635202886263297e-08
2.4513799724659254e-08
2.349937133067563e-08
2.257765564086804e-08
2.1736810518016863e-08
2.096692399730446e-08
2.025963833565703e-08
1.9607858286308717e-08
1.9005522459481368e-08
1.8447422462754433e-08
1.7929058603024024e-08
1.744652383519318e-08
1.6996409729601216e-08
1.65757297473481e-08
1.6181856227392228e-08
1.581246831651966e-08
1.5465508692908576e-08
1.513914740223205e-08
1.4831751481992467e-08
1.4541859323728765e-08
1.4268158934661617e-08
1.400946942543287e-08
1.3764725180058721e-08
1.3532962266380244e-08
1.3313306726399496e-08
1.3104964450642655e-08
1.2907212392671356e-08
1.2719390921804519e-08
1.2540897146122631e-08
1.2371179065534064e-08
1.2209730437358745e-08
1.2056086255522465e-08
1.1909818759837732e-08
1.1770533904593644e-08
1.1637868226279597e-08
1.151148605911912e-08
1.1391077054505828e-08
1.1276353966667407e-08
1.116705067214136e-08
1.1062920395094542e-08
1.096373411429387e-08
1.0869279130748673e-08
1.0779357777788055e-08
1.0693786257684356e-08
1.0612393590948769e-08
1.0535020666158989e-08
1.0461519379674623e-08
1.0391751855889659e-08
1.0325589739792768e-08
1.02629135545809e-08
1.0203612117920423e-08
1.014758201119133e-08
1.0094727096698662e-08
1.0044958078404183e-08
9.998192102231639e-09
9.954352392439618e-09
9.913367920945663e-09
9.875173106829956e-09
9.839707543553303e-09
9.80691575169674e-09
9.77674695527356e-09
9.749154879882723e-09
9.724097571168596e-09
9.70153723222884e-09
9.681440078772495e-09
9.66377621097601e-09
9.648519501118403e-09
9.635647496199161e-09
9.62514133485605e-09
9.616985678005621e-09
9.61116865272839e-09
9.60768180901456e-09
9.606520089075727e-09
9.60768180901456e-09
9.61116865272839e-09
9.616985678005621e-09
9.62514133485605e-09
9.635647496199161e-09
9.648519501118403e-09
9.66377621097601e-09
9.681440078772495e-09
9.70153723222884e-09
9.724097571168596e-09
9.749154879882723e-09
9.77674695527356e-09
9.80691575169674e-09
9.839707543553303e-09
9.875173106829956e-09
9.913367920945663e-09
9.954352392439618e-09
9.998192102231639e-09
1.0044958078404183e-08
1.0094727096698662e-08
1.014758201119133e-08
1.0203612117920423e-08
1.02629135545809e-08
1.0325589739792768e-08
1.0391751855889659e-08
1.0461519379674623e-08
1.0535020666158989e-08
1.0612393590948769e-08
1.0693786257684356e-08
1.0779357777788055e-08
1.0869279130748673e-08
1.096373411429387e-08
1.1062920395094542e-08
1.116705067214136e-08
1.1276353966667407e-08
1.1391077054505828e-08
1.151148605911912e-08
1.1637868226279597e-08
1.1770533904593644e-08
1.1909818759837732e-08
1.2056086255522465e-08
1.2209730437358745e-08
1.2371179065534064e-08
1.2540897146122631e-08
1.2719390921804519e-08
1.2907212392671356e-08
1.3104964450642655e-08
1.3313306726399496e-08
1.3532962266380244e-08
1.3764725180058721e-08
1.400946942543287e-08
1.4268158934661617e-08
1.4541859323728765e-08
1.4831751481992467e-08
1.513914740223205e-08
1.5465508692908576e-08
1.581246831651966e-08
1.6181856227392228e-08
1.65757297473481e-08
1.6996409729601216e-08
1.744652383519318e-08
1.7929058603024024e-08
1.8447422462754433e-08
1.9005522459481368e-08
1.9607858286308717e-08
2.025963833565703e-08
2.096692399730446e-08
2.1736810518016863e-08
2.257765564086804e-08
2.349937133067563e-08
2.4513799724659254e-08
2.5635202886263297e-08
2.6880908335689243e-08
2.8272170838660915e-08
2.983533846731264e-08
3.160345865834475e-08
3.3618516734382114e-08
3.5934631176133754e-08
3.862269551929245e-08
4.177728532134584e-08
4.552720268483522e-08
5.005204831148297e-08
5.560913683045508e-08
6.257887735103288e-08
7.154463466456084e-08
8.344036965873928e-08
9.98396010566864e-08
1.2355972949552933e-07
1.600275630460173e-07
2.2065724228513984e-07
3.3213996013118504e-07
5.653554600417776e-07
1.1392443182828267e-06
2.8609927236707385e-06
9.376191797206197e-06
4.135399623775119e-05
0.00024908105569153196
0.002058720526506263
0.023376122347242366

4.3656298005448047e-07
2.5975833917641443e-06
1.3592987605077003e-05
6.255804547017672e-05
0.00025320615034045115
0.0009013389896330652
0.002821791324938729
0.007769345924162475
0.018813381035678086
0.04006563895000063
0.07504126095914852
0.12360925862791936
0.17907077314925343
0.22815040511226437
0.255646945629399
0.2519316905048159
0.21834729796724267
0.16643155522859177
0.11156972164340832
0.06577787756480703
0.03410642434788498
0.015553042357525438
0.006237597495634244
0.0022000987152551313
0.0006824798233071368
0.00018619169008558082
4.467387247915342e-05
9.426918117010548e-06
1.7494788554309505e-06
2.855423237370732e-07
4.0987847300210834e-08
5.174430500691063e-09
5.745037069503683e-10
5.60978143556738e-11
4.8175016826664115e-12
3.638485408807066e-13
2.4168084391250312e-14
1.4118437914882537e-15
7.2536049068448e-17
3.2775096053113047e-18
1.302437458817492e-19
4.5518989452531906e-21
1.3991077879773973e-22
3.7820961432937255e-24
8.991595966708953e-26
1.8800258963836797e-27
3.457114054052746e-29
5.590960349432651e-31
7.952102062617721e-33
9.947187565032265e-35
1.0943128457427008e-36
1.0587794805162552e-38
9.009327267211711e-41
6.7422063268885515e-43
4.437460936837668e-45
2.568560949916734e-47
1.307579300262784e-49
5.854219830728354e-52
2.3051163157821147e-54
7.982510369964029e-57
2.4311343891186695e-59
6.511803252161611e-62
1.5339683622968035e-64
3.178003441671758e-67
5.790487819627871e-70
9.27894862408434e-73
1.3076912455654747e-75
1.6208188954969417e-78
1.766796760416694e-81
1.693797650029073e-84
1.4281021935232974e-87
1.0589607780683186e-90
6.905947813631677e-94
3.960860417272577e-97
1.9979223819953922e-100
8.863199296623471e-104
3.458002047950279e-107
1.1865411540103156e-110
3.5806609020965694e-114
9.503124323243855e-118
2.218157889291568e-121
4.553457945603664e-125
8.220780116753681e-129
1.3052916593830686e-132
1.822740830787853e-136
2.238541293155801e-140
2.417843162912962e-144
2.2967513009408305e-148
1.9187687835999048e-152
1.409789092470021e-156
9.109792322490415e-161
5.17708904926839e-165
2.5875313629052153e-169
1.137387466687672e-173
4.3969758731067825e-178
1.4949358450897884e-182
4.470065189031286e-187
1.17551448911633e-191
2.7187228969307302e-196
5.5299949108997916e-201
