1.560576511989956
0.0752401713787135
0.006136536785856609
0.0005903676400970534
6.127390587847704e-05
6.864839685334615e-06
8.904737239684471e-07
1.642237334002031e-07
5.456345229238356e-08
2.9292000300796433e-08
1.988478852266107e-08
1.4962957776846337e-08
1.1938210247758305e-08
9.906522942571192e-09
8.458034969415028e-09
7.3785197777229196e-09
6.545699110420657e-09
5.885179812426508e-09
5.349360808564903e-09
4.906494977824552e-09
4.534659613242012e-09
4.2182619802102995e-09
3.945926311976967e-09
3.709168547130951e-09
3.5015382422873917e-09
3.3180472223623535e-09
3.154779632216279e-09
3.0086198778003135e-09
2.877059044255115e-09
2.7580546939679192e-09
2.6499276874810572e-09
2.5512851396787082e-09
2.4609621243223215e-09
2.3779770268296325e-09
2.301496967304364e-09
2.2308107464984166e-09
2.165307476422726e-09
2.1044595522703062e-09
2.0478089725253865e-09
1.9949562650659194e-09
1.9455514589826965e-09
1.8992866751680092e-09
1.8558900074500476e-09
1.81512043985165e-09
1.7767636012226067e-09
1.7406282008448964e-09
1.7065430210850296e-09
1.6743543682579257e-09
1.643923902390138e-09
1.6151267818645018e-09
1.5878500709863682e-09
1.5619913680760627e-09
1.5374576193225953e-09
1.5141640897546077e-09
1.49203346762037e-09
1.4709950824687154e-09
1.4509842204800463e-09
1.4319415232609723e-09
1.4138124585052088e-09
1.3965468527293942e-09
1.3800984777884657e-09
1.3644246841192038e-09
1.3494860746987545e-09
1.3352462145745226e-09
1.3216713715526393e-09
1.308730284248476e-09
1.2963939542239065e-09
1.2846354593783608e-09
1.2734297861370704e-09
1.2627536783011628e-09
1.2525855006991609e-09
1.2429051160153655e-09
1.2336937733735665e-09
1.2249340074296017e-09
1.2166095468776555e-09
1.2087052314064367e-09
1.2012069362553565e-09
1.194101503620132e-09
1.1873766802439124e-09
1.1810210606058406e-09
1.175024035185466e-09
1.1693757433398356e-09
1.1640670303816056e-09
1.1590894084919193e-09
1.1544350211420657e-09
1.150096610733586e-09
1.146067489198281e-09
1.1423415113278605e-09
1.1389130506283195e-09
1.1357769775168582e-09
1.1329286396996326e-09
1.1303638445871005e-09
1.1280788436205248e-09
1.1260703183984882e-09
1.1243353685062705e-09
1.1228715009638546e-09
1.1216766212202711e-09
1.120749025633156e-09
1.120087395382863e-09
1.1196907917804154e-09
1.1195586529380705e-09
1.1196907917804154e-09
1.120087395382863e-09
1.120749025633156e-09
1.1216766212202711e-09
1.1228715009638546e-09
1.1243353685062705e-09
1.1260703183984882e-09
1.1280788436205248e-09
1.1303638445871005e-09
1.1329286396996326e-09
1.1357769775168582e-09
1.1389130506283195e-09
1.1423415113278605e-09
1.146067489198281e-09
1.150096610733586e-09
1.1544350211420657e-09
1.1590894084919193e-09
1.1640670303816056e-09
1.1693757433398356e-09
1.175024035185466e-09
1.1810210606058406e-09
1.1873766802439124e-09
1.194101503620132e-09
1.2012069362553565e-09
1.2087052314064367e-09
1.2166095468776555e-09
1.2249340074296017e-09
1.2336937733735665e-09
1.2429051160153655e-09
1.2525855006991609e-09
1.2627536783011628e-09
1.2734297861370704e-09
1.2846354593783608e-09
1.2963939542239065e-09
1.308730284248476e-09
1.3216713715526393e-09
1.3352462145745226e-09
1.3494860746987545e-09
1.3644246841192038e-09
1.3800984777884657e-09
1.3965468527293942e-09
1.4138124585052088e-09
1.4319415232609723e-09
1.4509842204800463e-09
1.4709950824687154e-09
1.49203346762037e-09
1.5141640897546077e-09
1.5374576193225953e-09
1.5619913680760627e-09
1.5878500709863682e-09
1.6151267818645018e-09
1.643923902390138e-09
1.6743543682579257e-09
1.7065430210850296e-09
1.7406282008448964e-09
1.7767636012226067e-09
1.81512043985165e-09
1.8558900074500476e-09
1.8992866751680092e-09
1.9455514589826965e-09
1.9949562650659194e-09
2.0478089725253865e-09
2.1044595522703062e-09
2.165307476422726e-09
2.2308107464984166e-09
2.301496967304364e-09
2.3779770268296325e-09
2.4609621243223215e-09
2.5512851396787082e-09
2.6499276874810572e-09
2.7580546939679192e-09
2.877059044255115e-09
3.0086198778003135e-09
3.154779632216279e-09
3.3180472223623535e-09
3.5015382422873917e-09
3.709168547130951e-09
3.945926311976967e-09
4.2182619802102995e-09
4.534659613242012e-09
4.906494977824552e-09
5.349360808564903e-09
5.885179812426508e-09
6.545699110420657e-09
7.3785197777229196e-09
8.458034969415028e-09
9.906522942571192e-09
1.1938210247758305e-08
1.4962957776846337e-08
1.988478852266107e-08
2.9292000300796433e-08
5.456345229238356e-08
1.642237334002031e-07
8.904737239684471e-07
6.864839685334615e-06
6.127390587847704e-05
0.0005903676400970534
0.006136536785856609
0.0752401713787135

5.151132291258228e-08
2.488561406320209e-07
1.1068611922694547e-06
4.532492575630281e-06
1.70875651371998e-05
5.930924659501244e-05
0.00018952436280499752
0.0005580936894451037
0.0016418720442202914
0.012928114118577057
0.18309924245045445
0.9270101101416569
1.330564169788232
0.5685810384018085
0.15893734053762432
0.16115810423904528
0.22312827052687131
0.2871857961893597
0.3403553984719635
0.3721737483551914
0.38519330489108006
0.42959581582375245
0.5835638025528822
0.7210410673050962
0.5772092861117915
0.2806679822309271
0.10240271476206747
0.04155105327628962
0.019886030257784383
0.009411984381670091
0.004134324367346593
0.0016727030781248937
0.0006230713867293718
0.00021367611756801976
6.746418875802789e-05
1.9610549453204693e-05
5.2481394077661296e-06
1.2930642503154015e-06
2.9331480743728075e-07
6.125577128328067e-08
1.1777664483955747e-08
2.0848292191533128e-09
3.397667947647124e-10
5.097890731919256e-11
7.042052413040157e-12
8.955856472818704e-13
1.048610345083015e-13
1.1303691393763751e-14
1.1218262231922343e-15
1.0250145360346859e-16
8.622507924728152e-18
6.677844798777376e-19
4.761438526331806e-20
3.125641634570874e-21
1.889032048253517e-22
1.0510868675629685e-23
5.384396523871141e-25
2.539420385668084e-26
1.1026338207058315e-27
4.407853564787484e-29
1.622266306740883e-30
5.496880296931736e-32
1.7147845115786708e-33
4.924951590183684e-35
1.3022474657692692e-36
3.170182156242858e-38
7.105163147957277e-40
1.4660981078810677e-41
2.785166437765343e-43
4.87122751588578e-45
7.843769386466557e-47
1.1628142896103683e-48
1.5870662086043675e-50
1.9942466484476253e-52
2.3070756637742838e-54
2.457219462330272e-56
2.409490376812129e-58
2.1752320171824218e-60
1.8079446026054836e-62
1.3834510343538772e-64
9.746341106559917e-67
6.321477007914162e-69
3.774806199759024e-71
2.0752474928944912e-73
1.0503747599071792e-75
4.89460667261475e-78
2.0998605752792954e-80
8.293966232344382e-83
3.0160129862318865e-85
1.0097254266607253e-87
3.1122359816910118e-90
8.831630434282096e-93
2.307323007134215e-95
5.549770792932698e-98
1.2289687465461061e-100
2.505565563627814e-103
4.70294441288089e-106
8.127052417727111e-109
1.2929907482640487e-111
1.8938994377802774e-114
