1.3240221005343293
0.4336506838271473
0.20528444028859397
0.12301573942911072
0.08469114398928398
0.06352902285781438
0.05044633762832451
0.04169014981883321
0.03547566239232045
0.03086272219585961
0.02731592194348991
0.024510849672026266
0.022240771660273488
0.02036830801254587
0.018798896314069856
0.01746546918691614
0.016319221060059987
0.015323835200166343
0.01445175633124268
0.01368171513416307
0.01299704264413351
0.012384496749774824
0.011833428833252353
0.011335181300723545
0.010882644948507103
0.010469928962397828
0.01009211158282262
0.009745049402462798
0.009425229863412167
0.009129655982980529
0.00885575540208754
0.008601307986508109
0.008364387720747034
0.008143315714514838
0.00793662192390678
0.007743013761955215
0.007561350196710052
0.007390620251251647
0.007229925058354054
0.007078462803634659
0.006935516029783464
0.0068004408815767
0.006672657954655821
0.006551644476238179
0.006436927597278663
0.006328078616304865
0.006224707987597931
0.006126460992404053
0.006033013972824142
0.005944071045006996
0.005859361222087824
0.0057786358886093596
0.005701666577437725
0.005628243007832983
0.005558171349665954
0.0054912726840350215
0.0054273816349262975
0.005366345150235312
0.005308021413555402
0.005252278870739695
0.005198995357443393
0.005148057315718607
0.005099359089320959
0.0050528022887408285
0.00500829521813003
0.004965752357287972
0.004925093892725288
0.004886245292559236
0.004849136920631395
0.004813703685789344
0.004779884722752501
0.004747623101398758
0.004716865561671584
0.004687562271624761
0.004659666606399799
0.00463313494617501
0.004607926491339832
0.0045840030933369125
0.004561329099781501
0.004539871212615311
0.004519598358182909
0.004500481568235126
0.004482493870967326
0.004465610191292953
0.004449807259635136
0.00443506352859333
0.004421359096908304
0.004408675640208741
0.004396996348076745
0.004386305867018532
0.004376590248971087
0.0043678369050161436
0.00436003456400999
0.004353173235871787
0.004347244179304563
0.004342239873752439
0.004338153995424865
0.004334981397244462
0.004332718092599296
0.004331361242803593
0.004330909148193203
0.004331361242803593
0.004332718092599296
0.004334981397244462
0.004338153995424865
0.004342239873752439
0.004347244179304563
0.004353173235871787
0.00436003456400999
0.0043678369050161436
0.004376590248971087
0.004386305867018532
0.004396996348076745
0.004408675640208741
0.004421359096908304
0.00443506352859333
0.004449807259635136
0.004465610191292953
0.004482493870967326
0.004500481568235126
0.004519598358182909
0.004539871212615311
0.004561329099781501
0.0045840030933369125
0.004607926491339832
0.00463313494617501
0.004659666606399799
0.004687562271624761
0.004716865561671584
0.004747623101398758
0.004779884722752501
0.004813703685789344
0.004849136920631395
0.004886245292559236
0.004925093892725288
0.004965752357287972
0.00500829521813003
0.0050528022887408285
0.005099359089320959
0.005148057315718607
0.005198995357443393
0.005252278870739695
0.005308021413555402
0.005366345150235312
0.0054273816349262975
0.0054912726840350215
0.005558171349665954
0.005628243007832983
0.005701666577437725
0.0057786358886093596
0.005859361222087824
0.005944071045006996
0.006033013972824142
0.006126460992404053
0.006224707987597931
0.006328078616304865
0.006436927597278663
0.006551644476238179
0.006672657954655821
0.0068004408815767
0.006935516029783464
0.007078462803634659
0.007229925058354054
0.007390620251251647
0.007561350196710052
0.007743013761955215
0.00793662192390678
0.008143315714514838
0.008364387720747034
0.008601307986508109
0.00885575540208754
0.009129655982980529
0.009425229863412167
0.009745049402462798
0.01009211158282262
0.010469928962397828
0.010882644948507103
0.011335181300723545
0.011833428833252353
0.012384496749774824
0.01299704264413351
0.01368171513416307
0.01445175633124268
0.015323835200166343
0.016319221060059987
0.01746546918691614
0.018798896314069856
0.02036830801254587
0.022240771660273488
0.024510849672026266
0.02731592194348991
0.03086272219585961
0.03547566239232045
0.04169014981883321
0.05044633762832451
0.06352902285781438
0.08469114398928398
0.12301573942911072
0.20528444028859397
0.4336506838271473

0.2118816949699066
0.3141868606280563
0.4256648436684729
0.5280883156155495
0.6015393990782556
0.631056034905253
0.6117275294265826
0.5497753277993487
0.45948190095481145
0.38084441488667076
1.6206976759182732
0.22830253135585923
0.11190609681140745
0.0659841513611577
0.03614572946014291
0.018350298164568346
0.008613651270560718
0.0037307773836260834
0.0014884754719101815
0.0005463000788376118
0.0001842570432150144
5.7067949210710264e-05
1.6221823637588595e-05
4.230386478426684e-06
1.0118555666511237e-06
2.219408180387207e-07
4.463586959879472e-08
8.230473064906459e-09
1.3913533905824584e-09
2.1562933510677684e-10
3.0635650093683064e-11
3.990154540668699e-12
4.7642256694894e-13
5.21474281552203e-14
5.232511805422416e-15
4.813085563587339e-16
4.058565690866149e-17
3.137306679172385e-18
2.223190268869743e-19
1.4442137721244435e-20
8.600456062644231e-22
4.69511905175173e-23
2.3496698955172658e-24
1.0779589096455961e-25
4.5334900519567885e-27
1.7478261505921935e-28
6.17730298248932e-30
2.001403601821564e-31
5.94436618141153e-33
1.61849564824722e-34
4.039732616964238e-36
9.243337469214577e-38
1.9388316516310705e-39
3.728090928841675e-41
6.571552701738862e-43
1.061902388030885e-44
1.5730274570016597e-46
2.1361075377373333e-48
2.659163404065516e-50
3.0346041091018876e-52
3.174637641158469e-54
3.0445378985410913e-56
2.676601464602289e-58
2.1571539544551191e-60
1.5937260639126862e-62
1.079397262678501e-64
6.701685652138717e-67
3.814361912750415e-69
1.9901913983430514e-71
9.519253580675046e-74
4.1739385470608255e-76
1.6777386473196932e-78
6.182123410218348e-81
2.0882675285640334e-83
6.466506285917067e-86
1.8356436494270785e-88
4.7768560241649736e-91
1.139543821526192e-93
2.4920400250460403e-96
4.995904170880187e-99
9.181386901941236e-102
1.546812175416703e-104
2.3889220462835106e-107
3.382217079896549e-110
4.389712544054969e-113
5.222828782423581e-116
5.696532759407103e-119
5.695744680017054e-122
5.220661445993214e-125
4.386676938819666e-128
3.378943080104024e-131
2.38594926100205e-134
1.5444598941545326e-137
9.164888170484455e-141
4.98554692695874e-144
2.4861856206706506e-147
1.1365522227102339e-150
4.7629974002613766e-154
1.8298116856324332e-157
6.444178365942236e-161
