1.697281110603882
0.16434312838071907
0.03392160821040756
0.007980716632718076
0.001976429464497189
0.0005106086845840127
0.00013742787399127933
3.8523559155850985e-05
1.1246458764226562e-05
3.419297600816535e-06
1.0826586212594737e-06
3.57016755640307e-07
1.226165213025369e-07
4.3864951628329196e-08
1.6348663815742053e-08
6.351098406155708e-09
2.5737917767339573e-09
1.0898165077977524e-09
4.835445986695682e-10
2.2590040631720337e-10
1.1194763027571411e-10
5.944142878838844e-11
3.4196373420442446e-11
2.1500448051938978e-11
1.4800230346056244e-11
1.1074969135284311e-11
8.88410464127473e-12
7.516943003937231e-12
6.610745138242794e-12
5.9739258332032796e-12
5.501735682894892e-12
5.1348566438657924e-12
4.83847772231457e-12
4.591417260547902e-12
4.38030819543404e-12
4.196403020532197e-12
4.033769760855591e-12
3.888245527753401e-12
3.75681307978636e-12
3.6372194319445865e-12
3.5277363463562908e-12
3.4270059871460657e-12
3.3339389036822753e-12
3.247644914426144e-12
3.1673851489262403e-12
3.092538000708891e-12
3.0225744255920443e-12
2.9570396510786664e-12
2.895539373504534e-12
2.8377291579550894e-12
2.783306166342963e-12
2.732002607550358e-12
2.6835804822731136e-12
2.637827316178125e-12
2.594552658204849e-12
2.553585178992289e-12
2.514770245664852e-12
2.4779678789020454e-12
2.4430510198862495e-12
2.409904050747829e-12
2.3784215241272565e-12
2.3485070665678755e-12
2.3200724274218657e-12
2.2930366503488584e-12
2.267325348707545e-12
2.2428700694724687e-12
2.219607732960779e-12
2.197480137782925e-12
2.1764335221529116e-12
2.1564181740958076e-12
2.137388084239447e-12
2.119300635824996e-12
2.1021163273571273e-12
2.085798523970009e-12
2.0703132341345884e-12
2.055628908795146e-12
2.0417162604142105e-12
2.02854809973714e-12
2.0160991883708897e-12
2.004346105513956e-12
1.9932671273827224e-12
1.9828421180590193e-12
1.9730524306389845e-12
1.9638808176981613e-12
1.955311350205116e-12
1.9473293441184514e-12
1.9399212939919986e-12
1.9330748129920278e-12
1.9267785788001453e-12
1.921022284937368e-12
1.915796597099875e-12
1.9110931141460384e-12
1.9069043334184303e-12
1.9032236201241917e-12
1.9000451805332028e-12
1.8973640387863323e-12
1.8951760171361782e-12
1.8934777194706486e-12
1.8922665179957173e-12
1.8915405429781803e-12
1.891298675472503e-12
1.8915405429781803e-12
1.8922665179957173e-12
1.8934777194706486e-12
1.8951760171361782e-12
1.8973640387863323e-12
1.9000451805332028e-12
1.9032236201241917e-12
1.9069043334184303e-12
1.9110931141460384e-12
1.915796597099875e-12
1.921022284937368e-12
1.9267785788001453e-12
1.9330748129920278e-12
1.9399212939919986e-12
1.9473293441184514e-12
1.955311350205116e-12
1.9638808176981613e-12
1.9730524306389845e-12
1.9828421180590193e-12
1.9932671273827224e-12
2.004346105513956e-12
2.0160991883708897e-12
2.02854809973714e-12
2.0417162604142105e-12
2.055628908795146e-12
2.0703132341345884e-12
2.085798523970009e-12
2.1021163273571273e-12
2.119300635824996e-12
2.137388084239447e-12
2.1564181740958076e-12
2.1764335221529116e-12
2.197480137782925e-12
2.219607732960779e-12
2.2428700694724687e-12
2.267325348707545e-12
2.2930366503488584e-12
2.3200724274218657e-12
2.3485070665678755e-12
2.3784215241272565e-12
2.409904050747829e-12
2.4430510198862495e-12
2.4779678789020454e-12
2.514770245664852e-12
2.553585178992289e-12
2.594552658204849e-12
2.637827316178125e-12
2.6835804822731136e-12
2.732002607550358e-12
2.783306166342963e-12
2.8377291579550894e-12
2.895539373504534e-12
2.9570396510786664e-12
3.0225744255920443e-12
3.092538000708891e-12
3.1673851489262403e-12
3.247644914426144e-12
3.3339389036822753e-12
3.4270059871460657e-12
3.5277363463562908e-12
3.6372194319445865e-12
3.75681307978636e-12
3.888245527753401e-12
4.033769760855591e-12
4.196403020532197e-12
4.38030819543404e-12
4.591417260547902e-12
4.83847772231457e-12
5.1348566438657924e-12
5.501735682894892e-12
5.9739258332032796e-12
6.610745138242794e-12
7.516943003937231e-12
8.88410464127473e-12
1.1074969135284311e-11
1.4800230346056244e-11
2.1500448051938978e-11
3.4196373420442446e-11
5.944142878838844e-11
1.1194763027571411e-10
2.2590040631720337e-10
4.835445986695682e-10
1.0898165077977524e-09
2.5737917767339573e-09
6.351098406155708e-09
1.6348663815742053e-08
4.3864951628329196e-08
1.226165213025369e-07
3.57016755640307e-07
1.0826586212594737e-06
3.419297600816535e-06
1.1246458764226562e-05
3.8523559155850985e-05
0.00013742787399127933
0.0005106086845840127
0.001976429464497189
0.007980716632718076
0.03392160821040756
0.16434312838071907

8.36674103154533e-11
1.1888601039757712e-09
1.9171490374927837e-07
3.134903354447034e-05
0.00193619250189158
0.04379360059829772
0.36232670830361463
1.0964372584573538
1.2136443906773198
0.49190674724626116
0.0750148226981031
0.010550017919465107
0.017026114079746937
0.03857967639871852
0.07798766321311723
0.14000469513338024
0.22320418526763233
0.3160134802298313
0.39734598281670985
0.4440390569425594
0.44513886808709696
0.4268991552348061
0.47192874336681645
0.6188450474437376
0.6877364240063899
0.501859906509701
0.22253803782326048
0.061285362593201144
0.012188021253247961
0.0024600316634634392
0.0006129298910846865
0.00015915447468621983
3.7844428953480245e-05
8.016846752150412e-06
1.5084616254404456e-06
2.520642951449203e-07
3.7405158831923706e-08
4.92940723115999e-09
5.76900499406056e-10
5.995841647436025e-11
5.534041561095653e-12
4.536048618771155e-13
3.301839872236653e-14
2.1344074934677434e-15
1.225297898608735e-16
6.246677181620514e-18
2.8281305912895693e-19
1.1370848639657362e-20
4.0600307238956074e-22
1.2873860060703763e-23
3.625194149325388e-25
9.065604726219734e-27
2.013285244305976e-28
3.970606637619385e-30
6.954268274353945e-32
1.0816556895502986e-33
1.4940655779657904e-35
1.8327081180186275e-37
1.996457040358705e-39
1.9313885743364826e-41
1.659290278388817e-43
1.2659545148760014e-45
8.577423585031917e-48
5.1610567656396945e-50
2.757804249234812e-52
1.308673352981029e-54
5.514956674084704e-57
2.063934795792962e-59
6.859506361883038e-62
2.0245699013145902e-64
5.3065921627440956e-67
1.2352124744699534e-69
2.553351760181926e-72
4.68729893415329e-75
7.641483447535298e-78
1.1063071626147174e-80
1.4223837893522234e-83
1.6240555741062743e-86
1.6467512479048616e-89
1.4828531307936606e-92
1.1857995962414018e-95
8.42107393272753e-99
5.310882399603108e-102
2.9744653342214554e-105
1.4794291148504631e-108
6.534651530438315e-112
2.5632662984293643e-115
8.92910734968572e-119
2.7622652727519205e-122
7.588671355964327e-126
1.851437812705486e-129
4.011395988062818e-133
7.718358822064579e-137
1.3188561116948826e-140
2.001303201497794e-144
2.6969406322619328e-148
3.2275494521355515e-152
3.4301842334440955e-156
3.2374644637484155e-160
2.7135360529946214e-164
