0.5365923450407442
0.10896873600592434
0.07238954485335439
0.05742903793239836
0.04721084601853624
0.03968342476811869
0.03397604735266331
0.02955095717064041
0.026052220814479943
0.02323725306790296
0.020936890946670214
0.019030722480008887
0.01743140654439019
0.016074481165363662
0.014911603459473005
0.01390598055431937
0.013029226658272306
0.012259165363213118
0.011578269143949145
0.010972535292731577
0.010430665283854825
0.009943458081922117
0.009503356304270622
0.009104102957122514
0.008740479101171303
0.008408101405991039
0.008103264485565784
0.007822817047954459
0.00756406381515319
0.0073246872551154425
0.007102684671752556
0.006896317293590986
0.006704068806263454
0.006524611370389094
0.0063567776122137945
0.006199537410316787
0.006051978556757294
0.005913290566111461
0.005782751056079658
0.005659714239804421
0.005543601160891751
0.005433891373433289
0.005330115825613326
0.005231850750162663
0.005138712400572894
0.005050352500578556
0.004966454297459676
0.004886729128377467
0.004810913424133588
0.00473876608714183
0.004670066190571374
0.004604610953996722
0.0045422139578142305
0.004482703564431418
0.0044259215190207155
0.004371721706628352
0.004319969045781973
0.004270538501561056
0.004223314203473762
0.004178188655497892
0.004135062027352924
0.0040938415175250445
0.004054440779808819
0.004016779406191735
0.003980782459819432
0.003946380052563549
0.003913506962389986
0.003882102286309551
0.003852109125198915
0.0038234742972189503
0.003796148076939633
0.003770083957613782
0.0037452384343329235
0.0037215708060532775
0.0036990429947033757
0.0036776193797811614
0.003657266647021398
0.0036379536498668094
0.0036196512826112593
0.003602332364202792
0.0035859715318003744
0.0035705451432725068
0.003556031187909866
0.0035424092046992036
0.0035296602075728105
0.003517766617108128
0.0035067121982061402
0.0034964820033260326
0.003487062320897623
0.003478440628573071
0.0034706055510156696
0.003463546821956683
0.0034572552502815253
0.0034517226899345617
0.0034469420134575143
0.0034429070890005203
0.0034396127606672123
0.0034370548320762652
0.0034352300530417507
0.0034341361092936114
0.0034337716151778453
0.0034341361092936114
0.0034352300530417507
0.0034370548320762652
0.0034396127606672123
0.0034429070890005203
0.0034469420134575143
0.0034517226899345617
0.0034572552502815253
0.003463546821956683
0.0034706055510156696
0.003478440628573071
0.003487062320897623
0.0034964820033260326
0.0035067121982061402
0.003517766617108128
0.0035296602075728105
0.0035424092046992036
0.003556031187909866
0.0035705451432725068
0.0035859715318003744
0.003602332364202792
0.0036196512826112593
0.0036379536498668094
0.003657266647021398
0.0036776193797811614
0.0036990429947033757
0.0037215708060532775
0.0037452384343329235
0.003770083957613782
0.003796148076939633
0.0038234742972189503
0.003852109125198915
0.003882102286309551
0.003913506962389986
0.003946380052563549
0.003980782459819432
0.004016779406191735
0.004054440779808819
0.0040938415175250445
0.004135062027352924
0.004178188655497892
0.004223314203473762
0.004270538501561056
0.004319969045781973
0.004371721706628352
0.0044259215190207155
0.004482703564431418
0.0045422139578142305
0.004604610953996722
0.004670066190571374
0.00473876608714183
0.004810913424133588
0.004886729128377467
0.004966454297459676
0.005050352500578556
0.005138712400572894
0.005231850750162663
0.005330115825613326
0.005433891373433289
0.005543601160891751
0.005659714239804421
0.005782751056079658
0.005913290566111461
0.006051978556757294
0.006199537410316787
0.0063567776122137945
0.006524611370389094
0.006704068806263454
0.006896317293590986
0.007102684671752556
0.0073246872551154425
0.00756406381515319
0.007822817047954459
0.008103264485565784
0.008408101405991039
0.008740479101171303
0.009104102957122514
0.009503356304270622
0.009943458081922117
0.010430665283854825
0.010972535292731577
0.011578269143949145
0.012259165363213118
0.013029226658272306
0.01390598055431937
0.014911603459473005
0.016074481165363662
0.01743140654439019
0.019030722480008887
0.020936890946670214
0.02323725306790296
0.026052220814479943
0.02955095717064041
0.03397604735266331
0.03968342476811869
0.04721084601853624
0.05742903793239836
0.07238954485335439
0.10896873600592434

0.16623704902594494
0.2371719915516968
0.17891742349502396
0.07136725312687783
0.0150560499878806
0.0017009866394642518
0.00020336660968064485
0.0004247837694372432
0.001483554821518909
0.004574282646895946
0.0124659164239418
0.030241524305234864
0.06537519435798914
0.12486182517770769
0.20719162542834257
0.29290978614756424
0.3468000147088778
0.3398340094523373
0.2740165736068884
0.18184479863928543
0.09994134002346686
0.04605011084774657
0.018101828220186255
0.006190498586808853
0.0018721313605643951
0.0005046314246624821
0.0001210408107245907
2.56445667446127e-05
4.759621431807209e-06
7.690034639757432e-07
1.0774790611924774e-07
1.306677089120968e-08
1.3703444412127905e-09
1.2423515486145617e-10
9.735541513913669e-12
6.594167073666279e-13
3.8604618087500044e-14
1.9534253983143047e-15
8.543432049468398e-17
3.2295783001359123e-18
1.0552057878584007e-19
2.979932361400688e-21
7.273669163762911e-23
1.534541281062052e-24
2.798217726414143e-26
4.410241038275032e-28
6.007877155876274e-30
7.073879491340202e-32
7.198999861867773e-34
6.332345006908195e-36
4.814319040540452e-38
3.163610883546623e-40
1.7968389362396856e-42
8.820904780251199e-45
3.7427861462054023e-47
1.3726341126389168e-49
4.351033803874411e-52
1.1920871930416389e-54
2.82293892552406e-57
5.777937469222851e-60
1.022167545804802e-62
1.5629649300342706e-65
2.06563828411465e-68
2.3595936026642706e-71
2.329689493734785e-74
1.9880933260956553e-77
1.466403163517705e-80
9.348628576994494e-84
5.151341210972645e-87
2.4534127863038992e-90
1.0099475651783743e-93
3.59339470791193e-97
1.1050677796434e-100
2.937316900707504e-104
6.7482410447311626e-108
1.340010696586886e-111
2.2998729133337122e-115
3.4117508374599625e-119
4.3745025139560474e-123
4.847947736493189e-127
4.643709925624539e-131
3.8445908889663357e-135
2.751142441543566e-139
1.701586049270001e-143
9.096464961041535e-148
4.203095722545123e-152
1.6785868090161829e-156
5.794236614851968e-161
1.7287275038025321e-165
4.457945473854505e-170
9.936212204313685e-175
1.914189188553685e-179
3.187327979397579e-184
4.587188073565306e-189
5.706163782956408e-194
6.135074129964493e-199
5.7012920910688435e-204
4.579358705839165e-209
3.179171311984803e-214
1.9076605260807583e-219
