0.2827815102741865
0.058966467004131946
0.01312994502096433
0.0031219389468577874
0.0007926648269282813
0.00021491087926961755
6.222009481291912e-05
1.9235604082502127e-05
6.350124402544342e-06
2.238491010717128e-06
8.425848802684063e-07
3.386334496907245e-07
1.4529276669107774e-07
6.653249710347796e-08
3.25977829411818e-08
1.6918318502602307e-08
9.372489887954e-09
5.513453557214883e-09
3.4338513059777614e-09
2.2558582759589037e-09
1.5563969222431319e-09
1.1225281760651258e-09
8.419437257740467e-10
6.536055205107528e-10
5.226829517431516e-10
4.2897781935959337e-10
3.599410859915151e-10
3.077880387356031e-10
2.674969938530568e-10
2.357414730227682e-10
2.102631818862067e-10
1.8949386367328487e-10
1.7232146273426903e-10
1.579420942575518e-10
1.4576425433824507e-10
1.3534554961301147e-10
1.2635009739312863e-10
1.185193247874775e-10
1.1165161463541608e-10
1.0558789442198468e-10
1.0020128275595257e-10
9.5389548645894e-11
9.106954875689776e-11
8.71730744118287e-11
8.364371611510505e-11
8.043447127919684e-11
7.7505900894208e-11
7.482469595071061e-11
7.236255277162536e-11
7.009528342017106e-11
6.800210658790585e-11
6.606507821050228e-11
6.42686311201319e-11
6.259920042453323e-11
6.104491676637469e-11
5.959535369505676e-11
5.824131845238966e-11
5.697467780119494e-11
5.578821230401466e-11
5.4675493827009136e-11
5.363078210347073e-11
5.2648937017021555e-11
5.172534391198473e-11
5.085584974905709e-11
5.003670832941938e-11
4.926453313336657e-11
4.8536256578377e-11
4.7849094710013376e-11
4.720051650775344e-11
4.6588217124990896e-11
4.6010094494420044e-11
4.546422882182344e-11
4.494886456685916e-11
4.44623945719036e-11
4.400334605181947e-11
4.357036820065773e-11
4.316222120734563e-11
4.277776650263127e-11
4.241595808497399e-11
4.207583479452076e-11
4.175651342246897e-11
4.145718255853789e-11
4.1177097092408274e-11
4.091557329621391e-11
4.0671984424789177e-11
4.044575677864655e-11
4.0236366181790114e-11
4.004333483264044e-11
3.9866228491702575e-11
3.9704653974273915e-11
3.95582569205681e-11
3.942671981921272e-11
3.93097602632376e-11
3.920712942046979e-11
3.911861070274742e-11
3.9044018620602486e-11
3.8983197812085543e-11
3.893602223624687e-11
3.890239452348185e-11
3.888224547652074e-11
3.88755337173205e-11
3.888224547652074e-11
3.890239452348185e-11
3.893602223624687e-11
3.8983197812085543e-11
3.9044018620602486e-11
3.911861070274742e-11
3.920712942046979e-11
3.93097602632376e-11
3.942671981921272e-11
3.95582569205681e-11
3.9704653974273915e-11
3.9866228491702575e-11
4.004333483264044e-11
4.0236366181790114e-11
4.044575677864655e-11
4.0671984424789177e-11
4.091557329621391e-11
4.1177097092408274e-11
4.145718255853789e-11
4.175651342246897e-11
4.207583479452076e-11
4.241595808497399e-11
4.277776650263127e-11
4.316222120734563e-11
4.357036820065773e-11
4.400334605181947e-11
4.44623945719036e-11
4.494886456685916e-11
4.546422882182344e-11
4.6010094494420044e-11
4.6588217124990896e-11
4.720051650775344e-11
4.7849094710013376e-11
4.8536256578377e-11
4.926453313336657e-11
5.003670832941938e-11
5.085584974905709e-11
5.172534391198473e-11
5.2648937017021555e-11
5.363078210347073e-11
5.4675493827009136e-11
5.578821230401466e-11
5.697467780119494e-11
5.824131845238966e-11
5.959535369505676e-11
6.104491676637469e-11
6.259920042453323e-11
6.42686311201319e-11
6.606507821050228e-11
6.800210658790585e-11
7.009528342017106e-11
7.236255277162536e-11
7.482469595071061e-11
7.7505900894208e-11
8.043447127919684e-11
8.364371611510505e-11
8.71730744118287e-11
9.106954875689776e-11
9.5389548645894e-11
1.0020128275595257e-10
1.0558789442198468e-10
1.1165161463541608e-10
1.185193247874775e-10
1.2635009739312863e-10
1.3534554961301147e-10
1.4576425433824507e-10
1.579420942575518e-10
1.7232146273426903e-10
1.8949386367328487e-10
2.102631818862067e-10
2.357414730227682e-10
2.674969938530568e-10
3.077880387356031e-10
3.599410859915151e-10
4.2897781935959337e-10
5.226829517431516e-10
6.536055205107528e-10
8.419437257740467e-10
1.1225281760651258e-09
1.5563969222431319e-09
2.2558582759589037e-09
3.4338513059777614e-09
5.513453557214883e-09
9.372489887954e-09
1.6918318502602307e-08
3.25977829411818e-08
6.653249710347796e-08
1.4529276669107774e-07
3.386334496907245e-07
8.425848802684063e-07
2.238491010717128e-06
6.350124402544342e-06
1.9235604082502127e-05
6.222009481291912e-05
0.00021491087926961755
0.0007926648269282813
0.0031219389468577874
0.01312994502096433
0.058966467004131946

1.4736590703099688e-09
1.48910157813731e-07
8.079671292311692e-06
0.00023539927863398764
0.0036826345981198594
0.030935290362025723
0.13953778691528354
0.33796484784006625
0.4395348322986634
0.3069425740281404
0.11509674193460678
0.02317453324402796
0.002505538196232083
0.0001454564976123082
4.534269097305773e-06
7.589680987114335e-08
6.821530403838439e-10
3.292169467212736e-12
8.531484631342487e-15
1.1871596007903785e-17
8.870246150404745e-21
3.558805890138627e-24
7.6668152139681e-28
8.868859147467566e-32
5.5088707825958846e-36
1.8373820947245526e-40
3.29062536076652e-45
3.164458958257914e-50
1.6340395379235294e-55
4.5307251832055126e-61
6.745512419684091e-67
5.392674888512435e-73
2.3149179212627876e-79
5.3359164654038614e-86
6.604265334626815e-93
4.389166651874402e-100
1.566324332879189e-107
3.001396591455544e-115
3.0882122515109344e-123
1.7062118915063944e-131
5.06175188994975e-140
8.063262699281442e-149
6.897041372222398e-158
3.167793908509415e-167
7.812554750279218e-177
1.0345971905967026e-186
7.356844591777628e-197
2.8090142056337412e-207
5.759149539415246e-218
6.340227500655801e-229
3.747946596211172e-240
1.1896631595174318e-251
2.0276673033439724e-263
1.8557157323617797e-275
9.11944204004755e-288
2.406396302611693e-300
3.40963666196e-313
0.0
0.0
0.0
0.0
0.0
0.0
0.0
0.0
0.0
0.0
0.0
0.0
0.0
0.0
0.0
0.0
0.0
0.0
0.0
0.0
0.0
0.0
0.0
0.0
0.0
0.0
0.0
0.0
0.0
0.0
0.0
0.0
0.0
0.0
0.0
0.0
0.0
0.0
0.0
0.0
0.0
0.0
0.0
