0.8980585710020633
0.20381952408998943
0.09447760334682116
0.06786396125368803
0.055918878667255645
0.04803841214272503
0.042098021397914805
0.037411319540696326
0.03362578469163552
0.030515040353648486
0.027921591540760595
0.025731970875169
0.023862579819837075
0.02225069740280959
0.020848507574907783
0.019619025957499474
0.01853326707943198
0.01756823914123157
0.016705502135229304
0.015930115858820922
0.015229861994826201
0.01459466163151529
0.014016134028984434
0.013487258747235338
0.01300211429954504
0.012555674083986336
0.012143645627590956
0.011762342898634055
0.011408584094433613
0.011079609222731528
0.010773013185554731
0.010486691096756255
0.0102187933227923
0.00996768830376623
0.009731931639927492
0.009510240254396103
0.009301470692314396
0.009104600809075663
0.008918714249765767
0.0087429872388169
0.008576677290793016
0.00841911352595137
0.008269688332084654
0.00812785016042822
0.007993097280623517
0.0078649723497884
0.007743057675143574
0.007626971069538082
0.007516362215506865
0.007410909466888629
0.007310317028090444
0.007214312460249943
0.007122644471168718
0.007035080952253543
0.00695140723103186
0.0068714245122869395
0.006794948484634174
0.006721808072553234
0.006651844316599222
0.0065849093668197385
0.00652086557636993
0.006459584683998265
0.0064009470755169795
0.006344841115610174
0.006291162542400258
0.0062398139181157695
0.0061907041300022945
0.006143747936311175
0.0060988655528034395
0.006055982275731772
0.006015028137722026
0.005975937593377393
0.005938649231780427
0.005903105513377459
0.005869252529002327
0.005837039779036522
0.005806419970915174
0.005777348833376207
0.005749784946016727
0.0057236895828688015
0.005699026568838769
0.005675762147971861
0.005653864862609081
0.005633305442597554
0.0056140567038000955
0.005596093455225829
0.00557939241417229
0.005563932128831471
0.005549692907868443
0.0055366567565323065
0.005524807318905803
0.0055141298259425665
0.0055046110489800825
0.005496239258452679
0.005489004187562154
0.005482897000694951
0.005477910266403906
0.005474037934800085
0.0054712753192263045
0.0054696190821088096
0.005469067224907567
0.0054696190821088096
0.0054712753192263045
0.005474037934800085
0.005477910266403906
0.005482897000694951
0.005489004187562154
0.005496239258452679
0.0055046110489800825
0.0055141298259425665
0.005524807318905803
0.0055366567565323065
0.005549692907868443
0.005563932128831471
0.00557939241417229
0.005596093455225829
0.0056140567038000955
0.005633305442597554
0.005653864862609081
0.005675762147971861
0.005699026568838769
0.0057236895828688015
0.005749784946016727
0.005777348833376207
0.005806419970915174
0.005837039779036522
0.005869252529002327
0.005903105513377459
0.005938649231780427
0.005975937593377393
0.006015028137722026
0.006055982275731772
0.0060988655528034395
0.006143747936311175
0.0061907041300022945
0.0062398139181157695
0.006291162542400258
0.006344841115610174
0.0064009470755169795
0.006459584683998265
0.00652086557636993
0.0065849093668197385
0.006651844316599222
0.006721808072553234
0.006794948484634174
0.0068714245122869395
0.00695140723103186
0.007035080952253543
0.007122644471168718
0.007214312460249943
0.007310317028090444
0.007410909466888629
0.007516362215506865
0.007626971069538082
0.007743057675143574
0.0078649723497884
0.007993097280623517
0.00812785016042822
0.008269688332084654
0.00841911352595137
0.008576677290793016
0.0087429872388169
0.008918714249765767
0.009104600809075663
0.009301470692314396
0.009510240254396103
0.009731931639927492
0.00996768830376623
0.0102187933227923
0.010486691096756255
0.010773013185554731
0.011079609222731528
0.011408584094433613
0.011762342898634055
0.012143645627590956
0.012555674083986336
0.01300211429954504
0.013487258747235338
0.014016134028984434
0.01459466163151529
0.015229861994826201
0.015930115858820922
0.016705502135229304
0.01756823914123157
0.01853326707943198
0.019619025957499474
0.020848507574907783
0.02225069740280959
0.023862579819837075
0.025731970875169
0.027921591540760595
0.030515040353648486
0.03362578469163552
0.037411319540696326
0.042098021397914805
0.04803841214272503
0.055918878667255645
0.06786396125368803
0.09447760334682116
0.20381952408998943

0.27179038511411535
0.25161020955395513
0.14941783928823066
0.05706395473101084
0.014498880385081401
0.00384319775685924
0.004252888395856291
0.008720392373432782
0.030323375286805985
1.5964053208356894
1.5621806043779785
0.0731302490556527
0.07452411157022445
0.08152971748231598
0.07964910885368073
0.06948433340171084
0.054129480681807944
0.03765492753643183
0.023391106297096863
0.012975398343861355
0.006427345223310632
0.002843043767606131
0.001122991462435395
0.00039610502708769895
0.0001247628378159216
3.509143477769385e-05
8.813694585584619e-06
1.9767687163579996e-06
3.959083964797431e-07
7.080673290508393e-08
1.130824971756338e-08
1.6127134772380387e-09
2.0538088972682888e-10
2.3356288829590235e-11
2.371857723169747e-12
2.1508712857531102e-13
1.7417314747050517e-14
1.2594733109244002e-15
8.132755734026405e-17
4.689510134874251e-18
2.414672408885641e-19
1.1102734413896851e-20
4.558717430210697e-22
1.6714615338408732e-23
5.47256703384424e-25
1.6000250580078772e-26
4.17737505542136e-28
9.73915201493877e-30
2.0275884603196516e-31
3.7694628521101744e-33
6.257777468791296e-35
9.276876039261923e-37
1.2280735629693946e-38
1.4517371875933337e-40
1.5324722251219324e-42
1.444568740730824e-44
1.215975443129904e-46
9.140130290101217e-49
6.135090300548952e-51
3.677312371603982e-53
1.968253702216888e-55
9.40746522962179e-58
4.0151812748067505e-60
1.5303074179757493e-62
5.2082665222325325e-65
1.5828826095443087e-67
4.295811396646833e-70
1.0410766229245684e-72
2.252999908472095e-75
4.353921997531246e-78
7.513479485545485e-81
1.1578240234410242e-83
1.593253930368979e-86
1.9578004827905e-89
2.1482897418995132e-92
2.1050298990826318e-95
1.8418941711567275e-98
1.4391699056307238e-101
1.004154306163473e-104
6.2564767030166424e-108
3.480969348443997e-111
1.7294641230198977e-114
7.672977168252627e-118
3.039885636270113e-121
1.075453346592557e-124
3.39755813065074e-128
9.584803360258371e-132
2.4145739420796808e-135
5.4317378569556245e-139
1.0911339919214334e-142
1.9573043419280206e-146
3.13530376650315e-150
4.484787598867779e-154
5.728555506615425e-158
6.534153943997264e-162
6.655406545825614e-166
6.053420003000415e-170
4.916635540291074e-174
3.56595793218561e-178
2.3095395588830402e-182
