0.28737030425820165
0.0026069858176988765
2.4705103278394102e-05
2.4456026901394326e-07
3.5581992303878283e-10
6.2045819034663865e-12
1.0819214035683179e-13
1.886596724296936e-15
3.289746790123333e-17
5.736485155201498e-19
1.0002977193868825e-20
1.7442658859799675e-22
3.0415580223537196e-24
5.303707365891131e-26
9.248325047263174e-28
1.612675008516956e-29
2.812103546503923e-31
4.903630157765731e-33
8.550857424310815e-35
1.4911368155219577e-36
2.6005824387416795e-38
4.536835761287019e-40
7.921441562239639e-42
1.3864512847418271e-43
2.443272729160898e-45
4.388166847367301e-47
8.287722358021735e-49
1.7617504144597882e-50
4.648214283111016e-52
1.5952596190724468e-53
6.688673649213275e-55
3.1114989033896912e-56
1.5110167425076542e-57
7.4565608463513375e-59
3.700933625909307e-60
1.8406855399384843e-61
9.161901621899903e-63
4.56200899877711e-64
2.2723538315385545e-65
1.1324793509067073e-66
5.649740266377373e-68
2.8242190144358834e-69
1.4173752087762556e-70
7.168467884246709e-72
3.679729767262337e-73
1.94179468026891e-74
1.0755573194492984e-75
6.433457244436024e-77
4.272695784745188e-78
3.188693861459011e-79
2.6418072005097826e-80
2.3639072101806653e-81
2.222363176045022e-82
2.1525098280044445e-83
2.124322906465422e-84
2.1263048152564847e-85
2.1582286920827264e-86
2.2287671755379515e-87
2.3563381735699938e-88
2.5728714019031877e-89
2.9312880664432475e-90
3.51878789669564e-91
4.4801546311365966e-92
6.059276583903368e-93
8.675100875452654e-94
1.3065046710818067e-94
2.0565245941664826e-95
3.367783660071888e-96
5.726038264543832e-97
1.0110654314948019e-97
1.8573433869791036e-98
3.557965917916223e-99
7.121648055138165e-100
1.4912123614303012e-100
3.2673089973250905e-101
7.487851945277175e-102
1.7937136818543e-102
4.488755647235112e-103
1.1730950846373778e-103
3.201420692455473e-104
9.124141309614702e-105
2.7160622702028873e-105
8.445644981568022e-106
2.743434099984396e-106
9.309539606479584e-107
3.300100848264654e-107
1.222035108413892e-107
4.727083442261376e-108
1.9101036772884645e-108
8.062742565671071e-109
3.5554284766406337e-109
1.638079031424069e-109
7.887331125350548e-110
3.9714642102801016e-110
2.0941568816734194e-110
1.1599510887371063e-110
6.792633762606865e-111
4.2593120529068374e-111
2.925920640403835e-111
2.279609165636593e-111
2.084632713232786e-111
2.279609165636593e-111
2.925920640403835e-111
4.2593120529068374e-111
6.792633762606865e-111
1.1599510887371063e-110
2.0941568816734194e-110
3.9714642102801016e-110
7.887331125350548e-110
1.638079031424069e-109
3.5554284766406337e-109
8.062742565671071e-109
1.9101036772884645e-108
4.727083442261376e-108
1.222035108413892e-107
3.300100848264654e-107
9.309539606479584e-107
2.743434099984396e-106
8.445644981568022e-106
2.7160622702028873e-105
9.124141309614702e-105
3.201420692455473e-104
1.1730950846373778e-103
4.488755647235112e-103
1.7937136818543e-102
7.487851945277175e-102
3.2673089973250905e-101
1.4912123614303012e-100
7.121648055138165e-100
3.557965917916223e-99
1.8573433869791036e-98
1.0110654314948019e-97
5.726038264543832e-97
3.367783660071888e-96
2.0565245941664826e-95
1.3065046710818067e-94
8.675100875452654e-94
6.059276583903368e-93
4.4801546311365966e-92
3.51878789669564e-91
2.9312880664432475e-90
2.5728714019031877e-89
2.3563381735699938e-88
2.2287671755379515e-87
2.1582286920827264e-86
2.1263048152564847e-85
2.124322906465422e-84
2.1525098280044445e-83
2.222363176045022e-82
2.3639072101806653e-81
2.6418072005097826e-80
3.188693861459011e-79
4.272695784745188e-78
6.433457244436024e-77
1.0755573194492984e-75
1.94179468026891e-74
3.679729767262337e-73
7.168467884246709e-72
1.4173752087762556e-70
2.8242190144358834e-69
5.649740266377373e-68
1.1324793509067073e-66
2.2723538315385545e-65
4.56200899877711e-64
9.161901621899903e-63
1.8406855399384843e-61
3.700933625909307e-60
7.4565608463513375e-59
1.5110167425076542e-57
3.1114989033896912e-56
6.688673649213275e-55
1.5952596190724468e-53
4.648214283111016e-52
1.7617504144597882e-50
8.287722358021735e-49
4.388166847367301e-47
2.443272729160898e-45
1.3864512847418271e-43
7.921441562239639e-42
4.536835761287019e-40
2.6005824387416795e-38
1.4911368155219577e-36
8.550857424310815e-35
4.903630157765731e-33
2.812103546503923e-31
1.612675008516956e-29
9.248325047263174e-28
5.303707365891131e-26
3.0415580223537196e-24
1.7442658859799675e-22
1.0002977193868825e-20
5.736485155201498e-19
3.289746790123333e-17
1.886596724296936e-15
1.0819214035683179e-13
6.2045819034663865e-12
3.5581992303878283e-10
2.4456026901394326e-07
2.4705103278394102e-05
0.0026069858176988765

4.679297839276372e-112
9.246324724948438e-103
7.170927568214674e-94
2.1827262531206196e-85
2.6075998664978546e-77
1.2226449830613415e-69
2.2499741681974586e-62
1.6250713577291154e-55
4.60664856231655e-49
5.125254895268433e-43
2.2380181207848486e-37
3.835566086332513e-32
2.5799606570636356e-27
6.811055802616155e-23
7.057218038533549e-19
2.8699238572515258e-15
4.580627281724366e-12
2.8694408593200485e-09
7.054842829256582e-07
6.807617552255557e-05
0.00257822430281503
0.03832339612180717
0.22357591686831846
0.5119220008291034
0.4600449954496262
0.16226115707562563
0.02246190408513637
0.0012203834521338237
2.6023385414234183e-05
2.1779555869399528e-07
7.1540502576749e-10
9.223010352118999e-13
4.666713585259513e-16
9.267601271062296e-20
7.223393523868761e-24
2.209698151559849e-28
2.653031284488485e-33
1.250171320927424e-38
2.3121416369113214e-44
1.6783289234071554e-50
4.781426293454964e-57
5.346327929925554e-64
2.34623475601944e-71
4.041150977809859e-79
2.7318473614325864e-87
7.2481225200879084e-96
7.547660616330079e-105
3.0847284817355695e-114
4.948109079732777e-124
3.115152617375473e-134
7.69727732139767e-145
7.464705545108426e-156
2.8412272431955658e-167
4.2444067969107095e-179
2.488546580720283e-191
5.72653987525161e-204
5.171976535946298e-217
1.8333211326737922e-230
2.5505760958139182e-244
1.392694202057471e-258
2.9846333808412365e-273
2.5104059649929e-288
8.287330641167192e-304
1.0738e-319
0.0
0.0
0.0
0.0
0.0
0.0
0.0
0.0
0.0
0.0
0.0
0.0
0.0
0.0
0.0
0.0
0.0
0.0
0.0
0.0
0.0
0.0
0.0
0.0
0.0
0.0
0.0
0.0
0.0
0.0
0.0
0.0
0.0
0.0
0.0
0.0
