1.3415773587699933
0.27220755882119796
0.11969178265838566
0.06808445976314513
0.044281044796267856
0.03152699808956441
0.023955636886653406
0.019095459198720126
0.01577796469246476
0.013399930602631963
0.011626809282189945
0.010261618621182519
0.00918236576508133
0.008310181756722015
0.007592165456371524
0.006991689224258365
0.006482684556636921
0.006046146304254626
0.005667922824507499
0.005337277782779931
0.005045929551470971
0.004787394524367219
0.0045565287144065
0.004349201668814285
0.004162060506407086
0.003992356491108809
0.0038378157436459053
0.0036965415949893527
0.0035669399500251123
0.003447661606626986
0.0033375572217130838
0.0032356418177381693
0.0031410665619987653
0.0030530961444785757
0.0029710905048117493
0.002894489966653348
0.0028228030630241276
0.0027555965027940403
0.0026924868528423055
0.0026331336041138065
0.0025772333609505858
0.0025245149475583008
0.0024747352674933335
0.0024276757847050846
0.0023831395202032254
0.0023409484785191707
0.0023009414340482213
0.0022629720200369146
0.002226907073133994
0.0021926251945983983
0.002160015495872513
0.0021289765016069915
0.002099415187616122
0.00207124613484623
0.002044390783408216
0.002018776773180808
0.0019943373595299177
0.0019710108943887866
0.0019487403643648554
0.0019274729787321866
0.0019071598011727716
0.0018877554199786166
0.0018692176521456028
0.0018515072774012294
0.0018345877987292728
0.0018184252263996185
0.0018029878828931033
0.0017882462264390733
0.001774172691165798
0.001760741542107797
0.001747928743525253
0.0017357118391738632
0.0017240698433227779
0.0017129831414571138
0.001702433399722765
0.0016924034822773935
0.0016828773758045651
0.0016738401205298196
0.0016652777471495496
0.0016571772191471563
0.0016495263800272151
0.0016423139050482456
0.0016355292570789468
0.0016291626462421967
0.0016232049930462397
0.0016176478947339619
0.0016124835946092907
0.0016077049541251224
0.0016033054275399498
0.0015992790389710444
0.001595620361690704
0.0015923244995291162
0.0015893870702629535
0.0015868041908830548
0.0015845724646477248
0.0015826889698403557
0.001581151250161464
0.0015799573066958576
0.0015791055914057548
0.0015785950021102381
0.0015784248789206241
0.0015785950021102381
0.0015791055914057548
0.0015799573066958576
0.001581151250161464
0.0015826889698403557
0.0015845724646477248
0.0015868041908830548
0.0015893870702629535
0.0015923244995291162
0.001595620361690704
0.0015992790389710444
0.0016033054275399498
0.0016077049541251224
0.0016124835946092907
0.0016176478947339619
0.0016232049930462397
0.0016291626462421967
0.0016355292570789468
0.0016423139050482456
0.0016495263800272151
0.0016571772191471563
0.0016652777471495496
0.0016738401205298196
0.0016828773758045651
0.0016924034822773935
0.001702433399722765
0.0017129831414571138
0.0017240698433227779
0.0017357118391738632
0.001747928743525253
0.001760741542107797
0.001774172691165798
0.0017882462264390733
0.0018029878828931033
0.0018184252263996185
0.0018345877987292728
0.0018515072774012294
0.0018692176521456028
0.0018877554199786166
0.0019071598011727716
0.0019274729787321866
0.0019487403643648554
0.0019710108943887866
0.0019943373595299177
0.002018776773180808
0.002044390783408216
0.00207124613484623
0.002099415187616122
0.0021289765016069915
0.002160015495872513
0.0021926251945983983
0.002226907073133994
0.0022629720200369146
0.0023009414340482213
0.0023409484785191707
0.0023831395202032254
0.0024276757847050846
0.0024747352674933335
0.0025245149475583008
0.0025772333609505858
0.0026331336041138065
0.0026924868528423055
0.0027555965027940403
0.0028228030630241276
0.002894489966653348
0.0029710905048117493
0.0030530961444785757
0.0031410665619987653
0.0032356418177381693
0.0033375572217130838
0.003447661606626986
0.0035669399500251123
0.0036965415949893527
0.0038378157436459053
0.003992356491108809
0.004162060506407086
0.004349201668814285
0.0045565287144065
0.004787394524367219
0.005045929551470971
0.005337277782779931
0.005667922824507499
0.006046146304254626
0.006482684556636921
0.006991689224258365
0.007592165456371524
0.008310181756722015
0.00918236576508133
0.010261618621182519
0.011626809282189945
0.013399930602631963
0.01577796469246476
0.019095459198720126
0.023955636886653406
0.03152699808956441
0.044281044796267856
0.06808445976314513
0.11969178265838566
0.27220755882119796

0.07597467456647787
0.1501992662601555
0.25256107245755316
0.36139298840160955
0.44057313981079016
0.4589378454963683
0.4116293154215855
0.3244542858290682
0.23694651097798405
0.17949472852314158
0.16234371845474824
0.17980021495615944
0.22030686369905778
0.2730118158043172
0.32858222143647065
0.3773395123475495
0.4085740216734075
0.41276930991194194
0.38559043385838193
0.33070490555778526
0.2590542601231278
0.184673387334334
0.11951507554974121
0.07010469196345635
0.03723244353704066
0.01789164619773294
0.007775744725273841
0.0030554331862677393
0.0010853316312084086
0.000348464783457953
0.00010111792516903879
2.6518444351358483e-05
6.284981784525064e-06
1.3461284643704459e-06
2.6054885142594127e-07
4.557301761000854e-08
7.203433926526479e-09
1.0289224936995625e-09
1.3281153062058051e-10
1.549166471635405e-11
1.63293541655779e-12
1.5554216854354793e-13
1.338860242597345e-14
1.0414300701722407e-15
7.320363171911034e-17
4.649890233291861e-18
2.669071902134723e-19
1.3844755896587877e-20
6.489597475434284e-22
2.748891663345863e-23
1.0522159501645212e-24
3.639649137663574e-26
1.1376836935617934e-27
3.2135933259705574e-29
8.202904701763554e-31
1.8921335165075915e-32
3.9440576340668015e-34
7.429200622237262e-36
1.26458573689707e-37
1.9451891121508242e-39
2.7038508944138005e-41
3.3963387812036296e-43
3.8551974560698237e-45
3.954482026430394e-47
3.6655567002589125e-49
3.070418922534121e-51
2.324142125137173e-53
1.5897728909520278e-55
9.826861789562969e-58
5.489110391419625e-60
2.7707442337848644e-62
1.2638579578753097e-64
5.2096368713379935e-67
1.940546232182987e-69
6.532025799045788e-72
1.9869143428838545e-74
5.461573143644819e-77
1.356637194409238e-79
3.0452085557279696e-82
6.177001671369922e-85
1.1322589242945724e-87
1.8755175915095608e-90
2.8073973626511114e-93
3.797466830939501e-96
4.6418536828361065e-99
5.127388918658581e-102
5.11809602851062e-105
4.6166606826098375e-108
3.763178661078196e-111
2.771973506279584e-114
1.845145714136919e-117
1.1098891822568396e-120
6.033036102347585e-124
2.9634635229242298e-127
1.3154386668177396e-130
5.276536872806804e-134
1.9126464869351649e-137
6.265096905832824e-141
1.8545059652309122e-144
4.960620827975478e-148
