1.2480155649850022
0.055995623570158526
0.0034802738586098107
0.0002513032830578592
2.0868804176219862e-05
2.2515500819609646e-06
4.045924855221925e-07
1.3321343570863317e-07
6.566453839462047e-08
4.021595184969064e-08
2.7804983045994426e-08
2.0884617707960684e-08
1.6582189001123834e-08
1.3697860428782426e-08
1.1650535290065973e-08
1.013155147860972e-08
8.964450516651579e-09
8.04213164596593e-09
7.2962968554848965e-09
6.681556134295509e-09
6.166673044080739e-09
5.729502093104944e-09
5.353935527532788e-09
5.027993657267145e-09
4.7425917731467755e-09
4.490721312035293e-09
4.266892440902157e-09
4.066746116954238e-09
3.886778696668095e-09
3.724142924937237e-09
3.576501782859944e-09
3.4419195712795524e-09
3.3187796522271663e-09
3.2057215595779827e-09
3.1015923752653932e-09
3.005408744185625e-09
2.9163269150174275e-09
2.8336189008424454e-09
2.7566533526262007e-09
2.6848800957127005e-09
2.6178175379623876e-09
2.555042347324566e-09
2.496180936499494e-09
2.440902396760481e-09
2.3889126016654684e-09
2.339949261150523e-09
2.2937777522694693e-09
2.2501875881665743e-09
2.2089894143240208e-09
2.170012442610559e-09
2.13310225057885e-09
2.098118886867619e-09
2.064935234251688e-09
2.0334355904479923e-09
2.0035144336862145e-09
1.9750753456402916e-09
1.948030068863204e-09
1.922297679583318e-09
1.8978038597711043e-09
1.8744802548999834e-09
1.8522639059067267e-09
1.8310967455866717e-09
1.8109251511016885e-09
1.791699545486486e-09
1.7733740420530838e-09
1.7559061264480566e-09
1.739256371839697e-09
1.7233881833250516e-09
1.7082675681679102e-09
1.6938629289234207e-09
1.6801448768852307e-09
1.6670860636172061e-09
1.65466102861225e-09
1.6428460613625197e-09
1.6316190763343469e-09
1.6209594995222118e-09
1.6108481654133786e-09
1.601267223331682e-09
1.5922000522483881e-09
1.5836311832524958e-09
1.5755462289644095e-09
1.5679318192573186e-09
1.5607755427214683e-09
1.554065893368988e-09
1.5477922221322614e-09
1.5419446927578673e-09
1.536514241741725e-09
1.5314925419899825e-09
1.5268719699249441e-09
1.5226455757865366e-09
1.518807056907885e-09
1.5153507337689294e-09
1.512271528655023e-09
1.5095649467683977e-09
1.5072270596595963e-09
1.5052544908636137e-09
1.5036444036418752e-09
1.5023944907464389e-09
1.5015029661371493e-09
1.500968558596061e-09
1.5007905071964239e-09
1.500968558596061e-09
1.5015029661371493e-09
1.5023944907464389e-09
1.5036444036418752e-09
1.5052544908636137e-09
1.5072270596595963e-09
1.5095649467683977e-09
1.512271528655023e-09
1.5153507337689294e-09
1.518807056907885e-09
1.5226455757865366e-09
1.5268719699249441e-09
1.5314925419899825e-09
1.536514241741725e-09
1.5419446927578673e-09
1.5477922221322614e-09
1.554065893368988e-09
1.5607755427214683e-09
1.5679318192573186e-09
1.5755462289644095e-09
1.5836311832524958e-09
1.5922000522483881e-09
1.601267223331682e-09
1.6108481654133786e-09
1.6209594995222118e-09
1.6316190763343469e-09
1.6428460613625197e-09
1.65466102861225e-09
1.6670860636172061e-09
1.6801448768852307e-09
1.6938629289234207e-09
1.7082675681679102e-09
1.7233881833250516e-09
1.739256371839697e-09
1.7559061264480566e-09
1.7733740420530838e-09
1.791699545486486e-09
1.8109251511016885e-09
1.8310967455866717e-09
1.8522639059067267e-09
1.8744802548999834e-09
1.8978038597711043e-09
1.922297679583318e-09
1.948030068863204e-09
1.9750753456402916e-09
2.0035144336862145e-09
2.0334355904479923e-09
2.064935234251688e-09
2.098118886867619e-09
2.13310225057885e-09
2.170012442610559e-09
2.2089894143240208e-09
2.2501875881665743e-09
2.2937777522694693e-09
2.339949261150523e-09
2.3889126016654684e-09
2.440902396760481e-09
2.496180936499494e-09
2.555042347324566e-09
2.6178175379623876e-09
2.6848800957127005e-09
2.7566533526262007e-09
2.8336189008424454e-09
2.9163269150174275e-09
3.005408744185625e-09
3.1015923752653932e-09
3.2057215595779827e-09
3.3187796522271663e-09
3.4419195712795524e-09
3.576501782859944e-09
3.724142924937237e-09
3.886778696668095e-09
4.066746116954238e-09
4.266892440902157e-09
4.490721312035293e-09
4.7425917731467755e-09
5.027993657267145e-09
5.353935527532788e-09
5.729502093104944e-09
6.166673044080739e-09
6.681556134295509e-09
7.2962968554848965e-09
8.04213164596593e-09
8.964450516651579e-09
1.013155147860972e-08
1.1650535290065973e-08
1.3697860428782426e-08
1.6582189001123834e-08
2.0884617707960684e-08
2.7804983045994426e-08
4.021595184969064e-08
6.566453839462047e-08
1.3321343570863317e-07
4.045924855221925e-07
2.2515500819609646e-06
2.0868804176219862e-05
0.0002513032830578592
0.0034802738586098107
0.055995623570158526

6.887006779442537e-08
3.474790109523109e-07
1.5940624653206064e-06
6.649079531936578e-06
2.5217333498817764e-05
8.696078836298518e-05
0.0002726763585035112
0.0007775034846613861
0.0020163307212655228
0.0047634500579435655
0.011057832153505845
0.05321985922589902
0.410539429680967
1.2628361605902898
1.1910145572108626
0.4148208993789038
0.1940825809759253
0.22341438244741574
0.27569027204623375
0.32429161148762514
0.35756117995393
0.3632437464960133
0.3348234880647691
0.27675616739856446
0.20345399423149452
0.1322942064037075
0.07581835699045486
0.03820970004309656
0.016908482937560504
0.00656397575052213
0.0022341660216214387
0.0006665206182415498
0.00017426426880737402
3.99319427338572e-05
8.021361853935474e-06
1.4131398568977605e-06
2.185029376568337e-07
2.9688284687553573e-08
3.551296309939569e-09
3.750943445652756e-10
3.5141928659913295e-11
2.9407239367658314e-12
2.220441010198662e-13
1.5339263230406714e-14
9.858907470838855e-16
5.993445821873549e-17
3.484910527797456e-18
1.9416228780447043e-19
1.0292394771691212e-20
5.130819015225068e-22
2.3777569949976207e-23
1.0152856734994747e-24
3.9708682077666756e-26
1.4175263272985945e-27
4.609806803850284e-29
1.3642806724910935e-30
3.67265200213746e-32
8.991054679880144e-34
2.0014813460352396e-35
4.0511972819289386e-37
7.45587067564928e-39
1.2476518396964715e-40
1.898311071284633e-42
2.626152017704763e-44
3.3033205077055064e-46
3.777982031048646e-48
3.9286864633762353e-50
3.7146094259590544e-52
3.1934288508565143e-54
2.4962014695309107e-56
1.774109110729212e-58
1.1464610894210971e-60
6.736225459679495e-63
3.598754418409167e-65
1.748099342248364e-67
7.720729009158785e-70
3.100479120231504e-72
1.1320812937840553e-74
3.75841488329141e-77
1.1345146958459168e-79
3.113822368605752e-82
7.770623087028139e-85
1.7631779893419489e-87
3.6375985572968394e-90
6.823570514384695e-93
1.1638229056953874e-95
1.804847111479304e-98
2.5449088890012058e-101
3.262739195859512e-104
3.8033893272682517e-107
4.0312293600048217e-110
3.8849240693597616e-113
3.404127854104926e-116
2.7121112056247604e-119
1.9646600974235454e-122
1.2940339122350475e-125
7.749651855540316e-129
4.2198501517432626e-132
2.0892488294044285e-135
9.405060798725576e-139
