0.07331150235893774
0.042123610118189145
0.027897329952560414
0.02032027405528248
0.015793444556469628
0.01284771583504558
0.010803320962658985
0.009312552968653616
0.008182601327414916
0.00729929934841511
0.006591304461283508
0.006011994335658825
0.005529734492770486
0.005122364524365068
0.004773930650487253
0.004472672738913781
0.004209741497479672
0.0039783563719166465
0.0037732380818502765
0.0035902172301166112
0.003425958687574126
0.0032777638524914138
0.003143426373349637
0.0030211252618931404
0.0029093445993308223
0.002806812449234534
0.0027124538388996447
0.002625354179667371
0.0025447305259958704
0.0024699087860146434
0.00240030549711898
0.0023354131365908044
0.0022747881939960786
0.0022180414191798068
0.002164829797423122
0.0021148499057585795
0.0020678323813232463
0.002023537290842624
0.0019817502347797165
0.0019422790538750339
0.0019049510323025875
0.001869610512347413
0.0018361168517560522
0.0018043426677534554
0.0017741723219314518
0.0017455006083799795
0.0017182316139975479
0.0016922777252228688
0.0016675587597379641
0.001644001205208082
0.0016215375500044154
0.0016001056932264553
0.0015796484233001021
0.0015601129560532227
0.0015414505245240897
0.0015236160138896698
0.0015065676358497636
0.0014902666376016846
0.001474677041214501
0.001459765409782944
0.001445500637226236
0.0014318537590103748
0.00141879778142553
0.001406307527352661
0.0013943594967132963
0.0013829317400200923
0.0013720037436389262
0.0013615563255403409
0.0013515715404631063
0.001342032593538602
0.0013329237615344824
0.0013242303209718936
0.0013159384824543157
0.0013080353306196097
0.0013005087691913828
0.0012933474706626161
0.0012865408301946022
0.0012800789233585355
0.001273952467386291
0.0012681527856317218
0.001262671774974712
0.0012575018759277679
0.0012526360452294952
0.0012480677307312935
0.0012437908484032934
0.0012397997613032528
0.001236089260368075
0.0012326545469019622
0.0012294912166482843
0.0012265952453440047
0.0012239629756663228
0.0012215911054909848
0.00121947667739077
0.0012176170693109574
0.0012160099863662717
0.0012146534537109846
0.0012135458104405106
0.001212685704489172
0.001212072088494762
0.0012117042166062296
0.0012115816422163129
0.0012117042166062296
0.001212072088494762
0.001212685704489172
0.0012135458104405106
0.0012146534537109846
0.0012160099863662717
0.0012176170693109574
0.00121947667739077
0.0012215911054909848
0.0012239629756663228
0.0012265952453440047
0.0012294912166482843
0.0012326545469019622
0.001236089260368075
0.0012397997613032528
0.0012437908484032934
0.0012480677307312935
0.0012526360452294952
0.0012575018759277679
0.001262671774974712
0.0012681527856317218
0.001273952467386291
0.0012800789233585355
0.0012865408301946022
0.0012933474706626161
0.0013005087691913828
0.0013080353306196097
0.0013159384824543157
0.0013242303209718936
0.0013329237615344824
0.001342032593538602
0.0013515715404631063
0.0013615563255403409
0.0013720037436389262
0.0013829317400200923
0.0013943594967132963
0.001406307527352661
0.00141879778142553
0.0014318537590103748
0.001445500637226236
0.001459765409782944
0.001474677041214501
0.0014902666376016846
0.0015065676358497636
0.0015236160138896698
0.0015414505245240897
0.0015601129560532227
0.0015796484233001021
0.0016001056932264553
0.0016215375500044154
0.001644001205208082
0.0016675587597379641
0.0016922777252228688
0.0017182316139975479
0.0017455006083799795
0.0017741723219314518
0.0018043426677534554
0.0018361168517560522
0.001869610512347413
0.0019049510323025875
0.0019422790538750339
0.0019817502347797165
0.002023537290842624
0.0020678323813232463
0.0021148499057585795
0.002164829797423122
0.0022180414191798068
0.0022747881939960786
0.0023354131365908044
0.00240030549711898
0.0024699087860146434
0.0025447305259958704
0.002625354179667371
0.0027124538388996447
0.002806812449234534
0.0029093445993308223
0.0030211252618931404
0.003143426373349637
0.0032777638524914138
0.003425958687574126
0.0035902172301166112
0.0037732380818502765
0.0039783563719166465
0.004209741497479672
0.004472672738913781
0.004773930650487253
0.005122364524365068
0.005529734492770486
0.006011994335658825
0.006591304461283508
0.00729929934841511
0.008182601327414916
0.009312552968653616
0.010803320962658985
0.01284771583504558
0.015793444556469628
0.02032027405528248
0.027897329952560414
0.042123610118189145

0.060210646386957334
0.06533232490926767
0.06468616995191508
0.058441756749757164
0.04817964411283727
0.03624369054537324
0.02487881783906048
0.015583161348654265
0.00890655789192811
0.0046450749239035916
0.0022105688827596588
0.0009599395425684932
0.000380375215929292
0.00013753367333588923
4.537685306503614e-05
1.3661179747139394e-05
3.7529306396541597e-06
9.407654751552517e-07
2.1518931572748898e-07
4.491470366924758e-08
8.554307810126756e-09
1.48665333266032e-09
2.3575615758761985e-10
3.411496115784672e-11
4.504589479611286e-12
5.427427812831484e-13
5.967073592730295e-14
5.986282845000936e-15
5.480012792555223e-16
4.577563866092218e-17
3.4891187677216446e-18
2.426753105148779e-19
1.5401532468115555e-20
8.919300131624466e-22
4.713311260835927e-23
2.2727410930195305e-24
1.0000053154922817e-25
4.01497784484284e-27
1.4709316689289366e-28
4.917341204587715e-30
1.5000187598937553e-31
4.175337033792262e-33
1.0605102859210724e-34
2.4579142828365213e-36
5.19812934663951e-38
1.0031270261602792e-39
1.7664171849312232e-41
2.8383054535734145e-43
4.1615343404455026e-45
5.567706511139483e-47
6.797163029899063e-49
7.571946545950707e-51
7.696900862454458e-53
7.139252573723925e-55
6.042520066677731e-57
4.666722280014156e-59
3.288776134074479e-61
2.1148772648062716e-63
1.2409792658262952e-65
6.644654176974219e-68
3.2464501677260324e-70
1.4473501137147428e-72
5.887988577368128e-75
2.185691274938986e-77
7.403535769862477e-80
2.2883267634434292e-82
6.453947102375789e-85
1.660967993128867e-87
3.90054799742789e-90
8.35831029096291e-93
1.634330379474785e-95
2.9160147609589507e-98
4.747533993991863e-101
7.053017294359335e-104
9.561154035611551e-107
1.1826988697738865e-109
1.3349547628805584e-112
1.3749516203027256e-115
1.2922209737515487e-118
1.1081910919955951e-121
8.672035051176771e-125
6.192355697379513e-128
4.034774484648605e-131
2.3988944364149033e-134
1.301462051366294e-137
6.442885033773569e-141
2.910433999343246e-144
1.1996750558912442e-147
4.512300387910121e-151
1.5486771061153414e-154
4.8501174306661e-158
1.386028402618878e-161
3.614269282347169e-165
8.599978865977158e-169
1.8672512630271332e-172
3.699445556507249e-176
6.688042425643178e-180
1.1032905517415979e-183
1.6607691895175734e-187
2.281167418666552e-191
