0.4282689941771538
0.207097486499106
0.1283014280718728
0.09131747336338225
0.07043762013481182
0.05717513384099684
0.04806198815507331
0.04144051731482242
0.03642487596765326
0.032501297939135566
0.02935248390792991
0.026772409183730188
0.02462171410002927
0.022802870778805495
0.021245641234517276
0.019898189515132104
0.018721446384899785
0.017685420794510562
0.01676671761696502
0.015946825890551856
0.015210912642696868
0.014546956486169008
0.013945114487156579
0.013397252287953465
0.012896590476595202
0.012437435039076709
0.012014969503373933
0.011625092941236762
0.011264292468127303
0.010929541983239475
0.01061822107265589
0.010328049553053454
0.010057034254777712
0.009803425461452376
0.009565681026860692
0.009342436639435918
0.009132481042730485
0.008934735276604419
0.008748235199908217
0.008572116706492439
0.008405603163624407
0.008247994693525397
0.00809865899082308
0.00795702342576569
0.007822568228465674
0.007694820585803902
0.0075733495118921
0.0074577613766652175
0.007347695996418222
0.0072428232058149205
0.007142839843784085
0.007047467096332985
0.0069564481480867925
0.006869546101650053
0.00678654212995945
0.006707233831875603
0.006631433765523696
0.0065589681374809755
0.0064896756289400835
0.006423406342545124
0.006360020855779572
0.0062993893686447856
0.00624139093495718
0.006185912767953925
0.0061328496120670066
0.0060821031737330585
0.006033581604976459
0.005987199034255996
0.005942875139718534
0.005900534760570893
0.005860107542775814
0.005821527615709793
0.005784733296798551
0.0057496668214771516
0.0057162740961129175
0.005684504471785502
0.00565431053704448
0.005625647927964446
0.005598475153994539
0.005572753438256076
0.005548446571081435
0.005525520775711489
0.005503944585179754
0.005483688729510415
0.005464726032446351
0.005447031317002882
0.005430581319214982
0.005415354609510375
0.005401331521199702
0.005388494085628219
0.005376825973581951
0.0053663124425856025
0.005356940289770161
0.005348697810025611
0.005341574759188833
0.0053355623220490145
0.00533065308498303
0.005326841013061707
0.005324121431494702
0.005322491011307434
0.005321947759168196
0.005322491011307434
0.005324121431494702
0.005326841013061707
0.00533065308498303
0.0053355623220490145
0.005341574759188833
0.005348697810025611
0.005356940289770161
0.0053663124425856025
0.005376825973581951
0.005388494085628219
0.005401331521199702
0.005415354609510375
0.005430581319214982
0.005447031317002882
0.005464726032446351
0.005483688729510415
0.005503944585179754
0.005525520775711489
0.005548446571081435
0.005572753438256076
0.005598475153994539
0.005625647927964446
0.00565431053704448
0.005684504471785502
0.0057162740961129175
0.0057496668214771516
0.005784733296798551
0.005821527615709793
0.005860107542775814
0.005900534760570893
0.005942875139718534
0.005987199034255996
0.006033581604976459
0.0060821031737330585
0.0061328496120670066
0.006185912767953925
0.00624139093495718
0.0062993893686447856
0.006360020855779572
0.006423406342545124
0.0064896756289400835
0.0065589681374809755
0.006631433765523696
0.006707233831875603
0.00678654212995945
0.006869546101650053
0.0069564481480867925
0.007047467096332985
0.007142839843784085
0.0072428232058149205
0.007347695996418222
0.0074577613766652175
0.0075733495118921
0.007694820585803902
0.007822568228465674
0.00795702342576569
0.00809865899082308
0.008247994693525397
0.008405603163624407
0.008572116706492439
0.008748235199908217
0.008934735276604419
0.009132481042730485
0.009342436639435918
0.009565681026860692
0.009803425461452376
0.010057034254777712
0.010328049553053454
0.01061822107265589
0.010929541983239475
0.011264292468127303
0.011625092941236762
0.012014969503373933
0.012437435039076709
0.012896590476595202
0.013397252287953465
0.013945114487156579
0.014546956486169008
0.015210912642696868
0.015946825890551856
0.01676671761696502
0.017685420794510562
0.018721446384899785
0.019898189515132104
0.021245641234517276
0.022802870778805495
0.02462171410002927
0.026772409183730188
0.02935248390792991
0.032501297939135566
0.03642487596765326
0.04144051731482242
0.04806198815507331
0.05717513384099684
0.07043762013481182
0.09131747336338225
0.1283014280718728
0.207097486499106

0.263101267793635
0.2931153945025717
0.27550472198954606
0.25772685390242805
0.23924405050630063
0.19344252602909484
0.14363535997696716
0.1317075256381321
0.14532616788473524
0.13729391284698467
0.09444081590107552
0.04553760151427722
0.015280762340823888
0.003563871789758484
0.0005775682469490815
6.503872604980255e-05
5.088917777536137e-06
2.766706416143566e-07
1.045165059911983e-08
2.7434107685702625e-10
5.003581110602613e-12
6.340962697905427e-14
5.583591033051329e-16
3.416301192885058e-18
1.4523886714694298e-20
4.290359671357899e-23
8.806203136207948e-26
1.2559369728729045e-28
1.2446038515446744e-31
8.569955845655933e-35
4.100248484707328e-38
1.363094350860844e-41
3.1486602958106446e-45
5.053704524194096e-49
5.636091480745221e-53
4.3674744158475956e-57
2.3516184253759016e-61
8.79807151299109e-66
2.2871374745236367e-70
4.131247372780398e-75
5.1850658966016736e-80
4.5218016544454006e-85
2.740014653149676e-90
1.153661530352657e-95
3.3751111942154555e-101
6.860912939706574e-107
9.690805569762117e-113
9.510908438436895e-119
6.485870452965504e-125
3.0732556438776576e-131
1.0118432863927399e-137
2.3147919842624889e-144
3.6795510597375906e-151
4.064076240904819e-158
3.118983002913694e-165
1.6632147132053252e-172
6.162653886256748e-180
1.5866143747262988e-187
2.838305514382717e-195
3.528020061193312e-203
3.0471027539512025e-211
1.8286361546066528e-219
7.625207269497675e-228
2.2093277783801955e-236
4.447877334971949e-245
6.221994156253606e-254
6.047704251027049e-263
4.084469331896115e-272
1.9167474003667046e-281
6.2499749257080965e-291
1.416040959962483e-300
2.2292434810578e-310
2.4387e-320
0.0
0.0
0.0
0.0
0.0
0.0
0.0
0.0
0.0
0.0
0.0
0.0
0.0
0.0
0.0
0.0
0.0
0.0
0.0
0.0
0.0
0.0
0.0
0.0
0.0
0.0
0.0
