1.0837662968401283
0.05126939622803664
0.004061889967206773
0.0005687881497753622
0.00012886966607004923
4.223109804397295e-05
1.8361961648900277e-05
9.866060596594281e-06
6.174133731554651e-06
4.300865741298357e-06
3.2300246123441147e-06
2.559308141078012e-06
2.1085956100380767e-06
1.7887017121783142e-06
1.5516636375560064e-06
1.369868107524037e-06
1.2264915164415453e-06
1.110786445232535e-06
1.015606834122187e-06
9.360365404047904e-07
8.68593117297672e-07
8.107464704719621e-07
7.606173996207962e-07
7.167828398197575e-07
6.781465308061489e-07
6.438510094433281e-07
6.132163994338132e-07
5.856969953311336e-07
5.608499178900969e-07
5.3831211848462e-07
5.177832606579531e-07
4.990128057433402e-07
4.817901503414808e-07
4.65937009381627e-07
4.513014722182726e-07
4.377533196328754e-07
4.2518030132980555e-07
4.13485152380518e-07
4.025831834467655e-07
3.9240032039033956e-07
3.828714986950603e-07
3.7393934015636007e-07
3.655530557265963e-07
3.576675307734633e-07
3.5024255839898005e-07
3.43242193652502e-07
3.3663420701224093e-07
3.3038961981318104e-07
3.244823076642565e-07
3.1888866054584394e-07
3.13587290375513e-07
3.0855877850000966e-07
3.037854569089181e-07
2.992512180422377e-07
2.9494134893542003e-07
2.9084238615384046e-07
2.869419885473408e-07
2.8322882533022183e-07
2.796924773832083e-07
2.763233499974697e-07
2.7311259554947946e-07
2.700520448194785e-07
2.6713414585367203e-07
2.643519094275739e-07
2.616988603003829e-07
2.5916899356220177e-07
2.5675673547077863e-07
2.544569082550889e-07
2.522646984318354e-07
2.501756282397156e-07
2.481855298467009e-07
2.462905220288766e-07
2.4448698905671285e-07
2.427715615568782e-07
2.411410991456216e-07
2.395926746539836e-07
2.3812355978618177e-07
2.3673121207089748e-07
2.3541326298126664e-07
2.3416750711344566e-07
2.3299189232598826e-07
2.3188451075313951e-07
2.308435906147441e-07
2.2986748875394257e-07
2.2895468384134037e-07
2.281037701910057e-07
2.2731345213959232e-07
2.2658253894518766e-07
2.2590994016723737e-07
2.252946614931618e-07
2.2473580098408785e-07
2.2423254569427626e-07
2.2378416868782952e-07
2.2339002636605898e-07
2.2304955613818673e-07
2.2276227439821023e-07
2.2252777479792906e-07
2.223457268045546e-07
2.2221587453330846e-07
2.2213803584729322e-07
2.2211210171871767e-07
2.2213803584729322e-07
2.2221587453330846e-07
2.223457268045546e-07
2.2252777479792906e-07
2.2276227439821023e-07
2.2304955613818673e-07
2.2339002636605898e-07
2.2378416868782952e-07
2.2423254569427626e-07
2.2473580098408785e-07
2.252946614931618e-07
2.2590994016723737e-07
2.2658253894518766e-07
2.2731345213959232e-07
2.281037701910057e-07
2.2895468384134037e-07
2.2986748875394257e-07
2.308435906147441e-07
2.3188451075313951e-07
2.3299189232598826e-07
2.3416750711344566e-07
2.3541326298126664e-07
2.3673121207089748e-07
2.3812355978618177e-07
2.395926746539836e-07
2.411410991456216e-07
2.427715615568782e-07
2.4448698905671285e-07
2.462905220288766e-07
2.481855298467009e-07
2.501756282397156e-07
2.522646984318354e-07
2.544569082550889e-07
2.5675673547077863e-07
2.5916899356220177e-07
2.616988603003829e-07
2.643519094275739e-07
2.6713414585367203e-07
2.700520448194785e-07
2.7311259554947946e-07
2.763233499974697e-07
2.796924773832083e-07
2.8322882533022183e-07
2.869419885473408e-07
2.9084238615384046e-07
2.9494134893542003e-07
2.992512180422377e-07
3.037854569089181e-07
3.0855877850000966e-07
3.13587290375513e-07
3.1888866054584394e-07
3.244823076642565e-07
3.3038961981318104e-07
3.3663420701224093e-07
3.43242193652502e-07
3.5024255839898005e-07
3.576675307734633e-07
3.655530557265963e-07
3.7393934015636007e-07
3.828714986950603e-07
3.9240032039033956e-07
4.025831834467655e-07
4.13485152380518e-07
4.2518030132980555e-07
4.377533196328754e-07
4.513014722182726e-07
4.65937009381627e-07
4.817901503414808e-07
4.990128057433402e-07
5.177832606579531e-07
5.3831211848462e-07
5.608499178900969e-07
5.856969953311336e-07
6.132163994338132e-07
6.438510094433281e-07
6.781465308061489e-07
7.167828398197575e-07
7.606173996207962e-07
8.107464704719621e-07
8.68593117297672e-07
9.360365404047904e-07
1.015606834122187e-06
1.110786445232535e-06
1.2264915164415453e-06
1.369868107524037e-06
1.5516636375560064e-06
1.7887017121783142e-06
2.1085956100380767e-06
2.559308141078012e-06
3.2300246123441147e-06
4.300865741298357e-06
6.174133731554651e-06
9.866060596594281e-06
1.8361961648900277e-05
4.223109804397295e-05
0.00012886966607004923
0.0005687881497753622
0.004061889967206773
0.05126939622803664

1.027293970714413e-05
4.428842032083259e-05
0.0001693864454808201
0.0005747601886232289
0.001730534085403879
0.004625043429888272
0.010981208735317358
0.023203632524757913
0.04379439926960426
0.07434828856949528
0.1149154291503386
0.16467920177692613
0.22369360289934925
0.29460625013542796
0.38737837539743325
0.5272637993149744
0.7236743858001198
0.8778428657765425
0.8232639222304915
0.565562577441665
0.2939476875349015
0.12792589506622767
0.0515989084826861
0.019559014823229685
0.006656884133020058
0.0019663321131075623
0.0004981856790207431
0.0001079794004027789
2.0012629502743624e-05
3.1712814266121437e-06
4.296507034821745e-07
4.976708008685501e-08
4.928579675272137e-09
4.1732471792931417e-10
3.021588527554643e-11
1.8709640926379365e-12
9.909719757693277e-14
4.491374429134828e-15
1.7429038869141574e-16
5.796475282595002e-18
1.6548363436096526e-19
4.066687192377959e-21
8.64282236690735e-23
1.6011592769090566e-24
2.619313440899564e-26
3.8584407757456232e-28
5.250909615703603e-30
6.773499543409562e-32
8.405550110760607e-34
9.999008227326023e-36
1.1202550186007463e-37
1.1576008660828787e-39
1.0850667989486617e-41
9.12821479189587e-44
6.851061757824585e-46
4.5734702617481434e-48
2.711519460773337e-50
1.4268172610718323e-52
6.661724654604345e-55
2.759403904295337e-57
1.0139890172146248e-59
3.3054654444766124e-62
9.558955835806316e-65
2.45225551519352e-67
5.580820660998577e-70
1.1266976330701373e-72
2.0178720747152336e-75
3.2059504129423557e-78
4.518527092593174e-81
5.649550549963152e-84
6.266251554877431e-87
6.165647191063558e-90
5.381786101657383e-93
4.167264953944364e-96
2.8625475712414944e-99
1.7443403616572726e-102
9.42945658282176e-106
4.521879849873927e-109
1.9236598921330534e-112
7.25962988541244e-116
2.4303990548025263e-119
7.218012229503465e-123
1.9016673829286362e-126
4.444556381289419e-130
9.21508191503957e-134
1.694911001122906e-137
2.765486324135644e-141
4.0028844149732556e-145
5.139862519372954e-149
5.854730026086431e-153
5.916149809553124e-157
5.3033265562681424e-161
4.2172999941639704e-165
2.975072398530207e-169
1.8618191816719213e-173
1.0336044730280318e-177
5.0903562540988854e-182
2.2239186349879017e-186
8.619191463627742e-191
2.9634054846069516e-195
