1.3368151359562896
0.1867338876860754
0.05143960168280973
0.01631336855592986
0.005466510179241431
0.0019107915470707633
0.0006947910347456373
0.0002626093545072595
0.00010315944312116906
4.212004508159621e-05
1.788043939851091e-05
7.896246974095633e-06
3.631020068346594e-06
1.741237433122525e-06
8.727613756585185e-07
4.5869513062538546e-07
2.5381203106338493e-07
1.4854019551269287e-07
9.232849561776156e-08
6.110549087579774e-08
4.304491488409085e-08
3.2154754732344044e-08
2.530349519556841e-08
2.0806053790449583e-08
1.772738322093998e-08
1.5533234846244617e-08
1.3909317726882893e-08
1.2665330080462896e-08
1.1682723334235554e-08
1.0885556844693351e-08
1.0223837895713086e-08
9.663770911137656e-09
9.181917478128633e-09
8.761619206388081e-09
8.390758197279766e-09
8.060324821581964e-09
7.763482693636708e-09
7.494945922081862e-09
7.250556262999195e-09
7.026990621601245e-09
6.821555079248225e-09
6.632037354386533e-09
6.456599387351083e-09
6.293697920327635e-09
6.1420249121054725e-09
6.000462213984563e-09
5.868046644384964e-09
5.7439427479342165e-09
5.627421305958334e-09
5.517842203826608e-09
5.4146406366404e-09
5.31731590059238e-09
5.22542220749297e-09
5.138561097560476e-09
5.05637512622759e-09
4.978542575124042e-09
4.9047729929531205e-09
4.8348034138637e-09
4.768395132785496e-09
4.7053309416530125e-09
4.645412749372392e-09
4.588459523152402e-09
4.534305500428383e-09
4.482798629798373e-09
4.433799206717089e-09
4.387178675572401e-09
4.342818574515601e-09
4.300609603271983e-09
4.260450797307053e-09
4.222248794309241e-09
4.185917181083999e-09
4.151375910723756e-09
4.118550781392888e-09
4.087372969300623e-09
4.057778609471849e-09
4.0297084188007905e-09
4.00310735661362e-09
3.977924318596252e-09
3.954111860481271e-09
3.931625948348229e-09
3.910425732787255e-09
3.890473344516659e-09
3.871733709340183e-09
3.854174380585299e-09
3.837765387386506e-09
3.822479097371998e-09
3.808290092482276e-09
3.795175056798925e-09
3.783112675393736e-09
3.772083543325135e-09
3.762070084012702e-09
3.753056476313165e-09
3.745028589704263e-09
3.737973927057683e-09
3.731881574549981e-09
3.7267421583221555e-09
3.7225478075551623e-09
3.7192921236810073e-09
3.7169701554978554e-09
3.715578380003446e-09
3.7151146888047373e-09
3.715578380003446e-09
3.7169701554978554e-09
3.7192921236810073e-09
3.7225478075551623e-09
3.7267421583221555e-09
3.731881574549981e-09
3.737973927057683e-09
3.745028589704263e-09
3.753056476313165e-09
3.762070084012702e-09
3.772083543325135e-09
3.783112675393736e-09
3.795175056798925e-09
3.808290092482276e-09
3.822479097371998e-09
3.837765387386506e-09
3.854174380585299e-09
3.871733709340183e-09
3.890473344516659e-09
3.910425732787255e-09
3.931625948348229e-09
3.954111860481271e-09
3.977924318596252e-09
4.00310735661362e-09
4.0297084188007905e-09
4.057778609471849e-09
4.087372969300623e-09
4.118550781392888e-09
4.151375910723756e-09
4.185917181083999e-09
4.222248794309241e-09
4.260450797307053e-09
4.300609603271983e-09
4.342818574515601e-09
4.387178675572401e-09
4.433799206717089e-09
4.482798629798373e-09
4.534305500428383e-09
4.588459523152402e-09
4.645412749372392e-09
4.7053309416530125e-09
4.768395132785496e-09
4.8348034138637e-09
4.9047729929531205e-09
4.978542575124042e-09
5.05637512622759e-09
5.138561097560476e-09
5.22542220749297e-09
5.31731590059238e-09
5.4146406366404e-09
5.517842203826608e-09
5.627421305958334e-09
5.7439427479342165e-09
5.868046644384964e-09
6.000462213984563e-09
6.1420249121054725e-09
6.293697920327635e-09
6.456599387351083e-09
6.632037354386533e-09
6.821555079248225e-09
7.026990621601245e-09
7.250556262999195e-09
7.494945922081862e-09
7.763482693636708e-09
8.060324821581964e-09
8.390758197279766e-09
8.761619206388081e-09
9.181917478128633e-09
9.663770911137656e-09
1.0223837895713086e-08
1.0885556844693351e-08
1.1682723334235554e-08
1.2665330080462896e-08
1.3909317726882893e-08
1.5533234846244617e-08
1.772738322093998e-08
2.0806053790449583e-08
2.530349519556841e-08
3.2154754732344044e-08
4.304491488409085e-08
6.110549087579774e-08
9.232849561776156e-08
1.4854019551269287e-07
2.5381203106338493e-07
4.5869513062538546e-07
8.727613756585185e-07
1.741237433122525e-06
3.631020068346594e-06
7.896246974095633e-06
1.788043939851091e-05
4.212004508159621e-05
0.00010315944312116906
0.0002626093545072595
0.0006947910347456373
0.0019107915470707633
0.005466510179241431
0.01631336855592986
0.05143960168280973
0.1867338876860754

1.6669314155753067e-07
2.397070575679989e-06
0.00017728591189167145
0.007643810881031662
0.11611265542103572
0.6053376231761403
1.0814266708566742
0.6649342177388262
0.1513211332154405
0.03956523362500659
0.057899606921538505
0.09771155103810986
0.14447590277898953
0.18639373422583544
0.20981890339547918
0.20608065590486532
0.17674359290963676
0.13894160841474823
0.19895391977132448
0.6569343471911878
1.102472332630979
0.6398108053574657
0.12485964042859826
0.008957363193285443
0.0005380300777308417
9.630172559743729e-05
2.086851993836527e-05
3.9898832494669805e-06
6.656665730266467e-07
9.690158876907547e-08
1.230785685279476e-08
1.3639905621395841e-09
1.3189176620211418e-10
1.1127597102839967e-11
8.191482191080332e-13
5.261395875315032e-14
2.948606771317332e-15
1.4418169508021096e-16
6.1514965597639575e-18
2.2899649433138494e-19
7.437967428006102e-21
2.1079344445841003e-22
5.212394990233193e-24
1.1245918372141804e-25
2.1170441981794058e-27
3.4773012213698605e-29
4.983472787514969e-31
6.231595558349966e-33
6.798980835525143e-35
6.4724061949432e-37
5.3760723250869264e-39
3.896205279362904e-41
2.463746090818674e-43
1.3593379943383201e-45
6.543895470605838e-48
2.7486702444916045e-50
1.0073637496569107e-52
3.2212719139318655e-55
8.987643621739235e-58
2.1879716517001263e-60
4.6474521619101966e-63
8.613220301276799e-66
1.3928154402251744e-68
1.965164814737138e-71
2.4192557214601586e-74
2.598615136811986e-77
2.435451811157117e-80
1.9915651031110674e-83
1.4209763987370907e-86
8.84619710002388e-90
4.805114583129381e-93
2.277342101579344e-96
9.417382099534049e-100
3.397891432467782e-103
1.069710343003963e-106
2.9383280535292015e-110
7.042255181782321e-114
1.4726536714444312e-117
2.6869951395359153e-121
4.277702003859121e-125
5.94198516861076e-129
7.201616484306984e-133
7.615629471515395e-137
7.026822965028745e-141
5.6570446695476184e-145
3.973723036805978e-149
2.4354710415582913e-153
1.3024040437908876e-157
6.076953201154625e-162
2.474021318837051e-166
8.788168462536515e-171
2.7237716742405703e-175
7.365808349778245e-180
1.737990988963046e-184
3.5780962265922e-189
6.427378881510005e-194
1.0073796580688691e-198
1.377621278963111e-203
1.6437807783761146e-208
1.7113362232386966e-213
