0.5039109824376317
0.06570948440847715
0.009606185923171145
0.0015744271947237005
0.0002892961805794504
5.95951128577585e-05
1.3763327960447555e-05
3.563443983828071e-06
1.0342195740539874e-06
3.3638953254364973e-07
1.2253996188588577e-07
4.9921232500530213e-08
2.2679352881577976e-08
1.1434128418044764e-08
6.3537340718272935e-09
3.850893654393214e-09
2.5209189467238744e-09
1.7618057710585136e-09
1.300374533106039e-09
1.0039089202590676e-09
8.04007728482505e-10
6.634666191459036e-10
5.610373259489914e-10
4.840379789678714e-10
4.24593609666225e-10
3.776371512552233e-10
3.3980264483942367e-10
3.087893352122225e-10
2.8298375013297636e-10
2.612280566602927e-10
2.426740155634995e-10
2.2668849949079662e-10
2.1279091187853104e-10
2.0061083160110247e-10
1.8985877389121058e-10
1.8030563586977986e-10
1.717680038177176e-10
1.6409748767761432e-10
1.5717286820119298e-10
1.5089423858302413e-10
1.4517858052920753e-10
1.3995638560929405e-10
1.3516904768694334e-10
1.3076683068223223e-10
1.2670727021149331e-10
1.2295390570940676e-10
1.1947526664211873e-10
1.1624405579995487e-10
1.1323648671639674e-10
1.1043174256135214e-10
1.078115314776424e-10
1.053597190185922e-10
1.0306202262776299e-10
1.0090575635277605e-10
9.887961647156909e-11
9.697350062499166e-11
9.517835453565694e-11
9.348604155335662e-11
9.188923117915623e-11
9.038130344105525e-11
8.895626656710575e-11
8.760868585990271e-11
8.633362204437918e-11
8.512657765801268e-11
8.398345029366409e-11
8.290049170179412e-11
8.187427191968571e-11
8.090164772756187e-11
7.99797348406597e-11
7.91058833367843e-11
7.8277655894109e-11
7.749280847679703e-11
7.674927315863241e-11
7.604514281906815e-11
7.537865748338793e-11
7.474819211021947e-11
7.415224565640059e-11
7.358943127197595e-11
7.3058467497542e-11
7.2558170352798e-11
7.208744621944435e-11
7.164528543386302e-11
7.123075651562759e-11
7.084300096707351e-11
7.048122858713201e-11
7.014471324956717e-11
6.983278910181433e-11
6.954484714591807e-11
6.928033216772659e-11
6.903873998460367e-11
6.881961498554832e-11
6.862254794083689e-11
6.844717406117664e-11
6.82931712889356e-11
6.816025880633502e-11
6.804819574759486e-11
6.795678010394138e-11
6.788584781215358e-11
6.783527201896058e-11
6.780496251513691e-11
6.779486533459181e-11
6.780496251513691e-11
6.783527201896058e-11
6.788584781215358e-11
6.795678010394138e-11
6.804819574759486e-11
6.816025880633502e-11
6.82931712889356e-11
6.844717406117664e-11
6.862254794083689e-11
6.881961498554832e-11
6.903873998460367e-11
6.928033216772659e-11
6.954484714591807e-11
6.983278910181433e-11
7.014471324956717e-11
7.048122858713201e-11
7.084300096707351e-11
7.123075651562759e-11
7.164528543386302e-11
7.208744621944435e-11
7.2558170352798e-11
7.3058467497542e-11
7.358943127197595e-11
7.415224565640059e-11
7.474819211021947e-11
7.537865748338793e-11
7.604514281906815e-11
7.674927315863241e-11
7.749280847679703e-11
7.8277655894109e-11
7.91058833367843e-11
7.99797348406597e-11
8.090164772756187e-11
8.187427191968571e-11
8.290049170179412e-11
8.398345029366409e-11
8.512657765801268e-11
8.633362204437918e-11
8.760868585990271e-11
8.895626656710575e-11
9.038130344105525e-11
9.188923117915623e-11
9.348604155335662e-11
9.517835453565694e-11
9.697350062499166e-11
9.887961647156909e-11
1.0090575635277605e-10
1.0306202262776299e-10
1.053597190185922e-10
1.078115314776424e-10
1.1043174256135214e-10
1.1323648671639674e-10
1.1624405579995487e-10
1.1947526664211873e-10
1.2295390570940676e-10
1.2670727021149331e-10
1.3076683068223223e-10
1.3516904768694334e-10
1.3995638560929405e-10
1.4517858052920753e-10
1.5089423858302413e-10
1.5717286820119298e-10
1.6409748767761432e-10
1.717680038177176e-10
1.8030563586977986e-10
1.8985877389121058e-10
2.0061083160110247e-10
2.1279091187853104e-10
2.2668849949079662e-10
2.426740155634995e-10
2.612280566602927e-10
2.8298375013297636e-10
3.087893352122225e-10
3.3980264483942367e-10
3.776371512552233e-10
4.24593609666225e-10
4.840379789678714e-10
5.610373259489914e-10
6.634666191459036e-10
8.04007728482505e-10
1.0039089202590676e-09
1.300374533106039e-09
1.7618057710585136e-09
2.5209189467238744e-09
3.850893654393214e-09
6.3537340718272935e-09
1.1434128418044764e-08
2.2679352881577976e-08
4.9921232500530213e-08
1.2253996188588577e-07
3.3638953254364973e-07
1.0342195740539874e-06
3.563443983828071e-06
1.3763327960447555e-05
5.95951128577585e-05
0.0002892961805794504
0.0015744271947237005
0.009606185923171145
0.06570948440847715

2.772372500920315e-09
9.389314330880333e-08
2.2252244161712713e-06
3.690382625711155e-05
0.00042827884180341645
0.003478079337418571
0.0197655995051899
0.0786028223986463
0.2187378464406602
0.42595857515974633
0.5804548462465162
0.5535121514662283
0.36935460651739105
0.17247157220908316
0.056357168741485344
0.012886603135548007
0.002061984436653623
0.00023088193541950932
1.8090566542061292e-05
9.919094403421235e-07
3.805831195138888e-08
1.0218441470880045e-09
1.9198948520203217e-11
2.524223866593548e-13
2.3223941854009396e-15
1.4952081117014096e-17
6.736355460109546e-20
2.1237627008585634e-22
4.685377900206998e-25
7.233373697249229e-28
7.814385330538852e-31
5.907536109585841e-34
3.125183979921811e-37
1.1569176215950672e-40
2.9970012561764973e-44
5.4328667838590795e-48
6.891739121637834e-52
6.117672794824155e-56
3.800154927939062e-60
1.6518629127704087e-64
5.024632982127792e-69
1.0695284195119003e-73
1.593081358392802e-78
1.660508964337042e-83
1.2111617184516912e-88
6.181881682997649e-94
2.2079888915960245e-99
5.518622938116619e-105
9.652108642116671e-111
1.1813302463970457e-116
1.011761356680675e-122
6.063766848829187e-129
2.5431064715709e-135
7.463529159893706e-142
1.5327861482336396e-148
2.202807479078794e-155
2.2152827200526543e-162
1.5589759648299184e-169
7.67727896379239e-177
2.6456528997189284e-184
6.379932032336017e-192
1.0766062101811853e-199
1.2713213822259291e-207
1.0505372697126689e-215
6.074705378216899e-224
2.4580834174906137e-232
6.960263104088839e-241
1.3791526507085416e-249
1.9123028069614478e-258
1.8554900455656455e-267
1.259848250495526e-276
5.98598312098558e-286
1.9902625942422576e-295
4.630660226089567e-305
7.539335907e-315
0.0
0.0
0.0
0.0
0.0
0.0
0.0
0.0
0.0
0.0
0.0
0.0
0.0
0.0
0.0
0.0
0.0
0.0
0.0
0.0
0.0
0.0
0.0
0.0
0.0
