1.453139503118726
0.4001976292881911
0.23961001958258066
0.16566396827580213
0.1226279326283558
0.09532024480479953
0.07695808424326647
0.06402543594987146
0.05455918584053749
0.047402414034518024
0.041841830797718804
0.03742006667690223
0.033833563850450596
0.030874625552381418
0.02839726481578032
0.026296386789065977
0.02449470642847871
0.02293429795212923
0.0215709985171052
0.020370617371848518
0.019306314675121988
0.018356754795792563
0.017504782782414005
0.016736460786850222
0.01604035636391116
0.01540700978638855
0.014828530435690745
0.014298287508529482
0.013810670498245966
0.013360901892067888
0.012944889365024817
0.012559108149720445
0.012200506677310905
0.01186643032276447
0.011554559350901982
0.011262858087713693
0.01098953302964825
0.010732998118580965
0.010491845798885647
0.010264822768810617
0.010050809565146847
0.009848803295333015
0.0096579029673583
0.009477296974451831
0.00930625237553651
0.009144105678974631
0.008990254890163111
0.008844152626022625
0.008705300133639257
0.008573242078006556
0.008447561986330149
0.00832787825474637
0.00821384063839169
0.008105127158186048
0.00800144136797027
0.007902509934169718
0.007808080487265672
0.0077179197103012425
0.007631811634636825
0.0075495561173697994
0.007470967478379618
0.007395873277963928
0.007324113218583791
0.007255538156411153
0.007190009210229825
0.007127396956833408
0.007067580703430905
0.007010447828748259
0.006955893185530478
0.006903818558028445
0.006854132168817178
0.006806748229955323
0.006761586534073102
0.006718572081480241
0.006677634739826315
0.006638708933232842
0.006601733358155985
0.006566650723537858
0.006533407513068147
0.006501953767610835
0.006472242886057368
0.006444231443050673
0.006417879022187489
0.006393148063451557
0.006370003723760004
0.006348413749621242
0.00632834836100697
0.006309780145634562
0.00629268396294066
0.006277036857103363
0.006262817978539849
0.006250008513369483
0.006238591620390455
0.0062285523751710314
0.006219877720905616
0.006212556425731297
0.006206579046243001
0.0062019378969852415
0.006198627025736105
0.006196642194434984
0.006195980865640089
0.006196642194434984
0.006198627025736105
0.0062019378969852415
0.006206579046243001
0.006212556425731297
0.006219877720905616
0.0062285523751710314
0.006238591620390455
0.006250008513369483
0.006262817978539849
0.006277036857103363
0.00629268396294066
0.006309780145634562
0.00632834836100697
0.006348413749621242
0.006370003723760004
0.006393148063451557
0.006417879022187489
0.006444231443050673
0.006472242886057368
0.006501953767610835
0.006533407513068147
0.006566650723537858
0.006601733358155985
0.006638708933232842
0.006677634739826315
0.006718572081480241
0.006761586534073102
0.006806748229955323
0.006854132168817178
0.006903818558028445
0.006955893185530478
0.007010447828748259
0.007067580703430905
0.007127396956833408
0.007190009210229825
0.007255538156411153
0.007324113218583791
0.007395873277963928
0.007470967478379618
0.0075495561173697994
0.007631811634636825
0.0077179197103012425
0.007808080487265672
0.007902509934169718
0.00800144136797027
0.008105127158186048
0.00821384063839169
0.00832787825474637
0.008447561986330149
0.008573242078006556
0.008705300133639257
0.008844152626022625
0.008990254890163111
0.009144105678974631
0.00930625237553651
0.009477296974451831
0.0096579029673583
0.009848803295333015
0.010050809565146847
0.010264822768810617
0.010491845798885647
0.010732998118580965
0.01098953302964825
0.011262858087713693
0.011554559350901982
0.01186643032276447
0.012200506677310905
0.012559108149720445
0.012944889365024817
0.013360901892067888
0.013810670498245966
0.014298287508529482
0.014828530435690745
0.01540700978638855
0.01604035636391116
0.016736460786850222
0.017504782782414005
0.018356754795792563
0.019306314675121988
0.020370617371848518
0.0215709985171052
0.02293429795212923
0.02449470642847871
0.026296386789065977
0.02839726481578032
0.030874625552381418
0.033833563850450596
0.03742006667690223
0.041841830797718804
0.047402414034518024
0.05455918584053749
0.06402543594987146
0.07695808424326647
0.09532024480479953
0.1226279326283558
0.16566396827580213
0.23961001958258066
0.4001976292881911

0.2995618426256182
0.5168570508804656
0.6793445967121287
0.6802143926689116
0.5188471243036806
0.3014997018856365
0.13354727348877704
0.04596479256457071
0.020807522385994134
0.055884434094743925
0.17036029467711802
0.2908916384827403
0.2751345056087035
0.16728479754618442
0.11611768585755972
0.14412264816572185
0.2078643495468655
0.28001570227925127
0.3438928638301823
0.384554584822552
0.39153551352302474
0.362963039816089
0.3063597604870456
0.23543938440153342
0.16474209334985176
0.10495620550929495
0.060882115781959664
0.03215506756890787
0.015462766251820727
0.0067702238661982855
0.0026989630722305765
0.0009796454595417522
0.00032375686930498327
9.741977632334922e-05
2.66902928382404e-05
6.65790545719685e-06
1.5121677907487603e-06
3.127090262615581e-07
5.8878796661964125e-08
1.0093818893114321e-08
1.5755426545797832e-09
2.2391484995948219e-10
2.8974350051161746e-11
3.4136782338228742e-12
3.6619257797233555e-13
3.5766345447749136e-14
3.1806630990213874e-15
2.575365350411952e-16
1.89862021517012e-17
1.27442836014968e-18
7.788804954892935e-20
4.3341536560987605e-21
2.1959166617388667e-22
1.0129907468599819e-23
4.2547414778727275e-25
1.6271176281307482e-26
5.6655594074124385e-28
1.79615875601828e-29
5.184712941767087e-31
1.3626451879741052e-32
3.260760730061418e-34
7.104493997270939e-36
1.4093713721021003e-37
2.545633127521846e-39
4.186434076657168e-41
6.268603112746234e-43
8.546245526928953e-45
1.0608598951301561e-46
1.1989988650601814e-48
1.2338364238365249e-50
1.1560442981869206e-52
9.862100857438411e-55
7.660241783439004e-57
5.417433513898244e-59
3.4883718797348484e-61
2.045172941317476e-63
1.0917303247916317e-65
5.306140969837509e-68
2.3481198953118096e-70
9.4610606629033e-73
3.470862908880981e-75
1.15934626717954e-77
3.525875312934784e-80
9.763348835978089e-83
2.4615504288152857e-85
5.650628332175092e-88
1.1810351474866505e-90
2.2475376542541e-93
3.89429820919727e-96
6.143693027141119e-99
8.824861234548681e-102
1.1541555300375226e-104
1.3743547978447417e-107
1.4900864427633966e-110
1.4709643192510627e-113
1.3221200385518553e-116
1.0819762087987508e-119
8.061996577349162e-123
5.469474249044476e-126
3.3785210478939515e-129
