0.236846806269951
0.14549989156215626
0.10087238946501872
0.07582747166907239
0.06026043039760172
0.049820091266474555
0.04240315107798012
0.03689452968363491
0.032657403113560954
0.029305369500777438
0.026591979381817146
0.02435337245800407
0.022476715824554683
0.020881960743292946
0.01951084152520454
0.018319993724416603
0.017276509160899945
0.016354982986295445
0.01553550252930683
0.01480224688381189
0.014142492248681224
0.013545892746785807
0.013003951977166864
0.01250962899180871
0.012057040556744671
0.011641233405804967
0.011258008069167335
0.010903781182491273
0.01057547683948532
0.010270440100159551
0.009986367568594445
0.009721251243365144
0.009473332777380016
0.009241065967414754
0.009023085799209763
0.008818182751586953
0.008625281347597628
0.008443422156989223
0.008271746619981264
0.008109484190260325
0.007955941394563418
0.007810492484076802
0.007672571414216665
0.007541664937979464
0.007417306636813958
0.007299071744043255
0.007186572640909493
0.007079454925598417
0.0069773939721094694
0.006880091909333737
0.0067872749617849054
0.006698691102567553
0.006614107976733502
0.006533311059465734
0.006456102018775538
0.006382297256790612
0.006311726607401471
0.006244232171143192
0.006179667270818987
0.006117895513602017
0.006058789947248817
0.006002232299675828
0.0059481122925347735
0.005896327020609842
0.005846780389880556
0.005799382607974362
0.005754049721493485
0.0057107031953594935
0.005669269529890917
0.005629679911827051
0.005591869895945004
0.005555779114296418
0.005521351010422331
0.005488532596196178
0.005457274229201117
0.005427529408773626
0.005399254589044615
0.005372409007485494
0.005346954527622785
0.005322855494723601
0.0053000786033775265
0.00527859277601043
0.0052583690514639535
0.005239380482862195
0.005221602044065994
0.005205010544086034
0.005189584548889839
0.005175304310095363
0.005162151700096161
0.005150110153210534
0.005139164612490311
0.005129301481864468
0.00512050858332909
0.005112775118928662
0.005106091637304616
0.005100450004616
0.005095843379664037
0.005092266193077846
0.00508971413044266
0.005088184119274881
0.005087674319770511
0.005088184119274881
0.00508971413044266
0.005092266193077846
0.005095843379664037
0.005100450004616
0.005106091637304616
0.005112775118928662
0.00512050858332909
0.005129301481864468
0.005139164612490311
0.005150110153210534
0.005162151700096161
0.005175304310095363
0.005189584548889839
0.005205010544086034
0.005221602044065994
0.005239380482862195
0.0052583690514639535
0.00527859277601043
0.0053000786033775265
0.005322855494723601
0.005346954527622785
0.005372409007485494
0.005399254589044615
0.005427529408773626
0.005457274229201117
0.005488532596196178
0.005521351010422331
0.005555779114296418
0.005591869895945004
0.005629679911827051
0.005669269529890917
0.0057107031953594935
0.005754049721493485
0.005799382607974362
0.005846780389880556
0.005896327020609842
0.0059481122925347735
0.006002232299675828
0.006058789947248817
0.006117895513602017
0.006179667270818987
0.006244232171143192
0.006311726607401471
0.006382297256790612
0.006456102018775538
0.006533311059465734
0.006614107976733502
0.006698691102567553
0.0067872749617849054
0.006880091909333737
0.0069773939721094694
0.007079454925598417
0.007186572640909493
0.007299071744043255
0.007417306636813958
0.007541664937979464
0.007672571414216665
0.007810492484076802
0.007955941394563418
0.008109484190260325
0.008271746619981264
0.008443422156989223
0.008625281347597628
0.008818182751586953
0.009023085799209763
0.009241065967414754
0.009473332777380016
0.009721251243365144
0.009986367568594445
0.010270440100159551
0.01057547683948532
0.010903781182491273
0.011258008069167335
0.011641233405804967
0.012057040556744671
0.01250962899180871
0.013003951977166864
0.013545892746785807
0.014142492248681224
0.01480224688381189
0.01553550252930683
0.016354982986295445
0.017276509160899945
0.018319993724416603
0.01951084152520454
0.020881960743292946
0.022476715824554683
0.02435337245800407
0.026591979381817146
0.029305369500777438
0.032657403113560954
0.03689452968363491
0.04240315107798012
0.049820091266474555
0.06026043039760172
0.07582747166907239
0.10087238946501872
0.14549989156215626

0.25405638233910705
0.2505999675982165
0.2263401459179615
0.18718534865897168
0.14174632045871996
0.09828368141002308
0.06239944358036238
0.036275190248097604
0.019309381393231607
0.009411453540893983
0.004200245980376016
0.0017164154977289204
0.0006422436361384557
0.000220042652859065
6.903091261149075e-05
1.982942120113886e-05
5.215622387584936e-06
1.256122294950198e-06
2.7700485906399885e-07
5.59335688863105e-08
1.0341590915605797e-08
1.7507811336436575e-09
2.713976244113999e-10
3.852209570662705e-11
5.00660639828393e-12
5.958084720417136e-13
6.492314934314569e-14
6.477719875790183e-15
5.917992740059684e-16
4.9505833048928664e-17
3.791997112001387e-18
2.659557002628143e-19
1.7079701972862582e-20
1.0043404486468046e-21
5.407683922788635e-23
2.666068631125975e-24
1.203541391499376e-25
4.97485488310025e-27
1.882909657682733e-28
6.525416387480718e-30
2.070697483405355e-31
6.0166501905488984e-33
1.6007464558469916e-34
3.899599587540518e-36
8.698555980576056e-38
1.7766586304021685e-39
3.3226951470732887e-41
5.6899268689530575e-43
8.921801410901969e-45
1.280937971353155e-46
1.6839660348206367e-48
2.0270676165156045e-50
2.234255438437421e-52
2.2548989895226136e-54
2.0837760416305364e-56
1.7632125523387864e-58
1.366117257540855e-60
9.691722406571971e-63
6.2956943519120056e-65
3.744690979342642e-67
2.0394732516051627e-69
1.0170673743343313e-71
4.644202123394485e-74
1.941789652064716e-76
7.434006426387311e-79
2.605993704077806e-81
8.36475975851529e-84
2.4584606562686873e-86
6.616110238519516e-89
1.6303163477934903e-91
3.678499607787091e-94
7.599748579769146e-97
1.4376640594647737e-99
2.4902634070604005e-102
3.949688433428945e-105
5.7360122419077455e-108
7.627583683516935e-111
9.287387641481878e-114
1.035451697746113e-116
1.0570506472186637e-119
9.880784525492732e-123
8.457007987580254e-126
6.627835687224952e-129
4.756159447467996e-132
3.125149215626204e-135
1.8802465094259807e-138
1.0358300453646948e-141
5.225067402204523e-145
2.4133758932881427e-148
1.020675578698071e-151
3.952575344002423e-155
1.40152958855246e-158
4.550447044243617e-162
1.352806055377694e-165
3.682533384067468e-169
9.17883423614355e-173
2.094874648991677e-176
4.3778233739254406e-180
8.376992185983777e-184
1.4677350488575274e-187
