0.8870868506205115
0.16616767963551876
0.05067860016969003
0.02117997408820741
0.010949740050578718
0.0065840786730016415
0.004416817316335544
0.0032091820974816574
0.0024728075524723656
0.001990702594967563
0.001656692360305689
0.0014145266825376156
0.00123235951211446
0.001091123911333156
0.0009788489294427234
0.0008877074741259464
0.0008124000765836444
0.0007492285566184723
0.00069554334161206
0.000649401837153006
0.0006093505289195279
0.00057428207015494
0.000543339182396814
0.0005158485716217776
0.0004912745581795455
0.0004691859397238584
0.00044923191449071934
0.0004311243210062735
0.00041462435462214176
0.00039953250548876995
0.00038568084716356196
0.0003729270626558331
0.00036114977005334597
0.0003502448310143465
0.000340122410266071
0.0003307046144630142
0.00032192358200000353
0.0003137199267804678
0.00030604146199063624
0.000298842147016581
0.00029208121342448416
0.0002857224355728932
0.00027973351876825324
0.00027408558350652107
0.0002687527286948579
0.0002637116601329414
0.0002589413731851638
0.0002544228806650593
0.00025013897861059773
0.00024607404395061435
0.00024221385912234303
0.00023854545955411883
0.00023505700061911278
0.00023173764122896452
0.00022857744169644268
0.0002255672738741728
0.00022269874188805656
0.00021996411204193276
0.0002173562506843607
0.0002148685690071641
0.00021249497389499395
0.00021022982407082884
0.00020806789088821318
0.00020600432321053763
0.00020403461589355265
0.0002021545814518412
0.00020036032454501395
0.0001986482189664543
0.00019701488685780222
0.00019545717990706004
0.00019397216231810754
0.00019255709536525513
0.00019120942336883098
0.0001899267609472329
0.00018870688141777077
0.00018754770623336263
0.00018644729535503013
0.00018540383847141662
0.00018441564698645302
0.00018348114670500493
0.0001825988711540122
0.00018176745548340915
0.000180985630897123
0.00018025221956976872
0.0001795661300093991
0.00017892635283088928
0.0001783319569083109
0.00017778208587802835
0.0001772759549672922
0.00017681284812583856
0.00017639211544048339
0.00017601317081494304
0.00017567548989916372
0.00017537860825431366
0.00017512211974131427
0.00017490567512238006
0.00017472898086651792
0.00017459179815132147
0.00017449394205470428
0.00017443528093145629
0.0001744157359706982
0.00017443528093145629
0.00017449394205470428
0.00017459179815132147
0.00017472898086651792
0.00017490567512238006
0.00017512211974131427
0.00017537860825431366
0.00017567548989916372
0.00017601317081494304
0.00017639211544048339
0.00017681284812583856
0.0001772759549672922
0.00017778208587802835
0.0001783319569083109
0.00017892635283088928
0.0001795661300093991
0.00018025221956976872
0.000180985630897123
0.00018176745548340915
0.0001825988711540122
0.00018348114670500493
0.00018441564698645302
0.00018540383847141662
0.00018644729535503013
0.00018754770623336263
0.00018870688141777077
0.0001899267609472329
0.00019120942336883098
0.00019255709536525513
0.00019397216231810754
0.00019545717990706004
0.00019701488685780222
0.0001986482189664543
0.00020036032454501395
0.0002021545814518412
0.00020403461589355265
0.00020600432321053763
0.00020806789088821318
0.00021022982407082884
0.00021249497389499395
0.0002148685690071641
0.0002173562506843607
0.00021996411204193276
0.00022269874188805656
0.0002255672738741728
0.00022857744169644268
0.00023173764122896452
0.00023505700061911278
0.00023854545955411883
0.00024221385912234303
0.00024607404395061435
0.00025013897861059773
0.0002544228806650593
0.0002589413731851638
0.0002637116601329414
0.0002687527286948579
0.00027408558350652107
0.00027973351876825324
0.0002857224355728932
0.00029208121342448416
0.000298842147016581
0.00030604146199063624
0.0003137199267804678
0.00032192358200000353
0.0003307046144630142
0.000340122410266071
0.0003502448310143465
0.00036114977005334597
0.0003729270626558331
0.00038568084716356196
0.00039953250548876995
0.00041462435462214176
0.0004311243210062735
0.00044923191449071934
0.0004691859397238584
0.0004912745581795455
0.0005158485716217776
0.000543339182396814
0.00057428207015494
0.0006093505289195279
0.000649401837153006
0.00069554334161206
0.0007492285566184723
0.0008124000765836444
0.0008877074741259464
0.0009788489294427234
0.001091123911333156
0.00123235951211446
0.0014145266825376156
0.001656692360305689
0.001990702594967563
0.0024728075524723656
0.0032091820974816574
0.004416817316335544
0.0065840786730016415
0.010949740050578718
0.02117997408820741
0.05067860016969003
0.16616767963551876

0.008232725069846732
0.023580079206913494
0.056658750505570156
0.11431568668823718
0.19440965183884126
0.28088489445232595
0.34976079342513045
0.38458450704911507
0.38737329541066984
0.37377277332686176
0.3582173297182938
0.3442577034789864
0.3265577565313442
0.298651797743286
0.2585124169542721
0.20940771012023005
0.15772133971429858
0.11003548528340933
0.070945810569941
0.042215765274789985
0.023164941274148903
0.011716794331885796
0.005461505518163478
0.002345832318304886
0.0009284162862582944
0.0003385646137273284
0.00011376017682044367
3.521986564879212e-05
1.0046932593623766e-05
2.640751386859349e-06
6.395429890814131e-07
1.427118893573443e-07
2.9342610855173236e-08
5.558857438923831e-09
9.703323324109624e-10
1.560643302938623e-10
2.3127835373596507e-11
3.1580173053729993e-12
3.9732162928313697e-13
4.605938065042381e-14
4.919740138587142e-15
4.841884415995636e-16
4.39071103431441e-17
3.668626321939722e-18
2.824361505058125e-19
2.0034812087103632e-20
1.3094787258500325e-21
7.886055057858634e-23
4.375919726073681e-24
2.237314679235599e-25
1.0539814845666833e-26
4.574957617684307e-28
1.8297398746998857e-29
6.742792793055719e-31
2.2894884623687884e-32
7.162840632718259e-34
2.064810983922909e-35
5.484328989249752e-37
1.3421927237827813e-38
3.026595940232382e-40
6.288429468738787e-42
1.2038659391780309e-43
2.1235487922241332e-45
3.451394041354972e-47
5.168625070450784e-49
7.131874603458105e-51
9.067353579510972e-53
1.062198265582734e-54
1.1465125383078266e-56
1.1402503470946716e-58
1.0448881445062937e-60
8.822416853805142e-63
6.863624731963434e-65
4.920029092965469e-67
3.249600666473784e-69
1.97760933475708e-71
1.1089173937274477e-73
5.729359472962045e-76
2.72747721864589e-78
1.1963668641843471e-80
4.835215154739823e-83
1.8005924126677562e-85
6.178217761597946e-88
1.9532561099935634e-90
5.6898832504327585e-93
1.5271992532010337e-95
3.776906508716198e-98
8.60646784136061e-101
1.80701538383495e-103
3.495802860675571e-106
6.231322102423267e-109
1.0234382689522653e-111
1.5487855486328564e-114
2.159579056224636e-117
2.7745663207477706e-120
3.284500236485346e-123
3.5825451187833385e-126
3.600495096083475e-129
3.334117974128023e-132
2.84477475827203e-135
