0.33544740910211546
0.061878573205630956
0.01178175420627195
0.0023154395260414186
0.00046968938463568254
9.834264044579799e-05
2.125332102203027e-05
4.740951987098365e-06
1.0915864348459161e-06
2.5942063642748875e-07
6.363627183321063e-08
1.6112345043222546e-08
4.218461954824061e-09
1.1372300848225918e-09
3.16435398537303e-10
9.089561257806984e-11
2.695554554271305e-11
8.25256813736489e-12
2.6081730157164853e-12
8.50862285460987e-13
2.86507234097553e-13
9.957592891087045e-14
3.5720183049362873e-14
1.3225639834429942e-14
5.054381738784037e-15
1.9937538397514917e-15
8.117632251169021e-16
3.4114754686693467e-16
1.4798235117935535e-16
6.625698102348794e-17
3.0620083910419656e-17
1.460604470116218e-17
7.191307919322236e-18
3.654497166738348e-18
1.9168303245047863e-18
1.0376756180124677e-18
5.797450450844809e-19
3.342490229901947e-19
1.9883754197041678e-19
1.2201895858612797e-19
7.739313607046377e-20
5.037140560733453e-20
3.3850349000462305e-20
2.341667039147456e-20
1.6659356643023687e-20
1.2175040990321364e-20
9.128413424078706e-21
7.011373156560397e-21
5.5082842111791644e-21
4.419042644878028e-21
3.614274672132424e-21
3.0087409457596422e-21
2.5452523295029932e-21
2.1847661320101127e-21
1.9001810079511963e-21
1.6723834693360776e-21
1.4876879383887887e-21
1.3361531568956437e-21
1.210458265972704e-21
1.105141657269124e-21
1.0160783548613637e-21
9.401164094422165e-22
8.748207066423258e-22
8.182902623123206e-22
7.690264106259565e-22
7.258366525026193e-22
6.877637730104011e-22
6.540330580738162e-22
6.240126094060376e-22
5.971832325069482e-22
5.73115387780994e-22
5.514514003149849e-22
5.3189161895434515e-22
5.141835660725475e-22
4.981133701982912e-22
4.834989545288011e-22
4.7018458590765445e-22
4.580364853072548e-22
4.469392721432496e-22
4.367930678285151e-22
4.275111237851421e-22
4.1901786920045837e-22
4.1124729667536425e-22
4.0414162141011545e-22
3.976501630476698e-22
3.917284097356531e-22
3.863372321060292e-22
3.814422212513394e-22
3.7701312980624656e-22
3.730233992310215e-22
3.694497595732641e-22
3.6627189053392346e-22
3.6347213472053327e-22
3.6103525564032664e-22
3.5894823435076667e-22
3.5720009980938323e-22
3.557817888993768e-22
3.5468603289257366e-22
3.5390726777940233e-22
3.534415664729764e-22
3.532865914029496e-22
3.534415664729764e-22
3.5390726777940233e-22
3.5468603289257366e-22
3.557817888993768e-22
3.5720009980938323e-22
3.5894823435076667e-22
3.6103525564032664e-22
3.6347213472053327e-22
3.6627189053392346e-22
3.694497595732641e-22
3.730233992310215e-22
3.7701312980624656e-22
3.814422212513394e-22
3.863372321060292e-22
3.917284097356531e-22
3.976501630476698e-22
4.0414162141011545e-22
4.1124729667536425e-22
4.1901786920045837e-22
4.275111237851421e-22
4.367930678285151e-22
4.469392721432496e-22
4.580364853072548e-22
4.7018458590765445e-22
4.834989545288011e-22
4.981133701982912e-22
5.141835660725475e-22
5.3189161895434515e-22
5.514514003149849e-22
5.73115387780994e-22
5.971832325069482e-22
6.240126094060376e-22
6.540330580738162e-22
6.877637730104011e-22
7.258366525026193e-22
7.690264106259565e-22
8.182902623123206e-22
8.748207066423258e-22
9.401164094422165e-22
1.0160783548613637e-21
1.105141657269124e-21
1.210458265972704e-21
1.3361531568956437e-21
1.4876879383887887e-21
1.6723834693360776e-21
1.9001810079511963e-21
2.1847661320101127e-21
2.5452523295029932e-21
3.0087409457596422e-21
3.614274672132424e-21
4.419042644878028e-21
5.5082842111791644e-21
7.011373156560397e-21
9.128413424078706e-21
1.2175040990321364e-20
1.6659356643023687e-20
2.341667039147456e-20
3.3850349000462305e-20
5.037140560733453e-20
7.739313607046377e-20
1.2201895858612797e-19
1.9883754197041678e-19
3.342490229901947e-19
5.797450450844809e-19
1.0376756180124677e-18
1.9168303245047863e-18
3.654497166738348e-18
7.191307919322236e-18
1.460604470116218e-17
3.0620083910419656e-17
6.625698102348794e-17
1.4798235117935535e-16
3.4114754686693467e-16
8.117632251169021e-16
1.9937538397514917e-15
5.054381738784037e-15
1.3225639834429942e-14
3.5720183049362873e-14
9.957592891087045e-14
2.86507234097553e-13
8.50862285460987e-13
2.6081730157164853e-12
8.25256813736489e-12
2.695554554271305e-11
9.089561257806984e-11
3.16435398537303e-10
1.1372300848225918e-09
4.218461954824061e-09
1.6112345043222546e-08
6.363627183321063e-08
2.5942063642748875e-07
1.0915864348459161e-06
4.740951987098365e-06
2.125332102203027e-05
9.834264044579799e-05
0.00046968938463568254
0.0023154395260414186
0.01178175420627195
0.061878573205630956

8.265577376219418e-21
2.3123962951102783e-16
1.7831075989167384e-12
3.789824103134792e-09
2.2201727767227028e-06
0.00035849302439061007
0.01595514894327098
0.19572541959901835
0.66178941972757
0.6167634418362415
0.1584322696663193
0.011217469082344632
0.00021891339455756465
1.1775409156389149e-06
1.7458458470709312e-09
7.134474643942013e-13
8.036081271620503e-17
2.4948983658188433e-21
2.1349495342170854e-26
5.035569397931125e-32
3.273676601847535e-38
5.866096187787407e-45
2.897268884815828e-52
3.944161064569956e-60
1.4799488229354369e-68
1.5306114946988611e-77
4.363243598686445e-87
3.428310641392801e-97
7.424668880196396e-108
4.4320048834966086e-119
7.292049150399099e-131
3.3069312112376587e-143
4.133585753427543e-156
1.4241474585829205e-169
1.3524125227610587e-183
3.539888841131011e-198
2.553855275376457e-213
5.078426336638105e-229
2.783480921496755e-245
4.2050731722367934e-262
1.7509957121169989e-279
2.009661092900927e-297
6.3575061e-316
0.0
0.0
0.0
0.0
0.0
0.0
0.0
0.0
0.0
0.0
0.0
0.0
0.0
0.0
0.0
0.0
0.0
0.0
0.0
0.0
0.0
0.0
0.0
0.0
0.0
0.0
0.0
0.0
0.0
0.0
0.0
0.0
0.0
0.0
0.0
0.0
0.0
0.0
0.0
0.0
0.0
0.0
0.0
0.0
0.0
0.0
0.0
0.0
0.0
0.0
0.0
0.0
0.0
0.0
0.0
0.0
0.0
