0.12845555645914383
0.0025080936146773024
6.083558355130804e-05
1.8331360664249152e-06
6.862064768598953e-08
3.16256780859995e-09
1.8651241109848897e-10
1.3336471397191954e-11
1.1796630607110232e-12
1.304179349312166e-13
1.796661052648935e-14
3.0726366149707545e-15
6.519262953195135e-16
1.7141016434782153e-16
5.557048178653452e-17
2.1960565472655222e-17
1.0373599553616806e-17
5.704130083510087e-18
3.546073879085297e-18
2.424402289133423e-18
1.78200026370423e-18
1.3833363656558372e-18
1.1192819599157524e-18
9.348877879365477e-19
8.004563212989153e-19
6.989316201489576e-19
6.1999324294236385e-19
5.571095838105487e-19
5.059836099291491e-19
4.636918517609556e-19
4.28186340138754e-19
3.979952479921702e-19
3.720367409675047e-19
3.494996660593872e-19
3.2976498158729825e-19
3.123527447067237e-19
2.9688555225403233e-19
2.830628251548431e-19
2.7064239305523702e-19
2.594270899213821e-19
2.4925485071231194e-19
2.3999129422295004e-19
2.31524097932026e-19
2.237586823854568e-19
2.1661486477339303e-19
2.100242382988325e-19
2.0392810103079345e-19
1.9827580501131145e-19
1.9302342983849107e-19
1.881327090039177e-19
1.8357015475482279e-19
1.793063401037986e-19
1.753153061451127e-19
1.7157406997785946e-19
1.6806221393043446e-19
1.6476154088899538e-19
1.6165578368559222e-19
1.5873035893939505e-19
1.5597215764229358e-19
1.5336936626744892e-19
1.509113133522516e-19
1.4858833743759472e-19
1.4639167298769978e-19
1.4431335151018947e-19
1.4234611557621064e-19
1.4048334382943745e-19
1.3871898538949181e-19
1.3704750231432099e-19
1.3546381899880393e-19
1.3396327756230863e-19
1.3254159842320878e-19
1.3119484537913435e-19
1.2991939461249165e-19
1.2871190712515119e-19
1.2756930417708785e-19
1.2648874536350844e-19
1.2546760901553776e-19
1.2450347465240516e-19
1.2359410724955616e-19
1.2273744311825121e-19
1.2193157721886633e-19
1.2117475175299473e-19
1.2046534589914525e-19
1.1980186657384462e-19
1.1918294011467553e-19
1.186073047945728e-19
1.1807380408783845e-19
1.175813806180665e-19
1.1712907072670054e-19
1.1671599960844613e-19
1.1634137696638247e-19
1.160044931454883e-19
1.1570471570851765e-19
1.1544148642283786e-19
1.15214318631041e-19
1.1502279498194732e-19
1.1486656550207998e-19
1.1474534599087565e-19
1.1465891672583972e-19
1.1460712146661168e-19
1.1458986674950978e-19
1.1460712146661168e-19
1.1465891672583972e-19
1.1474534599087565e-19
1.1486656550207998e-19
1.1502279498194732e-19
1.15214318631041e-19
1.1544148642283786e-19
1.1570471570851765e-19
1.160044931454883e-19
1.1634137696638247e-19
1.1671599960844613e-19
1.1712907072670054e-19
1.175813806180665e-19
1.1807380408783845e-19
1.186073047945728e-19
1.1918294011467553e-19
1.1980186657384462e-19
1.2046534589914525e-19
1.2117475175299473e-19
1.2193157721886633e-19
1.2273744311825121e-19
1.2359410724955616e-19
1.2450347465240516e-19
1.2546760901553776e-19
1.2648874536350844e-19
1.2756930417708785e-19
1.2871190712515119e-19
1.2991939461249165e-19
1.3119484537913435e-19
1.3254159842320878e-19
1.3396327756230863e-19
1.3546381899880393e-19
1.3704750231432099e-19
1.3871898538949181e-19
1.4048334382943745e-19
1.4234611557621064e-19
1.4431335151018947e-19
1.4639167298769978e-19
1.4858833743759472e-19
1.509113133522516e-19
1.5336936626744892e-19
1.5597215764229358e-19
1.5873035893939505e-19
1.6165578368559222e-19
1.6476154088899538e-19
1.6806221393043446e-19
1.7157406997785946e-19
1.753153061451127e-19
1.793063401037986e-19
1.8357015475482279e-19
1.881327090039177e-19
1.9302342983849107e-19
1.9827580501131145e-19
2.0392810103079345e-19
2.100242382988325e-19
2.1661486477339303e-19
2.237586823854568e-19
2.31524097932026e-19
2.3999129422295004e-19
2.4925485071231194e-19
2.594270899213821e-19
2.7064239305523702e-19
2.830628251548431e-19
2.9688555225403233e-19
3.123527447067237e-19
3.2976498158729825e-19
3.494996660593872e-19
3.720367409675047e-19
3.979952479921702e-19
4.28186340138754e-19
4.636918517609556e-19
5.059836099291491e-19
5.571095838105487e-19
6.1999324294236385e-19
6.989316201489576e-19
8.004563212989153e-19
9.348877879365477e-19
1.1192819599157524e-18
1.3833363656558372e-18
1.78200026370423e-18
2.424402289133423e-18
3.546073879085297e-18
5.704130083510087e-18
1.0373599553616806e-17
2.1960565472655222e-17
5.557048178653452e-17
1.7141016434782153e-16
6.519262953195135e-16
3.0726366149707545e-15
1.796661052648935e-14
1.304179349312166e-13
1.1796630607110232e-12
1.3336471397191954e-11
1.8651241109848897e-10
3.16256780859995e-09
6.862064768598953e-08
1.8331360664249152e-06
6.083558355130804e-05
0.0025080936146773024

4.6646340618637234e-18
1.8346864035308904e-16
5.978745780014621e-15
1.6142184756084038e-13
3.6109254456972145e-12
6.692351007483929e-11
1.0276444528968568e-09
1.3074076895881322e-08
1.3781077313830625e-07
1.20353655313903e-06
8.708420316052939e-06
5.220636569720996e-05
0.0002593053765339642
0.0010670961763268347
0.0036383090551866137
0.010277786514770418
0.024054901296292126
0.04664569277180499
0.07494169255037489
0.09975609239218919
0.11001688437282194
0.10052711900028616
0.07610463587984413
0.04773566423695438
0.02480726062372406
0.010681165151498077
0.003810328617421734
0.0011261862392852656
0.00027577950132155917
5.595227236201132e-05
9.405404057377589e-06
1.3099091259647188e-06
1.51150246430949e-07
1.4450422092581172e-08
1.1446064470737933e-09
7.511658304447624e-11
4.084317001784587e-12
1.8399543231987205e-13
6.867499285917855e-15
2.1237049808948883e-16
5.441187978766351e-18
1.1550406150517528e-19
2.031443571136132e-21
2.960167267765039e-23
3.5738121632845794e-25
3.574795270473462e-27
2.9626108452733125e-29
2.0342392214868524e-31
1.1572666032984102e-33
5.454673983457021e-36
2.1301400534023345e-38
6.892098887140975e-41
1.8475611568890883e-43
4.103459275580694e-46
7.55101640545648e-49
1.1512368474632423e-51
1.4542126923370513e-54
1.5219316955453832e-57
1.319673130104806e-60
9.480725405380965e-64
5.643138945774851e-67
2.7829403695173354e-70
1.1370800486487896e-73
3.849303544926887e-77
1.0796357612514783e-80
2.508859522991969e-84
4.830359003700968e-88
7.705245069334351e-92
1.0183509767730312e-95
1.1150966058737486e-99
1.0116527935136213e-103
7.604216231395986e-108
4.735669789852093e-112
2.4435000262879762e-116
1.0445933710109462e-120
3.6998674414803186e-125
1.0857480175174961e-129
2.639829678733297e-134
5.317735730377539e-139
8.875270046500239e-144
1.227270748094994e-148
1.4060577915663384e-153
1.3346578381135293e-158
1.0496407740093208e-163
6.839359398835197e-169
3.692275857090627e-174
1.651493378453994e-179
6.12017040609614e-185
1.879118524442248e-190
4.780230238232245e-196
1.0075055268823678e-201
1.759341071182595e-207
2.5454034408809444e-213
3.0511755389655964e-219
3.030272905731122e-225
2.4934477555892804e-231
1.6998976944524155e-237
9.601725330733952e-244
4.493448341756715e-250
1.7422649901198935e-256
