0.399403513011064
0.03742143230273475
0.004285871301967501
0.0006000173326017069
0.00010267611659736823
2.1470276274115875e-05
5.480487775307649e-06
1.7023929360312439e-06
6.387532021161507e-07
2.854813561235322e-07
1.488456390761677e-07
8.826979928470795e-08
5.802184261997574e-08
4.130975219449739e-08
3.12635296966252e-08
2.4789628660147998e-08
2.037330859940793e-08
1.7216827326028344e-08
1.4872706199278726e-08
1.3075888222485244e-08
1.166180455764405e-08
1.0524028294743422e-08
9.59125434065997e-09
8.814212637481481e-09
8.157927087465321e-09
7.596971974442325e-09
7.1124721793089946e-09
6.690151929968859e-09
6.319033067841694e-09
5.990546611666008e-09
5.697913783159122e-09
5.435706640237801e-09
5.19953085911023e-09
4.9857931291850986e-09
4.791528154683243e-09
4.614268301563605e-09
4.4519441925989805e-09
4.3028080592686826e-09
4.1653740322440434e-09
4.038371183064302e-09
3.920706266177405e-09
3.811433913084558e-09
3.7097326040121467e-09
3.6148851573325428e-09
3.526262780105914e-09
3.4433119469118175e-09
3.3655435409263405e-09
3.292523816614216e-09
3.223866838505776e-09
3.1592281232183025e-09
3.0982992678610456e-09
3.0408033913823467e-09
2.986491249322794e-09
2.935137909085056e-09
2.8865398939013696e-09
2.84051272043752e-09
2.7968887683743282e-09
2.7555154310827403e-09
2.716253505215528e-09
2.678975784108164e-09
2.6435658256482587e-09
2.6099168699977806e-09
2.57793088643997e-09
2.5475177318346377e-09
2.518594405829408e-09
2.4910843901921346e-09
2.4649170614826178e-09
2.440027167835298e-09
2.4163543619315153e-09
2.3938427833429173e-09
2.372440684361413e-09
2.352100094224055e-09
2.3327765173165865e-09
2.314428661516209e-09
2.297018193328159e-09
2.2805095168949033e-09
2.264869574322091e-09
2.2500676650806825e-09
2.236075282517622e-09
2.222865965744109e-09
2.2104151653765018e-09
2.1987001217843675e-09
2.1876997546570977e-09
2.177394562838024e-09
2.1677665334956776e-09
2.1587990598082244e-09
2.150476866431007e-09
2.1427859421002975e-09
2.1357134788002296e-09
2.129247816985704e-09
2.1233783964129156e-09
2.11809571218199e-09
2.1133912756437925e-09
2.1092575798661384e-09
2.1056880693938105e-09
2.1026771140727492e-09
2.1002199867418383e-09
2.098312844626415e-09
2.0969527142963337e-09
2.0961374800784785e-09
2.095865875839392e-09
2.0961374800784785e-09
2.0969527142963337e-09
2.098312844626415e-09
2.1002199867418383e-09
2.1026771140727492e-09
2.1056880693938105e-09
2.1092575798661384e-09
2.1133912756437925e-09
2.11809571218199e-09
2.1233783964129156e-09
2.129247816985704e-09
2.1357134788002296e-09
2.1427859421002975e-09
2.150476866431007e-09
2.1587990598082244e-09
2.1677665334956776e-09
2.177394562838024e-09
2.1876997546570977e-09
2.1987001217843675e-09
2.2104151653765018e-09
2.222865965744109e-09
2.236075282517622e-09
2.2500676650806825e-09
2.264869574322091e-09
2.2805095168949033e-09
2.297018193328159e-09
2.314428661516209e-09
2.3327765173165865e-09
2.352100094224055e-09
2.372440684361413e-09
2.3938427833429173e-09
2.4163543619315153e-09
2.440027167835298e-09
2.4649170614826178e-09
2.4910843901921346e-09
2.518594405829408e-09
2.5475177318346377e-09
2.57793088643997e-09
2.6099168699977806e-09
2.6435658256482587e-09
2.678975784108164e-09
2.716253505215528e-09
2.7555154310827403e-09
2.7968887683743282e-09
2.84051272043752e-09
2.8865398939013696e-09
2.935137909085056e-09
2.986491249322794e-09
3.0408033913823467e-09
3.0982992678610456e-09
3.1592281232183025e-09
3.223866838505776e-09
3.292523816614216e-09
3.3655435409263405e-09
3.4433119469118175e-09
3.526262780105914e-09
3.6148851573325428e-09
3.7097326040121467e-09
3.811433913084558e-09
3.920706266177405e-09
4.038371183064302e-09
4.1653740322440434e-09
4.3028080592686826e-09
4.4519441925989805e-09
4.614268301563605e-09
4.791528154683243e-09
4.9857931291850986e-09
5.19953085911023e-09
5.435706640237801e-09
5.697913783159122e-09
5.990546611666008e-09
6.319033067841694e-09
6.690151929968859e-09
7.1124721793089946e-09
7.596971974442325e-09
8.157927087465321e-09
8.814212637481481e-09
9.59125434065997e-09
1.0524028294743422e-08
1.166180455764405e-08
1.3075888222485244e-08
1.4872706199278726e-08
1.7216827326028344e-08
2.037330859940793e-08
2.4789628660147998e-08
3.12635296966252e-08
4.130975219449739e-08
5.802184261997574e-08
8.826979928470795e-08
1.488456390761677e-07
2.854813561235322e-07
6.387532021161507e-07
1.7023929360312439e-06
5.480487775307649e-06
2.1470276274115875e-05
0.00010267611659736823
0.0006000173326017069
0.004285871301967501
0.03742143230273475

9.197269952314332e-08
9.951329132715571e-07
8.786955194232254e-06
6.331854084636936e-05
0.0003723561654036962
0.0017869868846825579
0.006998731713425826
0.022369305010273538
0.05834730504174934
0.12420076666740489
0.21575601721424362
0.30586988606383264
0.35387158464905855
0.334110269888874
0.2574359084435631
0.1618764189527251
0.0830678972608346
0.03478708278207763
0.01188879857361121
0.0033158363809870314
0.0007547156926435371
0.00014018735221578971
2.125051457006627e-05
2.628846530542976e-06
2.653971045237893e-07
2.1865644981682252e-08
1.4701565031569414e-09
8.06677625040259e-11
3.6121985794013556e-12
1.320013548485525e-13
3.93659126871508e-15
9.580704069245258e-17
1.9028725074737345e-18
3.084303608997009e-20
4.079807926365124e-22
4.404103102872582e-24
3.8798095033936986e-26
2.789320972590924e-28
1.636521618884962e-30
7.835742690178692e-33
3.061778368309433e-35
9.763431855146907e-38
2.5407762034028148e-40
5.3959198713729054e-43
9.351897437629996e-46
1.3227237255425786e-48
1.526770347284017e-51
1.4381806936073307e-54
1.1055753754672106e-57
6.935829755433354e-61
3.550942638647515e-64
1.4836246962327798e-67
5.058708048377129e-71
1.4076359262496641e-74
3.196511226506646e-78
5.923757756846271e-82
8.958875710774823e-86
1.1057193186909103e-89
1.1137082793576187e-93
9.154469114902809e-98
6.140871987461516e-102
3.3617242685355104e-106
1.5018594769679958e-110
5.475599487359406e-115
1.6291805393446624e-119
3.955869153440019e-124
7.838803672571431e-129
1.2676309127693514e-133
1.6729040028028857e-138
1.8017079047935635e-143
1.583554126932241e-148
1.135838553391932e-153
6.64868050324423e-159
3.1760657661090898e-164
1.2381654305617906e-169
3.939154609131722e-175
1.0227336473607546e-180
2.1669915925585005e-186
3.747029163788962e-192
5.287520754177485e-198
6.089088154855157e-204
5.722523739235186e-210
4.3889244913315395e-216
2.7470323897262567e-222
1.403151664954633e-228
5.848986467110612e-235
1.9897191597271845e-241
5.523802117163445e-248
1.251467590831368e-254
2.313855676949397e-261
3.4913074221457665e-268
4.299075588265837e-275
4.320134175410274e-282
3.542864596384302e-289
2.371084537466742e-296
1.2950146667505156e-303
5.7721485653574e-311
2.099596e-318
0.0
0.0
