1.070185475354961
0.3610677805523287
0.19726264238198846
0.1306357459940782
0.09591649160832445
0.0750760515319788
0.061361684989253734
0.05173907610816326
0.04466054936305079
0.03926047599543854
0.03501993090234716
0.031610552435333526
0.02881533096046113
0.026485611044284933
0.024516440451505864
0.022831784776487687
0.02137531521018595
0.0201044782450354
0.018986568209628008
0.017996060528185004
0.01711276050578599
0.016320492580673765
0.015606155601482413
0.01495903087696051
0.014370267902423961
0.013832497005017135
0.013339533995462326
0.012886152425633852
0.012467906145311711
0.012080989715304571
0.011722127617950872
0.01138848559223576
0.011077599124797591
0.01078731535931475
0.01051574558614533
0.01026122613784081
0.010022286010736875
0.009797619904698598
0.009586065655097665
0.009386585246668841
0.009198248764934856
0.009020220769703506
0.008851748675755368
0.008692152804937714
0.008540817836443792
0.008397185431831294
0.008260747851155163
0.008131042408616323
0.008007646642016435
0.007890174091336508
0.00777827059891595
0.0076716110577723555
0.0075698965461780295
0.007472851796175895
0.00738022295165466
0.007291775578213043
0.007207292892567313
0.007126574183889691
0.007049433403363973
0.006975697901536099
0.006905207295824529
0.006837812452922492
0.006773374572840736
0.006711764363061664
0.006652861292751075
0.006596552918240547
0.006542734272084138
0.006491307308934348
0.006442180402296624
0.006395267886927715
0.006350489642256931
0.0063077707127437346
0.00626704096155175
0.006228234754327311
0.006191290670228391
0.006156151237663994
0.006122762692480547
0.006091074756575738
0.006061040435135705
0.006032615830882204
0.006005759973885695
0.005980434665650706
0.005956604336313803
0.005934235913914158
0.005913298704803744
0.0058937642843600695
0.005875606397250689
0.005858800866576416
0.005843325511290347
0.005829160071353528
0.005816286140145909
0.005804687103703999
0.005794348086405052
0.005785255902762029
0.0057773990150346895
0.005770767496400358
0.005765352999463545
0.00576114872991712
0.0057581494251994795
0.005756351338022345
0.005755752224672938
0.005756351338022345
0.0057581494251994795
0.00576114872991712
0.005765352999463545
0.005770767496400358
0.0057773990150346895
0.005785255902762029
0.005794348086405052
0.005804687103703999
0.005816286140145909
0.005829160071353528
0.005843325511290347
0.005858800866576416
0.005875606397250689
0.0058937642843600695
0.005913298704803744
0.005934235913914158
0.005956604336313803
0.005980434665650706
0.006005759973885695
0.006032615830882204
0.006061040435135705
0.006091074756575738
0.006122762692480547
0.006156151237663994
0.006191290670228391
0.006228234754327311
0.00626704096155175
0.0063077707127437346
0.006350489642256931
0.006395267886927715
0.006442180402296624
0.006491307308934348
0.006542734272084138
0.006596552918240547
0.006652861292751075
0.006711764363061664
0.006773374572840736
0.006837812452922492
0.006905207295824529
0.006975697901536099
0.007049433403363973
0.007126574183889691
0.007207292892567313
0.007291775578213043
0.00738022295165466
0.007472851796175895
0.0075698965461780295
0.0076716110577723555
0.00777827059891595
0.007890174091336508
0.008007646642016435
0.008131042408616323
0.008260747851155163
0.008397185431831294
0.008540817836443792
0.008692152804937714
0.008851748675755368
0.009020220769703506
0.009198248764934856
0.009386585246668841
0.009586065655097665
0.009797619904698598
0.010022286010736875
0.01026122613784081
0.01051574558614533
0.01078731535931475
0.011077599124797591
0.01138848559223576
0.011722127617950872
0.012080989715304571
0.012467906145311711
0.012886152425633852
0.013339533995462326
0.013832497005017135
0.014370267902423961
0.01495903087696051
0.015606155601482413
0.016320492580673765
0.01711276050578599
0.017996060528185004
0.018986568209628008
0.0201044782450354
0.02137531521018595
0.022831784776487687
0.024516440451505864
0.026485611044284933
0.02881533096046113
0.031610552435333526
0.03501993090234716
0.03926047599543854
0.04466054936305079
0.05173907610816326
0.061361684989253734
0.0750760515319788
0.09591649160832445
0.1306357459940782
0.19726264238198846
0.3610677805523287

0.28188711575062453
0.3921011510473231
0.4574418890451037
0.46221011543836993
0.42958992186684836
0.3981131430474561
0.38591629483709233
0.38018893681783716
0.3565472212676577
0.30313968859739665
0.22815430671817402
0.15059717685996069
0.08689797541996616
0.04378942820960803
0.019299263995521464
0.014496101986453652
0.18598996743606913
0.5934992862917953
0.2393914589316307
0.012100289953630453
8.400108674861049e-05
1.4291273209301678e-06
2.031937809775586e-07
2.6318904351171924e-08
2.9759999726008963e-09
2.9376037542221914e-10
2.5313294951413614e-11
1.90414193649325e-12
1.2503889576536925e-13
7.16780389401022e-15
3.5869248126425577e-16
1.5669444667415693e-17
5.975580623337478e-19
1.9893068994740014e-20
5.781208610014083e-22
1.46666411463487e-23
3.248163372085458e-25
6.2797193762852514e-27
1.059833839665129e-28
1.5614586964504566e-30
2.0082528542712996e-32
2.2547659010018313e-34
2.2099360024605195e-36
1.8908327214502984e-38
1.4122828809416674e-40
9.208427087748349e-43
5.241364778547565e-45
2.604344858863631e-47
1.1296600504333132e-49
4.2775217143352005e-52
1.4139428253845813e-54
4.0800609195454534e-57
1.027771617011313e-59
2.260069350818283e-62
4.338524806034969e-65
7.2703878138023046e-68
1.0635753008859864e-70
1.3582323885742511e-73
1.5141715959207263e-76
1.4735717295808115e-79
1.2518798244466362e-82
9.28430016606416e-86
6.010780640834655e-89
3.3970955182598834e-92
1.6760223708457476e-95
7.218501269982811e-99
2.71399745880964e-102
8.90772927675739e-106
2.552229685287712e-109
6.383629532627333e-113
1.3938330821871602e-116
2.6567398767511438e-120
4.420612771333532e-124
6.421124447482595e-128
8.14207077914706e-132
9.012677543263373e-136
8.708993495186474e-140
7.346445694527673e-144
5.409806761919589e-148
3.477614240313673e-152
1.9515344944242472e-156
9.560183580647857e-161
4.088381413017621e-165
1.526271349069181e-169
4.974017074416595e-174
1.4150701342680624e-178
3.514340453962579e-183
7.619121019173141e-188
1.441986137078662e-192
2.3823878851990147e-197
3.436046496692981e-202
4.326141951007737e-207
4.754859322640519e-212
4.562152018808499e-217
3.8211756905046516e-222
2.7939551680621903e-227
1.7833518367749656e-232
9.936874551040303e-238
4.833455828687156e-243
2.0523946525775008e-248
