0.7143549969152629
0.15994762873790044
0.08104120501504934
0.056048129596522736
0.04352460720571408
0.03572830197064
0.030323934255568067
0.026341357209206613
0.023285849780134257
0.020871153578554253
0.01891794420315394
0.017307686815500198
0.015958862720256536
0.01481362576437218
0.01382984845051924
0.012976163705985012
0.012228762717812957
0.011569265287236279
0.010983267393383261
0.010459328547390543
0.00998825181045685
0.00956256282113694
0.00917612679218229
0.0088238628475449
0.00850152813673115
0.008205552701800197
0.007932911756071796
0.007681025882181922
0.007447682304157361
0.007230972235306355
0.007029240610052209
0.006841045443282689
0.006665124738471587
0.006500369362131249
0.006345800669332974
0.006200551939281826
0.006063852886615615
0.0059350166711803
0.005813428949372812
0.005698538603027523
0.005589849854029263
0.005486915529346597
0.005389331285689767
0.005296730638269886
0.00520878066624897
0.005125178290001139
0.005045647033456812
0.004969934199498798
0.004897808398336058
0.004829057378553188
0.004763486118555429
0.004700915142741469
0.00464117903220912
0.004584125104345886
0.004529612239448293
0.004477509835687235
0.0044276968764015165
0.004380061095947074
0.00433449823222719
0.004290911355638061
0.004249210265532268
0.004209310946469476
0.004171135077521492
0.004134609588754281
0.004099666259744896
0.004066241355625258
0.004034275296692
0.004003712358095946
0.003974500396536176
0.00394659060124165
0.003919937266835402
0.003894497585948992
0.003870231459693503
0.0038471013243028163
0.0038250719924488885
0.0038041105078908555
0.0037841860122628202
0.003765269622931654
0.003747334320968156
0.0037303548483743794
0.0037143076137983407
0.003699170606046158
0.0036849233147719937
0.0036715466577891646
0.003659022914502217
0.00364733566501049
0.0036364697344794146
0.003626411142417046
0.003617147056530727
0.0036086657508726983
0.0036009565680144326
0.003594009885017721
0.003587817082996513
0.003582370520087401
0.003577663507668834
0.0035736902896896915
0.003570446024987202
0.003567926772492275
0.003566129479237606
0.0035650519711002532
0.0035646929462262744
0.0035650519711002532
0.003566129479237606
0.003567926772492275
0.003570446024987202
0.0035736902896896915
0.003577663507668834
0.003582370520087401
0.003587817082996513
0.003594009885017721
0.0036009565680144326
0.0036086657508726983
0.003617147056530727
0.003626411142417046
0.0036364697344794146
0.00364733566501049
0.003659022914502217
0.0036715466577891646
0.0036849233147719937
0.003699170606046158
0.0037143076137983407
0.0037303548483743794
0.003747334320968156
0.003765269622931654
0.0037841860122628202
0.0038041105078908555
0.0038250719924488885
0.0038471013243028163
0.003870231459693503
0.003894497585948992
0.003919937266835402
0.00394659060124165
0.003974500396536176
0.004003712358095946
0.004034275296692
0.004066241355625258
0.004099666259744896
0.004134609588754281
0.004171135077521492
0.004209310946469476
0.004249210265532268
0.004290911355638061
0.00433449823222719
0.004380061095947074
0.0044276968764015165
0.004477509835687235
0.004529612239448293
0.004584125104345886
0.00464117903220912
0.004700915142741469
0.004763486118555429
0.004829057378553188
0.004897808398336058
0.004969934199498798
0.005045647033456812
0.005125178290001139
0.00520878066624897
0.005296730638269886
0.005389331285689767
0.005486915529346597
0.005589849854029263
0.005698538603027523
0.005813428949372812
0.0059350166711803
0.006063852886615615
0.006200551939281826
0.006345800669332974
0.006500369362131249
0.006665124738471587
0.006841045443282689
0.007029240610052209
0.007230972235306355
0.007447682304157361
0.007681025882181922
0.007932911756071796
0.008205552701800197
0.00850152813673115
0.0088238628475449
0.00917612679218229
0.00956256282113694
0.00998825181045685
0.010459328547390543
0.010983267393383261
0.011569265287236279
0.012228762717812957
0.012976163705985012
0.01382984845051924
0.01481362576437218
0.015958862720256536
0.017307686815500198
0.01891794420315394
0.020871153578554253
0.023285849780134257
0.026341357209206613
0.030323934255568067
0.03572830197064
0.04352460720571408
0.056048129596522736
0.08104120501504934
0.15994762873790044

0.17752602476798474
0.18185008634928634
0.1644233468374306
0.1314026902392358
0.09481627395372363
0.07671533463272551
0.11865800076676072
0.22611863070345678
0.28111021725324026
0.21366789044659315
0.14271015279442975
0.14756108826030231
0.19386965983900736
0.24043189223604738
0.2666537498820184
0.2634009086858017
0.23169709210076028
0.18149037452674313
0.126594787982808
0.07863342387828434
0.04349383107736682
0.021422850380063238
0.009396280207861795
0.0036699806784149486
0.0012764408945411209
0.00039533635612898826
0.00010903399222415384
2.6778496293584486e-05
5.856519208721851e-06
1.1405703338309952e-06
1.9780336901273345e-07
3.054741117506823e-08
4.200918446186519e-09
5.14450038297315e-10
5.610108630865984e-11
5.447891519315248e-12
4.711017798344807e-13
3.627689870952033e-14
2.4875663495579146e-15
1.518966891146986e-16
8.259448613842107e-18
3.9992901817293825e-19
1.724423337872616e-20
6.621158437742882e-22
2.2638788499407445e-23
6.892892375489737e-25
1.8688692850985096e-26
4.512170157329633e-28
9.701103203261228e-30
1.8573164027074295e-31
3.1665020760107525e-33
4.8073171390591664e-35
6.499124901890661e-37
7.824130884541923e-39
8.387768658877799e-41
8.007296205621152e-43
6.806979742360454e-45
5.152904997410541e-47
3.473592964752027e-49
2.0851381340587112e-51
1.1146020792788062e-53
5.305593596101839e-56
2.248936666882843e-58
8.488864154872922e-61
2.853323778723231e-63
8.540467436779063e-66
2.276362067671771e-68
5.402940097794703e-71
1.1419526022833709e-73
2.1492904945680564e-76
3.6022286079483254e-79
5.376213875704458e-82
7.145142874802667e-85
8.456183738329147e-88
8.911832553633871e-91
8.363513039231665e-94
6.989394796397939e-97
5.201391214747565e-100
3.4468991806798334e-103
2.0340740313528138e-106
1.0688925331561442e-109
5.0018474800548287e-113
2.0842795131698858e-116
7.734114339060346e-120
2.5556085373547068e-123
7.519815509670452e-127
1.970376207899171e-130
4.597484114491068e-134
9.552574498124134e-138
1.7674606061198116e-141
2.9121126163037155e-145
4.272634101043366e-149
5.582289461103593e-153
6.49468535629623e-157
6.728728311430996e-161
6.207789521494387e-165
5.0999989600901e-169
3.731060618558227e-173
2.430656765138029e-177
1.4100810646034375e-181
