0.07077124651915548
0.0012492279174353368
2.2467122539731258e-05
4.1169363969129405e-07
8.128322181865084e-09
4.336135999345824e-10
7.56112291257994e-12
1.3184683255419998e-13
2.2990748146279263e-15
4.009004163671394e-17
6.990687868246098e-19
1.2189989119657219e-20
2.125625401031569e-22
3.706552565853486e-24
6.463290120617432e-26
1.127034716776549e-27
1.9652661940189e-29
3.426941942079442e-31
5.975795774201653e-33
1.0420657692376692e-34
1.8172896628684246e-36
3.169843313772065e-38
5.532135787122663e-40
9.670202438534767e-42
1.6979676226229114e-43
3.0192219511758407e-45
5.555497339023625e-47
1.1134884364988953e-48
2.662311671209623e-50
8.230401224181965e-52
3.22153551003802e-53
1.4511314665010768e-54
6.958354423167134e-56
3.417906610958147e-57
1.6935750891673512e-58
8.41768880825794e-60
4.1884574280813566e-61
2.084880669070011e-62
1.0379260711906928e-63
5.167399032492763e-65
2.572673716860875e-66
1.2808548514233855e-67
6.376993881891784e-69
3.174917096824048e-70
1.5806979355218048e-71
7.869831255763215e-73
3.9181582081033496e-74
1.9507360990056908e-75
9.712143176414353e-77
4.835391402430085e-78
2.4073996649952374e-79
1.1985737588120084e-80
5.967347781517811e-82
2.970967930188863e-83
1.4791582412880392e-84
7.364299278112896e-86
3.6664727087870247e-87
1.8254332297834036e-88
9.088336092224426e-90
4.5248549334017186e-91
2.2528310908952437e-92
1.121656672384332e-93
5.584777398428748e-95
2.7808711146767226e-96
1.384884926344412e-97
6.8986091029169135e-99
3.438254416996802e-100
1.7154117105269253e-101
8.576255905391428e-103
4.3052609121253356e-104
2.1785313788028003e-105
1.1193717653449465e-106
5.91726899654984e-108
3.2871059969579654e-109
1.974480330621228e-110
1.317846902919625e-111
9.878415565083319e-113
8.204832975923847e-114
7.341305804899107e-115
6.8813628606717e-116
6.62263263104492e-117
6.46435954333459e-118
6.35638070253209e-119
6.273723517641534e-120
6.203959572466654e-121
6.140910017910008e-122
6.08151408750721e-123
6.024273840418582e-124
5.968485875432185e-125
5.913868351893958e-126
5.860390347351112e-127
5.80821068150722e-128
5.757685030769483e-129
5.7094288304783476e-130
5.664442375579808e-131
5.6243212769996567e-132
5.5915954152969366e-133
5.570273659773388e-134
5.567268808370907e-135
5.648736256312116e-136
1.131689679226896e-136
5.648736256312116e-136
5.567268808370907e-135
5.570273659773388e-134
5.5915954152969366e-133
5.6243212769996567e-132
5.664442375579808e-131
5.7094288304783476e-130
5.757685030769483e-129
5.80821068150722e-128
5.860390347351112e-127
5.913868351893958e-126
5.968485875432185e-125
6.024273840418582e-124
6.08151408750721e-123
6.140910017910008e-122
6.203959572466654e-121
6.273723517641534e-120
6.35638070253209e-119
6.46435954333459e-118
6.62263263104492e-117
6.8813628606717e-116
7.341305804899107e-115
8.204832975923847e-114
9.878415565083319e-113
1.317846902919625e-111
1.974480330621228e-110
3.2871059969579654e-109
5.91726899654984e-108
1.1193717653449465e-106
2.1785313788028003e-105
4.3052609121253356e-104
8.576255905391428e-103
1.7154117105269253e-101
3.438254416996802e-100
6.8986091029169135e-99
1.384884926344412e-97
2.7808711146767226e-96
5.584777398428748e-95
1.121656672384332e-93
2.2528310908952437e-92
4.5248549334017186e-91
9.088336092224426e-90
1.8254332297834036e-88
3.6664727087870247e-87
7.364299278112896e-86
1.4791582412880392e-84
2.970967930188863e-83
5.967347781517811e-82
1.1985737588120084e-80
2.4073996649952374e-79
4.835391402430085e-78
9.712143176414353e-77
1.9507360990056908e-75
3.9181582081033496e-74
7.869831255763215e-73
1.5806979355218048e-71
3.174917096824048e-70
6.376993881891784e-69
1.2808548514233855e-67
2.572673716860875e-66
5.167399032492763e-65
1.0379260711906928e-63
2.084880669070011e-62
4.1884574280813566e-61
8.41768880825794e-60
1.6935750891673512e-58
3.417906610958147e-57
6.958354423167134e-56
1.4511314665010768e-54
3.22153551003802e-53
8.230401224181965e-52
2.662311671209623e-50
1.1134884364988953e-48
5.555497339023625e-47
3.0192219511758407e-45
1.6979676226229114e-43
9.670202438534767e-42
5.532135787122663e-40
3.169843313772065e-38
1.8172896628684246e-36
1.0420657692376692e-34
5.975795774201653e-33
3.426941942079442e-31
1.9652661940189e-29
1.127034716776549e-27
6.463290120617432e-26
3.706552565853486e-24
2.125625401031569e-22
1.2189989119657219e-20
6.990687868246098e-19
4.009004163671394e-17
2.2990748146279263e-15
1.3184683255419998e-13
7.56112291257994e-12
4.336135999345824e-10
8.128322181865084e-09
4.1169363969129405e-07
2.2467122539731258e-05
0.0012492279174353368

1.5414152327112887e-191
5.001269451658983e-173
1.8296314503580248e-155
7.54691983417926e-139
3.509931275615845e-123
1.840561128513546e-108
1.0882398742641695e-94
7.254738795102226e-82
5.4530776551291785e-70
4.621514720697013e-59
4.4162103932869375e-49
4.7581477837176995e-40
5.780279706173033e-32
7.917399117648016e-25
1.2227536807675538e-18
2.1292084237625644e-13
4.180422042272753e-09
9.254326947923807e-06
0.002309895351343797
0.06500735970632578
0.2062792322631673
0.07380252860189088
0.002977211813304024
1.354163119924569e-05
6.944723934837087e-09
4.015704502049415e-13
2.618130348923741e-18
1.924613549205186e-24
1.5952125922546856e-31
1.4907896053677317e-39
1.5708578950005013e-48
1.8662945966330893e-58
2.500035955131549e-69
3.776026792044418e-81
6.43052803450636e-94
1.2347554768117029e-107
2.6732405659280947e-122
6.525561408411071e-138
1.796058488948451e-154
5.573728708413663e-172
1.950266377936579e-190
7.694223500520625e-210
3.42261790241387e-230
1.716622474969864e-251
9.70764591832684e-274
6.189788598612613e-297
4.45e-321
0.0
0.0
0.0
0.0
0.0
0.0
0.0
0.0
0.0
0.0
0.0
0.0
0.0
0.0
0.0
0.0
0.0
0.0
0.0
0.0
0.0
0.0
0.0
0.0
0.0
0.0
0.0
0.0
0.0
0.0
0.0
0.0
0.0
0.0
0.0
0.0
0.0
0.0
0.0
0.0
0.0
0.0
0.0
0.0
0.0
0.0
0.0
0.0
0.0
0.0
0.0
0.0
0.0
