0.6526219891323578
0.01358711369322628
0.0002867076960719478
6.131943256186396e-06
1.3292404179822304e-07
1.6006807367038584e-09
2.7911817798528468e-11
4.867114067750829e-13
8.487014192003577e-15
1.4799203213520059e-16
2.5806062418332974e-18
4.499923862673311e-20
7.846728463122322e-22
1.3682711983243105e-23
2.3859208932977984e-25
4.160454089203367e-27
7.254839720383344e-29
1.2650909442820056e-30
2.206150777769993e-32
3.8477279125464832e-34
6.713245423004394e-36
1.1725031666278624e-37
2.0539244484841478e-39
3.628203877383185e-41
6.5590739563469194e-43
1.2594441818375207e-44
2.7722269426702016e-46
7.702171592585945e-48
2.7710115108939892e-49
1.1941276038438418e-50
5.621784975178551e-52
2.7425245759436545e-53
1.355588315692915e-54
6.731928339292689e-56
3.348639504901785e-57
1.666668014117882e-58
8.296942202397229e-60
4.1306457393442116e-61
2.056499771629791e-62
1.0238661264104645e-63
5.097520877127391e-65
2.537904738300685e-66
1.2635481115600146e-67
6.290835175915024e-69
3.1320223322206387e-70
1.5593420862867496e-71
7.763507082252199e-73
3.865222574664054e-74
1.9243810050996232e-75
9.580928865419352e-77
4.770063604285249e-78
2.3748748278189835e-79
1.182380554171768e-80
5.88672614873642e-82
2.9308283723079535e-83
1.4591735254749225e-84
7.264797207433805e-86
3.6169295525454756e-87
1.800763189236251e-88
8.965472002604973e-90
4.463645676351349e-91
2.222318325488549e-92
1.1064271449585166e-93
5.508576399888047e-95
2.7425587071034643e-96
1.365439587248499e-97
6.798123494590377e-99
3.3845864775249854e-100
1.6850864682876034e-101
8.389552359953155e-103
4.176913001178898e-104
2.079563355863652e-105
1.0353544464373604e-106
5.154734352680003e-108
2.56639913345029e-109
1.2777428343453571e-110
6.361585684471822e-112
3.1673249878621825e-113
1.5769955120756104e-114
7.852163764021445e-116
3.910120510798971e-117
1.9474857490736261e-118
9.703405107568042e-120
4.838416790906743e-121
2.416213726324405e-122
1.2102024522824484e-123
6.096980377079817e-125
3.106583527279173e-126
1.6170972860051957e-127
8.748764775611465e-129
5.0470320736898075e-130
3.197674305401148e-131
2.2706184763427245e-132
1.8028079672914423e-133
1.563699926123547e-134
1.438513294132804e-135
1.3701014326787803e-136
1.3300133748574e-137
1.3042038658500391e-138
1.2978161325922198e-139
2.5400231679841437e-140
1.2978161325922198e-139
1.3042038658500391e-138
1.3300133748574e-137
1.3701014326787803e-136
1.438513294132804e-135
1.563699926123547e-134
1.8028079672914423e-133
2.2706184763427245e-132
3.197674305401148e-131
5.0470320736898075e-130
8.748764775611465e-129
1.6170972860051957e-127
3.106583527279173e-126
6.096980377079817e-125
1.2102024522824484e-123
2.416213726324405e-122
4.838416790906743e-121
9.703405107568042e-120
1.9474857490736261e-118
3.910120510798971e-117
7.852163764021445e-116
1.5769955120756104e-114
3.1673249878621825e-113
6.361585684471822e-112
1.2777428343453571e-110
2.56639913345029e-109
5.154734352680003e-108
1.0353544464373604e-106
2.079563355863652e-105
4.176913001178898e-104
8.389552359953155e-103
1.6850864682876034e-101
3.3845864775249854e-100
6.798123494590377e-99
1.365439587248499e-97
2.7425587071034643e-96
5.508576399888047e-95
1.1064271449585166e-93
2.222318325488549e-92
4.463645676351349e-91
8.965472002604973e-90
1.800763189236251e-88
3.6169295525454756e-87
7.264797207433805e-86
1.4591735254749225e-84
2.9308283723079535e-83
5.88672614873642e-82
1.182380554171768e-80
2.3748748278189835e-79
4.770063604285249e-78
9.580928865419352e-77
1.9243810050996232e-75
3.865222574664054e-74
7.763507082252199e-73
1.5593420862867496e-71
3.1320223322206387e-70
6.290835175915024e-69
1.2635481115600146e-67
2.537904738300685e-66
5.097520877127391e-65
1.0238661264104645e-63
2.056499771629791e-62
4.1306457393442116e-61
8.296942202397229e-60
1.666668014117882e-58
3.348639504901785e-57
6.731928339292689e-56
1.355588315692915e-54
2.7425245759436545e-53
5.621784975178551e-52
1.1941276038438418e-50
2.7710115108939892e-49
7.702171592585945e-48
2.7722269426702016e-46
1.2594441818375207e-44
6.5590739563469194e-43
3.628203877383185e-41
2.0539244484841478e-39
1.1725031666278624e-37
6.713245423004394e-36
3.8477279125464832e-34
2.206150777769993e-32
1.2650909442820056e-30
7.254839720383344e-29
4.160454089203367e-27
2.3859208932977984e-25
1.3682711983243105e-23
7.846728463122322e-22
4.499923862673311e-20
2.5806062418332974e-18
1.4799203213520059e-16
8.487014192003577e-15
4.867114067750829e-13
2.7911817798528468e-11
1.6006807367038584e-09
1.3292404179822304e-07
6.131943256186396e-06
0.0002867076960719478
0.01358711369322628

4.997621713963465e-243
2.079301363898352e-218
4.1732683441265595e-195
4.0405454635381765e-173
1.8871590256185379e-152
4.251887972218826e-133
4.62125509286956e-115
2.4229412577831637e-98
6.1281677103031356e-83
7.476928252970696e-69
4.400688196436697e-56
1.2494612670270571e-44
1.7113144243454869e-34
1.1306850197498668e-25
3.6037800747708495e-18
5.540892638320682e-12
4.109661054741173e-07
0.0014704053982288474
0.25378911199596205
2.113069093518621
0.8487098132631279
0.01644407934599855
1.536967618342951e-05
6.9298635869412e-10
1.5072644906250105e-15
1.581463103381708e-22
8.00448645821648e-31
1.954396600480986e-40
2.3019545091853395e-51
1.3079332768668727e-63
3.58491824485228e-77
4.7399933948380147e-92
3.0232985177813924e-108
9.302274263175513e-126
1.3807087040045112e-144
9.885981638904883e-165
3.4146197697020502e-186
5.689442537061394e-209
4.573007298387379e-233
1.7731230994466615e-258
3.3165052936336026e-285
2.99245284893e-313
0.0
0.0
0.0
0.0
0.0
0.0
0.0
0.0
0.0
0.0
0.0
0.0
0.0
0.0
0.0
0.0
0.0
0.0
0.0
0.0
0.0
0.0
0.0
0.0
0.0
0.0
0.0
0.0
0.0
0.0
0.0
0.0
0.0
0.0
0.0
0.0
0.0
0.0
0.0
0.0
0.0
0.0
0.0
0.0
0.0
0.0
0.0
0.0
0.0
0.0
0.0
0.0
0.0
0.0
0.0
0.0
0.0
0.0
