0.15627777202249854
0.058927160350179475
0.0229634250976384
0.009248272829882295
0.003849349422590525
0.001655833218443124
0.0007361189539101322
0.0003382055484401823
0.00016058799572943956
7.880281518932575e-05
3.99632174432729e-05
2.094391593178082e-05
1.1342643057576355e-05
6.347406989249185e-06
3.669868157975068e-06
2.1917612355612373e-06
1.3517629818978375e-06
8.622947573058589e-07
5.652385639817592e-07
3.8272791784776367e-07
2.6690879898034384e-07
1.914943625380004e-07
1.411534000903962e-07
1.0673771390220929e-07
8.266610935089925e-08
6.546362234987564e-08
5.290496923330837e-08
4.356468390761512e-08
3.6488048769393435e-08
3.103424529876033e-08
2.6763763449317972e-08
2.3370073663682684e-08
2.0635955111640692e-08
1.8405122977727022e-08
1.6563503503725725e-08
1.5026688555843434e-08
1.3731408070081056e-08
1.2629692258166933e-08
1.1684606421116477e-08
1.0867593309438934e-08
1.0156228063724863e-08
9.53275563689671e-09
8.98298873678917e-09
8.495492351006904e-09
8.060974252256217e-09
7.671825081852367e-09
7.321768127249501e-09
7.005590304982187e-09
6.718933802796055e-09
6.458133425098001e-09
6.2200886580892595e-09
6.002162319200767e-09
5.802099715698029e-09
5.617963740151135e-09
5.448082435580802e-09
5.2910063820820714e-09
5.145473868223064e-09
5.01038227037779e-09
4.88476441137728e-09
4.767768935311246e-09
4.658643938958154e-09
4.556723257518151e-09
4.461414924386161e-09
4.37219142002628e-09
4.288581399860973e-09
4.210162650177728e-09
4.136556067940182e-09
4.067420497774533e-09
4.002448289352275e-09
3.9413614624953736e-09
3.8839083868164574e-09
3.829860898527078e-09
3.779011789944149e-09
3.731172617780885e-09
3.686171784982072e-09
3.6438528580168886e-09
3.604073087463817e-09
3.566702104640746e-09
3.53162077113324e-09
3.498720161502846e-09
3.4679006623343753e-09
3.4390711732030355e-09
3.412148397187485e-09
3.387056210287441e-09
3.363725100576704e-09
3.3420916691775337e-09
3.322098186215546e-09
3.303692195835167e-09
3.286826165148392e-09
3.27145717267451e-09
3.2575466324224152e-09
3.2450600502844326e-09
3.2339668098630125e-09
3.2242399852495834e-09
3.215856178626574e-09
3.208795380876761e-09
3.203040853664725e-09
3.198579031709063e-09
3.1953994441956118e-09
3.1934946544957727e-09
3.192860217553769e-09
3.1934946544957727e-09
3.1953994441956118e-09
3.198579031709063e-09
3.203040853664725e-09
3.208795380876761e-09
3.215856178626574e-09
3.2242399852495834e-09
3.2339668098630125e-09
3.2450600502844326e-09
3.2575466324224152e-09
3.27145717267451e-09
3.286826165148392e-09
3.303692195835167e-09
3.322098186215546e-09
3.3420916691775337e-09
3.363725100576704e-09
3.387056210287441e-09
3.412148397187485e-09
3.4390711732030355e-09
3.4679006623343753e-09
3.498720161502846e-09
3.53162077113324e-09
3.566702104640746e-09
3.604073087463817e-09
3.6438528580168886e-09
3.686171784982072e-09
3.731172617780885e-09
3.779011789944149e-09
3.829860898527078e-09
3.8839083868164574e-09
3.9413614624953736e-09
4.002448289352275e-09
4.067420497774533e-09
4.136556067940182e-09
4.210162650177728e-09
4.288581399860973e-09
4.37219142002628e-09
4.461414924386161e-09
4.556723257518151e-09
4.658643938958154e-09
4.767768935311246e-09
4.88476441137728e-09
5.01038227037779e-09
5.145473868223064e-09
5.2910063820820714e-09
5.448082435580802e-09
5.617963740151135e-09
5.802099715698029e-09
6.002162319200767e-09
6.2200886580892595e-09
6.458133425098001e-09
6.718933802796055e-09
7.005590304982187e-09
7.321768127249501e-09
7.671825081852367e-09
8.060974252256217e-09
8.495492351006904e-09
8.98298873678917e-09
9.53275563689671e-09
1.0156228063724863e-08
1.0867593309438934e-08
1.1684606421116477e-08
1.2629692258166933e-08
1.3731408070081056e-08
1.5026688555843434e-08
1.6563503503725725e-08
1.8405122977727022e-08
2.0635955111640692e-08
2.3370073663682684e-08
2.6763763449317972e-08
3.103424529876033e-08
3.6488048769393435e-08
4.356468390761512e-08
5.290496923330837e-08
6.546362234987564e-08
8.266610935089925e-08
1.0673771390220929e-07
1.411534000903962e-07
1.914943625380004e-07
2.6690879898034384e-07
3.8272791784776367e-07
5.652385639817592e-07
8.622947573058589e-07
1.3517629818978375e-06
2.1917612355612373e-06
3.669868157975068e-06
6.347406989249185e-06
1.1342643057576355e-05
2.094391593178082e-05
3.99632174432729e-05
7.880281518932575e-05
0.00016058799572943956
0.0003382055484401823
0.0007361189539101322
0.001655833218443124
0.003849349422590525
0.009248272829882295
0.0229634250976384
0.058927160350179475

1.1225154620538362e-07
2.65025726746121e-05
0.0018121518622129568
0.03588492134357987
0.2057975787892552
0.3418057597337524
0.1644104226561882
0.02290288372732585
0.0009239784539907392
1.0795540061437918e-05
3.652899770030107e-08
3.5796617569671e-11
1.015914318452633e-14
8.349933642719198e-19
1.9875580429534872e-23
1.3701479643280102e-28
2.735432312165779e-34
1.5815951661887063e-40
2.648350967709567e-47
1.2843003522704152e-54
1.803717496636333e-62
7.336371040905928e-71
8.64181392895157e-80
2.9480808358757625e-89
2.912625970354875e-99
8.333758304195608e-110
6.905703656358127e-121
1.6572416048124597e-132
1.151793361576858e-144
2.318324196294055e-157
1.351402189364914e-170
2.2814235580575025e-184
1.1154191047342341e-198
1.579359834695608e-213
6.476419218203175e-229
7.691298557936241e-245
2.6453018792513244e-261
2.6348849953226558e-278
7.60079363835825e-296
6.3499027234e-314
0.0
0.0
0.0
0.0
0.0
0.0
0.0
0.0
0.0
0.0
0.0
0.0
0.0
0.0
0.0
0.0
0.0
0.0
0.0
0.0
0.0
0.0
0.0
0.0
0.0
0.0
0.0
0.0
0.0
0.0
0.0
0.0
0.0
0.0
0.0
0.0
0.0
0.0
0.0
0.0
0.0
0.0
0.0
0.0
0.0
0.0
0.0
0.0
0.0
0.0
0.0
0.0
0.0
0.0
0.0
0.0
0.0
0.0
0.0
0.0
