0.656805380961689
0.15509428659797128
0.049459125119523537
0.020546473001569622
0.010572013147642275
0.006389602020315738
0.0043357434293022756
0.003193611244766481
0.002494143508270156
0.0020325462420043485
0.0017096740938760506
0.0014732453511935317
0.0012936669786216776
0.0011531709929863455
0.0010405489857539425
0.0009484293232871503
0.000871788613974671
0.0008070978638230861
0.0007518118090591398
0.0007040521428250688
0.000662404611230452
0.0006257853089859271
0.0005933503264648113
0.0005644333026818813
0.0005385013847833737
0.0005151235979029175
0.0004939477505441843
0.00047468331747176003
0.00045708857823494704
0.000440960831475121
0.000426128863262731
0.0004124470884543756
0.00039979094853704987
0.0003880532634828714
0.00037714131532951326
0.000366974498312243
0.0003574824115357051
0.0003486033001743044
0.0003402827732855692
0.00033247274275449235
0.00032513054022244574
0.00031821817819434133
0.0003117017286476481
0.00030555079795180237
0.00029973808115685936
0.0002942389820266388
0.00028903128779632673
0.00028409488969296885
0.00027941154189374003
0.0002749646529051307
0.00027073910439772027
0.0002667210933806911
0.00026289799428987634
0.00025925823812560707
0.00025579120623744455
0.0002524871367320325
0.00024933704179353275
0.0002463326344659127
0.00024346626366264113
0.00024073085635007856
0.00023811986600238549
0.00023562722655326538
0.0002332473111774642
0.00023097489532605952
0.0002288051235169448
0.00022673347944781398
0.00022475575905523732
0.0002228680461916246
0.00022106669063326557
0.00021934828816827528
0.00021770966254402627
0.00021614784908025888
0.0002146600797771338
0.0002132437697675523
0.00021189650498052915
0.00021061603089767011
0.0002094002422981426
0.00020824717389923494
0.00020715499180988197
0.00020612198572358772
0.0002051465617851701
0.00020422723607281423
0.00020336262864318661
0.00020255145809292167
0.0002017925365947464
0.00020108476537092408
0.00020042713057065285
0.0001998186995215987
0.0001992586173289306
0.00019874610379810292
0.00019828045066023223
0.00019786101908128163
0.00019748723743842267
0.00019715859934891762
0.00019687466193868744
0.0001966350443394078
0.00019643942640454532
0.00019628754763620948
0.00019617920631608183
0.0001961142588349958
0.0001960926192170053
0.0001961142588349958
0.00019617920631608183
0.00019628754763620948
0.00019643942640454532
0.0001966350443394078
0.00019687466193868744
0.00019715859934891762
0.00019748723743842267
0.00019786101908128163
0.00019828045066023223
0.00019874610379810292
0.0001992586173289306
0.0001998186995215987
0.00020042713057065285
0.00020108476537092408
0.0002017925365947464
0.00020255145809292167
0.00020336262864318661
0.00020422723607281423
0.0002051465617851701
0.00020612198572358772
0.00020715499180988197
0.00020824717389923494
0.0002094002422981426
0.00021061603089767011
0.00021189650498052915
0.0002132437697675523
0.0002146600797771338
0.00021614784908025888
0.00021770966254402627
0.00021934828816827528
0.00022106669063326557
0.0002228680461916246
0.00022475575905523732
0.00022673347944781398
0.0002288051235169448
0.00023097489532605952
0.0002332473111774642
0.00023562722655326538
0.00023811986600238549
0.00024073085635007856
0.00024346626366264113
0.0002463326344659127
0.00024933704179353275
0.0002524871367320325
0.00025579120623744455
0.00025925823812560707
0.00026289799428987634
0.0002667210933806911
0.00027073910439772027
0.0002749646529051307
0.00027941154189374003
0.00028409488969296885
0.00028903128779632673
0.0002942389820266388
0.00029973808115685936
0.00030555079795180237
0.0003117017286476481
0.00031821817819434133
0.00032513054022244574
0.00033247274275449235
0.0003402827732855692
0.0003486033001743044
0.0003574824115357051
0.000366974498312243
0.00037714131532951326
0.0003880532634828714
0.00039979094853704987
0.0004124470884543756
0.000426128863262731
0.000440960831475121
0.00045708857823494704
0.00047468331747176003
0.0004939477505441843
0.0005151235979029175
0.0005385013847833737
0.0005644333026818813
0.0005933503264648113
0.0006257853089859271
0.000662404611230452
0.0007040521428250688
0.0007518118090591398
0.0008070978638230861
0.000871788613974671
0.0009484293232871503
0.0010405489857539425
0.0011531709929863455
0.0012936669786216776
0.0014732453511935317
0.0017096740938760506
0.0020325462420043485
0.002494143508270156
0.003193611244766481
0.0043357434293022756
0.006389602020315738
0.010572013147642275
0.020546473001569622
0.049459125119523537
0.15509428659797128

0.00932913350255415
0.023499351952360806
0.05224791195611807
0.10253696707967001
0.1776194296585331
0.2715807293684916
0.3665269431386002
0.4366277507080682
0.4591084010547362
0.4261059713476012
0.34907478257924573
0.25241653885679166
0.16110744636332527
0.09076363816148954
0.04513429394476546
0.019810702927674385
0.00767523344252538
0.0026247127242996038
0.0007922649357345776
0.00021108509542180665
4.964130367745029e-05
1.0304508053198158e-05
1.888034052367279e-06
3.0534503187568907e-07
4.358834390991125e-08
5.4922254309807515e-09
6.108362693300688e-10
5.996526436611362e-11
5.1960481233048375e-12
3.9741572922856e-13
2.68296751675488e-14
1.598763602730817e-15
8.40913967121971e-17
3.9040678302964296e-18
1.5998586679050276e-19
5.786878418195352e-21
1.8475898710203864e-22
5.206732460066758e-24
1.2951600147912856e-25
2.8436757127350438e-27
5.511060577791458e-29
9.427331445057714e-31
1.4234454972345122e-32
1.8971050715036033e-34
2.2317235816127185e-36
2.3173300596685428e-38
2.1238990139535697e-40
1.718218167536086e-42
1.2269340677566608e-44
7.733260138367225e-47
4.3023178171351865e-49
2.11271460159192e-51
9.157515322254801e-54
3.5035873488049273e-56
1.1831688311353656e-58
3.52678484926623e-61
9.279181892314723e-64
2.1549583699581385e-66
4.417398271868213e-69
7.992685131449422e-72
1.2764897366755722e-74
1.79945265910199e-77
2.2390407568713094e-80
2.4591331705064235e-83
2.3839688264417022e-86
2.0399408352093607e-89
1.5407530871331206e-92
1.0271810455495637e-95
6.044486645322879e-99
3.1395711042670376e-102
1.4393940382057969e-105
5.824887623404912e-109
2.0806253142359585e-112
6.55992207386737e-116
1.825584576680167e-119
4.4843934642707906e-123
9.723081794680473e-127
1.860812620429869e-130
3.1434012522903605e-134
4.6870056405038744e-138
6.1686425586130415e-142
7.166089217622561e-146
7.348070106216133e-150
6.650630915606051e-154
5.313135329449341e-158
3.7466004781133765e-162
2.3319668149470514e-166
1.2811672338184017e-170
6.212805466363398e-175
2.65930507904785e-179
1.0047246238232786e-183
3.350614043969348e-188
9.862800266461264e-193
2.5625629768987593e-197
5.8768868847857935e-202
1.1896483086352793e-206
2.125633209464004e-211
3.3524054423003734e-216
4.666843344090111e-221
5.734405285132341e-226
