1.1919322224462856
0.6318909040027917
0.4162505888350359
0.30542148391630397
0.23858031287899184
0.194180320184095
0.16276320574373707
0.1395196496062948
0.12173755839171474
0.1077693385329738
0.09655730961215164
0.08739307136176752
0.07978584051338128
0.0733860006759253
0.06793856917083928
0.06325377032845475
0.05918782731213034
0.05563008262568699
0.05249415937615587
0.04971177076572528
0.0472283051544124
0.04499962580340641
0.04298971668309917
0.04116892724794194
0.03951264756366924
0.038000296855063176
0.03661454317853603
0.03534069550968341
0.03416622583408849
0.03308039024507581
0.03207392614837024
0.031138808483104876
0.03026805208284489
0.029455550388632172
0.028695943011074913
0.027984506344472054
0.027317062720489466
0.026689904563911893
0.026099730758715644
0.02554359300719375
0.025018850410479267
0.02452313084672346
0.024054297996505426
0.023610423081044205
0.023189760550442185
0.022790727096348315
0.022411883473589383
0.02205191870423132
0.02170963630963561
0.021383942274813498
0.021073834497438146
0.02077839351335809
0.020496774323024897
0.020228199170217964
0.019971951146865518
0.019727368516458597
0.019493839664205228
0.019270798595214383
0.01905772091307202
0.01885412022052847
0.018659544891947752
0.018473575173911596
0.018295820576117925
0.018125917519626472
0.017963527213713706
0.01780833373621702
0.01766004229536303
0.01751837765376504
0.017383082697602425
0.017253917136013517
0.017130656317488797
0.01701309015158013
0.01690102212557644
0.016794268406964026
0.016692657023513274
0.01659602711373257
0.016504228241221504
0.016417119767153297
0.016334570275732794
0.016256457048022352
0.016182665580011815
0.016113089141239562
0.016047628370654335
0.01598619090675008
0.015928691049311727
0.015875049450384187
0.015825192832323344
0.015779053731009834
0.015736570262506962
0.015697685911626024
0.015662349341027074
0.015630514219634333
0.015602139069283066
0.015577187128641652
0.015555626233569765
0.015537428713182455
0.015522571300991444
0.015511035060590414
0.01550280532544155
0.015497871652406493
0.015496227788747726
0.015497871652406493
0.01550280532544155
0.015511035060590414
0.015522571300991444
0.015537428713182455
0.015555626233569765
0.015577187128641652
0.015602139069283066
0.015630514219634333
0.015662349341027074
0.015697685911626024
0.015736570262506962
0.015779053731009834
0.015825192832323344
0.015875049450384187
0.015928691049311727
0.01598619090675008
0.016047628370654335
0.016113089141239562
0.016182665580011815
0.016256457048022352
0.016334570275732794
0.016417119767153297
0.016504228241221504
0.01659602711373257
0.016692657023513274
0.016794268406964026
0.01690102212557644
0.01701309015158013
0.017130656317488797
0.017253917136013517
0.017383082697602425
0.01751837765376504
0.01766004229536303
0.01780833373621702
0.017963527213713706
0.018125917519626472
0.018295820576117925
0.018473575173911596
0.018659544891947752
0.01885412022052847
0.01905772091307202
0.019270798595214383
0.019493839664205228
0.019727368516458597
0.019971951146865518
0.020228199170217964
0.020496774323024897
0.02077839351335809
0.021073834497438146
0.021383942274813498
0.02170963630963561
0.02205191870423132
0.022411883473589383
0.022790727096348315
0.023189760550442185
0.023610423081044205
0.024054297996505426
0.02452313084672346
0.025018850410479267
0.02554359300719375
0.026099730758715644
0.026689904563911893
0.027317062720489466
0.027984506344472054
0.028695943011074913
0.029455550388632172
0.03026805208284489
0.031138808483104876
0.03207392614837024
0.03308039024507581
0.03416622583408849
0.03534069550968341
0.03661454317853603
0.038000296855063176
0.03951264756366924
0.04116892724794194
0.04298971668309917
0.04499962580340641
0.0472283051544124
0.04971177076572528
0.05249415937615587
0.05563008262568699
0.05918782731213034
0.06325377032845475
0.06793856917083928
0.0733860006759253
0.07978584051338128
0.08739307136176752
0.09655730961215164
0.1077693385329738
0.12173755839171474
0.1395196496062948
0.16276320574373707
0.194180320184095
0.23858031287899184
0.30542148391630397
0.4162505888350359
0.6318909040027917

0.7507860213339677
1.1145475634052555
1.0282924087735477
0.6994142246972969
0.5074112500312343
0.4626416301730888
0.4268603817624638
0.3509352840899886
0.2555201165759432
0.17187291735806362
0.11558085331766213
0.0844342992331031
0.06777754773626063
0.055953254564651625
0.04427240230137453
0.032275629831092695
0.021326186662750223
0.012696753978057435
0.006797951739026365
0.0032712578032170073
0.001414587637284756
0.0005496720370137305
0.00019192480665448534
6.021588239075274e-05
1.6976306164899258e-05
4.300584504357527e-06
9.789576465593468e-07
2.0024074316417462e-07
3.680383895741782e-08
6.078353064444553e-09
9.020504997634895e-10
1.2028955214506342e-10
1.4413753552009919e-11
1.5519524259657288e-12
1.5015224980066064e-13
1.3053813728783469e-14
1.0197532694841862e-15
7.158218145391121e-17
4.515094868983459e-18
2.5590628859620693e-19
1.3033083100877512e-20
5.9643826503200925e-22
2.4526521584592356e-23
9.062719723990343e-25
3.0090767573967236e-26
8.977597096594474e-28
2.4067949047772967e-29
5.797892832538595e-31
1.2550279898303142e-32
2.441117967774554e-34
4.266544216134519e-36
6.700633464308635e-38
9.456002990301344e-40
1.19908913413767e-41
1.3663043842130872e-43
1.3989287125732186e-45
1.2870512296969612e-47
1.064016129378883e-49
7.904105289278221e-52
5.276055433183388e-54
3.164594803686152e-56
1.705607115504264e-58
8.260227628505931e-61
3.5946545403050733e-63
1.4056410481608004e-65
4.939054638598338e-68
1.5594281075499135e-70
4.424243410574933e-73
1.1278849337239966e-75
2.5837036919817927e-78
5.318298923906593e-81
9.836824197499405e-84
1.634892507072813e-86
2.441606231822283e-89
3.2765301893437904e-92
3.950980176083979e-95
4.281023927219813e-98
4.168142781126708e-101
3.64661276140688e-104
2.8667434916721127e-107
2.0250705164148843e-110
1.2854156817943107e-113
7.33160679165755e-117
3.7575681286219706e-120
1.730480420989736e-123
7.161081956276892e-127
2.662825615104003e-130
8.897314365966443e-134
2.6713283486419717e-137
7.206887422534087e-141
1.7471103274412754e-144
3.805792022760697e-148
7.449410380241597e-152
1.3102400664455311e-155
2.0707705482682432e-159
2.940798113157699e-163
3.7527580937593164e-167
4.3031655779505265e-171
4.4338160582431774e-175
4.105059103994893e-179
