0.27265093694150866
0.018316721516707424
0.0012397321382951127
8.453710014257864e-05
5.807739348312671e-06
1.135716259520762e-09
6.755956377996037e-11
4.45499434455264e-12
3.2993500968837766e-13
2.7140187762498357e-14
2.412721465099853e-15
2.2529274355050734e-16
2.1636739767957188e-17
2.1096300037263697e-18
2.0732043804329375e-19
2.0456381793782522e-20
2.0225697781532504e-21
2.0018268511197927e-22
1.9823270667116055e-23
1.9635307767798038e-24
1.9451685265955314e-25
1.9271053900018652e-26
1.909273425796882e-27
1.8916380496811407e-28
1.8741812917712088e-29
1.856893460942034e-30
1.839768994683414e-31
1.8228043928020333e-32
1.8059971886095655e-33
1.7893454366452927e-34
1.772847457566852e-35
1.7565017110777315e-36
1.7403067326015275e-37
1.724261101694239e-38
1.7083634262587985e-39
1.6926123346278502e-40
1.6770064715647993e-41
1.661544496216939e-42
1.6462250810416414e-43
1.6310469112194291e-44
1.6160086843121218e-45
1.6011091100474028e-46
1.586346910172795e-47
1.5717208183542914e-48
1.5572295801124052e-49
1.5428719528013178e-50
1.5286467056470886e-51
1.5145526198748338e-52
1.5005884889738368e-53
1.4867531191791598e-54
1.4730453302938565e-55
1.459463957049009e-56
1.446007851312328e-57
1.4326758856369135e-58
1.4194669589266428e-59
1.4063800054449032e-60
1.393414009104871e-61
1.3805680261027232e-62
1.3678412207317842e-63
1.355232922018719e-64
1.3427427132552684e-65
1.3303705734994176e-66
1.3181171011780983e-67
1.305983867397927e-68
1.2939739741713947e-69
1.2820929363770418e-70
1.2703500751647323e-71
1.2587607193607867e-72
1.2473496833808803e-73
1.2361567618152118e-74
1.225245410027609e-75
1.2147164581346e-76
1.2047297769041014e-77
1.1955385063873334e-78
1.1875431316185357e-79
1.1813769134417819e-80
1.178040855318679e-81
1.1791169289006102e-82
1.1871049356729905e-83
1.2059546934127898e-84
1.2419068039706013e-85
1.3048209291822942e-86
1.410274250071425e-87
1.5828766899842642e-88
1.8615084262493917e-89
2.307594304212095e-90
3.0181760619470615e-91
4.1465643141291266e-92
5.934965321314422e-93
8.766025972572484e-94
1.3244266472718304e-94
2.032473075835876e-95
3.1516233292961854e-96
4.920245612860449e-97
7.714923052744711e-98
1.2130596161417964e-98
1.9107181810621685e-99
3.013003178855689e-100
4.757324949336841e-101
7.692759274250335e-102
2.370415890771669e-102
7.692759274250335e-102
4.757324949336841e-101
3.013003178855689e-100
1.9107181810621685e-99
1.2130596161417964e-98
7.714923052744711e-98
4.920245612860449e-97
3.1516233292961854e-96
2.032473075835876e-95
1.3244266472718304e-94
8.766025972572484e-94
5.934965321314422e-93
4.1465643141291266e-92
3.0181760619470615e-91
2.307594304212095e-90
1.8615084262493917e-89
1.5828766899842642e-88
1.410274250071425e-87
1.3048209291822942e-86
1.2419068039706013e-85
1.2059546934127898e-84
1.1871049356729905e-83
1.1791169289006102e-82
1.178040855318679e-81
1.1813769134417819e-80
1.1875431316185357e-79
1.1955385063873334e-78
1.2047297769041014e-77
1.2147164581346e-76
1.225245410027609e-75
1.2361567618152118e-74
1.2473496833808803e-73
1.2587607193607867e-72
1.2703500751647323e-71
1.2820929363770418e-70
1.2939739741713947e-69
1.305983867397927e-68
1.3181171011780983e-67
1.3303705734994176e-66
1.3427427132552684e-65
1.355232922018719e-64
1.3678412207317842e-63
1.3805680261027232e-62
1.393414009104871e-61
1.4063800054449032e-60
1.4194669589266428e-59
1.4326758856369135e-58
1.446007851312328e-57
1.459463957049009e-56
1.4730453302938565e-55
1.4867531191791598e-54
1.5005884889738368e-53
1.5145526198748338e-52
1.5286467056470886e-51
1.5428719528013178e-50
1.5572295801124052e-49
1.5717208183542914e-48
1.586346910172795e-47
1.6011091100474028e-46
1.6160086843121218e-45
1.6310469112194291e-44
1.6462250810416414e-43
1.661544496216939e-42
1.6770064715647993e-41
1.6926123346278502e-40
1.7083634262587985e-39
1.724261101694239e-38
1.7403067326015275e-37
1.7565017110777315e-36
1.772847457566852e-35
1.7893454366452927e-34
1.8059971886095655e-33
1.8228043928020333e-32
1.839768994683414e-31
1.856893460942034e-30
1.8741812917712088e-29
1.8916380496811407e-28
1.909273425796882e-27
1.9271053900018652e-26
1.9451685265955314e-25
1.9635307767798038e-24
1.9823270667116055e-23
2.0018268511197927e-22
2.0225697781532504e-21
2.0456381793782522e-20
2.0732043804329375e-19
2.1096300037263697e-18
2.1636739767957188e-17
2.2529274355050734e-16
2.412721465099853e-15
2.7140187762498357e-14
3.2993500968837766e-13
4.45499434455264e-12
6.755956377996037e-11
1.135716259520762e-09
5.807739348312671e-06
8.453710014257864e-05
0.0012397321382951127
0.018316721516707424

1.6768311969772313e-213
6.976819770354306e-183
1.2205195414672538e-154
8.97740967970856e-129
2.7763641371998543e-105
3.610113711635879e-84
1.973714862315379e-65
4.536981574074245e-49
4.3849908728915447e-35
1.7819251037265402e-23
3.044593198708043e-14
2.1871983709063105e-07
0.006606419521176931
0.839002390241352
0.4480013488420629
0.0010058066883848534
9.494427687825863e-09
3.7682710792828e-16
6.288318892894508e-26
4.4121071608295463e-38
1.301597245004865e-52
1.6144561867238606e-69
8.419668266004819e-89
1.8462171119768224e-110
1.7021178943982447e-134
6.598049618428979e-161
1.0753766223355974e-189
7.369273570699269e-221
2.1232827991332735e-254
2.5722316519573364e-290
0.0
0.0
0.0
0.0
0.0
0.0
0.0
0.0
0.0
0.0
0.0
0.0
0.0
0.0
0.0
0.0
0.0
0.0
0.0
0.0
0.0
0.0
0.0
0.0
0.0
0.0
0.0
0.0
0.0
0.0
0.0
0.0
0.0
0.0
0.0
0.0
0.0
0.0
0.0
0.0
0.0
0.0
0.0
0.0
0.0
0.0
0.0
0.0
0.0
0.0
0.0
0.0
0.0
0.0
0.0
0.0
0.0
0.0
0.0
0.0
0.0
0.0
0.0
0.0
0.0
0.0
0.0
0.0
0.0
0.0
