0.4200598682726983
0.028101968235158672
0.0019297235508961366
0.0001360148314289306
9.840343301173082e-06
7.307466767349623e-07
5.5700122497350776e-08
2.468214345070792e-09
2.3752373778998773e-10
2.3186682057709448e-11
2.280488915438447e-12
2.251824339531823e-13
2.2284070889181176e-14
2.208352134285929e-15
2.1911000562355905e-16
2.176971883778022e-17
2.1670754640773727e-18
2.1634612746886385e-19
2.169520248218171e-20
2.190688757193207e-21
2.2356025881988553e-22
2.3179447119969136e-23
2.4593869236344585e-24
2.6942705800252786e-25
3.077066662229612e-26
3.6943002626358025e-27
4.683691017073333e-28
6.265051153971083e-29
8.790542704352902e-30
1.2827238862986784e-30
1.9294497243817817e-31
2.969623216668345e-32
4.652140959671255e-33
7.395071173585968e-34
1.1913637782973123e-34
1.94586418414779e-35
3.2273737937445495e-36
5.4498049885804536e-37
9.39972380978936e-38
1.6617317966125086e-38
3.020751500108296e-39
5.660366011566933e-40
1.094780728402514e-40
2.1857604946688497e-41
4.5004241403198695e-42
9.540735304337987e-43
2.078814115437909e-43
4.648176525900191e-44
1.0654110341503568e-44
2.5020450924331415e-45
6.020181889865568e-46
1.4846038422233571e-46
3.7543020843824157e-47
9.741063514372998e-48
2.5944116083244632e-48
7.09497484433693e-49
1.9924626931933336e-49
5.745712139844641e-50
1.7012287861324472e-50
5.171142663568963e-51
1.6134762377792086e-51
5.167203544062688e-52
1.6984358926053193e-52
5.729834525944905e-53
1.9840013659110712e-53
7.05114187769124e-54
2.572195908411329e-54
9.631238278178581e-55
3.7016619865169405e-55
1.4603214070256513e-55
5.913387030642602e-56
2.457870363138839e-56
1.0486130987997075e-56
4.5920272805413066e-57
2.0640783297960767e-57
9.523144825167415e-58
4.509903569778746e-58
2.192234693382968e-58
1.093805664787704e-58
5.60179601308073e-59
2.944757981847455e-59
1.5889466601565493e-59
8.800562444410883e-60
5.00334075733016e-60
2.9199182560806626e-60
1.7492959311959446e-60
1.0759015676380764e-60
6.79444827878723e-61
4.406517766211704e-61
2.9358208963045487e-61
2.0102662091329164e-61
1.4156365701052252e-61
1.0261739776758638e-61
7.666488700933544e-62
5.912513689099308e-62
4.716352337859236e-62
3.90032830243528e-62
3.352672071175198e-62
3.002028005932058e-62
2.8069375670401344e-62
2.7442937677403522e-62
2.8069375670401344e-62
3.002028005932058e-62
3.352672071175198e-62
3.90032830243528e-62
4.716352337859236e-62
5.912513689099308e-62
7.666488700933544e-62
1.0261739776758638e-61
1.4156365701052252e-61
2.0102662091329164e-61
2.9358208963045487e-61
4.406517766211704e-61
6.79444827878723e-61
1.0759015676380764e-60
1.7492959311959446e-60
2.9199182560806626e-60
5.00334075733016e-60
8.800562444410883e-60
1.5889466601565493e-59
2.944757981847455e-59
5.60179601308073e-59
1.093805664787704e-58
2.192234693382968e-58
4.509903569778746e-58
9.523144825167415e-58
2.0640783297960767e-57
4.5920272805413066e-57
1.0486130987997075e-56
2.457870363138839e-56
5.913387030642602e-56
1.4603214070256513e-55
3.7016619865169405e-55
9.631238278178581e-55
2.572195908411329e-54
7.05114187769124e-54
1.9840013659110712e-53
5.729834525944905e-53
1.6984358926053193e-52
5.167203544062688e-52
1.6134762377792086e-51
5.171142663568963e-51
1.7012287861324472e-50
5.745712139844641e-50
1.9924626931933336e-49
7.09497484433693e-49
2.5944116083244632e-48
9.741063514372998e-48
3.7543020843824157e-47
1.4846038422233571e-46
6.020181889865568e-46
2.5020450924331415e-45
1.0654110341503568e-44
4.648176525900191e-44
2.078814115437909e-43
9.540735304337987e-43
4.5004241403198695e-42
2.1857604946688497e-41
1.094780728402514e-40
5.660366011566933e-40
3.020751500108296e-39
1.6617317966125086e-38
9.39972380978936e-38
5.4498049885804536e-37
3.2273737937445495e-36
1.94586418414779e-35
1.1913637782973123e-34
7.395071173585968e-34
4.652140959671255e-33
2.969623216668345e-32
1.9294497243817817e-31
1.2827238862986784e-30
8.790542704352902e-30
6.265051153971083e-29
4.683691017073333e-28
3.6943002626358025e-27
3.077066662229612e-26
2.6942705800252786e-25
2.4593869236344585e-24
2.3179447119969136e-23
2.2356025881988553e-22
2.190688757193207e-21
2.169520248218171e-20
2.1634612746886385e-19
2.1670754640773727e-18
2.176971883778022e-17
2.1911000562355905e-16
2.208352134285929e-15
2.2284070889181176e-14
2.251824339531823e-13
2.280488915438447e-12
2.3186682057709448e-11
2.3752373778998773e-10
2.468214345070792e-09
5.5700122497350776e-08
7.307466767349623e-07
9.840343301173082e-06
0.0001360148314289306
0.0019297235508961366
0.028101968235158672

3.619302745316755e-62
2.2708313014285996e-53
2.98200981119046e-45
8.195916031844757e-38
4.71465772207803e-31
5.676322657832798e-25
1.4303694151770764e-19
7.54385952667158e-15
8.327280746942544e-11
1.9238759116209141e-07
9.30283125896262e-05
0.009414938041772413
0.19942703183052604
0.8841273408447089
0.8203701556202476
0.15931956824157026
0.006475788037468409
5.509096324129737e-05
9.80917184452314e-08
3.655514881337221e-11
2.851208688989129e-15
4.654507043114889e-20
1.5903130181874565e-25
1.1372495473200054e-31
1.7021317295883486e-38
5.332057187857545e-46
3.495913402848091e-54
4.797232530520811e-63
1.377796604539949e-72
8.282161341555718e-83
1.0419970737089612e-93
2.7438069281841514e-105
1.5121846794514508e-117
1.7442966849610496e-130
4.211144203980351e-144
2.1278651789837576e-158
2.2503617547292557e-173
4.981094776465388e-189
2.3076051975162294e-205
2.237496929504666e-222
4.540750337184871e-240
1.9286660513216715e-258
1.714552091993474e-277
3.190131381514754e-297
1.242312e-317
0.0
0.0
0.0
0.0
0.0
0.0
0.0
0.0
0.0
0.0
0.0
0.0
0.0
0.0
0.0
0.0
0.0
0.0
0.0
0.0
0.0
0.0
0.0
0.0
0.0
0.0
0.0
0.0
0.0
0.0
0.0
0.0
0.0
0.0
0.0
0.0
0.0
0.0
0.0
0.0
0.0
0.0
0.0
0.0
0.0
0.0
0.0
0.0
0.0
0.0
0.0
0.0
0.0
0.0
0.0
