0.09900319662550726
0.002043768210211061
5.2092740704858955e-05
1.6394037341375716e-06
6.370269079974243e-08
3.047931077541143e-09
1.8355112387000374e-10
1.3339807333298158e-11
1.195058856679733e-12
1.3308424919853103e-13
1.8348832274772885e-14
3.1207257031001426e-15
6.545397538801101e-16
1.6917835735569138e-16
5.3667906211172845e-17
2.0694089364319212e-17
9.53415223306793e-18
5.122612672811597e-18
3.1217272172707268e-18
2.0998721479734194e-18
1.5236240182660536e-18
1.170801697167353e-18
9.397786363840778e-19
7.80008194963289e-19
6.644765303866436e-19
5.778247998668119e-19
5.108430111032142e-19
4.577490668204546e-19
4.147661752270185e-19
3.7934114468730967e-19
3.496955354426245e-19
3.245577013368543e-19
3.029971916644008e-19
2.843192085402044e-19
2.679954609311424e-19
2.5361772995510164e-19
2.408659838931327e-19
2.294860390803251e-19
2.1927362069715057e-19
2.1006279966579265e-19
2.0171747617260524e-19
1.9412501950525485e-19
1.8719145736554627e-19
1.8083779424692205e-19
1.7499716320801008e-19
1.6961260018718158e-19
1.646352885314706e-19
1.6002316236445722e-19
1.5573978644190427e-19
1.5175345096370445e-19
1.480364349142451e-19
1.445644025762534e-19
1.413159060619942e-19
1.3827197283320573e-19
1.354157618010446e-19
1.327322751094789e-19
1.3020811539660075e-19
1.2783128040553494e-19
1.255909884313088e-19
1.234775293535882e-19
1.2148213700021825e-19
1.1959687937482056e-19
1.1781456390982906e-19
1.161286554095766e-19
1.145332047533299e-19
1.1302278675618763e-19
1.1159244585251823e-19
1.102376484845419e-19
1.0895424125747803e-19
1.0773841407002082e-19
1.0658666755079925e-19
1.0549578423271437e-19
1.0446280298143537e-19
1.0348499626493907e-19
1.025598499102481e-19
1.0168504504345073e-19
1.0085844195127704e-19
1.0007806563827537e-19
9.934209288404913e-20
9.864884063095709e-20
9.799675555487417e-20
9.73844046906472e-20
9.681046700026448e-20
9.627372578589109e-20
9.577306186215509e-20
9.530744741268495e-20
9.487594046514043e-20
9.447767992704609e-20
9.411188113180711e-20
9.377783185049896e-20
9.347488873050415e-20
9.3202474126925e-20
9.296007329702163e-20
9.274723193178631e-20
9.256355400223728e-20
9.240869990115558e-20
9.228238486384843e-20
9.218437765414713e-20
9.211449950427762e-20
9.20726232995132e-20
9.205867300066455e-20
9.20726232995132e-20
9.211449950427762e-20
9.218437765414713e-20
9.228238486384843e-20
9.240869990115558e-20
9.256355400223728e-20
9.274723193178631e-20
9.296007329702163e-20
9.3202474126925e-20
9.347488873050415e-20
9.377783185049896e-20
9.411188113180711e-20
9.447767992704609e-20
9.487594046514043e-20
9.530744741268495e-20
9.577306186215509e-20
9.627372578589109e-20
9.681046700026448e-20
9.73844046906472e-20
9.799675555487417e-20
9.864884063095709e-20
9.934209288404913e-20
1.0007806563827537e-19
1.0085844195127704e-19
1.0168504504345073e-19
1.025598499102481e-19
1.0348499626493907e-19
1.0446280298143537e-19
1.0549578423271437e-19
1.0658666755079925e-19
1.0773841407002082e-19
1.0895424125747803e-19
1.102376484845419e-19
1.1159244585251823e-19
1.1302278675618763e-19
1.145332047533299e-19
1.161286554095766e-19
1.1781456390982906e-19
1.1959687937482056e-19
1.2148213700021825e-19
1.234775293535882e-19
1.255909884313088e-19
1.2783128040553494e-19
1.3020811539660075e-19
1.327322751094789e-19
1.354157618010446e-19
1.3827197283320573e-19
1.413159060619942e-19
1.445644025762534e-19
1.480364349142451e-19
1.5175345096370445e-19
1.5573978644190427e-19
1.6002316236445722e-19
1.646352885314706e-19
1.6961260018718158e-19
1.7499716320801008e-19
1.8083779424692205e-19
1.8719145736554627e-19
1.9412501950525485e-19
2.0171747617260524e-19
2.1006279966579265e-19
2.1927362069715057e-19
2.294860390803251e-19
2.408659838931327e-19
2.5361772995510164e-19
2.679954609311424e-19
2.843192085402044e-19
3.029971916644008e-19
3.245577013368543e-19
3.496955354426245e-19
3.7934114468730967e-19
4.147661752270185e-19
4.577490668204546e-19
5.108430111032142e-19
5.778247998668119e-19
6.644765303866436e-19
7.80008194963289e-19
9.397786363840778e-19
1.170801697167353e-18
1.5236240182660536e-18
2.0998721479734194e-18
3.1217272172707268e-18
5.122612672811597e-18
9.53415223306793e-18
2.0694089364319212e-17
5.3667906211172845e-17
1.6917835735569138e-16
6.545397538801101e-16
3.1207257031001426e-15
1.8348832274772885e-14
1.3308424919853103e-13
1.195058856679733e-12
1.3339807333298158e-11
1.8355112387000374e-10
3.047931077541143e-09
6.370269079974243e-08
1.6394037341375716e-06
5.2092740704858955e-05
0.002043768210211061

3.735438310164792e-18
1.5451080786612156e-16
5.2663150956751885e-15
1.4790590049464414e-13
3.4229049685862e-12
6.527319425317173e-11
1.025665087502484e-09
1.328027175113511e-08
1.4168994558691557e-07
1.2456665069312463e-06
9.02391973550055e-06
5.386657249761591e-05
0.00026495623484507525
0.0010738895768438162
0.0035865409436608084
0.009870124740462607
0.022382066004024214
0.041822345479642344
0.06439427838692666
0.08169902218636152
0.08541165143725506
0.07357801408414727
0.052228756613894776
0.03054935142587638
0.014723972050214388
0.005847613454924417
0.0019136522106904593
0.0005160336810732213
0.00011466312351125291
2.09942406007676e-05
3.1674316672808636e-06
3.9377217196468884e-07
4.0337917207481624e-08
3.40496460553692e-09
2.368331087640005e-10
1.3573845825477247e-11
6.410532271379453e-13
2.4946863569392834e-14
7.999604121872094e-16
2.1137407566160148e-17
4.602201501570072e-19
8.256770635722119e-21
1.22063408678661e-22
1.4869331684823845e-24
1.4925472450272618e-26
1.2345122606103629e-28
8.413823748644025e-31
4.7252206735068465e-33
2.1866610188598616e-35
8.338184736291059e-38
2.6199454276079412e-40
6.783341160814297e-43
1.447190680528022e-45
2.5441255335392705e-48
3.685377657654906e-51
4.399022091653474e-54
4.326741704931548e-57
3.5066827653689467e-60
2.3418693919676644e-63
1.2887228958441563e-66
5.843689079925879e-70
2.183460498996604e-73
6.722553399529949e-77
1.7055084057722416e-80
3.5653662587273354e-84
6.141650781508955e-88
8.717596615569953e-92
1.0196217768070951e-95
9.826800018958795e-100
7.803974038527976e-104
5.106815834561869e-108
2.7536913418881696e-112
1.2235198067164414e-116
4.479581390587992e-121
1.3514330691185032e-125
3.3595594767108145e-130
6.881780382054703e-135
1.1615822474454315e-139
1.615584975191017e-144
1.8515708187931007e-149
1.7485639967533007e-154
1.3606719084224201e-159
8.724810196125702e-165
4.609875956300783e-170
2.0070268079116266e-175
7.200253546925337e-181
2.1284972261672594e-186
5.184764916258788e-192
1.0406764655372719e-197
1.721206903309068e-203
2.3457466653993497e-209
2.6342671636859433e-215
2.437638000818465e-221
1.8586999495115336e-227
1.167831122962458e-233
6.046185751576157e-240
2.5793697856093325e-246
9.067267188590966e-253
2.62645461739367e-259
6.268939390297712e-266
