1.559261178964523
0.07883954619641471
0.005438096736972064
0.0004913959140243368
5.984266528374654e-05
1.0520278934941823e-05
2.7788261820040686e-06
1.0556461622513283e-06
5.254252112074051e-07
3.145146111835154e-07
2.1318063485463812e-07
1.5728244240957509e-07
1.231255575027341e-07
1.005792591627544e-07
8.478904049438282e-08
7.320750371942066e-08
6.439575696155332e-08
5.7490356902197644e-08
5.194646279807275e-08
4.740545985762594e-08
4.362271594649174e-08
4.042617288264757e-08
3.769158350327899e-08
3.532714626784954e-08
3.3263657585458253e-08
3.144801783878365e-08
2.983883926013166e-08
2.8403407588771884e-08
2.7115537294271267e-08
2.595402973979671e-08
2.4901546804914556e-08
2.394377317862927e-08
2.3068790430970425e-08
2.2266596425425537e-08
2.152873703062946e-08
2.084801904128978e-08
2.021828449510363e-08
1.9634231641303593e-08
1.9091271717470648e-08
1.8585413471373024e-08
1.8113169369725616e-08
1.7671478898181584e-08
1.7257645434654567e-08
1.6869283980201533e-08
1.6504277634185577e-08
1.6160741156905533e-08
1.5836990311544222e-08
1.553151594566668e-08
1.5242961980588064e-08
1.4970106639387514e-08
1.4711846372006203e-08
1.4467182036811402e-08
1.4235206978296739e-08
1.401509670480773e-08
1.3806099921822567e-08
1.3607530718056462e-08
1.3418761735557536e-08
1.3239218182623111e-08
1.306837257103704e-08
1.2905740077789633e-08
1.2750874446865422e-08
1.260336435948084e-08
1.2462830211812663e-08
1.2328921248166999e-08
1.220131300501185e-08
1.2079705027585707e-08
1.1963818826105298e-08
1.1853396043093523e-08
1.1748196807169906e-08
1.1647998251901683e-08
1.1552593181095615e-08
1.1461788864293959e-08
1.1375405948285624e-08
1.1293277472207019e-08
1.1215247975329819e-08
1.1141172687950773e-08
1.1070916796942388e-08
1.100435477851788e-08
1.0941369791630753e-08
1.0881853126187075e-08
1.0825703700911954e-08
1.0772827606294085e-08
1.0723137688544715e-08
1.0676553170959313e-08
1.0632999309469575e-08
1.0592407079527684e-08
1.0554712891779145e-08
1.0519858334260865e-08
1.0487789939111662e-08
1.0458458972006821e-08
1.0431821242730228e-08
1.0407836935479953e-08
1.0386470457668268e-08
1.0367690306127596e-08
1.0351468949771486e-08
1.0337782727886311e-08
1.0326611763346776e-08
1.031793989015739e-08
1.0311754594824911e-08
1.0308046971163773e-08
1.0306811688229394e-08
1.0308046971163773e-08
1.0311754594824911e-08
1.031793989015739e-08
1.0326611763346776e-08
1.0337782727886311e-08
1.0351468949771486e-08
1.0367690306127596e-08
1.0386470457668268e-08
1.0407836935479953e-08
1.0431821242730228e-08
1.0458458972006821e-08
1.0487789939111662e-08
1.0519858334260865e-08
1.0554712891779145e-08
1.0592407079527684e-08
1.0632999309469575e-08
1.0676553170959313e-08
1.0723137688544715e-08
1.0772827606294085e-08
1.0825703700911954e-08
1.0881853126187075e-08
1.0941369791630753e-08
1.100435477851788e-08
1.1070916796942388e-08
1.1141172687950773e-08
1.1215247975329819e-08
1.1293277472207019e-08
1.1375405948285624e-08
1.1461788864293959e-08
1.1552593181095615e-08
1.1647998251901683e-08
1.1748196807169906e-08
1.1853396043093523e-08
1.1963818826105298e-08
1.2079705027585707e-08
1.220131300501185e-08
1.2328921248166999e-08
1.2462830211812663e-08
1.260336435948084e-08
1.2750874446865422e-08
1.2905740077789633e-08
1.306837257103704e-08
1.3239218182623111e-08
1.3418761735557536e-08
1.3607530718056462e-08
1.3806099921822567e-08
1.401509670480773e-08
1.4235206978296739e-08
1.4467182036811402e-08
1.4711846372006203e-08
1.4970106639387514e-08
1.5242961980588064e-08
1.553151594566668e-08
1.5836990311544222e-08
1.6160741156905533e-08
1.6504277634185577e-08
1.6869283980201533e-08
1.7257645434654567e-08
1.7671478898181584e-08
1.8113169369725616e-08
1.8585413471373024e-08
1.9091271717470648e-08
1.9634231641303593e-08
2.021828449510363e-08
2.084801904128978e-08
2.152873703062946e-08
2.2266596425425537e-08
2.3068790430970425e-08
2.394377317862927e-08
2.4901546804914556e-08
2.595402973979671e-08
2.7115537294271267e-08
2.8403407588771884e-08
2.983883926013166e-08
3.144801783878365e-08
3.3263657585458253e-08
3.532714626784954e-08
3.769158350327899e-08
4.042617288264757e-08
4.362271594649174e-08
4.740545985762594e-08
5.194646279807275e-08
5.7490356902197644e-08
6.439575696155332e-08
7.320750371942066e-08
8.478904049438282e-08
1.005792591627544e-07
1.231255575027341e-07
1.5728244240957509e-07
2.1318063485463812e-07
3.145146111835154e-07
5.254252112074051e-07
1.0556461622513283e-06
2.7788261820040686e-06
1.0520278934941823e-05
5.984266528374654e-05
0.0004913959140243368
0.005438096736972064
0.07883954619641471

4.705228290536811e-07
2.5910460356858715e-06
1.2729773860543266e-05
5.5816804421667e-05
0.0002185250311003716
0.0007644243068446392
0.0023939504664218145
0.006766367828556393
0.017756139515210385
0.04586809897609612
0.12058156047079939
0.29833619409750145
0.608203415540228
0.9387936890253255
1.082759068746236
0.9894314641873758
0.8146306475983984
0.6838307585633077
0.5900302717099859
0.4919176913072034
0.38050967076641823
0.2694625132108308
0.17402938667016213
0.10229437139327867
0.05462661206900352
0.02645825981510195
0.011606323964504145
0.004605556241848776
0.0016516042407268186
0.0005348641722306767
0.00015633338052845
4.122418973873997e-05
9.80429323306717e-06
2.102584738810814e-06
4.0653770244123425e-07
7.086230485171849e-08
1.113442902194312e-08
1.5770291634173483e-09
2.0133445576424244e-10
2.3168347367858216e-11
2.40306478045983e-12
2.2466022078839828e-13
1.8931071474321887e-14
1.4378425132604884e-15
9.843143950735429e-17
6.073545874156652e-18
3.377820051124453e-19
1.6932312378293792e-20
7.650353829803839e-22
3.115531972411106e-23
1.1435846527348049e-24
3.7834659117982586e-26
1.1282276164158396e-27
3.0324176528922003e-29
7.346266745078461e-31
1.6040937894743648e-32
3.157026350290461e-34
5.6003096634126094e-36
8.954292183447952e-38
1.2904342065290444e-39
1.6762000798250374e-41
1.9624618930650936e-43
2.07091366060341e-45
1.9697365266157728e-47
1.6886500966115961e-49
1.3048379671759829e-51
9.087802618655739e-54
5.704880764698583e-56
3.2278968118464635e-58
1.64618294931242e-60
7.566968748460479e-63
3.135098329927146e-65
1.170754344702432e-67
3.940631046878938e-70
1.195504337938145e-72
3.2690527089835297e-75
8.0570874026252025e-78
1.7898622637978135e-80
3.583822847030688e-83
6.467833640855749e-86
1.052098818974677e-88
1.542551279679927e-91
2.0384875941612717e-94
2.428074009613679e-97
2.6067606276545297e-100
2.522468609832323e-103
2.200066323119759e-106
1.7295421922087567e-109
1.2254961015545733e-112
7.826689269996289e-116
4.505361414000949e-119
2.337580433905879e-122
1.0931729500573824e-125
4.60783134991514e-129
1.7506110228803818e-132
5.994709293283497e-136
1.8502566808476365e-139
5.14732060904806e-143
1.290671866813845e-146
2.9169961282824867e-150
