0.6548305181979175
0.07141723524012433
0.007834437416359499
0.0008644567265705252
9.594213101304314e-05
1.0710410667589079e-05
1.2026341892639024e-06
1.358287272311258e-07
1.5430513336912888e-08
8.395081744723371e-10
8.320695573825314e-11
8.248744234321877e-12
8.180219406973266e-13
8.116691659025132e-14
8.060646068152921e-15
8.016012453832778e-16
7.989003056673692e-17
7.989435935333814e-18
8.032825717924767e-19
8.143686648232801e-20
8.360750859840292e-21
8.745212397667938e-22
9.393751426486305e-23
1.0459110354473186e-23
1.2182600749699176e-24
1.494545896174954e-25
1.9349979620441057e-26
2.6347693319183815e-27
3.744186643027475e-28
5.500741775590831e-29
8.279633461208284e-30
1.2673614773538011e-30
1.9619139129167736e-31
3.059565037715933e-32
4.794042860966584e-33
7.53459951511745e-34
1.186459312555006e-34
1.870563433956025e-35
2.951371758253144e-36
4.658907644020101e-37
7.356570461353341e-38
1.1618471918905941e-38
1.8351614852021303e-39
2.898891579847611e-40
4.579414923619806e-41
7.234370986911022e-42
1.142877187674058e-42
1.805524476400799e-43
2.8523995468299234e-44
4.5062920301768487e-45
7.119173464368662e-46
1.1247102055198268e-46
1.776856037790891e-47
2.807141051586772e-48
4.434825459940121e-49
7.006306047473088e-50
1.1068836332923637e-50
1.748699440921247e-51
2.7626687522669394e-52
4.364585888580048e-53
6.89537779751051e-54
1.0893669004495465e-54
1.7210432392326836e-55
2.7190140550839973e-56
4.2957002999528624e-57
6.786727831489789e-58
1.0722408056938781e-58
1.694071525885984e-59
2.6765880549297306e-60
4.229077740241524e-61
6.6823560386820285e-62
1.0559440715074401e-62
1.6687451268150336e-63
2.6374928160521068e-64
4.1693139174110826e-65
6.592305353289776e-66
1.042670675602816e-66
1.649855945677735e-67
2.6121927809934784e-68
4.139258277597381e-69
6.566464282816283e-70
1.043312435427456e-70
1.6611823586715254e-71
2.652597953723088e-72
4.2522318711207115e-73
6.852212158759698e-74
1.111871548777292e-74
1.8206086900178727e-75
3.016043008058158e-76
5.0699793538698144e-77
8.675797692989093e-78
1.516029053278953e-78
2.712462607960673e-79
4.9780718721739396e-80
9.376921239949552e-81
1.8115423241663327e-81
3.582631346790746e-82
7.233785516524044e-83
1.4891134902495132e-83
3.2364215301936777e-84
1.306022705564737e-84
3.2364215301936777e-84
1.4891134902495132e-83
7.233785516524044e-83
3.582631346790746e-82
1.8115423241663327e-81
9.376921239949552e-81
4.9780718721739396e-80
2.712462607960673e-79
1.516029053278953e-78
8.675797692989093e-78
5.0699793538698144e-77
3.016043008058158e-76
1.8206086900178727e-75
1.111871548777292e-74
6.852212158759698e-74
4.2522318711207115e-73
2.652597953723088e-72
1.6611823586715254e-71
1.043312435427456e-70
6.566464282816283e-70
4.139258277597381e-69
2.6121927809934784e-68
1.649855945677735e-67
1.042670675602816e-66
6.592305353289776e-66
4.1693139174110826e-65
2.6374928160521068e-64
1.6687451268150336e-63
1.0559440715074401e-62
6.6823560386820285e-62
4.229077740241524e-61
2.6765880549297306e-60
1.694071525885984e-59
1.0722408056938781e-58
6.786727831489789e-58
4.2957002999528624e-57
2.7190140550839973e-56
1.7210432392326836e-55
1.0893669004495465e-54
6.89537779751051e-54
4.364585888580048e-53
2.7626687522669394e-52
1.748699440921247e-51
1.1068836332923637e-50
7.006306047473088e-50
4.434825459940121e-49
2.807141051586772e-48
1.776856037790891e-47
1.1247102055198268e-46
7.119173464368662e-46
4.5062920301768487e-45
2.8523995468299234e-44
1.805524476400799e-43
1.142877187674058e-42
7.234370986911022e-42
4.579414923619806e-41
2.898891579847611e-40
1.8351614852021303e-39
1.1618471918905941e-38
7.356570461353341e-38
4.658907644020101e-37
2.951371758253144e-36
1.870563433956025e-35
1.186459312555006e-34
7.53459951511745e-34
4.794042860966584e-33
3.059565037715933e-32
1.9619139129167736e-31
1.2673614773538011e-30
8.279633461208284e-30
5.500741775590831e-29
3.744186643027475e-28
2.6347693319183815e-27
1.9349979620441057e-26
1.494545896174954e-25
1.2182600749699176e-24
1.0459110354473186e-23
9.393751426486305e-23
8.745212397667938e-22
8.360750859840292e-21
8.143686648232801e-20
8.032825717924767e-19
7.989435935333814e-18
7.989003056673692e-17
8.016012453832778e-16
8.060646068152921e-15
8.116691659025132e-14
8.180219406973266e-13
8.248744234321877e-12
8.320695573825314e-11
8.395081744723371e-10
1.5430513336912888e-08
1.358287272311258e-07
1.2026341892639024e-06
1.0710410667589079e-05
9.594213101304314e-05
0.0008644567265705252
0.007834437416359499
0.07141723524012433

1.2094138905200026e-183
9.30562988109656e-152
6.503699047651697e-123
4.1287533265927254e-97
2.3807910180848506e-74
1.2470028697139209e-54
5.932769413164754e-38
2.563842391028561e-24
1.0063962677620048e-13
3.58831491073524e-06
0.11621332329811956
3.4187325763609677
0.09135202495620995
2.2172520524082526e-06
4.88827681434281e-14
9.789045690916382e-25
1.7806097973888886e-38
2.941988700579241e-55
4.4152681126035455e-75
6.018898226469585e-98
7.452822151736121e-124
8.382399480147918e-153
8.56366735523799e-185
7.946850870499208e-220
6.6984477751808335e-258
5.128579911888461e-299
0.0
0.0
0.0
0.0
0.0
0.0
0.0
0.0
0.0
0.0
0.0
0.0
0.0
0.0
0.0
0.0
0.0
0.0
0.0
0.0
0.0
0.0
0.0
0.0
0.0
0.0
0.0
0.0
0.0
0.0
0.0
0.0
0.0
0.0
0.0
0.0
0.0
0.0
0.0
0.0
0.0
0.0
0.0
0.0
0.0
0.0
0.0
0.0
0.0
0.0
0.0
0.0
0.0
0.0
0.0
0.0
0.0
0.0
0.0
0.0
0.0
0.0
0.0
0.0
0.0
0.0
0.0
0.0
0.0
0.0
0.0
0.0
0.0
0.0
