1.3748895423406864
0.5407051084862555
0.32628247001313637
0.2326505061059585
0.17988623462924014
0.1461108729646125
0.12276926315044556
0.10576157774934491
0.09286908603249994
0.08278907800306343
0.07470929681633952
0.06809885738027624
0.06259720496919954
0.05795149419568149
0.053979519519005384
0.05054686558575742
0.04755232859427576
0.04491833291988328
0.04258446449490108
0.040503005221585016
0.03863578502282336
0.036951921356690676
0.03542616872456173
0.03403769522307518
0.03276916308820592
0.03160602895481604
0.03053600514845216
0.029548640521971748
0.028634991093464318
0.02778735888415291
0.026999083079314055
0.026264371712112936
0.025578165008910178
0.02493602367672599
0.024334036991510134
0.023768746719721835
0.023237083787053185
0.0227363152755944
0.022263999840383575
0.02181795002843679
0.021396200287308934
0.02099697968745994
0.02061868856905969
0.020259878471176385
0.019919234818428014
0.019595561933841193
0.01928777002196
0.01899486382709141
0.01871593272097761
0.018450142014487365
0.018196725320943005
0.017954977825874973
0.017724250340451705
0.017503944034459477
0.01729350576021763
0.0170924238917765
0.016900224614615027
0.01671646861020161
0.016540748087501996
0.016372684120055995
0.016211924252797077
0.016058140347518714
0.015911026639931047
0.0157702979847117
0.015635688267925885
0.015506948968749117
0.015383847854633606
0.015266167795969428
0.015153705687947813
0.015046271468773277
0.014943687224625062
0.014845786372862772
0.014752412915928314
0.014663420759235378
0.014578673087074641
0.014498041791211417
0.014421406947424503
0.014348656335740064
0.01427968500056194
0.014214394847296325
0.014152694272421407
0.014094497824266616
0.014039725892046223
0.013988304420942527
0.013940164651258413
0.013895242879860666
0.01385348024231689
0.013814822514292831
0.013779219930924973
0.013746627023018074
0.013717002469039733
0.013690308961995955
0.013666513090374746
0.01364558523243887
0.013627499463236948
0.013612233473783125
0.013599768501931923
0.01359008927454653
0.0135831839606266
0.013579044135126525
0.013577664753257423
0.013579044135126525
0.0135831839606266
0.01359008927454653
0.013599768501931923
0.013612233473783125
0.013627499463236948
0.01364558523243887
0.013666513090374746
0.013690308961995955
0.013717002469039733
0.013746627023018074
0.013779219930924973
0.013814822514292831
0.01385348024231689
0.013895242879860666
0.013940164651258413
0.013988304420942527
0.014039725892046223
0.014094497824266616
0.014152694272421407
0.014214394847296325
0.01427968500056194
0.014348656335740064
0.014421406947424503
0.014498041791211417
0.014578673087074641
0.014663420759235378
0.014752412915928314
0.014845786372862772
0.014943687224625062
0.015046271468773277
0.015153705687947813
0.015266167795969428
0.015383847854633606
0.015506948968749117
0.015635688267925885
0.0157702979847117
0.015911026639931047
0.016058140347518714
0.016211924252797077
0.016372684120055995
0.016540748087501996
0.01671646861020161
0.016900224614615027
0.0170924238917765
0.01729350576021763
0.017503944034459477
0.017724250340451705
0.017954977825874973
0.018196725320943005
0.018450142014487365
0.01871593272097761
0.01899486382709141
0.01928777002196
0.019595561933841193
0.019919234818428014
0.020259878471176385
0.02061868856905969
0.02099697968745994
0.021396200287308934
0.02181795002843679
0.022263999840383575
0.0227363152755944
0.023237083787053185
0.023768746719721835
0.024334036991510134
0.02493602367672599
0.025578165008910178
0.026264371712112936
0.026999083079314055
0.02778735888415291
0.028634991093464318
0.029548640521971748
0.03053600514845216
0.03160602895481604
0.03276916308820592
0.03403769522307518
0.03542616872456173
0.036951921356690676
0.03863578502282336
0.040503005221585016
0.04258446449490108
0.04491833291988328
0.04755232859427576
0.05054686558575742
0.053979519519005384
0.05795149419568149
0.06259720496919954
0.06809885738027624
0.07470929681633952
0.08278907800306343
0.09286908603249994
0.10576157774934491
0.12276926315044556
0.1461108729646125
0.17988623462924014
0.2326505061059585
0.32628247001313637
0.5407051084862555

0.6732403857019805
0.7504311992137623
0.7384047059371868
0.6526525734106043
0.5339068062545732
0.4244003144795272
0.350388493339505
0.3185172698594656
0.32083033526113414
0.34120889120202613
0.3609418983988142
0.36405427265438944
0.3419801638361046
0.2956817820170816
0.23397640090466124
0.16899463208701476
0.11126898522033363
0.0667444050158702
0.036464656679699045
0.0181421143216589
0.00821929922915314
0.003390781985212205
0.0012737289119809972
0.00043567567546378745
0.00013569299013752107
3.848209022689655e-05
9.937261670159234e-06
2.3365844519761274e-06
5.002681489367824e-07
9.75283337092829e-08
1.7312720589940065e-08
2.7983780954332796e-09
4.11864175996012e-10
5.519607499651627e-11
6.735485789565012e-12
7.484041768288811e-13
7.571989989341838e-14
6.97574199865639e-15
5.851636471304129e-16
4.4696222101281774e-17
3.1086429617084524e-18
1.9686903970620303e-19
1.1352474915977958e-20
5.960877940396141e-22
2.849944856015401e-23
1.2407070061881423e-24
4.9182269174646093e-26
1.775229229305063e-27
5.834543303542038e-29
1.746086863193003e-30
4.7580759731625143e-32
1.1806018228757156e-33
2.6673627172056893e-35
5.48740801920878e-37
1.0279192057308646e-38
1.7533041362747062e-40
2.7230905567550887e-42
3.8509994867822236e-44
4.958968930287835e-46
5.814546710673536e-48
6.207931127423098e-50
6.035099940334057e-52
5.34230393719981e-54
4.306051985040537e-56
3.1603595498435724e-58
2.1120309124239927e-60
1.2851996427730588e-62
7.1211063509920455e-65
3.592782258043256e-67
1.6505203104331588e-69
6.904264143642177e-72
2.6297863908584583e-74
9.12074048419004e-77
2.880356701626203e-79
8.282644070490862e-82
2.1686939791366697e-84
5.170518526126563e-87
1.122474473206538e-89
2.218836992705429e-92
3.993749971364824e-95
6.54550104912058e-98
9.76813090654593e-101
1.3273534878709216e-103
1.6423596608327252e-106
1.850361116141196e-109
1.8982406414876607e-112
1.7731790491118703e-115
1.5082053083499961e-118
1.1680861880047025e-121
8.237508243418949e-125
5.289606744752691e-128
3.0928400392992156e-131
1.6466378055805478e-134
7.982616315916565e-138
3.523700422286181e-141
1.4163130326233769e-144
5.1835354657951036e-148
1.7274259804933075e-151
5.241787004392313e-155
1.4483243834368112e-158
