0.09868594883876738
0.004554889325139331
0.0003067271876708475
3.0129690084248228e-05
4.311150039308354e-06
8.924678042206686e-07
2.6160126126271175e-07
1.03821099887151e-07
5.23795785661713e-08
3.147749391325401e-08
2.1372174595712254e-08
1.5791926960940495e-08
1.2379554216509009e-08
1.012528074967757e-08
8.545015982444028e-09
7.384793065027652e-09
6.50117505358849e-09
5.808075210379508e-09
5.251151060303215e-09
4.7946151647716746e-09
4.414039632115337e-09
4.092232097238123e-09
3.8167691939859995e-09
3.578465656326077e-09
3.3703927987642956e-09
3.1872309754608495e-09
3.0248314134021096e-09
2.8799129495082154e-09
2.7498478472539545e-09
2.6325077462594237e-09
2.5261510219018917e-09
2.4293391821171203e-09
2.3408739637381262e-09
2.2597494087881054e-09
2.1851149324526033e-09
2.116246559574905e-09
2.052524303359704e-09
1.9934142131261202e-09
1.9384540072858665e-09
1.8872414852923253e-09
1.8394251125746893e-09
1.7946963185871364e-09
1.7527831558272632e-09
1.713445047878533e-09
1.6764684147914696e-09
1.6416630097885311e-09
1.6088588361733557e-09
1.577903540193897e-09
1.5486601964481567e-09
1.5210054186953808e-09
1.4948277417278686e-09
1.4700262300763549e-09
1.4465092773715921e-09
1.4241935666250251e-09
1.4030031668716034e-09
1.382868745805689e-09
1.3637268814431576e-09
1.3455194586195507e-09
1.3281931384104865e-09
1.3116988904346834e-09
1.2959915795492031e-09
1.281029599732296e-09
1.2667745490202947e-09
1.2531909402604801e-09
1.2402459431931137e-09
1.2279091540082473e-09
1.2161523890569648e-09
1.2049494998491672e-09
1.1942762068544203e-09
1.1841099499499867e-09
1.1744297536401148e-09
1.1652161054105653e-09
1.1564508457884607e-09
1.1481170688550951e-09
1.1401990321126818e-09
1.132682074738743e-09
1.1255525433770292e-09
1.1187977247140726e-09
1.1124057841778005e-09
1.10636571017101e-09
1.1006672633193475e-09
1.0953009302721382e-09
1.0902578816460815e-09
1.0855299337473703e-09
1.081109513748076e-09
1.076989628028361e-09
1.0731638334277824e-09
1.0696262111772344e-09
1.0663713433083515e-09
1.0633942913598228e-09
1.0606905772204546e-09
1.058256165967214e-09
1.0560874505731402e-09
1.0541812383752211e-09
1.0525347392061969e-09
1.0511455551070618e-09
1.0500116715488562e-09
1.049131450103382e-09
1.0485036225128432e-09
1.048127286118212e-09
1.0480019006155077e-09
1.048127286118212e-09
1.0485036225128432e-09
1.049131450103382e-09
1.0500116715488562e-09
1.0511455551070618e-09
1.0525347392061969e-09
1.0541812383752211e-09
1.0560874505731402e-09
1.058256165967214e-09
1.0606905772204546e-09
1.0633942913598228e-09
1.0663713433083515e-09
1.0696262111772344e-09
1.0731638334277824e-09
1.076989628028361e-09
1.081109513748076e-09
1.0855299337473703e-09
1.0902578816460815e-09
1.0953009302721382e-09
1.1006672633193475e-09
1.10636571017101e-09
1.1124057841778005e-09
1.1187977247140726e-09
1.1255525433770292e-09
1.132682074738743e-09
1.1401990321126818e-09
1.1481170688550951e-09
1.1564508457884607e-09
1.1652161054105653e-09
1.1744297536401148e-09
1.1841099499499867e-09
1.1942762068544203e-09
1.2049494998491672e-09
1.2161523890569648e-09
1.2279091540082473e-09
1.2402459431931137e-09
1.2531909402604801e-09
1.2667745490202947e-09
1.281029599732296e-09
1.2959915795492031e-09
1.3116988904346834e-09
1.3281931384104865e-09
1.3455194586195507e-09
1.3637268814431576e-09
1.382868745805689e-09
1.4030031668716034e-09
1.4241935666250251e-09
1.4465092773715921e-09
1.4700262300763549e-09
1.4948277417278686e-09
1.5210054186953808e-09
1.5486601964481567e-09
1.577903540193897e-09
1.6088588361733557e-09
1.6416630097885311e-09
1.6764684147914696e-09
1.713445047878533e-09
1.7527831558272632e-09
1.7946963185871364e-09
1.8394251125746893e-09
1.8872414852923253e-09
1.9384540072858665e-09
1.9934142131261202e-09
2.052524303359704e-09
2.116246559574905e-09
2.1851149324526033e-09
2.2597494087881054e-09
2.3408739637381262e-09
2.4293391821171203e-09
2.5261510219018917e-09
2.6325077462594237e-09
2.7498478472539545e-09
2.8799129495082154e-09
3.0248314134021096e-09
3.1872309754608495e-09
3.3703927987642956e-09
3.578465656326077e-09
3.8167691939859995e-09
4.092232097238123e-09
4.414039632115337e-09
4.7946151647716746e-09
5.251151060303215e-09
5.808075210379508e-09
6.50117505358849e-09
7.384793065027652e-09
8.545015982444028e-09
1.012528074967757e-08
1.2379554216509009e-08
1.5791926960940495e-08
2.1372174595712254e-08
3.147749391325401e-08
5.23795785661713e-08
1.03821099887151e-07
2.6160126126271175e-07
8.924678042206686e-07
4.311150039308354e-06
3.0129690084248228e-05
0.0003067271876708475
0.004554889325139331

4.788684177996727e-08
2.5999952032114206e-07
1.267095121708456e-06
5.5427617591633405e-06
2.1763238730857648e-05
7.670102382403709e-05
0.00024263816730535784
0.0006889653711363139
0.0017559655517283097
0.004017120973784716
0.008248864129920597
0.015203854714720178
0.025153220184716853
0.03735199433837427
0.04978681207183454
0.059565550939917986
0.0639670508623274
0.06165918994155407
0.05334818175189079
0.041430650324117115
0.028880466200846635
0.01807036686266126
0.010148691726765446
0.005116034597333685
0.002314926495692063
0.0009402021925405227
0.0003427564487187601
0.0001121580190913203
3.294240840181218e-05
8.684817259479045e-06
2.055163335179201e-06
4.3652821839544183e-07
8.322592360768549e-08
1.424246775732687e-08
2.1877222681647864e-09
3.0163341476931e-10
3.732905838074831e-11
4.1466267052250335e-12
4.1345016208443697e-13
3.700255507202566e-14
2.972491228708166e-15
2.1433335929424996e-16
1.3872006409456441e-17
8.058776507372908e-19
4.2022246270415567e-20
1.9668431900582195e-21
8.263052844480445e-23
3.1159583567824294e-24
1.054685755664777e-25
3.2043123023304763e-27
8.738299276991245e-29
2.13894350173782e-30
4.6995040982545004e-32
9.26797968270134e-34
1.6405838589688925e-35
2.6067063906616044e-37
3.7176296216637354e-39
4.759051933183236e-41
5.468334708046885e-43
5.6398824890448e-45
5.221140044274736e-47
4.33851347038354e-49
3.235913315513861e-51
2.1663724743329625e-53
1.3018162841415e-55
7.021769863287968e-58
3.399568560176948e-60
1.4773429968015954e-62
5.76260951983867e-65
2.017610678812026e-67
6.340680415633113e-70
1.788605993627624e-72
4.52870279400905e-75
1.0292319974784267e-77
2.099583057758638e-80
3.844440651118484e-83
6.318494080702312e-86
9.321253647722713e-89
1.2342848264767367e-91
1.4670225010275494e-94
1.5650869887363089e-97
1.4987200170922552e-100
1.288198697337654e-103
9.938607152616031e-107
6.882536355020584e-110
4.2781087949652897e-113
2.386906770454668e-116
1.1953618986769865e-119
5.373332091383426e-123
2.1680449231809746e-126
7.851871656318621e-130
2.552456964871238e-133
7.447731060367475e-137
1.9506073843374065e-140
4.5855988851539316e-144
9.67614980049912e-148
1.832691747626131e-151
3.1157068296820507e-155
4.754491433307679e-159
6.512262126325006e-163
