0.38398543831025317
0.12978958192252332
0.05745084305252159
0.03130946820310902
0.01982411727308435
0.013939199331534792
0.010545198055807318
0.008402721195395714
0.006953286574662093
0.005918635494250995
0.005148229927175169
0.004554918467968991
0.004085331566376605
0.003705216531651614
0.003391702692804248
0.0031289965399412282
0.0029058722578737036
0.0027141488892678065
0.0025477332279262538
0.002401999446780572
0.0022733758850440188
0.00215906307352641
0.002056837108142585
0.001964909848518398
0.0018818277615493474
0.0018063975555189452
0.0017376307136863008
0.0016747015745732154
0.0016169152648542065
0.001563682894774709
0.0015145021734303955
0.0014689421152035613
0.001426630867238735
0.0013872459414040988
0.0013505063157403518
0.0013161660019168342
0.001284008771528406
0.0012538438053213761
0.0012255020826585292
0.001198833368644324
0.0011737036868180244
0.0011499931886795095
0.0011275943493424857
0.0011064104326271368
0.0010863541798756943
0.0010673466854170183
0.0010493164284557993
0.001032198436621984
0.0010159335607923391
0.0010004678443222446
0.0009857519726812888
0.0009717407918096116
0.0009583928854110887
0.0009456702029585922
0.0009335377314719816
0.000921963205193479
0.0009109168481692045
0.0009003711454830622
0.0008903006395063548
0.0008806817480449178
0.0008714926017023627
0.0008627128981473105
0.0008543237712856043
0.000846307673604793
0.0008386482701852963
0.0008313303430669236
0.0008243397048259845
0.0008176631203614655
0.0008112882360121922
0.0008052035152335693
0.0007993981801548752
0.0007938621584182952
0.0007885860347706648
0.0007835610069397398
0.0007787788453799979
0.0007742318565195442
0.0007699128491805605
0.0007658151038816922
0.0007619323447624277
0.0007582587138975019
0.0007547887477940974
0.0007515173558865686
0.0007484398008629046
0.0007455516806745138
0.00074284891209641
0.0007403277157187415
0.0007379846022630347
0.0007358163601277033
0.0007338200440774471
0.0007319929650002802
0.0007303326806641939
0.0007288369874129818
0.0007275039127476415
0.000726331708746073
0.0007253188462796259
0.0007244640099904398
0.0007237660939985614
0.0007232241983125454
0.0007228376259217113
0.0007226058805524761
0.0007225286650752698
0.0007226058805524761
0.0007228376259217113
0.0007232241983125454
0.0007237660939985614
0.0007244640099904398
0.0007253188462796259
0.000726331708746073
0.0007275039127476415
0.0007288369874129818
0.0007303326806641939
0.0007319929650002802
0.0007338200440774471
0.0007358163601277033
0.0007379846022630347
0.0007403277157187415
0.00074284891209641
0.0007455516806745138
0.0007484398008629046
0.0007515173558865686
0.0007547887477940974
0.0007582587138975019
0.0007619323447624277
0.0007658151038816922
0.0007699128491805605
0.0007742318565195442
0.0007787788453799979
0.0007835610069397398
0.0007885860347706648
0.0007938621584182952
0.0007993981801548752
0.0008052035152335693
0.0008112882360121922
0.0008176631203614655
0.0008243397048259845
0.0008313303430669236
0.0008386482701852963
0.000846307673604793
0.0008543237712856043
0.0008627128981473105
0.0008714926017023627
0.0008806817480449178
0.0008903006395063548
0.0009003711454830622
0.0009109168481692045
0.000921963205193479
0.0009335377314719816
0.0009456702029585922
0.0009583928854110887
0.0009717407918096116
0.0009857519726812888
0.0010004678443222446
0.0010159335607923391
0.001032198436621984
0.0010493164284557993
0.0010673466854170183
0.0010863541798756943
0.0011064104326271368
0.0011275943493424857
0.0011499931886795095
0.0011737036868180244
0.001198833368644324
0.0012255020826585292
0.0012538438053213761
0.001284008771528406
0.0013161660019168342
0.0013505063157403518
0.0013872459414040988
0.001426630867238735
0.0014689421152035613
0.0015145021734303955
0.001563682894774709
0.0016169152648542065
0.0016747015745732154
0.0017376307136863008
0.0018063975555189452
0.0018818277615493474
0.001964909848518398
0.002056837108142585
0.00215906307352641
0.0022733758850440188
0.002401999446780572
0.0025477332279262538
0.0027141488892678065
0.0029058722578737036
0.0031289965399412282
0.003391702692804248
0.003705216531651614
0.004085331566376605
0.004554918467968991
0.005148229927175169
0.005918635494250995
0.006953286574662093
0.008402721195395714
0.010545198055807318
0.013939199331534792
0.01982411727308435
0.03130946820310902
0.05745084305252159
0.12978958192252332

0.03493262664175131
0.06473849323508524
0.10717353219927782
0.15849155037718415
0.20937185236282627
0.24707231771146074
0.260449480390217
0.2452542339989565
0.2063018603085785
0.15501844886980648
0.10405363154280654
0.06239139688981924
0.03341841044175134
0.01598970606810867
0.006834217313025707
0.002609340171691919
0.0008899512733923833
0.00027114110985658924
7.379350220329948e-05
1.7940497714396648e-05
3.8962289108132805e-06
7.558716452172239e-07
1.3099214561791226e-07
2.0278511332331543e-08
2.8042743266179016e-09
3.464164720079596e-10
3.8226997229243664e-11
3.768213038508084e-12
3.3181370744966715e-13
2.610037880049512e-14
1.8339728831087134e-15
1.151151865817561e-16
6.454549648761311e-18
3.2329045467045787e-19
1.4464833216928004e-20
5.781327756340001e-22
2.0641220067543143e-23
6.583195451993731e-25
1.8755633887818308e-26
4.7733178693692085e-28
1.0851819916411069e-29
2.2038316315693577e-31
3.998046661504563e-33
6.479043816767294e-35
9.379238679609392e-37
1.212880100597062e-38
1.4010762328010233e-40
1.4457702150282078e-42
1.332693848433961e-44
1.097375159011607e-46
8.071857180166672e-49
5.3037790734842996e-51
3.1130851085535716e-53
1.632263145183784e-55
7.645096433039868e-58
3.1986695282894635e-60
1.1954994773800215e-62
3.99137948057764e-65
1.1903927200876391e-67
3.171400690621889e-70
7.547542771601615e-73
1.6045515022245303e-75
3.047160656713369e-78
5.169287124164196e-81
7.833567152211873e-84
1.0604302262141096e-86
1.282325380101131e-89
1.3851856698952646e-92
1.3366304610793007e-95
1.1521481602502323e-98
8.87153804570834e-102
6.1021533893759156e-105
3.7493927338254545e-108
2.057938342320725e-111
1.0090144745996214e-114
4.41932606995094e-118
1.7290530098877472e-121
6.043022099776313e-125
1.8866601179180614e-128
5.2617082981513926e-132
1.3108514496656401e-135
2.917251030147979e-139
5.7994624026140455e-143
1.0299005378011206e-146
1.633790794781031e-150
2.3152144102300366e-154
2.930755584644114e-158
3.314069392556236e-162
3.3476281145161035e-166
3.0206918759877602e-170
2.4348334572550742e-174
1.753176764941708e-178
1.1276537382357853e-182
6.479170877143433e-187
3.325498191778922e-191
1.5247112699152711e-195
6.244707730437721e-200
2.284705545557079e-204
7.466928055727471e-209
2.1799539030645574e-213
