1.1974965177638806
0.44744867251575515
0.2974096088371634
0.22187483854965587
0.17571821463087076
0.14496227857739385
0.1231801153827595
0.10702485312265766
0.0946059109138637
0.08478397495581863
0.07683519380311375
0.07027917861590158
0.06478532423845018
0.060119041957401004
0.056109483268208415
0.05262940218625385
0.049582164412626986
0.046893119665559715
0.04450372372428395
0.04236744259827746
0.04044684076572074
0.03871147374880048
0.037136338040995184
0.03570071422589161
0.03438729202034364
0.033181500473389386
0.03207098948925548
0.031045224362322165
0.030095165682814316
0.029213014418330234
0.028392007243932593
0.02762625096729253
0.026910587630875664
0.026240483877855242
0.025611939652652797
0.02502141241643246
0.024465753894622893
0.023942157009976046
0.023448111142606955
0.022981364235358015
0.02253989055603206
0.02212186315766187
0.021725630258963707
0.021349694910626493
0.02099269742753226
0.020653400158771564
0.020330674241287625
0.02002348804290313
0.019730897049254167
0.01945203498903144
0.019186106024674
0.018932377862662945
0.018690175659917294
0.01845887662137342
0.018237905199326773
0.018026728818088006
0.017824854058402166
0.01763182324526303
0.017447211390517532
0.017270623448238494
0.017101691846442238
0.016940074263502743
0.016785451621697742
0.016637526273823856
0.016496020361828602
0.016360674329001776
0.016231245569510406
0.01610750720100288
0.015989246947692895
0.015876266122799423
0.015768378700497195
0.015665410468648173
0.015567198254562173
0.015473589216891931
0.01538444019752178
0.015299617127972561
0.015218994485431315
0.015142454794032055
0.015069888167472604
0.01500119188945972
0.014936270028836768
0.01487503308657074
0.014817397672063658
0.014763286206510942
0.01471262665126042
0.014665352259333473
0.014621401348456652
0.014580717094121107
0.014543247341340194
0.014508944433914404
0.014477765060139385
0.014449670114008502
0.01442462457106753
0.014402597378176982
0.014383561356528025
0.014367493117342343
0.014354372989765147
0.014344184960534734
0.014336916625082385
0.014332559149783609
0.01433110724514623
0.014332559149783609
0.014336916625082385
0.014344184960534734
0.014354372989765147
0.014367493117342343
0.014383561356528025
0.014402597378176982
0.01442462457106753
0.014449670114008502
0.014477765060139385
0.014508944433914404
0.014543247341340194
0.014580717094121107
0.014621401348456652
0.014665352259333473
0.01471262665126042
0.014763286206510942
0.014817397672063658
0.01487503308657074
0.014936270028836768
0.01500119188945972
0.015069888167472604
0.015142454794032055
0.015218994485431315
0.015299617127972561
0.01538444019752178
0.015473589216891931
0.015567198254562173
0.015665410468648173
0.015768378700497195
0.015876266122799423
0.015989246947692895
0.01610750720100288
0.016231245569510406
0.016360674329001776
0.016496020361828602
0.016637526273823856
0.016785451621697742
0.016940074263502743
0.017101691846442238
0.017270623448238494
0.017447211390517532
0.01763182324526303
0.017824854058402166
0.018026728818088006
0.018237905199326773
0.01845887662137342
0.018690175659917294
0.018932377862662945
0.019186106024674
0.01945203498903144
0.019730897049254167
0.02002348804290313
0.020330674241287625
0.020653400158771564
0.02099269742753226
0.021349694910626493
0.021725630258963707
0.02212186315766187
0.02253989055603206
0.022981364235358015
0.023448111142606955
0.023942157009976046
0.024465753894622893
0.02502141241643246
0.025611939652652797
0.026240483877855242
0.026910587630875664
0.02762625096729253
0.028392007243932593
0.029213014418330234
0.030095165682814316
0.031045224362322165
0.03207098948925548
0.033181500473389386
0.03438729202034364
0.03570071422589161
0.037136338040995184
0.03871147374880048
0.04044684076572074
0.04236744259827746
0.04450372372428395
0.046893119665559715
0.049582164412626986
0.05262940218625385
0.056109483268208415
0.060119041957401004
0.06478532423845018
0.07027917861590158
0.07683519380311375
0.08478397495581863
0.0946059109138637
0.10702485312265766
0.1231801153827595
0.14496227857739385
0.17571821463087076
0.22187483854965587
0.2974096088371634
0.44744867251575515

0.7112737822571391
0.7435284658390807
0.6547132667078254
0.5400210994999166
0.4379352690217094
0.3335369756387974
0.22308737172524168
0.12617086723877524
0.059536755434689316
0.023546330485182267
0.008793809801543376
0.0070843232297180606
0.017578099991251418
0.04783386768599075
0.10937750842925432
0.20571678259939122
0.31778619110695777
0.40316415322993704
0.4200563383587702
0.35942784765546687
0.25257737000594677
0.14576581495279917
0.0690868619837397
0.026891422889239108
0.00859628155369862
0.002256763318638742
0.0004865639522846555
8.615339189256624e-05
1.2528046711848373e-05
1.496142229019036e-06
1.467374379482726e-07
1.1819184615509123e-08
7.818305462598331e-10
4.24733274648911e-11
1.894953124418345e-12
6.943192242404932e-14
2.0892886385495876e-15
5.163167670280485e-17
1.0478824055162808e-18
1.7465756523729688e-20
2.3907864658401976e-22
2.6876499829882358e-24
2.4813222127175427e-26
1.881361061215201e-28
1.1714929315199012e-30
5.990812503339975e-33
2.5159981425366156e-35
8.677875965529381e-38
2.458074798680996e-40
5.7181465767897026e-43
1.0924309776968083e-45
1.714001759774407e-48
2.2085490742901536e-51
2.3371219684868662e-54
2.031113698769923e-57
1.4496582331589005e-60
8.49719434054379e-64
4.090383327821234e-67
1.61707812246082e-70
5.250208214878302e-74
1.3999115167828795e-77
3.0655131203736136e-81
5.512953199689679e-85
8.142241243262831e-89
9.876024518691143e-93
9.837820331608343e-97
8.048114523069254e-101
5.4071440821321145e-105
2.9834603492115393e-109
1.351920433228044e-113
5.031071940999652e-118
1.5376180074244554e-122
3.859356692116007e-127
7.955361428190601e-132
1.346739025352977e-136
1.872343419156404e-141
2.137795239599782e-146
2.0045885082368456e-151
1.5436999874594703e-156
9.762905791304252e-162
5.0707690402081414e-167
2.1629530631623947e-172
7.577028031687467e-178
2.1798631324630114e-183
5.150365999211625e-189
9.993681214563572e-195
1.5925439447137112e-200
2.0841832052031904e-206
2.2400560867406115e-212
1.9772447288830443e-218
1.4333111987153912e-224
8.532947928290674e-231
4.171922482334117e-237
1.675143046027843e-243
5.5239037274447094e-250
1.4959560575421252e-256
3.327132572359355e-263
6.077149342395566e-270
9.11608247345058e-277
1.1230397174537648e-283
