0.42921699275038844
0.1900471680195242
0.09459075068642771
0.05240639592138021
0.03192283725513356
0.02108882778048712
0.014904741530436923
0.011130692362471405
0.008690076565988625
0.007031318997969554
0.00585509698687482
0.004990379387341854
0.004334833685001704
0.003824667655120962
0.003418636529827681
0.003089194011970331
0.00281740357330002
0.0025899079729564418
0.0023970663151024678
0.002231775355101455
0.0020887039449935113
0.0019637838164913834
0.0018538634289617978
0.0017564679478605438
0.001669629763443167
0.0015917668085763251
0.0015215938472210235
0.0014580568817720958
0.0014002840192061734
0.0013475482205768025
0.001299238743087567
0.0012548390183741052
0.0012139093505134097
0.0011760732615516492
0.0011410066247989966
0.001108428948561953
0.0010780963331204583
0.001049795740286958
0.0010233403005382312
0.0009985654462684314
0.0009753257072972118
0.0009534920406962943
0.0009329495943445474
0.0009135958245941672
0.0008953389046308716
0.0008780963727107966
0.0008617939793201678
0.0008463647000729956
0.0008317478873178469
0.0008178885383297116
0.0008047366618923107
0.0007922467282401441
0.0007803771898897506
0.0007690900629710439
0.0007583505603693361
0.0007481267693827868
0.0007383893677481752
0.0007291113728372812
0.0007202679196141885
0.0007118360636003129
0.0007037946056428325
0.0006961239357426276
0.0006888058935853967
0.0006818236437468154
0.000675161563819753
0.0006688051439469575
0.0006627408964431708
0.0006569562743619373
0.0006514395980091146
0.0006461799885311015
0.0006411673078142938
0.0006363921040259206
0.0006318455622074195
0.0006275194594017655
0.0006234061238572288
0.0006194983979032278
0.0006157896041403864
0.000612273514627531
0.000608944322783998
0.0006057966177569299
0.0006028253610307978
0.000600025865080737
0.0005973937738927871
0.0005949250451932109
0.0005926159342460141
0.0005904629790928802
0.0005884629871232124
0.0005866130228740385
0.00058491039697036
0.0005833526561262871
0.0005819375741360982
0.0005806631437923627
0.0005795275696755309
0.0005785292617660342
0.0005776668298360699
0.0005769390785838552
0.0005763450034784068
0.0005758837872877812
0.0005755547972683487
0.0005753575829970463
0.0005752918748327601
0.0005753575829970463
0.0005755547972683487
0.0005758837872877812
0.0005763450034784068
0.0005769390785838552
0.0005776668298360699
0.0005785292617660342
0.0005795275696755309
0.0005806631437923627
0.0005819375741360982
0.0005833526561262871
0.00058491039697036
0.0005866130228740385
0.0005884629871232124
0.0005904629790928802
0.0005926159342460141
0.0005949250451932109
0.0005973937738927871
0.000600025865080737
0.0006028253610307978
0.0006057966177569299
0.000608944322783998
0.000612273514627531
0.0006157896041403864
0.0006194983979032278
0.0006234061238572288
0.0006275194594017655
0.0006318455622074195
0.0006363921040259206
0.0006411673078142938
0.0006461799885311015
0.0006514395980091146
0.0006569562743619373
0.0006627408964431708
0.0006688051439469575
0.000675161563819753
0.0006818236437468154
0.0006888058935853967
0.0006961239357426276
0.0007037946056428325
0.0007118360636003129
0.0007202679196141885
0.0007291113728372812
0.0007383893677481752
0.0007481267693827868
0.0007583505603693361
0.0007690900629710439
0.0007803771898897506
0.0007922467282401441
0.0008047366618923107
0.0008178885383297116
0.0008317478873178469
0.0008463647000729956
0.0008617939793201678
0.0008780963727107966
0.0008953389046308716
0.0009135958245941672
0.0009329495943445474
0.0009534920406962943
0.0009753257072972118
0.0009985654462684314
0.0010233403005382312
0.001049795740286958
0.0010780963331204583
0.001108428948561953
0.0011410066247989966
0.0011760732615516492
0.0012139093505134097
0.0012548390183741052
0.001299238743087567
0.0013475482205768025
0.0014002840192061734
0.0014580568817720958
0.0015215938472210235
0.0015917668085763251
0.001669629763443167
0.0017564679478605438
0.0018538634289617978
0.0019637838164913834
0.0020887039449935113
0.002231775355101455
0.0023970663151024678
0.0025899079729564418
0.00281740357330002
0.003089194011970331
0.003418636529827681
0.003824667655120962
0.004334833685001704
0.004990379387341854
0.00585509698687482
0.007031318997969554
0.008690076565988625
0.011130692362471405
0.014904741530436923
0.02108882778048712
0.03192283725513356
0.05240639592138021
0.09459075068642771
0.1900471680195242

0.02688127160646948
0.08777186319129603
0.20982546904374452
0.3672471754595365
0.47060452907044914
0.4415207484559618
0.30327981646919033
0.15252227569564497
0.05615913643290217
0.015139270263161532
0.0029880429764824598
0.0004317835709353746
4.568175333220094e-05
3.5384803782324087e-06
2.0067265447074325e-07
8.332148007130054e-09
2.532929679367103e-10
5.637501446672173e-12
9.186447055513214e-14
1.0959881613880355e-15
9.573296859500836e-18
6.122299425234396e-20
2.866586044611043e-22
9.826814887990798e-25
2.466368383790735e-27
4.532110504664506e-30
6.097340003736766e-33
6.005894681593579e-36
4.3312413825365804e-39
2.286885601413763e-42
8.840439754954473e-46
2.5020770203211e-49
5.184714613661954e-53
7.865863663328294e-57
8.737060634188947e-61
7.10528759602456e-65
4.230535555481462e-69
1.844193190665719e-73
5.88592678233471e-78
1.3753735662840155e-82
2.3530105134625086e-87
2.94730064134284e-92
2.702852749464724e-97
1.8147537821708573e-102
8.920935735937837e-108
3.210705618580308e-113
8.46034243883854e-119
1.632197739759167e-124
2.3054461311992247e-130
2.3841554164463506e-136
1.8051426294518313e-142
1.0006584313455969e-148
4.06122987374809e-155
1.2067759925985282e-161
2.6253857765300336e-168
4.1817394591012973e-175
4.876611856413942e-182
4.163674648062458e-189
2.602751818767697e-196
1.191203902875629e-203
3.991506430543886e-211
9.792305079055644e-219
1.7588565247015347e-226
2.3129874133423524e-234
2.226965562999938e-242
1.569824525141043e-250
8.101885378194655e-259
3.061388568832219e-267
8.469313213456146e-276
1.7154391167188742e-284
2.5438986226262806e-293
2.761987240488993e-302
2.1955377678305e-311
1.2777e-320
0.0
0.0
0.0
0.0
0.0
0.0
0.0
0.0
0.0
0.0
0.0
0.0
0.0
0.0
0.0
0.0
0.0
0.0
0.0
0.0
0.0
0.0
0.0
0.0
0.0
0.0
