0.8737963810768904
0.11836234786013043
0.06744996699490101
0.0489731838615449
0.03813887587434921
0.03098580953229259
0.025968761123208693
0.022292196341745646
0.019502271605657342
0.017323768894047503
0.015581795051458366
0.014160792219898969
0.012981815928673618
0.011989351877284064
0.011143363557472873
0.010414329027150646
0.009780048446062246
0.00922353467474729
0.008731585542290423
0.008293796340264075
0.007901863311696327
0.007549083595673477
0.007229990376232785
0.006940082729031124
0.00667562287003695
0.006433482092331196
0.006211022355015997
0.006006004308962606
0.0058165151557525415
0.0056409115474686826
0.005477774008344031
0.005325870265807248
0.0051841255314961365
0.005051598248446299
0.004927460170691938
0.004810979901623012
0.004701509212502639
0.0045984716100925796
0.004501352734848094
0.004409692257604887
0.004323077009607185
0.0042411351328892795
0.00416353107894606
0.004089961315933517
0.004020150630293534
0.003953848929183439
0.003890828466538459
0.003830881428868337
0.0037738178276532017
0.0037194636539735946
0.003667659258186911
0.003618257923361644
0.003571124606049614
0.0035261348220103914
0.003483173657857409
0.003442134892396152
0.003402920213770988
0.0033654385205093658
0.0033296052962150584
0.003295342049068895
0.0032625758084889917
0.003231238672318221
0.0032012673987733774
0.0031726030381321988
0.0031451905997707343
0.003118978750710893
0.00309391954230998
0.0030699681621320146
0.0030470827083940587
0.0030252239846877706
0.003004355312943497
0.0029844423628372285
0.0029654529960444166
0.0029473571239229755
0.0029301265773643893
0.0029137349876894804
0.0028981576775867395
0.00288337156119817
0.002869355052552414
0.0028560879816288734
0.002843551517411095
0.002831728097354139
0.002820601362749769
0.002810156099526209
0.002800378184066602
0.0027912545336727704
0.0027827730613391596
0.002774922634536345
0.002767693037734659
0.002761074938426826
0.0027550598564342506
0.002749640136305115
0.0027448089226340044
0.0027405601381526494
0.002736888464459725
0.0027337893252746917
0.002731258872116672
0.0027292939723243077
0.002727892199346791
0.00272705182524982
0.0027267718153932475
0.00272705182524982
0.002727892199346791
0.0027292939723243077
0.002731258872116672
0.0027337893252746917
0.002736888464459725
0.0027405601381526494
0.0027448089226340044
0.002749640136305115
0.0027550598564342506
0.002761074938426826
0.002767693037734659
0.002774922634536345
0.0027827730613391596
0.0027912545336727704
0.002800378184066602
0.002810156099526209
0.002820601362749769
0.002831728097354139
0.002843551517411095
0.0028560879816288734
0.002869355052552414
0.00288337156119817
0.0028981576775867395
0.0029137349876894804
0.0029301265773643893
0.0029473571239229755
0.0029654529960444166
0.0029844423628372285
0.003004355312943497
0.0030252239846877706
0.0030470827083940587
0.0030699681621320146
0.00309391954230998
0.003118978750710893
0.0031451905997707343
0.0031726030381321988
0.0032012673987733774
0.003231238672318221
0.0032625758084889917
0.003295342049068895
0.0033296052962150584
0.0033654385205093658
0.003402920213770988
0.003442134892396152
0.003483173657857409
0.0035261348220103914
0.003571124606049614
0.003618257923361644
0.003667659258186911
0.0037194636539735946
0.0037738178276532017
0.003830881428868337
0.003890828466538459
0.003953848929183439
0.004020150630293534
0.004089961315933517
0.00416353107894606
0.0042411351328892795
0.004323077009607185
0.004409692257604887
0.004501352734848094
0.0045984716100925796
0.004701509212502639
0.004810979901623012
0.004927460170691938
0.005051598248446299
0.0051841255314961365
0.005325870265807248
0.005477774008344031
0.0056409115474686826
0.0058165151557525415
0.006006004308962606
0.006211022355015997
0.006433482092331196
0.00667562287003695
0.006940082729031124
0.007229990376232785
0.007549083595673477
0.007901863311696327
0.008293796340264075
0.008731585542290423
0.00922353467474729
0.009780048446062246
0.010414329027150646
0.011143363557472873
0.011989351877284064
0.012981815928673618
0.014160792219898969
0.015581795051458366
0.017323768894047503
0.019502271605657342
0.022292196341745646
0.025968761123208693
0.03098580953229259
0.03813887587434921
0.0489731838615449
0.06744996699490101
0.11836234786013043

0.13445667590081067
0.16380609894401382
0.16652705515559477
0.14128569511015257
0.10011501410664474
0.05954830963617315
0.030752767497876976
0.01679050793945295
0.016439289570594987
0.028732082149338062
0.0540618115142732
0.09173046280297179
0.13649135669329274
0.17746458453765707
0.20153468162033147
0.19991311686073715
0.17347135434323435
0.1338997863281186
0.1045818948093655
0.1258246592703498
0.24121737875339194
0.4270586027987565
0.5458394085305922
0.4782030979495428
0.2842219620029678
0.11433637282747153
0.03111190853353472
0.00572555008206456
0.0007126468007429495
6.0011004533179196e-05
3.4227765145853737e-06
1.3283507649336424e-07
3.5847561814253466e-09
7.519448905260773e-11
1.8672339704496207e-12
8.209082166405673e-14
4.4429586718531425e-15
2.227437948610813e-16
9.812234223245915e-18
3.7768925958493225e-19
1.2697508087448483e-20
3.7282796794861143e-22
9.561017118184067e-24
2.1414370720227457e-25
4.189017227993248e-27
7.15689399641811e-29
1.0679296185889198e-30
1.3917662065078744e-32
1.5841472629494347e-34
1.574818195756061e-36
1.3673223269761592e-38
1.0368525388637304e-40
6.867026036575025e-43
3.9721533008949416e-45
2.0067298790188655e-47
8.854365424186084e-50
3.412177183769422e-52
1.1484479486079968e-54
3.3759551369331225e-57
8.667375769552389e-60
1.9434984255024354e-62
3.806154114722527e-65
6.510197351718657e-68
9.725401675808836e-71
1.2688975226837354e-73
1.4459429567171674e-76
1.4390682098391226e-79
1.2508844888858364e-82
9.496392224153192e-86
6.296593965839626e-89
3.6463499150515366e-92
1.844236465358625e-95
8.14667659006222e-99
3.1430403424641893e-102
1.0590709207251327e-105
3.116777072252535e-109
8.011098025054321e-113
1.7983903350872613e-116
3.525993298715822e-120
6.03788189736593e-124
9.030116509270254e-128
1.1795264994340454e-131
1.3456361922253734e-135
1.3407667311595141e-139
1.1667677043126155e-143
8.867908073725874e-148
5.8865870962130814e-152
3.4128057853325236e-156
1.7280853289448322e-160
7.642305606470444e-165
2.9518156208461984e-169
9.95771429384922e-174
2.933835130828669e-178
7.549485522180083e-183
1.696698270452176e-187
3.3304083465845265e-192
5.709472218425163e-197
8.548699485062143e-202
1.117917476271012e-206
1.2768063946871415e-211
