1.3399202021144403
0.06129378944513605
0.004509227261601462
0.000401440824774468
4.313598580611925e-05
5.967776325288336e-06
1.1287066155156134e-06
2.937295889430913e-07
1.011568322812866e-07
4.3902864760323385e-08
2.2938540213205022e-08
1.384243338493258e-08
9.307268688878e-09
6.780306604373764e-09
5.239179639755832e-09
4.229503292024474e-09
3.529143701846176e-09
3.0205919352363315e-09
2.6373973256067225e-09
2.3397979000937658e-09
2.102830789954731e-09
1.9101679532289206e-09
1.7507464175437421e-09
1.6168388884290792e-09
1.50290326158306e-09
1.4048715988746113e-09
1.3196965653621593e-09
1.2450538432519707e-09
1.1791419163595823e-09
1.120544296905403e-09
1.0681327783108462e-09
1.0209982405121267e-09
9.784003311272235e-10
9.39730314769135e-10
9.04483262158022e-10
8.72236965072991e-10
8.426357628800877e-10
8.153780022541383e-10
7.902062166455332e-10
7.668993643013504e-10
7.452666404578365e-10
7.251425048557394e-10
7.06382655939935e-10
6.888607486639802e-10
6.724657009695132e-10
6.570994697246138e-10
6.42675203643152e-10
6.291157009008105e-10
6.163521145409234e-10
6.043228605648456e-10
5.929726927257452e-10
5.822519151483553e-10
5.721157094644942e-10
5.625235575448579e-10
5.53438744391144e-10
5.448279285321427e-10
5.366607694973674e-10
5.289096037400618e-10
5.21549161838737e-10
5.145563209930218e-10
5.079098878001805e-10
5.015904070959671e-10
4.955799933011872e-10
4.898621812600362e-10
4.844217940091297e-10
4.792448252940119e-10
4.743183349663385e-10
4.696303556608126e-10
4.651698093750762e-10
4.6092643276531075e-10
4.5689071013109036e-10
4.530538131998328e-10
4.494075469379253e-10
4.459443007154758e-10
4.4265700423733435e-10
4.395390877267468e-10
4.3658444591157863e-10
4.337874054180208e-10
4.311426952243354e-10
4.2864541986860854e-10
4.2629103514054103e-10
4.2407532601879427e-10
4.219943866429792e-10
4.20044602133556e-10
4.182226320941858e-10
4.1652539564984443e-10
4.149500578905904e-10
4.1349401760559673e-10
4.1215489620513997e-10
4.1093052773991404e-10
4.0981894993748667e-10
4.088183961851175e-10
4.0792728839662426e-10
4.071442307086763e-10
4.064680039588961e-10
4.058975609045639e-10
4.0543202214664315e-10
4.0507067272934107e-10
4.048129593905595e-10
4.0465848844345404e-10
4.0460702427394185e-10
4.0465848844345404e-10
4.048129593905595e-10
4.0507067272934107e-10
4.0543202214664315e-10
4.058975609045639e-10
4.064680039588961e-10
4.071442307086763e-10
4.0792728839662426e-10
4.088183961851175e-10
4.0981894993748667e-10
4.1093052773991404e-10
4.1215489620513997e-10
4.1349401760559673e-10
4.149500578905904e-10
4.1652539564984443e-10
4.182226320941858e-10
4.20044602133556e-10
4.219943866429792e-10
4.2407532601879427e-10
4.2629103514054103e-10
4.2864541986860854e-10
4.311426952243354e-10
4.337874054180208e-10
4.3658444591157863e-10
4.395390877267468e-10
4.4265700423733435e-10
4.459443007154758e-10
4.494075469379253e-10
4.530538131998328e-10
4.5689071013109036e-10
4.6092643276531075e-10
4.651698093750762e-10
4.696303556608126e-10
4.743183349663385e-10
4.792448252940119e-10
4.844217940091297e-10
4.898621812600362e-10
4.955799933011872e-10
5.015904070959671e-10
5.079098878001805e-10
5.145563209930218e-10
5.21549161838737e-10
5.289096037400618e-10
5.366607694973674e-10
5.448279285321427e-10
5.53438744391144e-10
5.625235575448579e-10
5.721157094644942e-10
5.822519151483553e-10
5.929726927257452e-10
6.043228605648456e-10
6.163521145409234e-10
6.291157009008105e-10
6.42675203643152e-10
6.570994697246138e-10
6.724657009695132e-10
6.888607486639802e-10
7.06382655939935e-10
7.251425048557394e-10
7.452666404578365e-10
7.668993643013504e-10
7.902062166455332e-10
8.153780022541383e-10
8.426357628800877e-10
8.72236965072991e-10
9.04483262158022e-10
9.39730314769135e-10
9.784003311272235e-10
1.0209982405121267e-09
1.0681327783108462e-09
1.120544296905403e-09
1.1791419163595823e-09
1.2450538432519707e-09
1.3196965653621593e-09
1.4048715988746113e-09
1.50290326158306e-09
1.6168388884290792e-09
1.7507464175437421e-09
1.9101679532289206e-09
2.102830789954731e-09
2.3397979000937658e-09
2.6373973256067225e-09
3.0205919352363315e-09
3.529143701846176e-09
4.229503292024474e-09
5.239179639755832e-09
6.780306604373764e-09
9.307268688878e-09
1.384243338493258e-08
2.2938540213205022e-08
4.3902864760323385e-08
1.011568322812866e-07
2.937295889430913e-07
1.1287066155156134e-06
5.967776325288336e-06
4.313598580611925e-05
0.000401440824774468
0.004509227261601462
0.06129378944513605

1.7925808116404045e-08
1.6688134336533928e-07
1.3262550417022337e-06
8.997804543017017e-06
5.211183463782834e-05
0.00025764788373784187
0.0010874452996992145
0.0039181344953263895
0.012051561797728608
0.03164476022956144
0.07099650759859533
0.16034787890551044
0.8534421924013942
1.3527612156064963
0.479842051194316
0.37745573727469955
0.3312955461267289
0.2559711812607209
0.1844133184026891
0.1428185924284169
0.14060556642349145
0.17185278829569128
0.22146374076514258
0.27100953521554166
0.30354646169404736
0.3080512134726781
0.28254910487717644
0.2340938966402513
0.17516931921878953
0.11838235863887243
0.07225615858319627
0.0398310094374405
0.019830161769237735
0.008916403047253394
0.0036208590142646634
0.0013279815060784075
0.00043987666880730475
0.00013159164518067792
3.5553650119928835e-05
8.675580830960427e-06
1.911927479887291e-06
3.805421422365394e-07
6.840574712858469e-08
1.110557146437093e-08
1.6283498565247351e-09
2.156319041040239e-10
2.5789136692804583e-11
2.785602085376871e-12
2.7174392394083486e-13
2.3941926553538908e-14
1.9050958662862757e-15
1.3690933586849818e-16
8.886030128147253e-18
5.208839642355281e-19
2.757608965423534e-20
1.3185082929720796e-21
5.693660106973085e-23
2.220540497441102e-24
7.82139730055442e-26
2.4881037440764716e-27
7.148437278180101e-29
1.8548646550420556e-30
4.3468217256265995e-32
9.200044349730758e-34
1.7585977022058537e-35
3.0359986240750715e-37
4.733638930276085e-39
6.665721648650831e-41
8.477303052592846e-43
9.737035024949352e-45
1.0100764464078854e-46
9.463248498458069e-49
8.007274805594978e-51
6.119102261322894e-53
4.223273207548457e-55
2.632504558988822e-57
1.4819978556788183e-59
7.53502169550704e-62
3.460030503509786e-64
1.4349403122034748e-66
5.374601067897711e-69
1.8180972931295947e-71
5.5545194891118695e-74
1.5326195397366598e-76
3.8192730646391184e-79
8.595785121761224e-82
1.7472251780820777e-84
3.2075297778234743e-87
5.318032695270602e-90
7.963239868425679e-93
1.0769290222921214e-95
1.3153546147202618e-98
1.4509655900524324e-101
1.445539162743697e-104
1.3006519597624875e-107
1.0569411964448412e-110
7.757093753095897e-114
5.141688280823915e-117
3.0780164422831916e-120
1.6641582249639192e-123
