0.5584998817218808
0.07804612905798614
0.011107520161127203
0.001609979376518018
0.00023766267210368353
3.5730500422937374e-05
5.470848419781624e-06
8.531152894956041e-07
1.3548718795832026e-07
2.191422804944033e-08
4.2048527548036815e-09
6.870052778815915e-10
1.1353456499040554e-10
1.9034566588128815e-11
3.24819330513708e-12
5.661067653163763e-13
1.0107837228659433e-13
1.8533190713807865e-14
3.4940009045970666e-15
6.772783124212407e-16
1.3481953514129036e-16
2.75024483495304e-17
5.734956805049617e-18
1.2193888396074137e-18
2.637973201683745e-19
5.79712208508856e-20
1.292805819251659e-20
2.9245420716229e-21
6.71179354909547e-22
1.5635332320616194e-22
3.70013091112878e-23
8.90395220264013e-24
2.1808170473366447e-24
5.441130520428477e-25
1.383770854063208e-25
3.5884280620066617e-26
9.489802745497211e-27
2.559034962460704e-27
7.034759077767863e-28
1.97075372466174e-28
5.624460368073159e-29
1.6348288693050913e-29
4.83860113886756e-30
1.4580616459392291e-30
4.4733027396609955e-31
1.39730570240334e-31
4.444220437269076e-32
1.4393842709886708e-32
4.747539200324622e-33
1.5947671082376444e-33
5.4560668213806414e-34
1.9011810775765549e-34
6.74728702836237e-35
2.438892732839976e-35
8.978584213550281e-36
3.36642077705805e-36
1.2854914046195175e-36
4.999271438382897e-37
1.9800638000296895e-37
7.987043340040392e-38
3.2811613907705074e-38
1.3727913841544116e-38
5.849485635019366e-39
2.538444398815807e-39
1.1219020347134818e-39
5.049865191386203e-40
2.3149537216664794e-40
1.0807930335999201e-40
5.139021328149889e-41
2.4886046834105456e-41
1.2273515436005707e-41
6.164808144802281e-42
3.153607788460005e-42
1.642983995105152e-42
8.717592982146063e-43
4.710831650373592e-43
2.59260640053155e-43
1.4531622060971854e-43
8.295278637335541e-44
4.822683705894281e-44
2.855552493268407e-44
1.7256046093096933e-44
1.0576563382051978e-44
6.616334743908833e-45
4.215782403413435e-45
2.736266685410661e-45
1.8092883240592955e-45
1.2189970178010622e-45
8.370641131338772e-46
5.8606850036028424e-46
4.186237034417372e-46
3.053141645677923e-46
2.2762808416858244e-46
1.7376220913938696e-46
1.3609928295234724e-46
1.0967261054451072e-46
9.122106039100801e-47
7.860234477732955e-47
7.042737639248571e-47
6.583414102843498e-47
6.435278485525615e-47
6.583414102843498e-47
7.042737639248571e-47
7.860234477732955e-47
9.122106039100801e-47
1.0967261054451072e-46
1.3609928295234724e-46
1.7376220913938696e-46
2.2762808416858244e-46
3.053141645677923e-46
4.186237034417372e-46
5.8606850036028424e-46
8.370641131338772e-46
1.2189970178010622e-45
1.8092883240592955e-45
2.736266685410661e-45
4.215782403413435e-45
6.616334743908833e-45
1.0576563382051978e-44
1.7256046093096933e-44
2.855552493268407e-44
4.822683705894281e-44
8.295278637335541e-44
1.4531622060971854e-43
2.59260640053155e-43
4.710831650373592e-43
8.717592982146063e-43
1.642983995105152e-42
3.153607788460005e-42
6.164808144802281e-42
1.2273515436005707e-41
2.4886046834105456e-41
5.139021328149889e-41
1.0807930335999201e-40
2.3149537216664794e-40
5.049865191386203e-40
1.1219020347134818e-39
2.538444398815807e-39
5.849485635019366e-39
1.3727913841544116e-38
3.2811613907705074e-38
7.987043340040392e-38
1.9800638000296895e-37
4.999271438382897e-37
1.2854914046195175e-36
3.36642077705805e-36
8.978584213550281e-36
2.438892732839976e-35
6.74728702836237e-35
1.9011810775765549e-34
5.4560668213806414e-34
1.5947671082376444e-33
4.747539200324622e-33
1.4393842709886708e-32
4.444220437269076e-32
1.39730570240334e-31
4.4733027396609955e-31
1.4580616459392291e-30
4.83860113886756e-30
1.6348288693050913e-29
5.624460368073159e-29
1.97075372466174e-28
7.034759077767863e-28
2.559034962460704e-27
9.489802745497211e-27
3.5884280620066617e-26
1.383770854063208e-25
5.441130520428477e-25
2.1808170473366447e-24
8.90395220264013e-24
3.70013091112878e-23
1.5635332320616194e-22
6.71179354909547e-22
2.9245420716229e-21
1.292805819251659e-20
5.79712208508856e-20
2.637973201683745e-19
1.2193888396074137e-18
5.734956805049617e-18
2.75024483495304e-17
1.3481953514129036e-16
6.772783124212407e-16
3.4940009045970666e-15
1.8533190713807865e-14
1.0107837228659433e-13
5.661067653163763e-13
3.24819330513708e-12
1.9034566588128815e-11
1.1353456499040554e-10
6.870052778815915e-10
4.2048527548036815e-09
2.191422804944033e-08
1.3548718795832026e-07
8.531152894956041e-07
5.470848419781624e-06
3.5730500422937374e-05
0.00023766267210368353
0.001609979376518018
0.011107520161127203
0.07804612905798614

5.956093219487266e-47
6.0394913636728e-38
6.565254396122087e-30
7.650944826071633e-23
9.558525374695834e-17
1.2802035909039626e-11
1.8381438732502182e-07
0.00028293865020994437
0.046689300785454566
0.8259519427856804
1.5664066002735386
0.3184685467824652
0.006941301428564202
1.6219130890180545e-05
4.062810529972087e-09
1.0910329743469741e-13
3.140953449224457e-19
9.693875545542865e-26
3.207345135219561e-33
1.137643705900816e-41
4.325926709062483e-51
1.763454921429679e-61
7.706583423048015e-73
3.6105363510809436e-85
1.813401105225194e-98
9.764012948115033e-113
5.636053845381577e-128
3.4876607743212097e-144
2.3136925943012284e-161
1.64546781670761e-179
1.2545426915933646e-198
1.0254011813165691e-218
8.984925872592894e-240
8.440098203079348e-262
8.499489026208163e-285
9.17593760060019e-309
0.0
0.0
0.0
0.0
0.0
0.0
0.0
0.0
0.0
0.0
0.0
0.0
0.0
0.0
0.0
0.0
0.0
0.0
0.0
0.0
0.0
0.0
0.0
0.0
0.0
0.0
0.0
0.0
0.0
0.0
0.0
0.0
0.0
0.0
0.0
0.0
0.0
0.0
0.0
0.0
0.0
0.0
0.0
0.0
0.0
0.0
0.0
0.0
0.0
0.0
0.0
0.0
0.0
0.0
0.0
0.0
0.0
0.0
0.0
0.0
0.0
0.0
0.0
0.0
