0.6270752674151772
0.05479679567633414
0.0051425029472660245
0.0005182959678371753
5.610027704627122e-05
6.521328581307034e-06
8.141249134855613e-07
1.0915154900441564e-07
1.1264092206303603e-08
2.4122719467997658e-09
4.0193517978125115e-10
7.192331792205869e-11
1.3800890359857791e-11
2.8396912209102073e-12
6.270252770328395e-13
1.486808019102078e-13
3.787207278222361e-14
1.0362692354131188e-14
3.0454875680988805e-15
9.612235834359454e-16
3.2580252157003745e-16
1.1858666105024504e-16
4.6349113981386675e-17
1.94490700728732e-17
8.75893553586905e-18
4.23057900218171e-18
2.188894451981525e-18
1.2108774921111144e-18
7.142035203591496e-19
4.474866730665991e-19
2.9647756251446325e-19
2.066310952883325e-19
1.5067047425786227e-19
1.142887414276927e-19
8.970923165630383e-20
7.250407677904446e-20
6.009601058800244e-20
5.088643189111604e-20
4.387848752545488e-20
3.8426610918562984e-20
3.4101265947383306e-20
3.0609452024973274e-20
2.7746680309067994e-20
2.536720761622934e-20
2.3365139614872534e-20
2.1662163452171318e-20
2.0199416660294707e-20
1.8931992238383507e-20
1.782515761453475e-20
1.6851708815245296e-20
1.5990089776704955e-20
1.522303585777491e-20
1.4536582019312603e-20
1.3919328348915458e-20
1.3361889651488844e-20
1.2856478363195847e-20
1.2396585185206971e-20
1.1976732143187208e-20
1.1592279890699655e-20
1.1239276041666202e-20
1.0914334826194282e-20
1.0614540870644326e-20
1.033737171191977e-20
1.0080634974602111e-20
9.84241710971887e-21
9.62104131407461e-21
9.415032788153672e-21
9.22308989739131e-21
9.04406011092343e-21
8.876919828836735e-21
8.720757391661158e-21
8.574758707704989e-21
8.438195044666925e-21
8.310412619077179e-21
8.190823685993917e-21
8.078898886133892e-21
7.974160651374446e-21
7.876177504714342e-21
7.784559119154968e-21
7.698952022976265e-21
7.619035857631102e-21
7.544520109825402e-21
7.475141251961201e-21
7.4106602355268e-21
7.35086029064137e-21
7.295544992136449e-21
7.24453655854951e-21
7.197674355431015e-21
7.15481357859872e-21
7.115824096551488e-21
7.080589434294264e-21
7.049005883418779e-21
7.020981725507886e-21
6.996436557848452e-21
6.975300712100483e-21
6.957514758022902e-21
6.943029085635471e-21
6.931803560333245e-21
6.923807246491084e-21
6.919018196024434e-21
6.917423299229035e-21
6.919018196024434e-21
6.923807246491084e-21
6.931803560333245e-21
6.943029085635471e-21
6.957514758022902e-21
6.975300712100483e-21
6.996436557848452e-21
7.020981725507886e-21
7.049005883418779e-21
7.080589434294264e-21
7.115824096551488e-21
7.15481357859872e-21
7.197674355431015e-21
7.24453655854951e-21
7.295544992136449e-21
7.35086029064137e-21
7.4106602355268e-21
7.475141251961201e-21
7.544520109825402e-21
7.619035857631102e-21
7.698952022976265e-21
7.784559119154968e-21
7.876177504714342e-21
7.974160651374446e-21
8.078898886133892e-21
8.190823685993917e-21
8.310412619077179e-21
8.438195044666925e-21
8.574758707704989e-21
8.720757391661158e-21
8.876919828836735e-21
9.04406011092343e-21
9.22308989739131e-21
9.415032788153672e-21
9.62104131407461e-21
9.84241710971887e-21
1.0080634974602111e-20
1.033737171191977e-20
1.0614540870644326e-20
1.0914334826194282e-20
1.1239276041666202e-20
1.1592279890699655e-20
1.1976732143187208e-20
1.2396585185206971e-20
1.2856478363195847e-20
1.3361889651488844e-20
1.3919328348915458e-20
1.4536582019312603e-20
1.522303585777491e-20
1.5990089776704955e-20
1.6851708815245296e-20
1.782515761453475e-20
1.8931992238383507e-20
2.0199416660294707e-20
2.1662163452171318e-20
2.3365139614872534e-20
2.536720761622934e-20
2.7746680309067994e-20
3.0609452024973274e-20
3.4101265947383306e-20
3.8426610918562984e-20
4.387848752545488e-20
5.088643189111604e-20
6.009601058800244e-20
7.250407677904446e-20
8.970923165630383e-20
1.142887414276927e-19
1.5067047425786227e-19
2.066310952883325e-19
2.9647756251446325e-19
4.474866730665991e-19
7.142035203591496e-19
1.2108774921111144e-18
2.188894451981525e-18
4.23057900218171e-18
8.75893553586905e-18
1.94490700728732e-17
4.6349113981386675e-17
1.1858666105024504e-16
3.2580252157003745e-16
9.612235834359454e-16
3.0454875680988805e-15
1.0362692354131188e-14
3.787207278222361e-14
1.486808019102078e-13
6.270252770328395e-13
2.8396912209102073e-12
1.3800890359857791e-11
7.192331792205869e-11
4.0193517978125115e-10
2.4122719467997658e-09
1.1264092206303603e-08
1.0915154900441564e-07
8.141249134855613e-07
6.521328581307034e-06
5.610027704627122e-05
0.0005182959678371753
0.0051425029472660245
0.05479679567633414

2.2671218151628987e-19
1.873403555910488e-16
8.736700089694526e-14
2.2994454870439152e-11
3.415532419180834e-09
2.863210701934003e-07
1.3545898233976226e-05
0.00036167784935250806
0.005449988899660324
0.04634777894919518
0.22244458562842212
0.6025240058779405
0.9210569277165769
0.7946176277073388
0.38689179542679997
0.10631154947271765
0.01648659536418774
0.0014429162128045039
7.127067148009409e-05
1.986736135537944e-06
3.125569314460085e-08
2.7750938896536665e-10
1.3905475075176851e-12
3.932362843579855e-15
6.275971169589685e-18
5.6528556947721116e-21
2.87352156833277e-24
8.24367053675494e-28
1.3347084042562374e-31
1.219584136410857e-35
6.289219342375762e-40
1.8303802424068554e-44
3.0063912600124264e-49
2.786822346190797e-54
1.457916568279836e-59
4.3044301208267865e-65
7.172296836257755e-71
6.744666057754409e-77
3.579499049134469e-83
1.0721206331376452e-89
1.8122773392344194e-96
1.728881666919919e-103
9.308195178340449e-111
2.8282988467022703e-118
4.850033236836516e-126
4.693790874292489e-134
2.5636714141005624e-142
7.902428745333938e-151
1.3747331947550402e-159
1.3496956660976694e-168
7.478472317919928e-178
2.338565458002114e-187
4.1271074304672556e-197
4.110565949022164e-207
2.310559038171879e-217
7.329799963054836e-228
1.3122808107944357e-238
1.3259313441366218e-249
7.560924460910864e-261
2.433259145088759e-272
4.41938088111793e-284
4.5299572538098027e-296
2.6205133610672917e-308
8.557e-321
0.0
0.0
0.0
0.0
0.0
0.0
0.0
0.0
0.0
0.0
0.0
0.0
0.0
0.0
0.0
0.0
0.0
0.0
0.0
0.0
0.0
0.0
0.0
0.0
0.0
0.0
0.0
0.0
0.0
0.0
0.0
0.0
0.0
0.0
0.0
0.0
