0.43437988931795696
0.010146992025581985
0.00027422436841614394
8.573850126946668e-06
3.1013219192346533e-07
1.2977512292629345e-08
6.533558224097899e-10
3.688955407445543e-11
2.3330380018546803e-12
1.7051904045651874e-13
1.46608845768003e-14
1.4777064585747734e-15
1.7262273766309197e-16
2.3236997432000977e-17
3.608159604322622e-18
6.479617805161557e-19
1.3470739712542747e-19
3.240773595403285e-20
9.016343412729509e-21
2.8981432342619194e-21
1.0739505461584859e-21
4.567206752967003e-22
2.2112976987341315e-22
1.2046302746572774e-22
7.275076734919636e-23
4.7926434564209275e-23
3.390280550218483e-23
2.539454901198617e-23
1.990728148680604e-23
1.6180062598913354e-23
1.3535093218948105e-23
1.1587582391375318e-23
1.0108254220796313e-23
8.954526949502183e-24
8.034318472102103e-24
7.286141479498447e-24
6.66770694554782e-24
6.14915756127123e-24
5.7089161747718864e-24
5.33106200478876e-24
5.003627316717273e-24
4.717464420674403e-24
4.4654751888222394e-24
4.242076446872814e-24
4.042822152558724e-24
3.864131854002327e-24
3.703092500606279e-24
3.5573117274308855e-24
3.4248078172117035e-24
3.3039261698704663e-24
3.1932751824434466e-24
3.0916765167684642e-24
2.9981261535415497e-24
2.9117636187349707e-24
2.8318474632787895e-24
2.7577355719609373e-24
2.6888692342190284e-24
2.6247601693039492e-24
2.564979889435248e-24
2.509150926531592e-24
2.4569395544868735e-24
2.4080497193669066e-24
2.3622179511571417e-24
2.319209077714268e-24
2.2788125979314708e-24
2.2408395994302853e-24
2.205120128268975e-24
2.171500935641814e-24
2.1398435404099074e-24
2.110022557362874e-24
2.0819242499777086e-24
2.055445273587381e-24
2.030491580659418e-24
2.0069774645942364e-24
1.9848247223025618e-24
1.963961918981443e-24
1.944323741113681e-24
1.9258504258717285e-24
1.9084872568988983e-24
1.8921841179350706e-24
1.8768950970050454e-24
1.8625781349385874e-24
1.8491947128771326e-24
1.8367095741715624e-24
1.825090476711535e-24
1.814307972268651e-24
1.804335209898697e-24
1.795147760845248e-24
1.7867234627286656e-24
1.7790422810996924e-24
1.7720861866929303e-24
1.765839046938505e-24
1.760286530485399e-24
1.7554160236616783e-24
1.7512165579487054e-24
1.7476787476818158e-24
1.7447947373112736e-24
1.7425581576672692e-24
1.740964090773046e-24
1.740009042843018e-24
1.7396909251893954e-24
1.740009042843018e-24
1.740964090773046e-24
1.7425581576672692e-24
1.7447947373112736e-24
1.7476787476818158e-24
1.7512165579487054e-24
1.7554160236616783e-24
1.760286530485399e-24
1.765839046938505e-24
1.7720861866929303e-24
1.7790422810996924e-24
1.7867234627286656e-24
1.795147760845248e-24
1.804335209898697e-24
1.814307972268651e-24
1.825090476711535e-24
1.8367095741715624e-24
1.8491947128771326e-24
1.8625781349385874e-24
1.8768950970050454e-24
1.8921841179350706e-24
1.9084872568988983e-24
1.9258504258717285e-24
1.944323741113681e-24
1.963961918981443e-24
1.9848247223025618e-24
2.0069774645942364e-24
2.030491580659418e-24
2.055445273587381e-24
2.0819242499777086e-24
2.110022557362874e-24
2.1398435404099074e-24
2.171500935641814e-24
2.205120128268975e-24
2.2408395994302853e-24
2.2788125979314708e-24
2.319209077714268e-24
2.3622179511571417e-24
2.4080497193669066e-24
2.4569395544868735e-24
2.509150926531592e-24
2.564979889435248e-24
2.6247601693039492e-24
2.6888692342190284e-24
2.7577355719609373e-24
2.8318474632787895e-24
2.9117636187349707e-24
2.9981261535415497e-24
3.0916765167684642e-24
3.1932751824434466e-24
3.3039261698704663e-24
3.4248078172117035e-24
3.5573117274308855e-24
3.703092500606279e-24
3.864131854002327e-24
4.042822152558724e-24
4.242076446872814e-24
4.4654751888222394e-24
4.717464420674403e-24
5.003627316717273e-24
5.33106200478876e-24
5.7089161747718864e-24
6.14915756127123e-24
6.66770694554782e-24
7.286141479498447e-24
8.034318472102103e-24
8.954526949502183e-24
1.0108254220796313e-23
1.1587582391375318e-23
1.3535093218948105e-23
1.6180062598913354e-23
1.990728148680604e-23
2.539454901198617e-23
3.390280550218483e-23
4.7926434564209275e-23
7.275076734919636e-23
1.2046302746572774e-22
2.2112976987341315e-22
4.567206752967003e-22
1.0739505461584859e-21
2.8981432342619194e-21
9.016343412729509e-21
3.240773595403285e-20
1.3470739712542747e-19
6.479617805161557e-19
3.608159604322622e-18
2.3236997432000977e-17
1.7262273766309197e-16
1.4777064585747734e-15
1.46608845768003e-14
1.7051904045651874e-13
2.3330380018546803e-12
3.688955407445543e-11
6.533558224097899e-10
1.2977512292629345e-08
3.1013219192346533e-07
8.573850126946668e-06
0.00027422436841614394
0.010146992025581985

6.421084017451422e-23
1.1272026207911313e-20
1.4955189141590735e-18
1.499609258376328e-16
1.1364768638683033e-14
6.509376138447347e-13
2.8178276032027134e-11
9.219041150417271e-10
2.2795722983989346e-08
4.2600752525979544e-07
6.016964563263081e-06
6.42294080502841e-05
0.0005181871845427238
0.0031596261502593427
0.014560658420590792
0.05071338632290784
0.1334936141018891
0.2655795641261297
0.3993237119338842
0.453786767864591
0.38973987303488905
0.2529846282447067
0.12411083874151776
0.04601734630547586
0.012895248426264739
0.002731078219848842
0.0004371543932103786
5.288491838752125e-05
4.8353187947435495e-06
3.341293836258399e-07
1.7450204037885848e-08
6.887833367468736e-10
2.054759691288204e-11
4.632716516304014e-13
7.894174041542537e-15
1.0166558195872259e-16
9.89549418359952e-19
7.279428883967663e-21
4.04718829274494e-23
1.7006141782166297e-25
5.400754843023316e-28
1.2962817741226278e-30
2.3514765318512285e-33
3.223874785273855e-36
3.3405037617880754e-39
2.6160259494088514e-42
1.5483474133481898e-45
6.926136734603003e-49
2.3415853487164587e-52
5.983085456101776e-56
1.155411544537089e-59
1.6863374391682978e-63
1.8601524752719274e-67
1.5507753518361064e-71
9.77114634174155e-76
4.653057599466099e-80
1.6746637606001877e-84
4.555259252908767e-89
9.364721329456183e-94
1.4550331925775968e-98
1.7086268462304308e-103
1.5164141691322965e-108
1.0171493468587533e-113
5.156415416940463e-119
1.975637926260433e-124
5.7208833703653855e-130
1.252031098572516e-135
2.0709204716641632e-141
2.5888566843119127e-147
2.4459573491310174e-153
1.7465701495639463e-159
9.425827114606376e-166
3.84458253802573e-172
1.1851551038875936e-178
2.761197529140765e-185
4.862012195592416e-192
6.470396497586946e-199
6.507917337469759e-206
4.9470858186558366e-213
2.8421902378387774e-220
1.2341078801670988e-227
4.049947470521349e-235
1.0044814893756019e-242
1.8829152310496278e-250
2.6675703516800855e-258
2.8562569758287122e-266
2.311399192170905e-274
1.413672855658674e-282
6.534602338085859e-291
2.2828937095408938e-299
6.0276565941848e-308
1.20283923e-316
0.0
0.0
0.0
0.0
0.0
0.0
0.0
0.0
