0.6701239941799425
0.01492431286850664
0.0003351942141724209
7.5920957134770825e-06
1.7341626483180565e-07
1.9857373368331219e-10
3.4626229614342724e-12
6.037937420351635e-14
1.0528633552698836e-15
1.8359270189443267e-17
3.2013917115014097e-19
5.582416286073973e-21
9.734320070917503e-23
1.697418866613596e-24
2.959868576935988e-26
5.161261119651464e-28
8.999932164564307e-30
1.569360232661699e-31
2.736566834591199e-33
4.7718798386883677e-35
8.320951821300358e-37
1.4509642474902204e-38
2.530119149402678e-40
4.411911886740527e-42
7.693380971222523e-44
1.341592568732545e-45
2.3397052603063257e-47
4.0813849323538485e-49
7.124526796336318e-51
1.2461333948174219e-52
2.1918420483658651e-54
3.9161200752979385e-56
7.29723127866839e-58
1.5057095803687878e-59
3.786895712052068e-61
1.2385256671832715e-62
5.03829848985829e-64
2.3117338571779505e-65
1.116647240173547e-66
5.4996534868910914e-68
2.727687631394142e-69
1.3562172204382777e-70
6.74903696950323e-72
3.359594711920839e-73
1.6725472976799488e-74
8.326954536491868e-76
4.145717230549895e-77
2.064025959683756e-78
1.0276171242350564e-79
5.116202847576774e-81
2.547207138504755e-82
1.2681797122530158e-83
6.313894921248906e-85
3.143503166745499e-86
1.5650580682674743e-87
7.791965300081022e-89
3.879391090389563e-90
1.9314350942961987e-91
9.616049108549958e-93
4.7875489439207363e-94
2.38358026584772e-95
1.186714736559289e-96
5.908304772220755e-98
2.9415717363269413e-99
1.464522331454792e-100
7.29142734424021e-102
3.630187916869979e-103
1.807364140053989e-104
8.998336200649352e-106
4.480007796187542e-107
2.2304645443735258e-108
1.1104829076282123e-109
5.528768844343015e-111
2.752611924434218e-112
1.3704447807200392e-113
6.823042799209091e-115
3.396992983210848e-116
1.6912632190027257e-117
8.420303751254235e-119
4.1922223854187586e-120
2.087184625161334e-121
1.039148036292618e-122
5.173613432723214e-124
2.575790456838899e-125
1.282410555759298e-126
6.384746201525857e-128
3.178777956468275e-129
1.5826203544494495e-130
7.879402778734787e-132
3.922923648428067e-133
1.9531086788619917e-134
9.72395553243711e-136
4.841272388995225e-137
2.410327594183644e-138
1.2000314472057716e-139
5.974604770563301e-141
2.9745805619427188e-142
1.4809564805313262e-143
7.373293345118503e-145
3.6800233547311373e-146
3.655290926818755e-147
3.6800233547311373e-146
7.373293345118503e-145
1.4809564805313262e-143
2.9745805619427188e-142
5.974604770563301e-141
1.2000314472057716e-139
2.410327594183644e-138
4.841272388995225e-137
9.72395553243711e-136
1.9531086788619917e-134
3.922923648428067e-133
7.879402778734787e-132
1.5826203544494495e-130
3.178777956468275e-129
6.384746201525857e-128
1.282410555759298e-126
2.575790456838899e-125
5.173613432723214e-124
1.039148036292618e-122
2.087184625161334e-121
4.1922223854187586e-120
8.420303751254235e-119
1.6912632190027257e-117
3.396992983210848e-116
6.823042799209091e-115
1.3704447807200392e-113
2.752611924434218e-112
5.528768844343015e-111
1.1104829076282123e-109
2.2304645443735258e-108
4.480007796187542e-107
8.998336200649352e-106
1.807364140053989e-104
3.630187916869979e-103
7.29142734424021e-102
1.464522331454792e-100
2.9415717363269413e-99
5.908304772220755e-98
1.186714736559289e-96
2.38358026584772e-95
4.7875489439207363e-94
9.616049108549958e-93
1.9314350942961987e-91
3.879391090389563e-90
7.791965300081022e-89
1.5650580682674743e-87
3.143503166745499e-86
6.313894921248906e-85
1.2681797122530158e-83
2.547207138504755e-82
5.116202847576774e-81
1.0276171242350564e-79
2.064025959683756e-78
4.145717230549895e-77
8.326954536491868e-76
1.6725472976799488e-74
3.359594711920839e-73
6.74903696950323e-72
1.3562172204382777e-70
2.727687631394142e-69
5.4996534868910914e-68
1.116647240173547e-66
2.3117338571779505e-65
5.03829848985829e-64
1.2385256671832715e-62
3.786895712052068e-61
1.5057095803687878e-59
7.29723127866839e-58
3.9161200752979385e-56
2.1918420483658651e-54
1.2461333948174219e-52
7.124526796336318e-51
4.0813849323538485e-49
2.3397052603063257e-47
1.341592568732545e-45
7.693380971222523e-44
4.411911886740527e-42
2.530119149402678e-40
1.4509642474902204e-38
8.320951821300358e-37
4.7718798386883677e-35
2.736566834591199e-33
1.569360232661699e-31
8.999932164564307e-30
5.161261119651464e-28
2.959868576935988e-26
1.697418866613596e-24
9.734320070917503e-23
5.582416286073973e-21
3.2013917115014097e-19
1.8359270189443267e-17
1.0528633552698836e-15
6.037937420351635e-14
3.4626229614342724e-12
1.9857373368331219e-10
1.7341626483180565e-07
7.5920957134770825e-06
0.0003351942141724209
0.01492431286850664

0.0
0.0
1.0737531972177536e-298
2.489899242149635e-264
4.570816274389346e-232
6.6426358650555225e-202
7.642260124984339e-174
6.960458925054416e-148
5.018669804786293e-124
2.864666437421783e-102
1.294476545240801e-82
4.630725106349152e-65
1.3114100412455203e-49
2.940104031365837e-36
5.218210321335425e-25
7.331876658241106e-16
8.155365135597764e-09
0.0007181354390143335
0.5006151598381381
2.7627165148538215
0.1206989076444957
4.1745055661666175e-05
1.1429873879201992e-10
2.477493484881447e-18
4.251266131475822e-28
5.775089959115559e-40
6.210604926022127e-54
5.2874191812565785e-70
3.56359441770175e-88
1.9013737187527363e-108
8.031217590090977e-131
2.685529869592286e-155
7.10907786201053e-182
1.4898112298268444e-210
2.4716325457407678e-241
3.2461699707929447e-274
3.37515168547194e-309
0.0
0.0
0.0
0.0
0.0
0.0
0.0
0.0
0.0
0.0
0.0
0.0
0.0
0.0
0.0
0.0
0.0
0.0
0.0
0.0
0.0
0.0
0.0
0.0
0.0
0.0
0.0
0.0
0.0
0.0
0.0
0.0
0.0
0.0
0.0
0.0
0.0
0.0
0.0
0.0
0.0
0.0
0.0
0.0
0.0
0.0
0.0
0.0
0.0
0.0
0.0
0.0
0.0
0.0
0.0
0.0
0.0
0.0
0.0
0.0
0.0
0.0
0.0
