0.5774369698967675
0.3316779193463574
0.19309376417342822
0.11393563275077677
0.0681381574893335
0.04130099222132473
0.025372866124562306
0.015798541143049277
0.009970158174397446
0.006377103922898299
0.0041340859996497805
0.0027162355311557327
0.001808770300350752
0.001220736823978437
0.0008349793061297563
0.0005788072752640988
0.00040661438546259654
0.000289469766824559
0.00020881939320294276
0.00015263494546723322
0.0001130349209299129
8.480022557500221e-05
6.443860904866629e-05
4.958916178888088e-05
3.8639553383970694e-05
3.0477632601640796e-05
2.432868690530087e-05
1.964782037022656e-05
1.6048123293054273e-05
1.3252293519009734e-05
1.1059760740142506e-05
9.324148949281692e-06
7.937692306878416e-06
6.820367485337258e-06
5.91225182794742e-06
5.1681058377403005e-06
4.553501749034698e-06
4.042035214670361e-06
3.613301638419389e-06
3.2514164110231166e-06
2.943924903666207e-06
2.680993787952159e-06
2.4548068608328414e-06
2.2591105644743536e-06
2.088869825975753e-06
1.940005739211008e-06
1.8091943564024955e-06
1.6937113982401512e-06
1.5913116811911519e-06
1.5001349515444403e-06
1.4186319233051836e-06
1.345505862823895e-06
1.2796662034629189e-06
1.2201915198248856e-06
1.1662998225239542e-06
1.117324608311367e-06
1.072695457757822e-06
1.0319222437955866e-06
9.945822210124297e-07
9.60309423883838e-07
9.287859239832804e-07
8.997345904685403e-07
8.729130713946585e-07
8.48108770591686e-07
8.251346396902114e-07
8.038256401962378e-07
7.840357584509775e-07
7.656354784958564e-07
7.485096355529199e-07
7.325555869920542e-07
7.176816490364897e-07
7.038057566373534e-07
6.908543113792958e-07
6.787611883168168e-07
6.674668775632958e-07
6.569177404816045e-07
6.470653636303932e-07
6.378659963419214e-07
6.292800600557331e-07
6.212717193957639e-07
6.138085065272851e-07
6.06860991621465e-07
6.004024933352591e-07
5.944088241201669e-07
5.8885806593543e-07
5.837303725842575e-07
5.790077954358902e-07
5.746741297583658e-07
5.707147792804142e-07
5.671166369372823e-07
5.638679800438317e-07
5.609583783867488e-07
5.58378613942671e-07
5.561206111158793e-07
5.541773765525629e-07
5.525429477323795e-07
5.512123496654349e-07
5.501815591367327e-07
5.494474760430471e-07
5.490079014612201e-07
5.488615221739749e-07
5.490079014612201e-07
5.494474760430471e-07
5.501815591367327e-07
5.512123496654349e-07
5.525429477323795e-07
5.541773765525629e-07
5.561206111158793e-07
5.58378613942671e-07
5.609583783867488e-07
5.638679800438317e-07
5.671166369372823e-07
5.707147792804142e-07
5.746741297583658e-07
5.790077954358902e-07
5.837303725842575e-07
5.8885806593543e-07
5.944088241201669e-07
6.004024933352591e-07
6.06860991621465e-07
6.138085065272851e-07
6.212717193957639e-07
6.292800600557331e-07
6.378659963419214e-07
6.470653636303932e-07
6.569177404816045e-07
6.674668775632958e-07
6.787611883168168e-07
6.908543113792958e-07
7.038057566373534e-07
7.176816490364897e-07
7.325555869920542e-07
7.485096355529199e-07
7.656354784958564e-07
7.840357584509775e-07
8.038256401962378e-07
8.251346396902114e-07
8.48108770591686e-07
8.729130713946585e-07
8.997345904685403e-07
9.287859239832804e-07
9.60309423883838e-07
9.945822210124297e-07
1.0319222437955866e-06
1.072695457757822e-06
1.117324608311367e-06
1.1662998225239542e-06
1.2201915198248856e-06
1.2796662034629189e-06
1.345505862823895e-06
1.4186319233051836e-06
1.5001349515444403e-06
1.5913116811911519e-06
1.6937113982401512e-06
1.8091943564024955e-06
1.940005739211008e-06
2.088869825975753e-06
2.2591105644743536e-06
2.4548068608328414e-06
2.680993787952159e-06
2.943924903666207e-06
3.2514164110231166e-06
3.613301638419389e-06
4.042035214670361e-06
4.553501749034698e-06
5.1681058377403005e-06
5.91225182794742e-06
6.820367485337258e-06
7.937692306878416e-06
9.324148949281692e-06
1.1059760740142506e-05
1.3252293519009734e-05
1.6048123293054273e-05
1.964782037022656e-05
2.432868690530087e-05
3.0477632601640796e-05
3.8639553383970694e-05
4.958916178888088e-05
6.443860904866629e-05
8.480022557500221e-05
0.0001130349209299129
0.00015263494546723322
0.00020881939320294276
0.000289469766824559
0.00040661438546259654
0.0005788072752640988
0.0008349793061297563
0.001220736823978437
0.001808770300350752
0.0027162355311557327
0.0041340859996497805
0.006377103922898299
0.009970158174397446
0.015798541143049277
0.025372866124562306
0.04130099222132473
0.0681381574893335
0.11393563275077677
0.19309376417342822
0.3316779193463574

1.6326906176487572e-05
0.016415216509974066
0.7933428902475498
1.8430913181672985
0.2058279617124681
0.0011049267650712295
2.851242886893129e-07
3.5367677064063902e-12
2.1088731557582936e-18
6.044577933758293e-26
8.328237558663934e-35
5.5158421418980585e-45
1.7560713319199376e-56
2.6874728038956884e-69
1.9770497760581807e-83
6.991377134329524e-99
1.1884460089633113e-115
9.711085634195997e-134
3.8144129809698524e-153
7.202101541126606e-174
6.536757428702022e-196
2.8519184229223664e-219
5.98113257387257e-244
6.029778508291118e-270
2.922071851992154e-297
0.0
0.0
0.0
0.0
0.0
0.0
0.0
0.0
0.0
0.0
0.0
0.0
0.0
0.0
0.0
0.0
0.0
0.0
0.0
0.0
0.0
0.0
0.0
0.0
0.0
0.0
0.0
0.0
0.0
0.0
0.0
0.0
0.0
0.0
0.0
0.0
0.0
0.0
0.0
0.0
0.0
0.0
0.0
0.0
0.0
0.0
0.0
0.0
0.0
0.0
0.0
0.0
0.0
0.0
0.0
0.0
0.0
0.0
0.0
0.0
0.0
0.0
0.0
0.0
0.0
0.0
0.0
0.0
0.0
0.0
0.0
0.0
0.0
0.0
0.0
