0.2841690500543002
0.021247514957259225
0.001711566381897545
0.00014853663717562905
1.3887614831840882e-05
1.3988654483004115e-06
1.5180235923655714e-07
1.7747424551940594e-08
2.256816846580068e-09
3.0288207103267757e-10
4.405920741865715e-11
6.942157061550275e-12
1.1813457114077312e-12
2.1653305731189413e-13
4.269985385022469e-14
9.060532911724601e-15
2.0701768617162933e-15
5.09599200967945e-16
1.3517682824645402e-16
3.863707026064033e-17
1.189825123299827e-17
3.947329406525257e-18
1.4107277093242106e-18
5.430865074037472e-19
2.2516408412045497e-19
1.0049755797793864e-19
4.82498335552784e-20
2.4884254929536043e-20
1.3756201596742578e-20
8.125553755118984e-21
5.10719825658001e-21
3.39855137635956e-21
2.3807880821251855e-21
1.745336167950524e-21
1.3312965931964502e-21
1.0503600513379134e-21
8.532484487831698e-22
7.104450800735389e-22
6.040524899113315e-22
5.22796108533866e-22
4.593594774207878e-22
4.088633213570765e-22
3.6797116158142976e-22
3.3434850260033207e-22
3.063272085677228e-22
2.8269211817296177e-22
2.625422887661866e-22
2.4519886011480795e-22
2.3014267170608384e-22
2.169712536500128e-22
2.0536867089257216e-22
1.950840454878928e-22
1.8591603466937322e-22
1.7770145950656585e-22
1.7030686787252264e-22
1.6362219991428544e-22
1.5755597911040834e-22
1.5203162346269751e-22
1.4698458830635395e-22
1.4236013301382734e-22
1.3811156037374652e-22
1.3419881740744622e-22
1.305873749861165e-22
1.2724732428428827e-22
1.2415264319536172e-22
1.212805969529515e-22
1.1861124546623694e-22
1.1612703607255375e-22
1.1381246509155807e-22
1.116537951294152e-22
1.096388178148544e-22
1.077566537597405e-22
1.0599758317761243e-22
1.0435290187713059e-22
1.0281479835742283e-22
1.0137624853176061e-22
1.0003092524224533e-22
9.877312023723269e-23
9.759767669257566e-23
9.649993068855871e-23
9.547566032296559e-23
9.452104135976823e-23
9.363260849236783e-23
9.280722144795051e-23
9.204203528149046e-23
9.133447430911924e-23
9.068220921486584e-23
9.008313693526885e-23
8.953536298556865e-23
8.90371859411245e-23
8.85870838300037e-23
8.818370222869526e-23
8.782584388370026e-23
8.751245970824134e-23
8.724264102626503e-23
8.701561295589449e-23
8.683072884205129e-23
8.668746566353959e-23
8.65854203538483e-23
8.652430698760244e-23
8.65039547962641e-23
8.652430698760244e-23
8.65854203538483e-23
8.668746566353959e-23
8.683072884205129e-23
8.701561295589449e-23
8.724264102626503e-23
8.751245970824134e-23
8.782584388370026e-23
8.818370222869526e-23
8.85870838300037e-23
8.90371859411245e-23
8.953536298556865e-23
9.008313693526885e-23
9.068220921486584e-23
9.133447430911924e-23
9.204203528149046e-23
9.280722144795051e-23
9.363260849236783e-23
9.452104135976823e-23
9.547566032296559e-23
9.649993068855871e-23
9.759767669257566e-23
9.877312023723269e-23
1.0003092524224533e-22
1.0137624853176061e-22
1.0281479835742283e-22
1.0435290187713059e-22
1.0599758317761243e-22
1.077566537597405e-22
1.096388178148544e-22
1.116537951294152e-22
1.1381246509155807e-22
1.1612703607255375e-22
1.1861124546623694e-22
1.212805969529515e-22
1.2415264319536172e-22
1.2724732428428827e-22
1.305873749861165e-22
1.3419881740744622e-22
1.3811156037374652e-22
1.4236013301382734e-22
1.4698458830635395e-22
1.5203162346269751e-22
1.5755597911040834e-22
1.6362219991428544e-22
1.7030686787252264e-22
1.7770145950656585e-22
1.8591603466937322e-22
1.950840454878928e-22
2.0536867089257216e-22
2.169712536500128e-22
2.3014267170608384e-22
2.4519886011480795e-22
2.625422887661866e-22
2.8269211817296177e-22
3.063272085677228e-22
3.3434850260033207e-22
3.6797116158142976e-22
4.088633213570765e-22
4.593594774207878e-22
5.22796108533866e-22
6.040524899113315e-22
7.104450800735389e-22
8.532484487831698e-22
1.0503600513379134e-21
1.3312965931964502e-21
1.745336167950524e-21
2.3807880821251855e-21
3.39855137635956e-21
5.10719825658001e-21
8.125553755118984e-21
1.3756201596742578e-20
2.4884254929536043e-20
4.82498335552784e-20
1.0049755797793864e-19
2.2516408412045497e-19
5.430865074037472e-19
1.4107277093242106e-18
3.947329406525257e-18
1.189825123299827e-17
3.863707026064033e-17
1.3517682824645402e-16
5.09599200967945e-16
2.0701768617162933e-15
9.060532911724601e-15
4.269985385022469e-14
2.1653305731189413e-13
1.1813457114077312e-12
6.942157061550275e-12
4.405920741865715e-11
3.0288207103267757e-10
2.256816846580068e-09
1.7747424551940594e-08
1.5180235923655714e-07
1.3988654483004115e-06
1.3887614831840882e-05
0.00014853663717562905
0.001711566381897545
0.021247514957259225

2.806864923047761e-21
2.674716951291195e-18
1.4737243818280428e-15
4.695013323730513e-13
8.648474538697671e-11
9.211371861524835e-09
5.67271860162272e-07
2.01994845866518e-05
0.00041588327681583325
0.004950906768054248
0.03407847568488225
0.13563060379361838
0.3121169477974545
0.4152973206370432
0.3195089506250885
0.14213107809763123
0.03655755932629186
0.005436851341757583
0.00046751962409041314
2.3245257074050624e-05
6.682684897064657e-07
1.1108354621071347e-08
1.0676541913631977e-10
5.933263072874764e-13
1.906508395209595e-15
3.542141946599178e-18
3.805181018659996e-21
2.3635609395384852e-24
8.488684812652146e-28
1.7627719628944178e-31
2.1165765594979637e-35
1.469447084785305e-39
5.898696384077817e-44
1.3691160317102957e-48
1.8374121787083115e-53
1.4257883018714092e-58
6.397136614389614e-64
1.6595805083816385e-69
2.4893911841381977e-75
2.1590867427218135e-81
1.0827524024647953e-87
3.139571247220034e-94
5.263730576736168e-101
5.102688797689879e-108
2.8601356728968346e-115
9.269500000276559e-123
1.7370331415829349e-130
1.88209708552272e-138
1.1791201511250805e-146
4.271262104660105e-155
8.946156791910743e-164
1.0834251429830251e-172
7.586534486519623e-182
3.071638373035195e-191
7.190827229761729e-201
9.733515973356367e-211
7.618031415466857e-221
3.447449351371332e-231
9.020594307326408e-242
1.3647544840580753e-252
1.1938672264465384e-263
6.038647132674328e-275
1.7660597646899012e-286
2.986436342523699e-298
2.92000267541964e-310
1.63e-322
0.0
0.0
0.0
0.0
0.0
0.0
0.0
0.0
0.0
0.0
0.0
0.0
0.0
0.0
0.0
0.0
0.0
0.0
0.0
0.0
0.0
0.0
0.0
0.0
0.0
0.0
0.0
0.0
0.0
0.0
0.0
0.0
0.0
0.0
