1.3258930438532224
0.22706258338975543
0.05975655873121653
0.01733180203735556
0.005557999683116254
0.00203090706270535
0.0008656801480663913
0.00043139647236156443
0.0002465386851245122
0.00015707206638658174
0.00010869493183599632
8.008816642398716e-05
6.193416864036633e-05
4.974660725452768e-05
4.118158942900694e-05
3.492998469617982e-05
3.0219349769339837e-05
2.657284146469968e-05
2.3684282836990505e-05
2.1350384563531976e-05
1.943211369161193e-05
1.7831856214280407e-05
1.6479457945555974e-05
1.532343487684526e-05
1.4325288832999743e-05
1.3455741435716414e-05
1.2692183558698568e-05
1.2016912982020573e-05
1.1415894113378422e-05
1.0877870304255166e-05
1.0393718614396445e-05
9.955974071290878e-06
9.558474252954203e-06
9.196090509072167e-06
8.864522393775747e-06
8.560138786917569e-06
8.2798538960738e-06
8.02102959716751e-06
7.781397862835948e-06
7.558998654902896e-06
7.352129826281131e-06
7.1593064264631835e-06
6.979227427407846e-06
6.810748347749598e-06
6.652858597847905e-06
6.504662627907187e-06
6.365364158729189e-06
6.234252925743371e-06
6.110693483479356e-06
5.99411570812844e-06
5.884006706568384e-06
5.779903895856876e-06
5.681389061217311e-06
5.58808323556821e-06
5.499642271672544e-06
5.415753000521448e-06
5.336129887782935e-06
5.260512114938508e-06
5.1886610237977345e-06
5.120357872967416e-06
5.055401862986304e-06
4.993608393555638e-06
4.9348075218677525e-06
4.8788425956727985e-06
4.825569038597602e-06
4.774853268477815e-06
4.726571732195339e-06
4.680610042816932e-06
4.636862206779747e-06
4.5952299305246035e-06
4.5556219973868545e-06
4.517953706757525e-06
4.482146368557138e-06
4.448126846948434e-06
4.415827147974749e-06
4.385184046466985e-06
4.356138748129536e-06
4.328636583207498e-06
4.302626728565073e-06
4.278061955377382e-06
4.254898399963206e-06
4.233095355570589e-06
4.212615083177029e-06
4.193422639585382e-06
4.175485721290213e-06
4.158774522760242e-06
4.143261607934153e-06
4.1289217938615555e-06
4.115732045540941e-06
4.1036713811136545e-06
4.092720786669108e-06
4.082863140003074e-06
4.074083142749126e-06
4.066367260374467e-06
4.059703669596197e-06
4.054082212833654e-06
4.049494359367487e-06
4.04593317292725e-06
4.043393285477225e-06
4.0418708770156035e-06
4.041363661245196e-06
4.0418708770156035e-06
4.043393285477225e-06
4.04593317292725e-06
4.049494359367487e-06
4.054082212833654e-06
4.059703669596197e-06
4.066367260374467e-06
4.074083142749126e-06
4.082863140003074e-06
4.092720786669108e-06
4.1036713811136545e-06
4.115732045540941e-06
4.1289217938615555e-06
4.143261607934153e-06
4.158774522760242e-06
4.175485721290213e-06
4.193422639585382e-06
4.212615083177029e-06
4.233095355570589e-06
4.254898399963206e-06
4.278061955377382e-06
4.302626728565073e-06
4.328636583207498e-06
4.356138748129536e-06
4.385184046466985e-06
4.415827147974749e-06
4.448126846948434e-06
4.482146368557138e-06
4.517953706757525e-06
4.5556219973868545e-06
4.5952299305246035e-06
4.636862206779747e-06
4.680610042816932e-06
4.726571732195339e-06
4.774853268477815e-06
4.825569038597602e-06
4.8788425956727985e-06
4.9348075218677525e-06
4.993608393555638e-06
5.055401862986304e-06
5.120357872967416e-06
5.1886610237977345e-06
5.260512114938508e-06
5.336129887782935e-06
5.415753000521448e-06
5.499642271672544e-06
5.58808323556821e-06
5.681389061217311e-06
5.779903895856876e-06
5.884006706568384e-06
5.99411570812844e-06
6.110693483479356e-06
6.234252925743371e-06
6.365364158729189e-06
6.504662627907187e-06
6.652858597847905e-06
6.810748347749598e-06
6.979227427407846e-06
7.1593064264631835e-06
7.352129826281131e-06
7.558998654902896e-06
7.781397862835948e-06
8.02102959716751e-06
8.2798538960738e-06
8.560138786917569e-06
8.864522393775747e-06
9.196090509072167e-06
9.558474252954203e-06
9.955974071290878e-06
1.0393718614396445e-05
1.0877870304255166e-05
1.1415894113378422e-05
1.2016912982020573e-05
1.2692183558698568e-05
1.3455741435716414e-05
1.4325288832999743e-05
1.532343487684526e-05
1.6479457945555974e-05
1.7831856214280407e-05
1.943211369161193e-05
2.1350384563531976e-05
2.3684282836990505e-05
2.657284146469968e-05
3.0219349769339837e-05
3.492998469617982e-05
4.118158942900694e-05
4.974660725452768e-05
6.193416864036633e-05
8.008816642398716e-05
0.00010869493183599632
0.00015707206638658174
0.0002465386851245122
0.00043139647236156443
0.0008656801480663913
0.00203090706270535
0.005557999683116254
0.01733180203735556
0.05975655873121653
0.22706258338975543

0.00018011116211324868
0.0013994536378954129
0.007848607583118327
0.03177188113315779
0.09283451229564145
0.19601144758475075
0.6012557964512488
2.822980574693679
0.38277557218156877
0.14872801522161433
0.061443335333949294
0.018348178973307455
0.004076768208869256
0.0012320171750953087
0.0025262541197066117
0.008261505757275325
0.023471859780018266
0.05647020683799805
0.114974069505994
0.1980994963618011
0.28884821058848087
0.3564173460496003
0.3721781075005803
0.3288862029988923
0.24594801805126054
0.15564810588208677
0.0833579822096403
0.03777925481677273
0.014489801028719666
0.004702992616490635
0.0012917813570895746
0.0003002662835882965
5.9064558967127286e-05
9.83218864964846e-06
1.3850845361394372e-06
1.6512209837175582e-07
1.6658540843014874e-08
1.42223563998391e-09
1.0275642766110893e-10
6.282742757483164e-12
3.2508160806486656e-13
1.4234373628343956e-14
5.274571252470263e-16
1.6540125721945063e-17
4.389280036262324e-19
9.857132938455039e-21
1.8733148604113314e-22
3.0128241463499995e-24
4.100526557561056e-26
4.722895269900227e-28
4.6034119628781665e-30
3.7971190118807317e-32
2.650522023539476e-34
1.5657105056543138e-36
7.826982352647602e-39
3.3111593686278215e-41
1.1854101848123877e-43
3.5913692925498e-46
9.207766896750405e-49
1.9977972361701273e-51
3.668185926596821e-54
5.699727767241148e-57
7.49479445267812e-60
8.340040904609254e-63
7.853793447365862e-66
6.258836554602673e-69
4.2209536777037813e-72
2.408964512789044e-75
1.1634642927161692e-78
4.7553069615311844e-82
1.6447765078942464e-85
4.814354576795811e-89
1.1925376299982091e-92
2.499821226867211e-96
4.4345407658382864e-100
6.65719368190892e-104
8.457394200490294e-108
9.092531104828999e-112
8.272482513072874e-116
6.369271484959894e-120
4.149984782567876e-124
2.2882637899394056e-128
1.0677473761291711e-132
4.2163220732462316e-137
1.4089704464388538e-141
3.984490814988165e-146
9.535569083111944e-151
1.931182175299766e-155
3.309807320713968e-160
4.800483935759915e-165
5.8921008242739934e-170
6.120094940972852e-175
5.379587670878341e-180
4.0016827974779977e-185
2.519063827022364e-190
1.34195676332041e-195
6.049795797332698e-201
2.3080528485822723e-206
7.451670147781795e-212
2.035937006466716e-217
