0.5588725268242061
0.005297427126643119
7.849106652835504e-05
1.8179354384930494e-06
6.581713587942222e-08
3.7140425869863915e-09
3.294039540991699e-10
4.5381587253256454e-11
9.606513558130635e-12
3.0045192280941234e-12
1.2927077781542905e-12
7.031188628437649e-13
4.488700450944481e-13
3.190925639207202e-13
2.4393673847064395e-13
1.9615438201612826e-13
1.635720046315044e-13
1.401349277238288e-13
1.2256075568981916e-13
1.08941380276939e-13
9.810237679011502e-14
8.928589726891304e-14
8.198316712361343e-14
7.5840997398071e-14
7.06070918515472e-14
6.60967250366316e-14
6.21717124413756e-14
5.872672260957142e-14
5.568012263270301e-14
5.296770632473563e-14
5.0538304061595996e-14
4.835065000412395e-14
4.637110745279319e-14
4.4571991130528025e-14
4.293031194892853e-14
4.14268255496453e-14
4.004530244444685e-14
3.877196196564587e-14
3.759502879682998e-14
3.650438227233835e-14
3.5491276622149857e-14
3.454811600232962e-14
3.3668272216559685e-14
3.284593598640487e-14
3.207599479493813e-14
3.135393193513156e-14
3.0675742597158755e-14
3.003786373709684e-14
2.943711516128964e-14
2.8870649791647734e-14
2.8335911487824954e-14
2.7830599122048005e-14
2.7352635853143676e-14
2.6900142744172267e-14
2.6471416025138845e-14
2.6064907427645215e-14
2.5679207118998697e-14
2.5313028844509374e-14
2.496519695256606e-14
2.4634635030738483e-14
2.4320355925069892e-14
2.4021452950822915e-14
2.37370921327391e-14
2.346650533756597e-14
2.3208984182147844e-14
2.296387461752913e-14
2.273057210389088e-14
2.2508517303225244e-14
2.229719222684598e-14
2.2096116783458676e-14
2.190484568083639e-14
2.1722965640379398e-14
2.1550092889159867e-14
2.138587089860827e-14
2.122996834291025e-14
2.108207725354934e-14
2.0941911349336346e-14
2.0809204523780183e-14
2.068370947383481e-14
2.0565196455952422e-14
2.0453452157025093e-14
2.0348278669240146e-14
2.0249492559138547e-14
2.015692402227524e-14
2.007041611585676e-14
1.9989824062593616e-14
1.9915014619766838e-14
1.9845865508184957e-14
1.978226489630944e-14
1.972411093536405e-14
1.9671311341724788e-14
1.9623783023320334e-14
1.95814517471632e-14
1.954425184548666e-14
1.9512125958285666e-14
1.9485024810356005e-14
1.9462907021199694e-14
1.944573894641836e-14
1.9433494549454546e-14
1.9426155302764967e-14
1.942371011772446e-14
1.9426155302764967e-14
1.9433494549454546e-14
1.944573894641836e-14
1.9462907021199694e-14
1.9485024810356005e-14
1.9512125958285666e-14
1.954425184548666e-14
1.95814517471632e-14
1.9623783023320334e-14
1.9671311341724788e-14
1.972411093536405e-14
1.978226489630944e-14
1.9845865508184957e-14
1.9915014619766838e-14
1.9989824062593616e-14
2.007041611585676e-14
2.015692402227524e-14
2.0249492559138547e-14
2.0348278669240146e-14
2.0453452157025093e-14
2.0565196455952422e-14
2.068370947383481e-14
2.0809204523780183e-14
2.0941911349336346e-14
2.108207725354934e-14
2.122996834291025e-14
2.138587089860827e-14
2.1550092889159867e-14
2.1722965640379398e-14
2.190484568083639e-14
2.2096116783458676e-14
2.229719222684598e-14
2.2508517303225244e-14
2.273057210389088e-14
2.296387461752913e-14
2.3208984182147844e-14
2.346650533756597e-14
2.37370921327391e-14
2.4021452950822915e-14
2.4320355925069892e-14
2.4634635030738483e-14
2.496519695256606e-14
2.5313028844509374e-14
2.5679207118998697e-14
2.6064907427645215e-14
2.6471416025138845e-14
2.6900142744172267e-14
2.7352635853143676e-14
2.7830599122048005e-14
2.8335911487824954e-14
2.8870649791647734e-14
2.943711516128964e-14
3.003786373709684e-14
3.0675742597158755e-14
3.135393193513156e-14
3.207599479493813e-14
3.284593598640487e-14
3.3668272216559685e-14
3.454811600232962e-14
3.5491276622149857e-14
3.650438227233835e-14
3.759502879682998e-14
3.877196196564587e-14
4.004530244444685e-14
4.14268255496453e-14
4.293031194892853e-14
4.4571991130528025e-14
4.637110745279319e-14
4.835065000412395e-14
5.0538304061595996e-14
5.296770632473563e-14
5.568012263270301e-14
5.872672260957142e-14
6.21717124413756e-14
6.60967250366316e-14
7.06070918515472e-14
7.5840997398071e-14
8.198316712361343e-14
8.928589726891304e-14
9.810237679011502e-14
1.08941380276939e-13
1.2256075568981916e-13
1.401349277238288e-13
1.635720046315044e-13
1.9615438201612826e-13
2.4393673847064395e-13
3.190925639207202e-13
4.488700450944481e-13
7.031188628437649e-13
1.2927077781542905e-12
3.0045192280941234e-12
9.606513558130635e-12
4.5381587253256454e-11
3.294039540991699e-10
3.7140425869863915e-09
6.581713587942222e-08
1.8179354384930494e-06
7.849106652835504e-05
0.005297427126643119

8.652889076019284e-13
7.519472275889812e-12
5.963971918343297e-11
4.3172362873742095e-10
2.852318698821158e-09
1.719935975816268e-08
9.465607973164267e-08
4.754520763027644e-07
2.1796511161572667e-06
9.11988205079749e-06
3.4826791049904415e-05
0.00012138351245316111
0.0003861250183952348
0.0011210324522616599
0.0029705059687276858
0.007183972730769037
0.01585699620866384
0.03194472626237933
0.05873533106189623
0.09856476083358004
0.15096140365303407
0.2110241596832428
0.26922813032374554
0.3134950532263098
0.33316774608703753
0.32315971072282196
0.28608393583421016
0.23114884874550423
0.17045588461266384
0.11472399566931318
0.07047231389346106
0.03950979713326718
0.020216830481725744
0.009441550942376056
0.004024348784383335
0.0015655606156130134
0.0005558609467517784
0.0001801293324806768
5.327515450155961e-05
1.4380930834374504e-05
3.543001030113211e-06
7.966683448741089e-07
1.6349551551222394e-07
3.062359201967502e-08
5.235141407562296e-09
8.168131203128586e-10
1.1631587569507206e-10
1.51174063051369e-11
1.7932365328005848e-12
1.9414216649203816e-13
1.91833374711332e-14
1.7300173695658318e-15
1.4239631859144653e-16
1.0697174020890648e-17
7.334345454157381e-19
4.5896087410020365e-20
2.6212712707629394e-21
1.3663761496037811e-22
6.500557126196963e-24
2.822623071618062e-25
1.1186061336124656e-26
4.045977907658429e-28
1.335647387983467e-29
4.024223869169998e-31
1.1066096361022908e-32
2.777338177092807e-34
6.361874267990809e-36
1.3300360145803865e-37
2.537836980527199e-39
4.4196313292879896e-41
7.0247418138368475e-43
1.0190528119388159e-44
1.3492269827731977e-46
1.6304044257527403e-48
1.7981572757596042e-50
1.810014296024346e-52
1.6628701481945096e-54
1.3943014217700312e-56
1.0670309212042973e-58
7.452797840483101e-61
4.7509852108972813e-63
2.7642035313031554e-65
1.4678387810238226e-67
7.113915455147531e-70
3.1467413184523867e-72
1.2703850879282228e-74
4.680925544668697e-77
1.574164378652287e-79
4.831593957307824e-82
1.3534829200075543e-84
3.4604862765883354e-87
8.075017725290274e-90
1.719775821083975e-92
3.342890835448848e-95
5.930544266404371e-98
9.602601592689682e-101
1.4190747436795393e-103
1.9140074865329655e-106
2.356155748117359e-109
2.6471975938341694e-112
