1.5083316124621888
0.44899417651750173
0.20461985887135148
0.11859525790170367
0.08126742258060608
0.06193842679318493
0.0503057763297615
0.042486778806187994
0.03682658477258842
0.03252210946999713
0.02913437503378681
0.026399411083978398
0.024146895789751106
0.02226118860101758
0.02066075591815182
0.019286405841868935
0.01809413432156692
0.017050568229053167
0.016129956604802917
0.01531212623405991
0.01458105894169119
0.013923881037865328
0.013330132487857346
0.012791229812366398
0.012300065593531546
0.011850705872752814
0.011438158733392843
0.011058195346336614
0.010707210160190678
0.010382110633480794
0.010080229498459277
0.009799254379153733
0.009537170898712666
0.009292216361763396
0.009062841793622345
0.008847680633140289
0.008645522760529217
0.008455292831297095
0.008276032107623387
0.008106883147182083
0.00794707683959484
0.007795921381878112
0.007652792863425316
0.007517127193420212
0.007388413152984383
0.007266186393735597
0.007150024235985137
0.00703954114521832
0.006934384786078881
0.006834232569816209
0.00673878862483296
0.00664778113119759
0.00656095996924014
0.0064780946400074865
0.0063989724217162055
0.0063233967316460036
0.006251185667355845
0.006182170704832422
0.00611619553432105
0.006053115017243126
0.0059927942498543664
0.005935107721211171
0.005879938554643848
0.005827177823330363
0.00577672393176024
0.005728482055906298
0.005682363635807786
0.00563828591503387
0.005596171522158981
0.005555948089956799
0.0055175479085198455
0.0054809076089478185
0.005445967874628816
0.005412673177471127
0.005380971536735919
0.005350814298378316
0.005322155933030967
0.005294953850964106
0.005269168232532927
0.005244761872779766
0.005221700038997623
0.005199950340185304
0.005179482607434737
0.005160268784389526
0.005142282827002021
0.0051255006118952695
0.005109899852707462
0.00509546002386058
0.005082162291253076
0.005069989449428947
0.005058925864823543
0.005048957424730067
0.005040071491670846
0.005032256862894309
0.005025503734752669
0.005019803671747024
0.0050151495800562045
0.005011535685393502
0.005008957515061847
0.005007411884103093
0.005006896885461271
0.005007411884103093
0.005008957515061847
0.005011535685393502
0.0050151495800562045
0.005019803671747024
0.005025503734752669
0.005032256862894309
0.005040071491670846
0.005048957424730067
0.005058925864823543
0.005069989449428947
0.005082162291253076
0.00509546002386058
0.005109899852707462
0.0051255006118952695
0.005142282827002021
0.005160268784389526
0.005179482607434737
0.005199950340185304
0.005221700038997623
0.005244761872779766
0.005269168232532927
0.005294953850964106
0.005322155933030967
0.005350814298378316
0.005380971536735919
0.005412673177471127
0.005445967874628816
0.0054809076089478185
0.0055175479085198455
0.005555948089956799
0.005596171522158981
0.00563828591503387
0.005682363635807786
0.005728482055906298
0.00577672393176024
0.005827177823330363
0.005879938554643848
0.005935107721211171
0.0059927942498543664
0.006053115017243126
0.00611619553432105
0.006182170704832422
0.006251185667355845
0.0063233967316460036
0.0063989724217162055
0.0064780946400074865
0.00656095996924014
0.00664778113119759
0.00673878862483296
0.006834232569816209
0.006934384786078881
0.00703954114521832
0.007150024235985137
0.007266186393735597
0.007388413152984383
0.007517127193420212
0.007652792863425316
0.007795921381878112
0.00794707683959484
0.008106883147182083
0.008276032107623387
0.008455292831297095
0.008645522760529217
0.008847680633140289
0.009062841793622345
0.009292216361763396
0.009537170898712666
0.009799254379153733
0.010080229498459277
0.010382110633480794
0.010707210160190678
0.011058195346336614
0.011438158733392843
0.011850705872752814
0.012300065593531546
0.012791229812366398
0.013330132487857346
0.013923881037865328
0.01458105894169119
0.01531212623405991
0.016129956604802917
0.017050568229053167
0.01809413432156692
0.019286405841868935
0.02066075591815182
0.02226118860101758
0.024146895789751106
0.026399411083978398
0.02913437503378681
0.03252210946999713
0.03682658477258842
0.042486778806187994
0.0503057763297615
0.06193842679318493
0.08126742258060608
0.11859525790170367
0.20461985887135148
0.44899417651750173

0.24673525429345683
0.31160917882527395
0.34604617426906265
0.3379113569260261
0.2913944499838172
0.5729579971141165
2.7924893090098055
0.6075437383631918
0.04657451006459623
0.0214328088449659
0.016568820449291397
0.03577913192095316
0.09537031116312905
0.20516940270334452
0.33684808510294734
0.4195570480490216
0.39616869416696887
0.2835704031256889
0.15386046849496648
0.06328160987168964
0.019729318801593988
0.004662627454450469
0.0008352825041200738
0.00011342795221190668
1.167591261240763e-05
9.110571426580483e-07
5.388705329796533e-08
2.4160576402247225e-09
8.211342805851216e-11
2.1154614353979757e-12
4.131236702588899e-14
6.115600151670711e-16
6.862496327814155e-18
5.837262301474964e-20
3.7637463378943774e-22
1.8395668688970926e-24
6.815458853256272e-27
1.914079017420247e-29
4.07488419592085e-32
6.57652209526049e-35
8.05121532741987e-38
7.514403562078685e-41
5.60453131438805e-44
4.855074116645165e-47
1.1452557636011326e-49
4.5803943897644184e-52
1.7607895552112256e-54
5.991818613279077e-57
1.7936280572543587e-59
4.72128505593485e-62
1.0927812954485249e-64
2.224083433651629e-67
3.980280454179131e-70
6.263557208627231e-73
8.667087851766345e-76
1.0545571600673383e-78
1.128266845760493e-81
1.0614469760205723e-84
8.780708452802975e-88
6.387127513375026e-91
4.085322928021397e-94
2.297692846089891e-97
1.1363243900485452e-100
4.941484763900289e-104
1.8895455628716207e-107
6.353339341607756e-111
1.8784148449164084e-114
4.883438772602271e-118
1.1163612621562195e-121
2.2440294118503433e-125
3.9664054607498386e-129
6.1646786906694024e-133
8.424973814636519e-137
1.0124450224633016e-140
1.0698406985997645e-144
9.940576149757423e-149
8.121734227840252e-153
5.834864386200253e-157
3.686018709811471e-161
2.0475243712008284e-165
1.0001045427945547e-169
4.295428516147643e-174
1.6222297727007945e-178
5.387198960479499e-183
1.5731076336920101e-187
4.039230505115128e-192
9.119764263394762e-197
1.8105618408166595e-201
3.160733571928183e-206
4.851848053162285e-211
6.548943887936689e-216
7.772847068778589e-221
8.112108531737831e-226
7.444442119654568e-231
6.007244916801618e-236
4.262489236391709e-241
2.659475708287145e-246
1.4590612921165712e-251
7.038754534166342e-257
2.98581489281387e-262
