0.7714145838184064
0.01382240823037292
0.0004182616089752004
1.801926018761155e-05
9.253640240453774e-07
5.2304321517138095e-08
3.2825701916177634e-09
1.8856695371778103e-10
1.2907561894650547e-11
1.297925397211743e-12
2.446944021747503e-13
8.301722532246118e-14
4.021086588583129e-14
2.389520251313741e-14
1.6092517473746585e-14
1.1830046396129367e-14
9.236547618180097e-15
7.53075181322201e-15
6.339632200769513e-15
5.468103479708735e-15
4.8063240337917984e-15
4.288571023938914e-15
3.873478145930323e-15
3.5338782905705287e-15
3.2512748030693836e-15
3.0126801286749356e-15
2.8087293918810707e-15
2.6325121535025462e-15
2.478824990677382e-15
2.3436793868486845e-15
2.223969366608793e-15
2.1172418664213192e-15
2.0215348242035328e-15
1.9352609062104554e-15
1.8571226121667615e-15
1.7860493505308995e-15
1.7211501535384941e-15
1.6616776955985692e-15
1.6070005953150598e-15
1.5565818663057671e-15
1.509961986404872e-15
1.4667454738944687e-15
1.4265901540164835e-15
1.3891985088161046e-15
1.3543106545784187e-15
1.3216986013310947e-15
1.2911615300607101e-15
1.2625218836689007e-15
1.235622113020919e-15
1.2103219537624683e-15
1.1864961357853197e-15
1.164032447383558e-15
1.1428300917677086e-15
1.1227982857978355e-15
1.1038550603752304e-15
1.0859262295032647e-15
1.0689445010477122e-15
1.0528487070400848e-15
1.0375831352368314e-15
1.0230969467736304e-15
1.0093436672924989e-15
9.96280740990205e-16
9.838691387332701e-16
9.720730127811625e-16
9.60859391813045e-16
9.50197910910559e-16
9.400605719460939e-16
9.304215304920705e-16
9.212569059253515e-16
9.125446118709416e-16
9.04264204525997e-16
8.96396746741225e-16
8.889246860222549e-16
8.818317448567927e-16
8.751028219811926e-16
8.687239033781474e-16
8.626819819501731e-16
8.569649849453469e-16
8.515617083255599e-16
8.464617573660961e-16
8.416554928608897e-16
8.371339823822508e-16
8.328889561087995e-16
8.289127667921526e-16
8.251983534827186e-16
8.217392086787585e-16
8.185293486014755e-16
8.155632863330468e-16
8.128360075847779e-16
8.103429488895082e-16
8.080799780364383e-16
8.060433765881132e-16
8.042298243386954e-16
8.0263638559019755e-16
8.012604971392991e-16
8.000999578819434e-16
7.99152919956316e-16
7.984178813572464e-16
7.9789367996667335e-16
7.975794889557564e-16
7.974748135246261e-16
7.975794889557564e-16
7.9789367996667335e-16
7.984178813572464e-16
7.99152919956316e-16
8.000999578819434e-16
8.012604971392991e-16
8.0263638559019755e-16
8.042298243386954e-16
8.060433765881132e-16
8.080799780364383e-16
8.103429488895082e-16
8.128360075847779e-16
8.155632863330468e-16
8.185293486014755e-16
8.217392086787585e-16
8.251983534827186e-16
8.289127667921526e-16
8.328889561087995e-16
8.371339823822508e-16
8.416554928608897e-16
8.464617573660961e-16
8.515617083255599e-16
8.569649849453469e-16
8.626819819501731e-16
8.687239033781474e-16
8.751028219811926e-16
8.818317448567927e-16
8.889246860222549e-16
8.96396746741225e-16
9.04264204525997e-16
9.125446118709416e-16
9.212569059253515e-16
9.304215304920705e-16
9.400605719460939e-16
9.50197910910559e-16
9.60859391813045e-16
9.720730127811625e-16
9.838691387332701e-16
9.96280740990205e-16
1.0093436672924989e-15
1.0230969467736304e-15
1.0375831352368314e-15
1.0528487070400848e-15
1.0689445010477122e-15
1.0859262295032647e-15
1.1038550603752304e-15
1.1227982857978355e-15
1.1428300917677086e-15
1.164032447383558e-15
1.1864961357853197e-15
1.2103219537624683e-15
1.235622113020919e-15
1.2625218836689007e-15
1.2911615300607101e-15
1.3216986013310947e-15
1.3543106545784187e-15
1.3891985088161046e-15
1.4265901540164835e-15
1.4667454738944687e-15
1.509961986404872e-15
1.5565818663057671e-15
1.6070005953150598e-15
1.6616776955985692e-15
1.7211501535384941e-15
1.7860493505308995e-15
1.8571226121667615e-15
1.9352609062104554e-15
2.0215348242035328e-15
2.1172418664213192e-15
2.223969366608793e-15
2.3436793868486845e-15
2.478824990677382e-15
2.6325121535025462e-15
2.8087293918810707e-15
3.0126801286749356e-15
3.2512748030693836e-15
3.5338782905705287e-15
3.873478145930323e-15
4.288571023938914e-15
4.8063240337917984e-15
5.468103479708735e-15
6.339632200769513e-15
7.53075181322201e-15
9.236547618180097e-15
1.1830046396129367e-14
1.6092517473746585e-14
2.389520251313741e-14
4.021086588583129e-14
8.301722532246118e-14
2.446944021747503e-13
1.297925397211743e-12
1.2907561894650547e-11
1.8856695371778103e-10
3.2825701916177634e-09
5.2304321517138095e-08
9.253640240453774e-07
1.801926018761155e-05
0.0004182616089752004
0.01382240823037292

3.4786910592994104e-14
4.3520773024674616e-13
4.856773543110496e-12
4.8347010045795684e-11
4.293010011168098e-10
3.4003584056555e-09
2.4024701656254865e-08
1.5141259952374886e-07
8.512590473454632e-07
4.284477646690914e-06
2.123020480312084e-05
0.00019725621818659058
0.0031692777854231786
0.030162709440386844
0.12757809758857963
0.23201283541354323
0.18712593012679385
0.09052329383629351
0.08737232942300437
0.1708412082769584
0.31756992584064014
0.4851106044507704
0.5864879637573998
0.5552993476754271
0.41640094916027415
0.2563795235720575
0.1381807621952904
0.07022041868037068
0.03497332869003418
0.016786883071770203
0.00748275273312028
0.0030202913600629135
0.0010921598962034585
0.00035263684059346406
0.00010158300698316987
2.6103424984139616e-05
5.983372285445952e-06
1.2233908737938901e-06
2.2312846372407592e-07
3.630071912768615e-08
5.268002781043851e-09
6.819417441583758e-10
7.874428972281679e-11
8.110756765553158e-12
7.452023203505516e-13
6.107416429256014e-14
4.46489634611724e-15
2.911627030949059e-16
1.6936771084999548e-17
8.788120562678537e-19
4.0675407113182544e-20
1.679338807176118e-21
6.184651794247069e-23
2.0317145736727635e-24
5.953613699694616e-26
1.5562132966784107e-27
3.628508167044665e-29
7.546708959597844e-31
1.4000953457299562e-32
2.3170112137201757e-34
3.42033916171537e-36
4.503816874307853e-38
5.290086678618473e-40
5.542623335328808e-42
5.18010373933857e-44
4.318491430115531e-46
3.2114131433318545e-48
2.1302511693358544e-50
1.2604799960990016e-52
6.652909514832257e-55
3.1322598898735986e-57
1.3154503932825802e-59
4.927897598271873e-62
1.6467185872590386e-64
4.908486649723592e-67
1.3051077065652628e-69
3.095391656981543e-72
6.548704209790577e-75
1.235849696761673e-77
2.080398104708777e-80
3.123904560077053e-83
4.184268820229982e-86
4.999331241772256e-89
5.328129367664781e-92
5.065334412619702e-95
4.295482933816703e-98
3.2492743829247754e-101
2.192458031959803e-104
1.3196133625273595e-107
7.084882203584278e-111
3.393040759020405e-114
1.4494927015757792e-117
5.523489118578809e-121
1.877506659460523e-124
5.692722092948741e-128
1.5396747703454636e-131
3.7145697459620274e-135
7.993897119043734e-139
1.5345431521876387e-142
2.6276660503057724e-146
