0.5621601413800092
0.036742474578032765
0.003680549934425581
0.0005630391174066765
0.00012953768122344516
4.302961761177559e-05
1.92587860158772e-05
1.0728126739850405e-05
6.9479262370952e-06
4.9814827928814216e-06
3.828390138652331e-06
3.088975704469436e-06
2.5817210092295646e-06
2.2152389421781073e-06
1.939530292720118e-06
1.7253251862039544e-06
1.554509536338957e-06
1.4153436961985445e-06
1.2999187936791228e-06
1.2027288273383278e-06
1.119831329451209e-06
1.0483339742742752e-06
9.860694938733252e-07
9.313834908943314e-07
8.829921837368424e-07
8.398847429176683e-07
8.012548038293447e-07
7.66451516770236e-07
7.349439551846848e-07
7.062948311912608e-07
6.801408080184753e-07
6.561775619277289e-07
6.341483128536066e-07
6.138349219003231e-07
5.950509114735773e-07
5.776359417330416e-07
5.614514016632772e-07
5.463768615071274e-07
5.323071968592801e-07
5.191502409113345e-07
5.068248552769762e-07
4.952593350100424e-07
4.843900822936029e-07
4.741604975356426e-07
4.6452004747205865e-07
4.554234782229012e-07
4.468301477052384e-07
4.387034568379164e-07
4.310103629206808e-07
4.2372096168602985e-07
4.1680812699663243e-07
4.1024719913744466e-07
4.0401571423866604e-07
3.9809316864669747e-07
3.924608130993879e-07
3.8710147240877795e-07
3.819993870479053e-07
3.7714007360836e-07
3.725102015659911e-07
3.6809748418236196e-07
3.638905816942333e-07
3.5987901521451066e-07
3.560530899953514e-07
3.5240382689523443e-07
3.489229010530349e-07
3.456025869086129e-07
3.4243570882527165e-07
3.394155966680762e-07
3.365360457762494e-07
3.337912808399649e-07
3.3117592325376695e-07
3.286849615721256e-07
3.2631372473861365e-07
3.2405785779995725e-07
3.2191329985070113e-07
3.198762639841878e-07
3.1794321905166576e-07
3.1611087305412734e-07
3.1437615801142115e-07
3.127362161706778e-07
3.1118838743145454e-07
3.097301978785494e-07
3.0835934932538756e-07
3.0707370978146187e-07
3.058713047666924e-07
3.0475030940390944e-07
3.037090412281038e-07
3.027459536577311e-07
3.018596300793149e-07
3.010487785019495e-07
3.0031222674313376e-07
2.9964891811174414e-07
2.990579075579252e-07
2.9853835826331734e-07
2.9808953864836037e-07
2.9771081977649436e-07
2.974016731379281e-07
2.9716166879830813e-07
2.9699047390013464e-07
2.9688785150714657e-07
2.96853659784172e-07
2.9688785150714657e-07
2.9699047390013464e-07
2.9716166879830813e-07
2.974016731379281e-07
2.9771081977649436e-07
2.9808953864836037e-07
2.9853835826331734e-07
2.990579075579252e-07
2.9964891811174414e-07
3.0031222674313376e-07
3.010487785019495e-07
3.018596300793149e-07
3.027459536577311e-07
3.037090412281038e-07
3.0475030940390944e-07
3.058713047666924e-07
3.0707370978146187e-07
3.0835934932538756e-07
3.097301978785494e-07
3.1118838743145454e-07
3.127362161706778e-07
3.1437615801142115e-07
3.1611087305412734e-07
3.1794321905166576e-07
3.198762639841878e-07
3.2191329985070113e-07
3.2405785779995725e-07
3.2631372473861365e-07
3.286849615721256e-07
3.3117592325376695e-07
3.337912808399649e-07
3.365360457762494e-07
3.394155966680762e-07
3.4243570882527165e-07
3.456025869086129e-07
3.489229010530349e-07
3.5240382689523443e-07
3.560530899953514e-07
3.5987901521451066e-07
3.638905816942333e-07
3.6809748418236196e-07
3.725102015659911e-07
3.7714007360836e-07
3.819993870479053e-07
3.8710147240877795e-07
3.924608130993879e-07
3.9809316864669747e-07
4.0401571423866604e-07
4.1024719913744466e-07
4.1680812699663243e-07
4.2372096168602985e-07
4.310103629206808e-07
4.387034568379164e-07
4.468301477052384e-07
4.554234782229012e-07
4.6452004747205865e-07
4.741604975356426e-07
4.843900822936029e-07
4.952593350100424e-07
5.068248552769762e-07
5.191502409113345e-07
5.323071968592801e-07
5.463768615071274e-07
5.614514016632772e-07
5.776359417330416e-07
5.950509114735773e-07
6.138349219003231e-07
6.341483128536066e-07
6.561775619277289e-07
6.801408080184753e-07
7.062948311912608e-07
7.349439551846848e-07
7.66451516770236e-07
8.012548038293447e-07
8.398847429176683e-07
8.829921837368424e-07
9.313834908943314e-07
9.860694938733252e-07
1.0483339742742752e-06
1.119831329451209e-06
1.2027288273383278e-06
1.2999187936791228e-06
1.4153436961985445e-06
1.554509536338957e-06
1.7253251862039544e-06
1.939530292720118e-06
2.2152389421781073e-06
2.5817210092295646e-06
3.088975704469436e-06
3.828390138652331e-06
4.9814827928814216e-06
6.9479262370952e-06
1.0728126739850405e-05
1.92587860158772e-05
4.302961761177559e-05
0.00012953768122344516
0.0005630391174066765
0.003680549934425581
0.036742474578032765

1.3825240781276333e-05
5.291339411939017e-05
0.0001840786355864515
0.000582084457498567
0.0016730675260498015
0.004371050120378979
0.010380133833182918
0.022406032919460188
0.04396143258557228
0.07840135223653273
0.12709255779519263
0.18726712241239155
0.2508117070484983
0.30533663919566945
0.3378740893010475
0.33984094697122835
0.3107000852368454
0.25819741481846337
0.1950326208611896
0.13390829309090507
0.0835704116766743
0.04740699844026641
0.02444427868704542
0.011456628851697077
0.004880690982779012
0.0018899513680511713
0.0006652192323995173
0.0002128255745447984
6.189102599581551e-05
1.6359740104411788e-05
3.930700626170986e-06
8.58436916367179e-07
1.7040865701204174e-07
3.074820527834855e-08
5.043043796986564e-09
7.518142583700855e-10
1.018763146619094e-10
1.2548180128392306e-11
1.4048602115936765e-12
1.4296519827324942e-13
1.3224291059904652e-14
1.111883582416905e-15
8.497498295392196e-17
5.9029309715570714e-18
3.7272555766542034e-19
2.1392202047344798e-20
1.1160063365105284e-21
5.2920346508659316e-23
2.2809908751252912e-24
8.936537183514433e-26
3.1824371505081414e-27
1.030137636285549e-28
3.0309273277303446e-30
8.105888815805191e-32
1.9704735585363272e-33
4.3539699830252076e-35
8.744703721518875e-37
1.596429038962299e-38
2.6491038769428273e-40
3.995703072004323e-42
5.478129277566677e-44
6.826784539762461e-46
7.732945791392137e-48
7.961934220858795e-50
7.451385885181357e-52
6.338702577175396e-54
4.901269058505298e-56
3.4447805769532696e-58
2.2006928554339536e-60
1.2779155456985472e-62
6.745120663379761e-65
3.236101561924216e-67
1.4112352410198774e-69
5.593988033667348e-72
2.01552645577152e-74
6.6008569818917716e-77
1.9649748372026195e-79
5.316900260996542e-82
1.3076902441999763e-84
2.9234529188135363e-87
5.940625490692743e-90
1.0972689623904705e-92
1.8422088539673558e-95
2.8113148442885494e-98
3.8996439495943495e-101
4.91683095264598e-104
5.634954940054403e-107
5.870031992979e-110
5.558214962651694e-113
4.7838225295014467e-116
3.7424812281206525e-119
2.661270694100492e-122
1.7201381284175972e-125
1.0106073290833091e-128
5.396925394289793e-132
2.6197221711945825e-135
1.1558697731855859e-138
4.635615730901365e-142
1.689860284617108e-145
5.599368122499772e-149
