0.5988076445043331
0.11753139472228877
0.023982436975052025
0.005087513818974668
0.0011219945827106587
0.0002572460922679543
6.131682806591974e-05
1.5194396074416148e-05
3.914353769495943e-06
1.048357899068571e-06
2.918985505506898e-07
8.449424870031547e-08
2.542700891812547e-08
7.954801479954168e-09
2.58714184736498e-09
8.747977898410655e-10
3.0752311300581655e-10
1.1238825011770568e-10
4.2700500643252916e-11
1.686605705510834e-11
6.925701722606805e-12
2.956543692743152e-12
1.3121219110955287e-12
6.053824692670426e-13
2.9036438791793613e-13
1.4477698068230769e-13
7.50361841617679e-14
4.0421192649773134e-14
2.2627424768095805e-14
1.315899405729243e-14
7.946598358056048e-15
4.9800811325220404e-15
3.239627666268656e-15
2.177782529979421e-15
1.5157626056628681e-15
1.0892574030693424e-15
8.066389511075817e-16
6.142790799570033e-16
4.799878527246891e-16
3.839727455622916e-16
3.13760420693277e-16
2.613421383640509e-16
2.2144062481757724e-16
1.9051812400625168e-16
1.66155236838311e-16
1.4666703187463615e-16
1.3085973369724226e-16
1.1787371410057322e-16
1.0708042017731029e-16
9.801359310050273e-17
9.03226473960483e-17
8.374059762132937e-17
7.80616788299877e-17
7.31255195871962e-17
6.880580505672298e-17
6.50020571757749e-17
6.163360579171849e-17
5.86351181251322e-17
5.595324916216871e-17
5.3544107057749314e-17
5.1371317217172615e-17
4.9404530455527973e-17
4.761826363305491e-17
4.599099142567315e-17
4.4504429398237136e-17
4.3142963980784283e-17
4.189319612231788e-17
4.0743573558219515e-17
3.968409263837958e-17
3.870605512575357e-17
3.7801868713624035e-17
3.6964882525922126e-17
3.618925077459047e-17
3.546981920716374e-17
3.480203010002315e-17
3.4181842421343557e-17
3.360566446400366e-17
3.3070296778301784e-17
3.257288365133745e-17
3.211087171007286e-17
3.1681974487823324e-17
3.128414200406077e-17
3.091553457629341e-17
3.057450021914876e-17
3.025955509640199e-17
2.996936658182315e-17
2.970273855848391e-17
2.945859864680396e-17
2.9235987101685076e-17
2.903404716060609e-17
2.8852016659151365e-17
2.868922075941344e-17
2.854506566109057e-17
2.841903318573566e-17
2.8310676142189233e-17
2.821961439630939e-17
2.8145531581157746e-17
2.808817239519766e-17
2.804734044613235e-17
2.802289660703089e-17
2.8014757859596436e-17
2.802289660703089e-17
2.804734044613235e-17
2.808817239519766e-17
2.8145531581157746e-17
2.821961439630939e-17
2.8310676142189233e-17
2.841903318573566e-17
2.854506566109057e-17
2.868922075941344e-17
2.8852016659151365e-17
2.903404716060609e-17
2.9235987101685076e-17
2.945859864680396e-17
2.970273855848391e-17
2.996936658182315e-17
3.025955509640199e-17
3.057450021914876e-17
3.091553457629341e-17
3.128414200406077e-17
3.1681974487823324e-17
3.211087171007286e-17
3.257288365133745e-17
3.3070296778301784e-17
3.360566446400366e-17
3.4181842421343557e-17
3.480203010002315e-17
3.546981920716374e-17
3.618925077459047e-17
3.6964882525922126e-17
3.7801868713624035e-17
3.870605512575357e-17
3.968409263837958e-17
4.0743573558219515e-17
4.189319612231788e-17
4.3142963980784283e-17
4.4504429398237136e-17
4.599099142567315e-17
4.761826363305491e-17
4.9404530455527973e-17
5.1371317217172615e-17
5.3544107057749314e-17
5.595324916216871e-17
5.86351181251322e-17
6.163360579171849e-17
6.50020571757749e-17
6.880580505672298e-17
7.31255195871962e-17
7.80616788299877e-17
8.374059762132937e-17
9.03226473960483e-17
9.801359310050273e-17
1.0708042017731029e-16
1.1787371410057322e-16
1.3085973369724226e-16
1.4666703187463615e-16
1.66155236838311e-16
1.9051812400625168e-16
2.2144062481757724e-16
2.613421383640509e-16
3.13760420693277e-16
3.839727455622916e-16
4.799878527246891e-16
6.142790799570033e-16
8.066389511075817e-16
1.0892574030693424e-15
1.5157626056628681e-15
2.177782529979421e-15
3.239627666268656e-15
4.9800811325220404e-15
7.946598358056048e-15
1.315899405729243e-14
2.2627424768095805e-14
4.0421192649773134e-14
7.50361841617679e-14
1.4477698068230769e-13
2.9036438791793613e-13
6.053824692670426e-13
1.3121219110955287e-12
2.956543692743152e-12
6.925701722606805e-12
1.686605705510834e-11
4.2700500643252916e-11
1.1238825011770568e-10
3.0752311300581655e-10
8.747977898410655e-10
2.58714184736498e-09
7.954801479954168e-09
2.542700891812547e-08
8.449424870031547e-08
2.918985505506898e-07
1.048357899068571e-06
3.914353769495943e-06
1.5194396074416148e-05
6.131682806591974e-05
0.0002572460922679543
0.0011219945827106587
0.005087513818974668
0.023982436975052025
0.11753139472228877

8.128587628162375e-16
2.5278918906508613e-12
2.749711696433551e-09
1.0461671642987108e-06
0.00013921956363070745
0.006480144809553505
0.10550047460161824
0.6007715735875292
1.1966016477189578
0.833633343984025
0.2031354954659101
0.01731337826243978
0.0005161347226551507
5.381825298075057e-06
1.962824066040978e-08
2.5039082555935587e-11
1.1172251650574149e-14
1.7436056447652954e-18
9.51789879821601e-23
1.817268750656252e-27
1.2136193549630641e-32
2.8348565591263905e-38
2.316140727332078e-44
6.618873139076247e-51
6.615892359883218e-58
2.313012946242775e-65
2.828478982623366e-73
1.2097986845148696e-81
1.8099164170568975e-90
9.470855060032116e-100
1.7334252592418605e-109
1.109701851658903e-119
2.4848075624797123e-130
1.946096937032911e-141
5.331156571570841e-153
5.108150279638804e-165
1.711950302304213e-177
2.0067991110952066e-190
8.228144432510432e-204
1.1800085998866915e-217
5.9190730241830474e-232
1.0385023483394429e-246
6.373038284811037e-262
1.3679519140630036e-277
1.0270235327493085e-293
2.6969644258077e-310
0.0
0.0
0.0
0.0
0.0
0.0
0.0
0.0
0.0
0.0
0.0
0.0
0.0
0.0
0.0
0.0
0.0
0.0
0.0
0.0
0.0
0.0
0.0
0.0
0.0
0.0
0.0
0.0
0.0
0.0
0.0
0.0
0.0
0.0
0.0
0.0
0.0
0.0
0.0
0.0
0.0
0.0
0.0
0.0
0.0
0.0
0.0
0.0
0.0
0.0
0.0
0.0
0.0
0.0
