0.6932819210492825
0.0316087467732718
0.0014628913642291165
6.872650705464022e-05
3.2775086750544864e-06
1.586612398592897e-07
7.773790935421758e-09
1.058947164598646e-09
5.2721882254292634e-11
2.624868686725957e-12
1.3068458913411926e-13
6.50640974426314e-15
3.2393577719750573e-16
1.6127883074167558e-17
8.029669911486542e-19
3.997806344614123e-20
1.9904590370116747e-21
9.910590294042156e-23
4.934864389768719e-24
2.4575901359559347e-25
1.224221770623566e-26
6.101577370216673e-28
3.0442723054255675e-29
1.5220700357508843e-30
7.641509946951253e-32
3.867467126183463e-33
1.9879011413879028e-34
1.0515449882677084e-35
5.847906636918864e-37
3.518425784741469e-38
2.3530497301895603e-39
1.7672989231792287e-40
1.4701776563111445e-41
1.3168072288409068e-42
1.235056319733405e-43
1.1890124020846928e-44
1.1607952324557062e-45
1.1415023223071222e-46
1.1267009567505727e-47
1.1141838077288474e-48
1.1028515273579205e-49
1.092156436164626e-50
1.0818255711514881e-51
1.0717228301904725e-52
1.0617803861907633e-53
1.0519646167614045e-54
1.0422592625277158e-55
1.032657233235448e-56
1.0231568301540795e-57
1.0137603423022562e-58
1.0044741011214913e-59
9.953096982395399e-61
9.862864726461004e-62
9.774357205066984e-63
9.688074856613156e-64
9.60481357101051e-65
9.52583561965267e-66
9.45313987172154e-67
9.38988878273637e-68
9.341083020154688e-69
9.314627305838835e-70
9.323014333247738e-71
9.385985194579806e-72
9.534732658440658e-73
9.818542175057177e-74
1.0315284696901844e-74
1.1147996058092935e-75
1.2511075003428195e-76
1.4711683401648573e-77
1.8235177154787204e-78
2.3848531649741137e-79
3.2763857798678637e-80
4.689699420260858e-81
6.927661581587863e-82
1.0469181468864614e-82
1.6071791347268936e-83
2.493430688038678e-84
3.895511069385309e-85
6.114305138426617e-86
9.62728265441645e-87
1.5193398391462747e-87
2.4021787739115412e-88
3.804476576016806e-89
6.0363291412680415e-90
9.598168413337862e-91
1.5303599394564022e-91
2.448824483737793e-92
3.937200212257248e-93
6.370202509964574e-94
1.0392316759917494e-94
1.7136563720547848e-95
2.8644284000235976e-96
4.869097626978617e-97
8.444805553881643e-98
1.4989315727223747e-98
2.7292667923838708e-99
5.104317047119899e-100
9.805762309399894e-101
1.9356891576648908e-101
4.065100762960496e-102
1.6046040892338332e-102
4.065100762960496e-102
1.9356891576648908e-101
9.805762309399894e-101
5.104317047119899e-100
2.7292667923838708e-99
1.4989315727223747e-98
8.444805553881643e-98
4.869097626978617e-97
2.8644284000235976e-96
1.7136563720547848e-95
1.0392316759917494e-94
6.370202509964574e-94
3.937200212257248e-93
2.448824483737793e-92
1.5303599394564022e-91
9.598168413337862e-91
6.0363291412680415e-90
3.804476576016806e-89
2.4021787739115412e-88
1.5193398391462747e-87
9.62728265441645e-87
6.114305138426617e-86
3.895511069385309e-85
2.493430688038678e-84
1.6071791347268936e-83
1.0469181468864614e-82
6.927661581587863e-82
4.689699420260858e-81
3.2763857798678637e-80
2.3848531649741137e-79
1.8235177154787204e-78
1.4711683401648573e-77
1.2511075003428195e-76
1.1147996058092935e-75
1.0315284696901844e-74
9.818542175057177e-74
9.534732658440658e-73
9.385985194579806e-72
9.323014333247738e-71
9.314627305838835e-70
9.341083020154688e-69
9.38988878273637e-68
9.45313987172154e-67
9.52583561965267e-66
9.60481357101051e-65
9.688074856613156e-64
9.774357205066984e-63
9.862864726461004e-62
9.953096982395399e-61
1.0044741011214913e-59
1.0137603423022562e-58
1.0231568301540795e-57
1.032657233235448e-56
1.0422592625277158e-55
1.0519646167614045e-54
1.0617803861907633e-53
1.0717228301904725e-52
1.0818255711514881e-51
1.092156436164626e-50
1.1028515273579205e-49
1.1141838077288474e-48
1.1267009567505727e-47
1.1415023223071222e-46
1.1607952324557062e-45
1.1890124020846928e-44
1.235056319733405e-43
1.3168072288409068e-42
1.4701776563111445e-41
1.7672989231792287e-40
2.3530497301895603e-39
3.518425784741469e-38
5.847906636918864e-37
1.0515449882677084e-35
1.9879011413879028e-34
3.867467126183463e-33
7.641509946951253e-32
1.5220700357508843e-30
3.0442723054255675e-29
6.101577370216673e-28
1.224221770623566e-26
2.4575901359559347e-25
4.934864389768719e-24
9.910590294042156e-23
1.9904590370116747e-21
3.997806344614123e-20
8.029669911486542e-19
1.6127883074167558e-17
3.2393577719750573e-16
6.50640974426314e-15
1.3068458913411926e-13
2.624868686725957e-12
5.2721882254292634e-11
1.058947164598646e-09
7.773790935421758e-09
1.586612398592897e-07
3.2775086750544864e-06
6.872650705464022e-05
0.0014628913642291165
0.0316087467732718

3.086232040322812e-139
1.0551555971616648e-121
2.3675356857927213e-105
3.486331308633607e-90
3.369247181340028e-76
2.136924541771033e-63
8.894828835633379e-52
2.4298423617299754e-41
4.3562289676565013e-32
5.125490034143266e-24
3.957784867472774e-17
2.0056773464950504e-11
6.670556244629459e-07
0.0014559790530948977
0.20856445688582387
1.9607289726235317
1.209725761024239
0.04898333914812832
0.00013016731328560873
2.2701135972740173e-08
2.5982763152316626e-13
1.951709492671906e-19
9.621374288641429e-27
3.1127994467437923e-35
6.609327418179356e-45
9.209912167996543e-56
8.422592816340595e-68
5.055082154570093e-81
1.9911442594242004e-95
5.1471796840119376e-111
8.732287546251183e-128
9.722519490043574e-146
7.104306863155696e-165
3.4068789049479707e-185
1.0722196885736535e-206
2.214639050983584e-229
3.0020244496237946e-253
2.670653789014698e-278
1.5592403108041832e-304
0.0
0.0
0.0
0.0
0.0
0.0
0.0
0.0
0.0
0.0
0.0
0.0
0.0
0.0
0.0
0.0
0.0
0.0
0.0
0.0
0.0
0.0
0.0
0.0
0.0
0.0
0.0
0.0
0.0
0.0
0.0
0.0
0.0
0.0
0.0
0.0
0.0
0.0
0.0
0.0
0.0
0.0
0.0
0.0
0.0
0.0
0.0
0.0
0.0
0.0
0.0
0.0
0.0
0.0
0.0
0.0
0.0
0.0
0.0
0.0
0.0
