0.1989415763439588
0.0019398632373421772
1.943014378174671e-05
4.614326300681646e-09
8.046216323637318e-11
1.403056329234059e-12
2.4465748673809935e-14
4.266206892237832e-16
7.439184261308469e-18
1.2972053130962529e-19
2.2619975056642455e-21
3.944350723802402e-23
6.877948624347526e-25
1.1993400331692985e-26
2.0913452451079816e-28
3.646776404752282e-30
6.359054382519433e-32
1.1088580201189478e-33
1.9335675319391484e-35
3.3716520355010816e-37
5.879307167255784e-39
1.025202257127829e-40
1.7876930706704223e-42
3.1172839265112607e-44
5.4357536318021645e-46
9.478577646932393e-48
1.6528239141251468e-49
2.882106517549768e-51
5.025664991739197e-53
8.763492875146277e-55
1.5281342031103995e-56
2.664693986726949e-58
4.646626007862315e-60
8.102910343139842e-62
1.413127288640209e-63
2.465056921288469e-65
4.3030195621135914e-67
7.526201856928636e-69
1.3237431864781088e-70
2.364851898869227e-72
4.4053933051572385e-74
9.084344883144519e-76
2.282320772264278e-77
7.456127171349637e-79
3.0309264144530576e-80
1.3902147928856252e-81
6.714324184620296e-83
3.306743865881595e-84
1.6400321956975474e-85
8.154256356771562e-87
4.05785007674065e-88
2.0199507169577548e-89
1.0056160961907944e-90
5.006567041778262e-92
2.4926060957552413e-93
1.240993252437293e-94
6.178544519553819e-96
3.0761234819389623e-97
1.5315196980812542e-98
7.625068161223508e-100
3.7963779584495026e-101
1.890184652092217e-102
9.411461628032145e-104
4.686469975070621e-105
2.3340279690417418e-106
1.1628089422898088e-107
5.796862732156319e-109
2.893596049271166e-110
1.4480754638442172e-111
7.283245667265563e-113
3.6991375905570334e-114
1.9140422504837242e-115
1.0246289732918873e-116
5.811559310488425e-118
3.597099369822137e-119
2.48811346734895e-120
1.9295801052678357e-121
1.6451753706684258e-122
1.4973339434051817e-123
1.417579447774119e-124
1.3718409369547687e-125
1.3431896641213946e-126
1.3232516165568342e-127
1.3079437453000214e-128
1.2953696126836435e-129
1.2848008635351884e-130
1.2762162355212603e-131
1.2701449458537737e-132
1.2677040191778126e-133
1.2707993150367488e-134
1.2825144686658018e-135
1.3077622422000952e-136
1.3543349010428e-137
1.434580782025099e-138
1.5680757766745251e-139
1.785886327442528e-140
2.1373939147923177e-141
2.7012941630088522e-142
3.6049302805170893e-143
5.155574695752968e-144
1.470456738195243e-144
5.155574695752968e-144
3.6049302805170893e-143
2.7012941630088522e-142
2.1373939147923177e-141
1.785886327442528e-140
1.5680757766745251e-139
1.434580782025099e-138
1.3543349010428e-137
1.3077622422000952e-136
1.2825144686658018e-135
1.2707993150367488e-134
1.2677040191778126e-133
1.2701449458537737e-132
1.2762162355212603e-131
1.2848008635351884e-130
1.2953696126836435e-129
1.3079437453000214e-128
1.3232516165568342e-127
1.3431896641213946e-126
1.3718409369547687e-125
1.417579447774119e-124
1.4973339434051817e-123
1.6451753706684258e-122
1.9295801052678357e-121
2.48811346734895e-120
3.597099369822137e-119
5.811559310488425e-118
1.0246289732918873e-116
1.9140422504837242e-115
3.6991375905570334e-114
7.283245667265563e-113
1.4480754638442172e-111
2.893596049271166e-110
5.796862732156319e-109
1.1628089422898088e-107
2.3340279690417418e-106
4.686469975070621e-105
9.411461628032145e-104
1.890184652092217e-102
3.7963779584495026e-101
7.625068161223508e-100
1.5315196980812542e-98
3.0761234819389623e-97
6.178544519553819e-96
1.240993252437293e-94
2.4926060957552413e-93
5.006567041778262e-92
1.0056160961907944e-90
2.0199507169577548e-89
4.05785007674065e-88
8.154256356771562e-87
1.6400321956975474e-85
3.306743865881595e-84
6.714324184620296e-83
1.3902147928856252e-81
3.0309264144530576e-80
7.456127171349637e-79
2.282320772264278e-77
9.084344883144519e-76
4.4053933051572385e-74
2.364851898869227e-72
1.3237431864781088e-70
7.526201856928636e-69
4.3030195621135914e-67
2.465056921288469e-65
1.413127288640209e-63
8.102910343139842e-62
4.646626007862315e-60
2.664693986726949e-58
1.5281342031103995e-56
8.763492875146277e-55
5.025664991739197e-53
2.882106517549768e-51
1.6528239141251468e-49
9.478577646932393e-48
5.4357536318021645e-46
3.1172839265112607e-44
1.7876930706704223e-42
1.025202257127829e-40
5.879307167255784e-39
3.3716520355010816e-37
1.9335675319391484e-35
1.1088580201189478e-33
6.359054382519433e-32
3.646776404752282e-30
2.0913452451079816e-28
1.1993400331692985e-26
6.877948624347526e-25
3.944350723802402e-23
2.2619975056642455e-21
1.2972053130962529e-19
7.439184261308469e-18
4.266206892237832e-16
2.4465748673809935e-14
1.403056329234059e-12
8.046216323637318e-11
4.614326300681646e-09
1.943014378174671e-05
0.0019398632373421772

1.8104418174881802e-175
1.2703581397585397e-160
1.949192376788725e-146
6.539885744656832e-133
4.798135906464602e-120
7.697715509683256e-108
2.7004621538227535e-96
2.0715778610789086e-85
3.4749723577092234e-75
1.2746424407323244e-65
1.022379946640563e-56
1.793177155643017e-48
6.877347987186982e-41
5.767740723189372e-34
1.057736244479337e-27
4.241661138666023e-22
3.7194736097960296e-17
7.132042464672391e-13
2.9904275580590024e-09
2.74182403691576e-06
0.0005497089399031723
0.024099772766798627
0.23103619462250952
0.4843218081776919
0.22201123595912353
0.022253729841253695
0.00048777281882283254
2.3378643418321606e-06
2.4502361646843286e-09
5.615436383681193e-13
2.8141419797325126e-17
3.0838654775067426e-22
7.389784487907255e-28
3.872175636362736e-34
4.4367529871090345e-41
1.1116354295160463e-48
6.090408695020668e-57
7.296547615900742e-66
1.9115045333877856e-75
1.0950152588080996e-85
1.3716772540470991e-96
3.757254646438893e-108
2.250485663719462e-120
2.9476017009566972e-133
8.442056871070283e-147
5.287065317859464e-161
7.240490789635934e-176
2.168244544258798e-191
1.419827051642667e-207
2.0330570135609969e-224
6.365764918849309e-242
4.358515175907743e-260
6.525494917205747e-279
2.13636412396638e-298
1.52941e-318
0.0
0.0
0.0
0.0
0.0
0.0
0.0
0.0
0.0
0.0
0.0
0.0
0.0
0.0
0.0
0.0
0.0
0.0
0.0
0.0
0.0
0.0
0.0
0.0
0.0
0.0
0.0
0.0
0.0
0.0
0.0
0.0
0.0
0.0
0.0
0.0
0.0
0.0
0.0
0.0
0.0
0.0
0.0
0.0
0.0
