1.224708540973149
0.24704979419759132
0.1745059638689191
0.13898037944032385
0.11310545087642579
0.0935652447038308
0.07856455344619728
0.06687821620939782
0.057647300897575145
0.050260643940422095
0.044277423026150196
0.039375520485934755
0.035316614420178506
0.03192227380830898
0.029057385586395854
0.026618527427976775
0.024525716415368316
0.022716488605034297
0.021141605845030043
0.019761910779949644
0.018546000372898906
0.017468488725171934
0.016508698220850403
0.0156496648578015
0.014877376079947342
0.01418018212588791
0.013548337931664368
0.01297364403437753
0.01244916311608001
0.011968994758761996
0.011528095309506534
0.011122132937445772
0.010747370321542672
0.0104005691668366
0.010078912067735516
0.009779938235720615
0.009501490368859295
0.009241670522448595
0.008998803288329573
0.008771404937635915
0.008558157452220942
0.008357886581840442
0.008169543230932278
0.007992187610774942
0.007824975697703929
0.007667147621850978
0.007518017678098501
0.007376965705119004
0.007243429622214866
0.007116898949303368
0.006996909164459895
0.006883036777237901
0.0067748950155529924
0.006672130040062033
0.006574417613332812
0.006481460162200965
0.006392984180962313
0.006308737930783263
0.006228489397197768
0.006152024473014956
0.006079145338563283
0.006009669015090022
0.00594342607043693
0.005880259458921377
0.005820023479746936
0.005762582840314625
0.005707811812560222
0.005655593471950053
0.005605819010065044
0.00555838711282255
0.00551320339735371
0.005470179901393472
0.005429234619769385
0.005390291083209809
0.00535327797524564
0.0053181287834633125
0.005284781481790394
0.005253178240866755
0.005223265163881036
0.005194992045539939
0.005168312152091979
0.0051431820205519825
0.005119561275471765
0.005097412461779333
0.00507670089236625
0.005057394509243362
0.005039463757210501
0.005022881469098477
0.005007622761742721
0.0049936649419392905
0.004980987421716336
0.004969571642329123
0.004959401006454822
0.004950460818125881
0.004942738229998019
0.004936222197602145
0.004930903440278734
0.004926774408539417
0.00492382925764412
0.004922063827223382
0.004921475626815109
0.004922063827223382
0.00492382925764412
0.004926774408539417
0.004930903440278734
0.004936222197602145
0.004942738229998019
0.004950460818125881
0.004959401006454822
0.004969571642329123
0.004980987421716336
0.0049936649419392905
0.005007622761742721
0.005022881469098477
0.005039463757210501
0.005057394509243362
0.00507670089236625
0.005097412461779333
0.005119561275471765
0.0051431820205519825
0.005168312152091979
0.005194992045539939
0.005223265163881036
0.005253178240866755
0.005284781481790394
0.0053181287834633125
0.00535327797524564
0.005390291083209809
0.005429234619769385
0.005470179901393472
0.00551320339735371
0.00555838711282255
0.005605819010065044
0.005655593471950053
0.005707811812560222
0.005762582840314625
0.005820023479746936
0.005880259458921377
0.00594342607043693
0.006009669015090022
0.006079145338563283
0.006152024473014956
0.006228489397197768
0.006308737930783263
0.006392984180962313
0.006481460162200965
0.006574417613332812
0.006672130040062033
0.0067748950155529924
0.006883036777237901
0.006996909164459895
0.007116898949303368
0.007243429622214866
0.007376965705119004
0.007518017678098501
0.007667147621850978
0.007824975697703929
0.007992187610774942
0.008169543230932278
0.008357886581840442
0.008558157452220942
0.008771404937635915
0.008998803288329573
0.009241670522448595
0.009501490368859295
0.009779938235720615
0.010078912067735516
0.0104005691668366
0.010747370321542672
0.011122132937445772
0.011528095309506534
0.011968994758761996
0.01244916311608001
0.01297364403437753
0.013548337931664368
0.01418018212588791
0.014877376079947342
0.0156496648578015
0.016508698220850403
0.017468488725171934
0.018546000372898906
0.019761910779949644
0.021141605845030043
0.022716488605034297
0.024525716415368316
0.026618527427976775
0.029057385586395854
0.03192227380830898
0.035316614420178506
0.039375520485934755
0.044277423026150196
0.050260643940422095
0.057647300897575145
0.06687821620939782
0.07856455344619728
0.0935652447038308
0.11310545087642579
0.13898037944032385
0.1745059638689191
0.24704979419759132

0.22358996691427568
0.7119014963792853
0.48456363071809727
0.07050907844420971
0.0021933229202262122
1.4585570822662149e-05
2.0735179211190745e-08
8.42415405727405e-12
2.9354564146558615e-10
2.4590077189429802e-08
1.2476728605586599e-06
3.834401093361339e-05
0.000713756910895961
0.008047464838619034
0.05495710212282181
0.22732360570543986
0.5695360563191423
0.864305024910706
0.8148425057517628
1.0789571359641421
0.9406868500104849
0.06973101580468273
0.0038461440568292662
0.0002823805483949194
1.2815920903504292e-05
3.523143071598546e-07
5.8663330687670345e-09
5.916421807533854e-11
3.6141611768455746e-13
1.3372477588285392e-15
2.99689975375142e-18
4.068071040991321e-21
3.34472807718777e-24
1.665670439187326e-27
5.0242740016357505e-31
9.179383797605077e-35
1.0158035261809378e-38
6.808663623513112e-43
2.7642035249971175e-47
6.797263864592739e-52
1.0124048500790346e-56
9.133353770728584e-62
4.9907098068008485e-67
1.6517728781065486e-72
3.31126789824452e-78
4.020631601704928e-84
2.9569924791657744e-90
1.3172315767298945e-96
3.55410309432393e-103
5.808364795951734e-110
5.7495482489122865e-117
3.447224249754922e-124
1.25187603172003e-131
2.7536522137398013e-139
3.668705294568443e-147
2.9605509532668e-155
1.447065630326388e-163
4.284102886205507e-172
7.682233987664126e-181
8.343939464636072e-190
5.489221217999993e-199
2.187289646379705e-208
5.279075048573591e-218
7.717299409709523e-228
6.833274056373242e-238
3.66478332720469e-248
1.190484491013115e-258
2.3423681606070236e-269
2.7915315799363506e-280
2.015050383275769e-291
8.810189477760218e-303
2.33313873e-314
0.0
0.0
0.0
0.0
0.0
0.0
0.0
0.0
0.0
0.0
0.0
0.0
0.0
0.0
0.0
0.0
0.0
0.0
0.0
0.0
0.0
0.0
0.0
0.0
0.0
0.0
0.0
0.0
