0.6536396884697828
0.014132967672744468
0.0003091095969529041
6.83873514099359e-06
1.530464466201298e-07
7.575754109649058e-10
1.3210196356532799e-11
2.303523652890139e-13
4.016761808953625e-15
7.004215227621384e-17
1.2213577362771732e-18
2.129738570585402e-20
3.7137247792663377e-22
6.475796084142869e-24
1.1292151612202683e-25
1.969066948596071e-27
3.4335625836419694e-29
5.987306084599002e-31
1.0440557433122561e-32
1.820674375823738e-34
3.175320723116926e-36
5.539572680519634e-38
9.67264391174188e-40
1.6931524755233098e-41
2.984732758162283e-43
5.36544853976836e-45
1.0156711644777644e-46
2.1697324391992038e-48
5.7682710062877985e-50
1.9940176751144104e-51
8.396906914629569e-53
3.9136545500212433e-54
1.9019499122985543e-55
9.388090164260776e-57
4.659902468924499e-58
2.3175610080468233e-59
1.1534153582353261e-60
5.741766551357856e-62
2.858526391470523e-63
1.423153672436182e-64
7.085425132735396e-66
3.527618517314561e-67
1.7562966332181637e-68
8.744083945722472e-70
4.353422684355894e-71
2.1674414640596256e-72
1.0791055523599276e-73
5.372550171644951e-75
2.6748352236537328e-76
1.3317220409351545e-77
6.630253628868879e-79
3.3010089069874073e-80
1.6434755613196556e-81
8.1823830131787e-83
4.0737686248822065e-84
2.0282099704170306e-85
1.0097862846150722e-86
5.02742987890571e-88
2.503009950957144e-89
1.246175275537482e-90
6.204341364152864e-92
3.088959676746704e-93
1.5379024661178865e-94
7.656765522374319e-96
3.812079085394057e-97
1.897922420484678e-98
9.449199330581985e-100
4.704479330957104e-101
2.3422223408799235e-102
1.166123838205329e-103
5.805788726050829e-105
2.890532002568832e-106
1.4391111445479213e-107
7.164912496574562e-109
3.567199885464161e-110
1.776004248070185e-111
8.842204514576672e-113
4.402274429238712e-114
2.1917634019601655e-115
1.0912147653257483e-116
5.4328386298078216e-118
2.7048512982130976e-119
1.3466663783805331e-120
6.704659218149449e-122
3.338055362524271e-123
1.6619219799446592e-124
8.274242876967833e-126
4.1195233217905715e-127
2.0510100686083514e-128
1.0211577750261697e-129
5.08424325225491e-131
2.531491894207234e-132
1.2605500210748921e-133
6.277835292242725e-135
3.1274586728662144e-136
1.5589609149718116e-137
7.780344296432887e-139
3.8921676221793935e-140
1.9562025138314377e-141
9.948777711238405e-143
1.0240314917240932e-143
9.948777711238405e-143
1.9562025138314377e-141
3.8921676221793935e-140
7.780344296432887e-139
1.5589609149718116e-137
3.1274586728662144e-136
6.277835292242725e-135
1.2605500210748921e-133
2.531491894207234e-132
5.08424325225491e-131
1.0211577750261697e-129
2.0510100686083514e-128
4.1195233217905715e-127
8.274242876967833e-126
1.6619219799446592e-124
3.338055362524271e-123
6.704659218149449e-122
1.3466663783805331e-120
2.7048512982130976e-119
5.4328386298078216e-118
1.0912147653257483e-116
2.1917634019601655e-115
4.402274429238712e-114
8.842204514576672e-113
1.776004248070185e-111
3.567199885464161e-110
7.164912496574562e-109
1.4391111445479213e-107
2.890532002568832e-106
5.805788726050829e-105
1.166123838205329e-103
2.3422223408799235e-102
4.704479330957104e-101
9.449199330581985e-100
1.897922420484678e-98
3.812079085394057e-97
7.656765522374319e-96
1.5379024661178865e-94
3.088959676746704e-93
6.204341364152864e-92
1.246175275537482e-90
2.503009950957144e-89
5.02742987890571e-88
1.0097862846150722e-86
2.0282099704170306e-85
4.0737686248822065e-84
8.1823830131787e-83
1.6434755613196556e-81
3.3010089069874073e-80
6.630253628868879e-79
1.3317220409351545e-77
2.6748352236537328e-76
5.372550171644951e-75
1.0791055523599276e-73
2.1674414640596256e-72
4.353422684355894e-71
8.744083945722472e-70
1.7562966332181637e-68
3.527618517314561e-67
7.085425132735396e-66
1.423153672436182e-64
2.858526391470523e-63
5.741766551357856e-62
1.1534153582353261e-60
2.3175610080468233e-59
4.659902468924499e-58
9.388090164260776e-57
1.9019499122985543e-55
3.9136545500212433e-54
8.396906914629569e-53
1.9940176751144104e-51
5.7682710062877985e-50
2.1697324391992038e-48
1.0156711644777644e-46
5.36544853976836e-45
2.984732758162283e-43
1.6931524755233098e-41
9.67264391174188e-40
5.539572680519634e-38
3.175320723116926e-36
1.820674375823738e-34
1.0440557433122561e-32
5.987306084599002e-31
3.4335625836419694e-29
1.969066948596071e-27
1.1292151612202683e-25
6.475796084142869e-24
3.7137247792663377e-22
2.129738570585402e-20
1.2213577362771732e-18
7.004215227621384e-17
4.016761808953625e-15
2.303523652890139e-13
1.3210196356532799e-11
7.575754109649058e-10
1.530464466201298e-07
6.83873514099359e-06
0.0003091095969529041
0.014132967672744468

2.6014453959472767e-279
9.946650402373804e-251
1.0857248129836014e-223
3.3833228543883354e-198
3.009871061763006e-174
7.644218819246669e-152
5.542415738887558e-131
1.1472177503332822e-111
6.779121014701599e-94
1.1436198506071568e-77
5.507706048364712e-63
7.57252283717888e-50
2.972290133862286e-38
3.330600768616205e-28
1.0654540531723696e-19
9.730331663357936e-13
2.5368882173297933e-07
0.0018882338937689022
0.40122779992522695
2.433924003540573
0.42150601936820253
0.002083921321427808
2.941302046602679e-07
1.185164684823158e-12
1.3633223321394873e-19
4.477124438631803e-28
4.197401873429127e-38
1.123421441351413e-49
8.58391947269481e-63
1.872446125805345e-77
1.1660409351699904e-93
2.072998715847653e-111
1.0521194249761403e-130
1.5244451912240393e-151
6.3057879215663455e-174
7.44642253380189e-198
2.51036436404417e-223
2.4160538875431515e-250
6.638305601110503e-279
5.207012698249094e-309
0.0
0.0
0.0
0.0
0.0
0.0
0.0
0.0
0.0
0.0
0.0
0.0
0.0
0.0
0.0
0.0
0.0
0.0
0.0
0.0
0.0
0.0
0.0
0.0
0.0
0.0
0.0
0.0
0.0
0.0
0.0
0.0
0.0
0.0
0.0
0.0
0.0
0.0
0.0
0.0
0.0
0.0
0.0
0.0
0.0
0.0
0.0
0.0
0.0
0.0
0.0
0.0
0.0
0.0
0.0
0.0
0.0
0.0
0.0
0.0
