0.8705427726196392
0.29912664921578436
0.19781760618928357
0.14631026478296227
0.11463912072487556
0.09362124826653057
0.07886870065647089
0.0680424238678885
0.05980722924997077
0.05335705727194682
0.048181681043251885
0.04394481484394895
0.04041699235433592
0.03743687332622882
0.03488802480319189
0.03268448663743197
0.03076151259714648
0.02906946367303277
0.027569679040086347
0.026231621279798792
0.025030862603390377
0.02394763832163546
0.022965790539448548
0.022071985164476622
0.02125512351462281
0.020505894580785076
0.019816430371051665
0.019180037769638433
0.018590987864398858
0.01804434891195193
0.01753585277620603
0.0170617872873483
0.01661890885039379
0.01620437100405526
0.01581566564091503
0.015450574351236009
0.01510712791675133
0.014783572407827713
0.014478340663416878
0.01419002818402582
0.013917372662312178
0.013659236527592558
0.013414591999694577
0.01318250824175367
0.012962140276428502
0.012752719389875258
0.012553544795946453
0.012363976371965185
0.01218342830899896
0.012011363545313666
0.011847288872793236
0.011690750623478572
0.011541330857730582
0.011398643987427615
0.011262333777521224
0.01113207067755941
0.011007549441734958
0.01088848700186337
0.01077462056263098
0.010665705892633787
0.010561515788278115
0.010461838690638646
0.01036647743795315
0.010275248138646356
0.01018797915167616
0.010104510162631947
0.010024691345427328
0.009948382600651841
0.009875452862706106
0.009805779468766115
0.00973924758342497
0.009675749673560908
0.009615185028593463
0.009557459321826766
0.009502484209051138
0.009450176960989392
0.009400460126540694
0.009353261224098549
0.009308512458506028
0.009266150461465734
0.009226116053447808
0.009188354025340713
0.009152812938268981
0.009119444940162898
0.009088205597808893
0.00905905374323883
0.00903195133343273
0.009006863322414647
0.008983757544916444
0.00896260461087069
0.008943377810072413
0.00892605302642147
0.008910608661223077
0.008897025565084886
0.008885286978005244
0.008875378477299368
0.008867287933059381
0.008861005470889943
0.00885652344170501
0.008853836398412744
0.008852941079355777
0.008853836398412744
0.00885652344170501
0.008861005470889943
0.008867287933059381
0.008875378477299368
0.008885286978005244
0.008897025565084886
0.008910608661223077
0.00892605302642147
0.008943377810072413
0.00896260461087069
0.008983757544916444
0.009006863322414647
0.00903195133343273
0.00905905374323883
0.009088205597808893
0.009119444940162898
0.009152812938268981
0.009188354025340713
0.009226116053447808
0.009266150461465734
0.009308512458506028
0.009353261224098549
0.009400460126540694
0.009450176960989392
0.009502484209051138
0.009557459321826766
0.009615185028593463
0.009675749673560908
0.00973924758342497
0.009805779468766115
0.009875452862706106
0.009948382600651841
0.010024691345427328
0.010104510162631947
0.01018797915167616
0.010275248138646356
0.01036647743795315
0.010461838690638646
0.010561515788278115
0.010665705892633787
0.01077462056263098
0.01088848700186337
0.011007549441734958
0.01113207067755941
0.011262333777521224
0.011398643987427615
0.011541330857730582
0.011690750623478572
0.011847288872793236
0.012011363545313666
0.01218342830899896
0.012363976371965185
0.012553544795946453
0.012752719389875258
0.012962140276428502
0.01318250824175367
0.013414591999694577
0.013659236527592558
0.013917372662312178
0.01419002818402582
0.014478340663416878
0.014783572407827713
0.01510712791675133
0.015450574351236009
0.01581566564091503
0.01620437100405526
0.01661890885039379
0.0170617872873483
0.01753585277620603
0.01804434891195193
0.018590987864398858
0.019180037769638433
0.019816430371051665
0.020505894580785076
0.02125512351462281
0.022071985164476622
0.022965790539448548
0.02394763832163546
0.025030862603390377
0.026231621279798792
0.027569679040086347
0.02906946367303277
0.03076151259714648
0.03268448663743197
0.03488802480319189
0.03743687332622882
0.04041699235433592
0.04394481484394895
0.048181681043251885
0.05335705727194682
0.05980722924997077
0.0680424238678885
0.07886870065647089
0.09362124826653057
0.11463912072487556
0.14631026478296227
0.19781760618928357
0.29912664921578436

0.44007120806453875
0.4787800643991771
0.4751508034034661
0.4152098659939583
0.3105021685035484
0.19717078840539953
0.10804579963189644
0.052813270696693906
0.023794590873388363
0.010024984124066222
0.003933879522226515
0.0014976027570660867
0.0012848800770426682
0.0058127670139868585
0.027669552039110833
0.09485714420175297
0.22951378534859865
0.3915167963014311
0.47082958008296444
0.39915923827596883
0.23855990851802597
0.1005119102596159
0.02985426486792569
0.006251209044640116
0.0009227635873004103
9.60252974039348e-05
7.044491652072309e-06
3.6431952113660416e-07
1.3282628063578473e-08
3.413928075539394e-10
6.185766315634747e-12
7.901352588203772e-14
7.115053803192271e-16
4.516727768928861e-18
2.0213435451772956e-20
6.377403259084629e-23
1.419310443378023e-25
2.2504365405249413e-28
3.103639679927224e-31
1.6065529181729544e-33
2.815918196499718e-35
5.0317112991120785e-37
8.162480755150031e-39
1.1978913256881725e-40
1.5902596812749416e-42
1.909736663816082e-44
2.0745969054834607e-46
2.0386786162243683e-48
1.8122520992046594e-50
1.457280848200515e-52
1.0600411029172827e-54
6.975204666690886e-57
4.151891609436776e-59
2.2355781749774672e-61
1.0889013020439417e-63
4.797798177236807e-66
1.912274505879163e-68
6.894667028469798e-71
2.2486981428893184e-73
6.634433224856728e-76
1.7706441764634542e-78
4.274777998651105e-81
9.335780617707288e-84
1.8443464824926234e-86
3.296015064253089e-89
5.328324502703019e-92
7.79196416081313e-95
1.0307611195857677e-97
1.2334567125935094e-100
1.3351946978216205e-103
1.3074349412669326e-106
1.1581115092269934e-109
9.27973276967328e-113
6.726286538975499e-116
4.4103195821797766e-119
2.615890489871836e-122
1.4035369786228461e-125
6.812130541055837e-129
2.990865383306303e-132
1.1878608601634025e-135
4.267652814206347e-139
1.3869710351438617e-142
4.077561350079211e-146
1.0843972775180926e-149
2.608742029078864e-153
5.6771275744850976e-157
1.1175860552959988e-160
1.9901604749869126e-164
3.2059003684146714e-168
4.6716118138235875e-172
6.1579800370855406e-176
7.342849168473069e-180
7.920374922011228e-184
7.728259113619542e-188
6.821382636952481e-192
5.446505545464452e-196
3.933854482891795e-200
2.5702385533126448e-204
1.5190895579658535e-208
8.121722101127679e-213
