0.7942408493461018
0.3629948618145805
0.24760709300872782
0.18354901879906835
0.14391530133869362
0.11754749227525395
0.09899518109722398
0.0853533540322035
0.07496175174792309
0.06681545358261827
0.06027638296761021
0.05492270365795651
0.050465780779870795
0.046702195667449674
0.043484866772968235
0.040705041405817266
0.038280710312452754
0.036148945646180694
0.03426070759714493
0.03257724603174715
0.03106755749002711
0.029706555634816955
0.02847373349712582
0.027352170786409266
0.02632778726292904
0.025388774196249308
0.024525156482321536
0.023728451835566513
0.022991402948132553
0.02230776509012443
0.021672136258621598
0.021079820287620774
0.020526715715182213
0.02000922494336521
0.019524179508596813
0.019068778234344014
0.018640535754687142
0.018237239440372966
0.017856913173623597
0.01749778673713076
0.017158269830070908
0.016836929917083472
0.016532473267862644
0.016243728664935866
0.015969633352557827
0.015709220875895383
0.015461610520970823
0.015225998115353953
0.01500164798980105
0.0147878859338358
0.01458409300513872
0.014389700074721724
0.014204183008131768
0.01402705839807872
0.013857879776496941
0.013696234244590374
0.01354173946824846
0.013394040993655746
0.013252809844193213
0.013117740365042627
0.01298854828641705
0.012864968980183111
0.012746755887922503
0.012633679101290462
0.012525524077942001
0.012422090478373879
0.012323191110822588
0.012228650972909169
0.01213830638006578
0.012052004171947147
0.011969600989047155
0.011890962612628824
0.011815963361852283
0.011744485542666003
0.011676418943624074
0.011611660374318277
0.011550113242577317
0.011491687166995184
0.01143629762171314
0.011383865610701335
0.01133431736907184
0.011287584089209133
0.01124360166973116
0.011202310485496896
0.011163655177058258
0.011127584458117259
0.011094050939696629
0.011063010969864317
0.01103442448797265
0.011008254892481686
0.01098446892153552
0.010963036545550812
0.010943930871160093
0.01092712805592874
0.010912607233335453
0.010900350447571863
0.01089034259777853
0.010882571391392567
0.010877027306336919
0.01087370356183388
0.010872596097675685
0.01087370356183388
0.010877027306336919
0.010882571391392567
0.01089034259777853
0.010900350447571863
0.010912607233335453
0.01092712805592874
0.010943930871160093
0.010963036545550812
0.01098446892153552
0.011008254892481686
0.01103442448797265
0.011063010969864317
0.011094050939696629
0.011127584458117259
0.011163655177058258
0.011202310485496896
0.01124360166973116
0.011287584089209133
0.01133431736907184
0.011383865610701335
0.01143629762171314
0.011491687166995184
0.011550113242577317
0.011611660374318277
0.011676418943624074
0.011744485542666003
0.011815963361852283
0.011890962612628824
0.011969600989047155
0.012052004171947147
0.01213830638006578
0.012228650972909169
0.012323191110822588
0.012422090478373879
0.012525524077942001
0.012633679101290462
0.012746755887922503
0.012864968980183111
0.01298854828641705
0.013117740365042627
0.013252809844193213
0.013394040993655746
0.01354173946824846
0.013696234244590374
0.013857879776496941
0.01402705839807872
0.014204183008131768
0.014389700074721724
0.01458409300513872
0.0147878859338358
0.01500164798980105
0.015225998115353953
0.015461610520970823
0.015709220875895383
0.015969633352557827
0.016243728664935866
0.016532473267862644
0.016836929917083472
0.017158269830070908
0.01749778673713076
0.017856913173623597
0.018237239440372966
0.018640535754687142
0.019068778234344014
0.019524179508596813
0.02000922494336521
0.020526715715182213
0.021079820287620774
0.021672136258621598
0.02230776509012443
0.022991402948132553
0.023728451835566513
0.024525156482321536
0.025388774196249308
0.02632778726292904
0.027352170786409266
0.02847373349712582
0.029706555634816955
0.03106755749002711
0.03257724603174715
0.03426070759714493
0.036148945646180694
0.038280710312452754
0.040705041405817266
0.043484866772968235
0.046702195667449674
0.050465780779870795
0.05492270365795651
0.06027638296761021
0.06681545358261827
0.07496175174792309
0.0853533540322035
0.09899518109722398
0.11754749227525395
0.14391530133869362
0.18354901879906835
0.24760709300872782
0.3629948618145805

0.5383708375085473
0.6115534731048562
0.598047759131187
0.5058635061488381
0.3735452402799434
0.24444307110586969
0.1447991352827287
0.07962739494123294
0.04157437501379644
0.02084170503223521
0.010001223841501703
0.00453875474089234
0.001922424167376601
0.0007525401384339907
0.00027067929083003016
8.919728533573314e-05
2.6894218226904263e-05
7.4551992334317194e-06
4.082138519482756e-06
6.881419809716626e-05
0.0011765850556598174
0.011267995350620053
0.060078454374200924
0.1783232810890135
0.2946550807867246
0.27104187640294947
0.13879551379926366
0.03956680977585491
0.00627918406007518
0.0005547431709154625
2.7283324478472675e-05
7.469975612888463e-07
1.138564536171708e-08
9.660791145767745e-11
4.563355560222417e-13
1.1999759502489181e-15
1.756624620442875e-18
1.4318421840019434e-21
6.627918268676699e-25
6.762556578645188e-28
1.7984312670873964e-29
5.757857283708336e-31
1.6874869757727148e-32
4.521466290716433e-34
1.1075826503007073e-35
2.480452803059678e-37
5.078597196925459e-39
9.506366339384646e-41
1.626834227320267e-42
2.5452475772346763e-44
3.6406148931345824e-46
4.760772482472606e-48
5.691648738324485e-50
6.220950264365814e-52
6.216319757953663e-54
5.678948618985385e-56
4.7430806562032725e-58
3.6216881942199e-60
2.52824747348486e-62
1.6135635822539298e-64
9.414788362621334e-67
5.02218859293385e-69
2.4492518778718614e-71
1.0920231850532811e-73
4.4513141491788943e-76
1.6588327800280214e-78
5.651645972299268e-81
1.76037530069636e-83
5.012952168448681e-86
1.3050881069838892e-88
3.1063048896375063e-91
6.759371333361588e-94
1.3447034148159284e-96
2.445708466258048e-99
4.066687896080209e-102
6.182085059948023e-105
8.591857914817432e-108
1.0916845738684147e-110
1.2681342657685094e-113
1.3467633172347177e-116
1.3076011586676965e-119
1.1606928035630106e-122
9.419270386309094e-126
6.988359091512644e-129
4.740139672564794e-132
2.9394429910931287e-135
1.666467781295088e-138
8.637474506101452e-142
4.092932783182429e-145
1.7731293692551112e-148
7.022701533018875e-152
2.5428806437358377e-155
8.417937904129799e-159
2.5476715457650547e-162
7.049188634982836e-166
1.783170230497237e-169
4.1238651442006936e-173
8.71914864356264e-177
1.6853949381543615e-180
2.9784290966941143e-184
