0.559532553439088
0.05338425022135521
0.007211714189051287
0.0013746777832779155
0.0003651895262341292
0.00013121349138837154
6.06809951615792e-05
3.405728220674581e-05
2.1981630924147123e-05
1.5651428770698735e-05
1.194060452963357e-05
9.570433988958552e-06
7.953085975577828e-06
6.791113830127942e-06
5.921642003662607e-06
5.249471018579291e-06
4.715854953225432e-06
4.282855674053565e-06
3.925012113025974e-06
3.624667146955871e-06
3.36922543354111e-06
3.149480053584441e-06
2.958555778853477e-06
2.7912213098017037e-06
2.6434295420875673e-06
2.5120028684945665e-06
2.394413131840104e-06
2.2886247915290917e-06
2.1929811976974947e-06
2.1061208228863704e-06
2.026914673834307e-06
1.9544189148122386e-06
1.8878385742991817e-06
1.8264994347411403e-06
1.7698260382750498e-06
1.7173243153732297e-06
1.668567744628387e-06
1.6231862361239866e-06
1.580857134661152e-06
1.5412978869780263e-06
1.5042600255270869e-06
1.4695242016939498e-06
1.4368960614019453e-06
1.4062028013608986e-06
1.3772902786946572e-06
1.3500205731203636e-06
1.3242699212792407e-06
1.2999269587125696e-06
1.2768912174266763e-06
1.2550718368053748e-06
1.2343864534122055e-06
1.214760241433726e-06
1.1961250804948265e-06
1.1784188315918446e-06
1.1615847051422148e-06
1.1455707077976647e-06
1.1303291568337658e-06
1.1158162527076135e-06
1.101991701842732e-06
1.0888183829154277e-06
1.0762620509269562e-06
1.0642910741887405e-06
1.0528762000536282e-06
1.041990345819177e-06
1.031608411728851e-06
1.0217071134197416e-06
1.012264831524019e-06
1.0032614764364037e-06
9.946783665202371e-07
9.864981182474386e-07
9.787045469586908e-07
9.712825770945068e-07
9.642181608895612e-07
9.574982046451149e-07
9.511105018005432e-07
9.450436721171354e-07
9.392871063675978e-07
9.338309159947225e-07
9.286658872639242e-07
9.237834394880094e-07
9.191755869497127e-07
9.148349041890256e-07
9.107544943589746e-07
9.069279603859116e-07
9.033493786990695e-07
9.000132753196813e-07
8.969146041226751e-07
8.940487271042793e-07
8.914113965070603e-07
8.889987386702691e-07
8.868072394881142e-07
8.848337313719205e-07
8.830753816242551e-07
8.81529682144167e-07
8.801944403928263e-07
8.79067771558217e-07
8.781480918662073e-07
8.774341129934304e-07
8.769248375450436e-07
8.766195555676529e-07
8.76517842074622e-07
8.766195555676529e-07
8.769248375450436e-07
8.774341129934304e-07
8.781480918662073e-07
8.79067771558217e-07
8.801944403928263e-07
8.81529682144167e-07
8.830753816242551e-07
8.848337313719205e-07
8.868072394881142e-07
8.889987386702691e-07
8.914113965070603e-07
8.940487271042793e-07
8.969146041226751e-07
9.000132753196813e-07
9.033493786990695e-07
9.069279603859116e-07
9.107544943589746e-07
9.148349041890256e-07
9.191755869497127e-07
9.237834394880094e-07
9.286658872639242e-07
9.338309159947225e-07
9.392871063675978e-07
9.450436721171354e-07
9.511105018005432e-07
9.574982046451149e-07
9.642181608895612e-07
9.712825770945068e-07
9.787045469586908e-07
9.864981182474386e-07
9.946783665202371e-07
1.0032614764364037e-06
1.012264831524019e-06
1.0217071134197416e-06
1.031608411728851e-06
1.041990345819177e-06
1.0528762000536282e-06
1.0642910741887405e-06
1.0762620509269562e-06
1.0888183829154277e-06
1.101991701842732e-06
1.1158162527076135e-06
1.1303291568337658e-06
1.1455707077976647e-06
1.1615847051422148e-06
1.1784188315918446e-06
1.1961250804948265e-06
1.214760241433726e-06
1.2343864534122055e-06
1.2550718368053748e-06
1.2768912174266763e-06
1.2999269587125696e-06
1.3242699212792407e-06
1.3500205731203636e-06
1.3772902786946572e-06
1.4062028013608986e-06
1.4368960614019453e-06
1.4695242016939498e-06
1.5042600255270869e-06
1.5412978869780263e-06
1.580857134661152e-06
1.6231862361239866e-06
1.668567744628387e-06
1.7173243153732297e-06
1.7698260382750498e-06
1.8264994347411403e-06
1.8878385742991817e-06
1.9544189148122386e-06
2.026914673834307e-06
2.1061208228863704e-06
2.1929811976974947e-06
2.2886247915290917e-06
2.394413131840104e-06
2.5120028684945665e-06
2.6434295420875673e-06
2.7912213098017037e-06
2.958555778853477e-06
3.149480053584441e-06
3.36922543354111e-06
3.624667146955871e-06
3.925012113025974e-06
4.282855674053565e-06
4.715854953225432e-06
5.249471018579291e-06
5.921642003662607e-06
6.791113830127942e-06
7.953085975577828e-06
9.570433988958552e-06
1.194060452963357e-05
1.5651428770698735e-05
2.1981630924147123e-05
3.405728220674581e-05
6.06809951615792e-05
0.00013121349138837154
0.0003651895262341292
0.0013746777832779155
0.007211714189051287
0.05338425022135521

4.066588762548847e-05
0.00016562438595376158
0.0006000151213209495
0.0019334992102246042
0.005542040458383275
0.014129906047707573
0.0320444443780593
0.06464130366730045
0.11598754514695156
0.1851213447027034
0.2628122020540981
0.3318779839891743
0.372782271875455
0.3724568342136193
0.33100955749319255
0.26166703244364364
0.18399303103363682
0.11507941034780095
0.0640232581051617
0.031682672205511034
0.013946002095360113
0.005460363280566245
0.0019016791204578168
0.0005891105878036517
0.00016233056771366273
3.9787593860317635e-05
8.674389800473926e-06
1.682186260153006e-06
2.9017040641828636e-07
4.452214133149024e-08
6.076351087912313e-09
7.376554641195862e-10
7.96541041622293e-11
7.650796329919276e-12
6.536556409047697e-13
4.967470254989586e-14
3.3578819689585747e-15
2.019014634750061e-16
1.0798349922073547e-17
5.137114146912538e-19
2.1738267283550528e-20
8.182283485677334e-22
2.73947921190582e-23
8.158407345217609e-25
2.161158659409015e-26
5.092274501107779e-28
1.0672860937722726e-29
1.989728334531739e-31
3.299518802365395e-33
4.866887639079154e-35
6.3855148842627e-37
7.452198467394947e-39
7.736005909688901e-41
7.143204153272402e-43
5.86696127176307e-45
4.286247745442591e-47
2.7853848383485228e-49
1.6100413656113448e-51
8.278139685402677e-54
3.7859280486778906e-56
1.5401245753632103e-58
5.572925470158395e-61
1.79371941347501e-63
5.135345543080453e-66
1.30776202933077e-68
2.962317914882484e-71
5.968682751534946e-74
1.069717783853264e-76
1.7053119106202234e-79
2.418144916925128e-82
3.050034221703685e-85
3.421928962795667e-88
3.414924892737405e-91
3.0313439233861895e-94
2.393498489437353e-97
1.6810281745648518e-100
1.0501726809442988e-103
5.835664687615731e-107
2.884455427804889e-110
1.2681809477110612e-113
4.9595526568848354e-117
1.7252326805166177e-120
5.338223295529172e-124
1.4692296544784064e-127
3.5968847620367257e-131
7.832623510676689e-135
1.517161694694677e-138
2.6139686557925733e-142
4.006016848213569e-146
5.460960769514747e-150
6.621695887239459e-154
7.1418922710516205e-158
6.851745892334544e-162
5.846999955899523e-166
4.4382199609940856e-170
2.9965977109849236e-174
1.799666173978172e-178
9.613894535304523e-183
4.568258202168921e-187
1.9308379272742334e-191
