0.4223234332710783
0.12755367008066645
0.04983559943904372
0.024196077070509515
0.01392744780552295
0.009095767379278499
0.006507437364519026
0.00497140158667572
0.0039837792767918176
0.0033075944537074987
0.0028210900374898923
0.0024569151525833414
0.002175440956853397
0.0019521079025717138
0.0017710125523028668
0.001621464525083906
0.0014960435884099367
0.001389454691433253
0.0012978271434687296
0.0012182710988959304
0.0011485884792764986
0.0010870795545611762
0.0010324104660055483
0.0009835205655144882
0.0009395563674594657
0.0008998236574391933
0.0008637522226555704
0.0008308695067939157
0.0008007806743308193
0.000773153344266601
0.0007477057707110942
0.0007241975989505707
0.0007024225676719434
0.0006822026972256929
0.0006633836236631001
0.0006458308242295308
0.0006294265423372985
0.0006140672657493145
0.0005996616455551856
0.0005861287688282427
0.0005733967169402408
0.0005614013560291418
0.0005500853172458862
0.0005393971330029847
0.0005292905021348253
0.0005197236621160453
0.0005106588506109202
0.0005020618418984416
0.0004939015463265681
0.0004861496630408192
0.0004787803779181768
0.00047177010000273086
0.0004650972308507733
0.00045874196210158056
0.0004526860973361313
0.00044691289490114385
0.00044140692888505956
0.0004361539658558133
0.0004311408553232464
0.00042635543218452315
0.0004217864296591279
0.0004174234014291965
0.00041325665187778155
0.00040927717346761055
0.0004054765904304412
0.0004018471080459099
0.00039838146688181647
0.00039507290144758433
0.00039191510278125275
0.0003889021845494959
0.0003860286522912747
0.0003832893754799906
0.0003806795621174425
0.00037819473560633045
0.0003758307136772105
0.00037358358917129316
0.00037144971250280463
0.00036942567564421933
0.000367508297494908
0.0003656946105089396
0.00036398184847118343
0.0003623674353227391
0.0003608489749472554
0.00035942424183906056
0.00035809117258236886
0.00035684785807828397
0.0003556925364629856
0.0003546235866664747
0.0003536395225666458
0.0003527389876983168
0.00035192075048125584
0.00035118369993525594
0.0003505268418539576
0.00034994929541247894
0.0003494502901869938
0.0003490291635672634
0.00034868535854578025
0.00034841842186968765
0.00034822800254398484
0.00034811385067677234
0.0003480758166594399
0.00034811385067677234
0.00034822800254398484
0.00034841842186968765
0.00034868535854578025
0.0003490291635672634
0.0003494502901869938
0.00034994929541247894
0.0003505268418539576
0.00035118369993525594
0.00035192075048125584
0.0003527389876983168
0.0003536395225666458
0.0003546235866664747
0.0003556925364629856
0.00035684785807828397
0.00035809117258236886
0.00035942424183906056
0.0003608489749472554
0.0003623674353227391
0.00036398184847118343
0.0003656946105089396
0.000367508297494908
0.00036942567564421933
0.00037144971250280463
0.00037358358917129316
0.0003758307136772105
0.00037819473560633045
0.0003806795621174425
0.0003832893754799906
0.0003860286522912747
0.0003889021845494959
0.00039191510278125275
0.00039507290144758433
0.00039838146688181647
0.0004018471080459099
0.0004054765904304412
0.00040927717346761055
0.00041325665187778155
0.0004174234014291965
0.0004217864296591279
0.00042635543218452315
0.0004311408553232464
0.0004361539658558133
0.00044140692888505956
0.00044691289490114385
0.0004526860973361313
0.00045874196210158056
0.0004650972308507733
0.00047177010000273086
0.0004787803779181768
0.0004861496630408192
0.0004939015463265681
0.0005020618418984416
0.0005106588506109202
0.0005197236621160453
0.0005292905021348253
0.0005393971330029847
0.0005500853172458862
0.0005614013560291418
0.0005733967169402408
0.0005861287688282427
0.0005996616455551856
0.0006140672657493145
0.0006294265423372985
0.0006458308242295308
0.0006633836236631001
0.0006822026972256929
0.0007024225676719434
0.0007241975989505707
0.0007477057707110942
0.000773153344266601
0.0008007806743308193
0.0008308695067939157
0.0008637522226555704
0.0008998236574391933
0.0009395563674594657
0.0009835205655144882
0.0010324104660055483
0.0010870795545611762
0.0011485884792764986
0.0012182710988959304
0.0012978271434687296
0.001389454691433253
0.0014960435884099367
0.001621464525083906
0.0017710125523028668
0.0019521079025717138
0.002175440956853397
0.0024569151525833414
0.0028210900374898923
0.0033075944537074987
0.0039837792767918176
0.00497140158667572
0.006507437364519026
0.009095767379278499
0.01392744780552295
0.024196077070509515
0.04983559943904372
0.12755367008066645

0.01664106365194378
0.03794773900317392
0.07552080869658077
0.13116660039433672
0.19881804408093398
0.2630051394552413
0.3036327249997904
0.3059206708866026
0.2689954738334789
0.20642249635431698
0.13824358350772514
0.08079953171617262
0.04121436456721558
0.01834696687147815
0.007127805640201571
0.0024167032428826026
0.0007150998789619944
0.00018466559428066023
4.161799706313292e-05
8.185632941770846e-06
1.4050742053396177e-06
2.1048548843859257e-07
2.7518259502531342e-08
3.139754328908586e-09
3.126412494937546e-10
2.716894604655809e-11
2.060512287571937e-12
1.3638089301951794e-13
7.877850861959727e-15
3.9713474378552166e-16
1.747205209506309e-17
6.708506611917808e-19
2.2479347043323122e-20
6.5738143625311435e-22
1.6777493662523843e-23
3.736909968527343e-25
7.263970801443185e-27
1.2322858131730429e-28
1.82441952426654e-30
2.3572946884386981e-32
2.6581467140958467e-34
2.6158926745808427e-36
2.2466571354618761e-38
1.6839515066963073e-40
1.1015349115648371e-42
6.288439037139845e-45
3.133021302368279e-47
1.362259183475742e-49
5.169303659681044e-52
1.711907318947296e-54
4.94771136830661e-57
1.2479706398586544e-59
2.747136780018721e-62
5.2775469144795354e-65
8.84829972821413e-68
1.2946830201079543e-70
1.653266945058943e-73
1.8424614799118893e-76
1.7919659570547746e-79
1.5210272566444148e-82
1.1267307375394036e-85
7.284155215516237e-89
4.1097380801690485e-92
2.0236015404714256e-95
8.695844437854065e-99
3.2611774174032665e-102
1.0673650902351778e-105
3.048789684616931e-109
7.60007436956872e-113
1.653423559185325e-116
3.1392529041536375e-120
5.20168910490405e-124
7.522087524644489e-128
9.493104835348418e-132
1.0455723147712133e-135
1.0050224829707997e-139
8.430889226232423e-144
6.1722980993074046e-148
3.943631310948956e-152
2.1989817408247036e-156
1.0700962549072154e-160
4.54464504562429e-165
1.684430114665327e-169
5.448562405120565e-174
1.5381077677322582e-178
3.789374298513092e-183
8.147495864537561e-188
1.5288211985326996e-192
2.5036011769394594e-197
3.5780755132576564e-202
4.4628240053027e-207
4.857870382804475e-212
4.614854245857656e-217
3.826008749476068e-222
2.7682788363192443e-227
1.7480329308452754e-232
9.633082754357867e-238
4.6329421371949134e-243
1.944573508311471e-248
7.123078940970348e-254
