1.1850244769329565
0.24992339719340015
0.11285994041624615
0.05906657861328091
0.03404290360894561
0.021339735135889763
0.014381679384406942
0.010302003481938594
0.007761460258673803
0.006093770840980972
0.004947861777043556
0.00412884196972882
0.0035233015185227624
0.003062386744241383
0.0027026733402371428
0.002415824534400503
0.002182775525930615
0.0019903438767248805
0.0018291881842804527
0.0016925414838722583
0.0015754036456589312
0.0014740134574213772
0.0013854955899631947
0.0013076195413978908
0.001238631867098092
0.0011771373482684557
0.0011220134540568842
0.0010723478463008362
0.0010273920879596628
0.0009865269153824532
0.0009492358769954035
0.0009150851027151232
0.0008837076194830841
0.0008547910754536368
0.0008280680465824653
0.000803308318712183
0.0007803126946898678
0.0007589079888674007
0.0007389429535487461
0.0007202849424540519
0.0007028171612169301
0.0006864363886148647
0.0006710510776868796
0.0006565797652804257
0.0006429497334476749
0.0006300958776104495
0.0006179597453606705
0.0006064887167704777
0.0005956353026076156
0.000585356541227823
0.0005756134784037868
0.000566370717144881
0.0005575960268126145
0.0005492600026581863
0.0005413357683895388
0.0005337987155848729
0.0005266262747617225
0.000519797713727833
0.0005132939595157845
0.0005070974407641541
0.0005011919478752697
0.000495562508670239
0.0004901952775896413
0.0004850774367640801
0.0004801971075116591
0.00047554327101666233
0.00047110569711122973
0.00046687488022452043
0.00046284198168574313
0.00045899877767183254
0.00045533761218020176
0.0004518513544841848
0.00044853336059538914
0.00044537743831481267
0.00044237781550454257
0.0004395291112552935
0.00043682630966287387
0.00043426473595970563
0.00043184003477642405
0.0004295481503339314
0.0004273853083885583
0.0004253479997725969
0.00042343296538979936
0.00042163718254075155
0.00041995785246662126
0.0004183923890118596
0.00041693840831720145
0.00041559371946392297
0.00041435631599894473
0.000413224368278103
0.00041219621657191354
0.00041127036488446486
0.00041044547544183396
0.0004097203638116567
0.00040909399462030606
0.00040856547783855833
0.0004081340656107571
0.0004077991496063226
0.0004075602588760764
0.00040741705819928467
0.00040736934691060396
0.00040741705819928467
0.0004075602588760764
0.0004077991496063226
0.0004081340656107571
0.00040856547783855833
0.00040909399462030606
0.0004097203638116567
0.00041044547544183396
0.00041127036488446486
0.00041219621657191354
0.000413224368278103
0.00041435631599894473
0.00041559371946392297
0.00041693840831720145
0.0004183923890118596
0.00041995785246662126
0.00042163718254075155
0.00042343296538979936
0.0004253479997725969
0.0004273853083885583
0.0004295481503339314
0.00043184003477642405
0.00043426473595970563
0.00043682630966287387
0.0004395291112552935
0.00044237781550454257
0.00044537743831481267
0.00044853336059538914
0.0004518513544841848
0.00045533761218020176
0.00045899877767183254
0.00046284198168574313
0.00046687488022452043
0.00047110569711122973
0.00047554327101666233
0.0004801971075116591
0.0004850774367640801
0.0004901952775896413
0.000495562508670239
0.0005011919478752697
0.0005070974407641541
0.0005132939595157845
0.000519797713727833
0.0005266262747617225
0.0005337987155848729
0.0005413357683895388
0.0005492600026581863
0.0005575960268126145
0.000566370717144881
0.0005756134784037868
0.000585356541227823
0.0005956353026076156
0.0006064887167704777
0.0006179597453606705
0.0006300958776104495
0.0006429497334476749
0.0006565797652804257
0.0006710510776868796
0.0006864363886148647
0.0007028171612169301
0.0007202849424540519
0.0007389429535487461
0.0007589079888674007
0.0007803126946898678
0.000803308318712183
0.0008280680465824653
0.0008547910754536368
0.0008837076194830841
0.0009150851027151232
0.0009492358769954035
0.0009865269153824532
0.0010273920879596628
0.0010723478463008362
0.0011220134540568842
0.0011771373482684557
0.001238631867098092
0.0013076195413978908
0.0013854955899631947
0.0014740134574213772
0.0015754036456589312
0.0016925414838722583
0.0018291881842804527
0.0019903438767248805
0.002182775525930615
0.002415824534400503
0.0027026733402371428
0.003062386744241383
0.0035233015185227624
0.00412884196972882
0.004947861777043556
0.006093770840980972
0.007761460258673803
0.010302003481938594
0.014381679384406942
0.021339735135889763
0.03404290360894561
0.05906657861328091
0.11285994041624615
0.24992339719340015

0.018793668684340556
0.07660172838249746
0.21973058724003341
0.44357535525502934
0.6301867197854152
0.6300804873627571
0.44335107610037916
0.21954551461364094
0.07651182564907194
0.018767629872306468
0.003250829822617696
0.000443865467545114
0.00022536233302400922
0.0007084984183540402
0.0029006010446845022
0.013310842026303385
0.05572583562306611
0.17909893605783442
0.4100558138082591
0.6520033414553705
0.7158540067710147
0.5464436398508837
0.2982399576431729
0.12620935241151876
0.04962575897783136
0.02202627677185075
0.010783211481497197
0.005066518798161581
0.0021259333837472605
0.0007818815002578549
0.0002512227115693989
7.048860587989917e-05
1.7270418524119518e-05
3.6949567371377147e-06
6.903007242489805e-07
1.126133226525976e-07
1.604219119411358e-08
1.995538337306682e-09
2.1675989667994128e-10
2.055986539795151e-11
1.7028801022913787e-12
1.231601890246361e-13
7.778199799689487e-15
4.2895359778869483e-16
2.065684576520741e-17
8.686406934606515e-19
3.189618982207221e-20
1.0227274570457132e-21
2.8635415949806526e-23
7.001152673480168e-25
1.4947138988019515e-26
2.786564303916693e-28
4.536308042865515e-30
6.448496654207159e-32
8.004549444610484e-34
8.676364255395786e-36
8.212230553298152e-38
6.787454986415295e-40
4.8986370567766436e-42
3.087209035399252e-44
1.6989448519856462e-46
8.164225640377524e-49
3.425888218182529e-51
1.255318270705991e-53
4.0165851970739957e-56
1.1222318465928277e-58
2.7379824908695102e-61
5.8331241008816554e-64
1.0851611521516792e-66
1.7628271548556184e-69
2.5006199849120705e-72
3.0974773241703135e-75
3.350356688657207e-78
3.1644368107080726e-81
2.6099024918604893e-84
1.8796396959978269e-87
1.1820814621261161e-90
6.491464359402995e-94
3.112865953473875e-97
1.3034687810460982e-100
4.766101869148921e-104
1.521768111456982e-107
4.242834679658167e-111
1.0329664419472234e-114
2.1960326240845995e-118
4.076747697758153e-122
6.608628723272027e-126
9.354731884369692e-130
1.1563087388950268e-133
1.2480694222681158e-137
1.1763218129978153e-141
9.681352423974638e-146
6.957742969979529e-150
4.36639684665891e-154
2.392767494718309e-158
1.1449862409846754e-162
4.784345203188928e-167
1.7456903829832082e-171
5.5620437835273e-176
1.547476487949894e-180
