0.1432206914726889
0.007189439303390175
0.00040576394232286314
2.574785506174631e-05
1.8369521101330205e-06
1.4734778479123644e-07
1.3288592494623677e-08
1.340544721076603e-09
1.541664421907153e-10
1.9782979245287673e-11
2.843639606394769e-12
4.597081429451638e-13
8.368945395783395e-14
1.7145397999717922e-14
3.9494489216056614e-15
1.022586648332669e-15
2.9759906422087873e-16
9.733057630408464e-17
3.574630389068711e-17
1.47172312072636e-17
6.770071587697421e-18
3.4604767242615163e-18
1.9497564901524246e-18
1.198705338677661e-18
7.949754221604335e-19
5.6212754482615055e-19
4.1918314669208923e-19
3.2649612999114117e-19
2.634747280374384e-19
2.1883375832023165e-19
1.8608083870475874e-19
1.6131408178753922e-19
1.4209469454892485e-19
1.2684386358882928e-19
1.1450685627564846e-19
1.043589385489813e-19
9.588940830336757e-20
8.873015057424205e-20
8.261037548582184e-20
7.732720330895994e-20
7.272609773540302e-20
6.868756976658658e-20
6.511796446268404e-20
6.194296135401903e-20
5.910291304268605e-20
5.654945098873175e-20
5.424297913566514e-20
5.215079901273229e-20
5.0245690286548556e-20
4.850482409238327e-20
4.690892247032938e-20
4.54416018693604e-20
4.408885577754722e-20
4.283864355096741e-20
4.168056105911352e-20
4.060557491144612e-20
3.960580649850223e-20
3.8674355362443534e-20
3.780515384442278e-20
3.699284677547214e-20
3.623269134987792e-20
3.5520473363368794e-20
3.485243679778123e-20
3.422522435067309e-20
3.3635826987586214e-20
3.3081540969427384e-20
3.255993110234059e-20
3.206879919087579e-20
3.1606156861080075e-20
3.117020206885811e-20
3.075929872859051e-20
3.0371958993725214e-20
3.000682779962696e-20
2.966266934308245e-20
2.933835522540306e-20
2.903285402931059e-20
2.874522213552598e-20
2.8474595614625205e-20
2.822018305441085e-20
2.798125920367944e-20
2.7757159330567693e-20
2.754727420822537e-20
2.7351045652862153e-20
2.716796254963822e-20
2.6997557310729837e-20
2.6839402717460063e-20
2.6693109104854394e-20
2.6558321852537952e-20
2.6434719150679905e-20
2.632201001383389e-20
2.6219932519121774e-20
2.6128252248346395e-20
2.6046760916369478e-20
2.5975275170512907e-20
2.5913635547887988e-20
2.586170557947035e-20
2.5819371031457493e-20
2.5786539276003073e-20
2.576313878484588e-20
2.5749118740668666e-20
2.5744448762253486e-20
2.5749118740668666e-20
2.576313878484588e-20
2.5786539276003073e-20
2.5819371031457493e-20
2.586170557947035e-20
2.5913635547887988e-20
2.5975275170512907e-20
2.6046760916369478e-20
2.6128252248346395e-20
2.6219932519121774e-20
2.632201001383389e-20
2.6434719150679905e-20
2.6558321852537952e-20
2.6693109104854394e-20
2.6839402717460063e-20
2.6997557310729837e-20
2.716796254963822e-20
2.7351045652862153e-20
2.754727420822537e-20
2.7757159330567693e-20
2.798125920367944e-20
2.822018305441085e-20
2.8474595614625205e-20
2.874522213552598e-20
2.903285402931059e-20
2.933835522540306e-20
2.966266934308245e-20
3.000682779962696e-20
3.0371958993725214e-20
3.075929872859051e-20
3.117020206885811e-20
3.1606156861080075e-20
3.206879919087579e-20
3.255993110234059e-20
3.3081540969427384e-20
3.3635826987586214e-20
3.422522435067309e-20
3.485243679778123e-20
3.5520473363368794e-20
3.623269134987792e-20
3.699284677547214e-20
3.780515384442278e-20
3.8674355362443534e-20
3.960580649850223e-20
4.060557491144612e-20
4.168056105911352e-20
4.283864355096741e-20
4.408885577754722e-20
4.54416018693604e-20
4.690892247032938e-20
4.850482409238327e-20
5.0245690286548556e-20
5.215079901273229e-20
5.424297913566514e-20
5.654945098873175e-20
5.910291304268605e-20
6.194296135401903e-20
6.511796446268404e-20
6.868756976658658e-20
7.272609773540302e-20
7.732720330895994e-20
8.261037548582184e-20
8.873015057424205e-20
9.588940830336757e-20
1.043589385489813e-19
1.1450685627564846e-19
1.2684386358882928e-19
1.4209469454892485e-19
1.6131408178753922e-19
1.8608083870475874e-19
2.1883375832023165e-19
2.634747280374384e-19
3.2649612999114117e-19
4.1918314669208923e-19
5.6212754482615055e-19
7.949754221604335e-19
1.198705338677661e-18
1.9497564901524246e-18
3.4604767242615163e-18
6.770071587697421e-18
1.47172312072636e-17
3.574630389068711e-17
9.733057630408464e-17
2.9759906422087873e-16
1.022586648332669e-15
3.9494489216056614e-15
1.7145397999717922e-14
8.368945395783395e-14
4.597081429451638e-13
2.843639606394769e-12
1.9782979245287673e-11
1.541664421907153e-10
1.340544721076603e-09
1.3288592494623677e-08
1.4734778479123644e-07
1.8369521101330205e-06
2.574785506174631e-05
0.00040576394232286314
0.007189439303390175

9.536111310400852e-19
1.540651699870104e-16
1.757011423380026e-14
1.4144306695455679e-12
8.037587359725952e-11
3.224086682927349e-09
9.129030860012615e-08
1.8246501306747443e-06
2.5743731183715812e-05
0.00025638956359284995
0.001802462160872265
0.008944764925076723
0.03133348265675087
0.07747924277565935
0.13523809002461942
0.1666286406927578
0.14492297354230138
0.0889737270280771
0.03855878066803343
0.011795646873165552
0.002547165684164545
0.00038826620404339965
4.1777163162153605e-05
3.173111001050478e-06
1.701251594124127e-07
6.4385605978547885e-09
1.7200694869673891e-10
3.243696095304391e-12
4.3178871354276145e-14
4.057321070017088e-16
2.691190421421308e-18
1.260046122848679e-20
4.164524470419731e-23
9.715862415069704e-26
1.6000525858953453e-28
1.8600478549073104e-31
1.5263387903346561e-34
8.841271499361279e-38
3.6150597085769934e-41
1.0434056505543425e-44
2.1258266920946437e-48
3.0573100873029026e-52
3.1037596625234564e-56
2.2241990038704604e-60
1.1251130477778128e-64
4.017497751459355e-69
1.0126330216925844e-73
1.8017124957284037e-78
2.2628504755217282e-83
2.0061490043500352e-88
1.2554732897302618e-93
5.546113209956665e-99
1.729445756904196e-104
3.806818068009356e-110
5.914993348420295e-116
6.487589484714955e-122
5.022840921005733e-128
2.7450638356766973e-134
1.058991403679326e-140
2.883828192135115e-147
5.5434903198669006e-154
7.522014491535856e-161
7.204801167665368e-168
4.87132153212019e-175
2.324922894989528e-182
7.832623915611149e-190
1.8627001791659557e-197
3.1269115760586567e-205
3.705315610831717e-213
3.099358217347033e-221
1.8300177568635073e-229
7.627387231746105e-238
2.2440537195760324e-246
4.660447979853683e-255
6.832175949827825e-264
7.070129713614184e-273
5.164552340513614e-282
2.663023178855934e-291
9.692909812023043e-301
2.49040717615407e-310
4.5167e-320
0.0
0.0
0.0
0.0
0.0
0.0
0.0
0.0
0.0
0.0
0.0
0.0
0.0
0.0
0.0
0.0
0.0
0.0
0.0
