0.9369554139089888
0.011897570045980905
0.00034127207472490546
2.37811609014459e-05
3.0856043792352097e-06
6.31959731555697e-07
1.9009454502148724e-07
7.850286164753413e-08
4.1203802108569705e-08
2.55875563594961e-08
1.7821794229420624e-08
1.3421280898783773e-08
1.0672415004346703e-08
8.824370745312741e-09
7.510153041277247e-09
6.533814395468891e-09
5.782944926968102e-09
5.189145457181961e-09
4.708714625832159e-09
4.3125662118041736e-09
3.980660494903142e-09
3.698776906092148e-09
3.4565642271084263e-09
3.2463193109492647e-09
3.0621975662579335e-09
2.899688159932938e-09
2.755256469903826e-09
2.626095071812754e-09
2.509946863485898e-09
2.404977180238375e-09
2.3096798352740375e-09
2.2228070712446534e-09
2.1433166384634685e-09
2.0703313222746717e-09
2.0031076426988504e-09
1.9410113966467543e-09
1.88349836373618e-09
1.8300989504173492e-09
1.7804058677086678e-09
1.7340641672732509e-09
1.690763126690264e-09
1.6502295963861191e-09
1.6122225106332101e-09
1.5765283321869118e-09
1.5429572507392048e-09
1.5113399938254504e-09
1.4815251382812616e-09
1.453376833085369e-09
1.4267728621013398e-09
1.4016029890660811e-09
1.3777675380710126e-09
1.355176171418629e-09
1.3337468336217578e-09
1.3134048358310861e-09
1.2940820594228606e-09
1.275716261079381e-09
1.2582504646247636e-09
1.2416324272734219e-09
1.2258141699150416e-09
1.2107515626809903e-09
1.1964039583791474e-09
1.182733867499359e-09
1.1697066694219258e-09
1.157290355240217e-09
1.1454552982625272e-09
1.1341740488095046e-09
1.123421150389469e-09
1.1131729747291485e-09
1.1034075734734713e-09
1.0941045446548221e-09
1.0852449122774195e-09
1.0768110175728545e-09
1.068786420663766e-09
1.061155811528582e-09
1.0539049292951094e-09
1.0470204890075395e-09
1.0404901151129044e-09
1.0343022810013301e-09
1.028446254011486e-09
1.0229120453800345e-09
1.017690364672947e-09
1.012772578288451e-09
1.008150671667078e-09
1.0038172148846106e-09
9.997653313394205e-10
9.959886692773304e-10
9.924813759252936e-10
9.8923807403027e-10
9.862538406221208e-10
9.835241878394867e-10
9.810450456757108e-10
9.788127465182654e-10
9.768240113699617e-10
9.750759376537702e-10
9.735659885154514e-10
9.722919835496048e-10
9.712520908853204e-10
9.70444820577445e-10
9.698690192587652e-10
9.695238660171488e-10
9.694088694700862e-10
9.695238660171488e-10
9.698690192587652e-10
9.70444820577445e-10
9.712520908853204e-10
9.722919835496048e-10
9.735659885154514e-10
9.750759376537702e-10
9.768240113699617e-10
9.788127465182654e-10
9.810450456757108e-10
9.835241878394867e-10
9.862538406221208e-10
9.8923807403027e-10
9.924813759252936e-10
9.959886692773304e-10
9.997653313394205e-10
1.0038172148846106e-09
1.008150671667078e-09
1.012772578288451e-09
1.017690364672947e-09
1.0229120453800345e-09
1.028446254011486e-09
1.0343022810013301e-09
1.0404901151129044e-09
1.0470204890075395e-09
1.0539049292951094e-09
1.061155811528582e-09
1.068786420663766e-09
1.0768110175728545e-09
1.0852449122774195e-09
1.0941045446548221e-09
1.1034075734734713e-09
1.1131729747291485e-09
1.123421150389469e-09
1.1341740488095046e-09
1.1454552982625272e-09
1.157290355240217e-09
1.1697066694219258e-09
1.182733867499359e-09
1.1964039583791474e-09
1.2107515626809903e-09
1.2258141699150416e-09
1.2416324272734219e-09
1.2582504646247636e-09
1.275716261079381e-09
1.2940820594228606e-09
1.3134048358310861e-09
1.3337468336217578e-09
1.355176171418629e-09
1.3777675380710126e-09
1.4016029890660811e-09
1.4267728621013398e-09
1.453376833085369e-09
1.4815251382812616e-09
1.5113399938254504e-09
1.5429572507392048e-09
1.5765283321869118e-09
1.6122225106332101e-09
1.6502295963861191e-09
1.690763126690264e-09
1.7340641672732509e-09
1.7804058677086678e-09
1.8300989504173492e-09
1.88349836373618e-09
1.9410113966467543e-09
2.0031076426988504e-09
2.0703313222746717e-09
2.1433166384634685e-09
2.2228070712446534e-09
2.3096798352740375e-09
2.404977180238375e-09
2.509946863485898e-09
2.626095071812754e-09
2.755256469903826e-09
2.899688159932938e-09
3.0621975662579335e-09
3.2463193109492647e-09
3.4565642271084263e-09
3.698776906092148e-09
3.980660494903142e-09
4.3125662118041736e-09
4.708714625832159e-09
5.189145457181961e-09
5.782944926968102e-09
6.533814395468891e-09
7.510153041277247e-09
8.824370745312741e-09
1.0672415004346703e-08
1.3421280898783773e-08
1.7821794229420624e-08
2.55875563594961e-08
4.1203802108569705e-08
7.850286164753413e-08
1.9009454502148724e-07
6.31959731555697e-07
3.0856043792352097e-06
2.37811609014459e-05
0.00034127207472490546
0.011897570045980905

4.448724799542165e-08
2.2398474533258368e-07
1.0223074471897252e-06
4.229849491001848e-06
1.586532481523493e-05
5.394543376397532e-05
0.00016628184486216157
0.00046465089722530994
0.0011771174656120896
0.002703790488471193
0.005632595585213914
0.01064932093037351
0.01830239554712812
0.028697559546532258
0.04137629602752732
0.05573055634869717
0.07209995044565702
0.09307364672778734
0.12375904377546387
0.16966895005171512
0.23257046705937576
0.31148056154263337
0.4284662229081238
0.6323002370372255
0.8147516082579624
0.7186328990361592
0.430025537746593
0.21912716553248396
0.11661822180381695
0.06147621463678191
0.02944567108882482
0.012529279962336423
0.004724273814648524
0.0015782517532930077
0.0004671327209639729
0.0001224961893027365
2.845905813696902e-05
5.857773246385486e-06
1.0682126793554942e-06
1.7258198261771195e-07
2.4702753463722236e-08
3.1326164545820425e-09
3.5194993077684477e-10
3.503210567342116e-11
3.0893223943345166e-12
2.4136361976989674e-13
1.670674889139599e-14
1.0245274894968134e-15
5.566302544306119e-17
2.6793010350975225e-18
1.1425829041910521e-19
4.316834845580512e-21
1.4449560790011203e-22
4.285044741163867e-24
1.1258164232925192e-25
2.620543111224316e-27
5.404139565434676e-29
9.873550134319355e-31
1.5982019843618676e-32
2.2919311841407945e-34
2.911944548875657e-36
3.2777536242141667e-38
3.268746794273241e-40
2.888006448223178e-42
2.260617837615361e-44
1.5677202979649649e-46
9.632144084595897e-49
5.2431363663091406e-51
2.5285672067461715e-53
1.0803769354569153e-55
4.089756501240081e-58
1.371663780597264e-60
4.0760341209630567e-63
1.0732209010478397e-65
2.5040351934544317e-68
5.178022968112529e-71
9.492850194749619e-74
1.5438397950438656e-76
2.2299611960736944e-79
2.867511149320824e-82
3.2980845488470526e-85
3.4243325802147666e-88
3.266062779380408e-91
2.9483472117323413e-94
2.6259053269639737e-97
2.396667916533853e-100
2.2620706774802424e-103
2.151762005729149e-106
1.9844281138590135e-109
1.7199606851088369e-112
1.37516933634433e-115
1.0046350485331122e-118
6.676246508358788e-122
4.0277620647604554e-125
2.2041032982156167e-128
1.0936604306253145e-131
4.919862542527134e-135
2.0064053129619793e-138
7.417714106267532e-142
2.486014513765397e-145
