0.43125661436425444
0.011785628686124571
0.0004830817323828293
2.969824268446479e-05
2.7376817417445977e-06
3.7775884731214854e-07
7.735485117594875e-08
2.2883817988097566e-08
9.267800109144005e-09
4.782238154779737e-09
2.9315056473079785e-09
2.0219670400463542e-09
1.512135829801066e-09
1.1963015527742072e-09
9.853771639904435e-10
8.361797648784977e-10
7.258190434631903e-10
6.412448674312405e-10
5.745588390504551e-10
5.207377405773737e-10
4.764515840092036e-10
4.394140309981628e-10
4.0800756900876083e-10
3.8105794404806263e-10
3.5769336604214276e-10
3.3725377414649825e-10
3.192306941816234e-10
3.032263672176514e-10
2.889253502443424e-10
2.760743862116737e-10
2.6446787747170104e-10
2.539372314941933e-10
2.443429306973658e-10
2.3556855006385405e-10
2.2751618830032346e-10
2.2010293891321678e-10
2.132581359927251e-10
2.0692118385993985e-10
2.0103983149332162e-10
1.9556878917500184e-10
1.904686108993145e-10
1.8570478496121258e-10
1.8124698894303552e-10
1.7706847551334836e-10
1.7314556305644794e-10
1.6945721087556337e-10
1.659846630587161e-10
1.6271114842229888e-10
1.5962162651243586e-10
1.567025716365238e-10
1.5394178845546179e-10
1.5132825389347524e-10
1.4885198109369202e-10
1.46503901921305e-10
1.4427576513587762e-10
1.4216004785338346e-10
1.4014987832245165e-10
1.3823896836773635e-10
1.3642155412166675e-10
1.3469234388602675e-10
1.3304647214626815e-10
1.3147945891159536e-10
1.299871736785656e-10
1.2856580341991838e-10
1.272118240873417e-10
1.2592197518992617e-10
1.2469323707158588e-10
1.2352281056273054e-10
1.2240809872555273e-10
1.213466904497805e-10
1.2033634568770842e-10
1.1937498214465168e-10
1.1846066326440919e-10
1.175915873694678e-10
1.1676607783305117e-10
1.1598257417512398e-10
1.1523962398746417e-10
1.1453587560420465e-10
1.1387007144407333e-10
1.1324104195913293e-10
1.1264770013231997e-10
1.1208903647265339e-10
1.1156411446275845e-10
1.1107206641843552e-10
1.1061208972449383e-10
1.101834434150438e-10
1.0978544506996728e-10
1.0941746800242327e-10
1.0907893871504723e-10
1.0876933460500775e-10
1.0848818190033877e-10
1.0823505381199364e-10
1.080095688879075e-10
1.0781138955702563e-10
1.0764022085278388e-10
1.0749580930693167e-10
1.0737794200588749e-10
1.0728644580302593e-10
1.0722118668143183e-10
1.0718206926272837e-10
1.0716903645861396e-10
1.0718206926272837e-10
1.0722118668143183e-10
1.0728644580302593e-10
1.0737794200588749e-10
1.0749580930693167e-10
1.0764022085278388e-10
1.0781138955702563e-10
1.080095688879075e-10
1.0823505381199364e-10
1.0848818190033877e-10
1.0876933460500775e-10
1.0907893871504723e-10
1.0941746800242327e-10
1.0978544506996728e-10
1.101834434150438e-10
1.1061208972449383e-10
1.1107206641843552e-10
1.1156411446275845e-10
1.1208903647265339e-10
1.1264770013231997e-10
1.1324104195913293e-10
1.1387007144407333e-10
1.1453587560420465e-10
1.1523962398746417e-10
1.1598257417512398e-10
1.1676607783305117e-10
1.175915873694678e-10
1.1846066326440919e-10
1.1937498214465168e-10
1.2033634568770842e-10
1.213466904497805e-10
1.2240809872555273e-10
1.2352281056273054e-10
1.2469323707158588e-10
1.2592197518992617e-10
1.272118240873417e-10
1.2856580341991838e-10
1.299871736785656e-10
1.3147945891159536e-10
1.3304647214626815e-10
1.3469234388602675e-10
1.3642155412166675e-10
1.3823896836773635e-10
1.4014987832245165e-10
1.4216004785338346e-10
1.4427576513587762e-10
1.46503901921305e-10
1.4885198109369202e-10
1.5132825389347524e-10
1.5394178845546179e-10
1.567025716365238e-10
1.5962162651243586e-10
1.6271114842229888e-10
1.659846630587161e-10
1.6945721087556337e-10
1.7314556305644794e-10
1.7706847551334836e-10
1.8124698894303552e-10
1.8570478496121258e-10
1.904686108993145e-10
1.9556878917500184e-10
2.0103983149332162e-10
2.0692118385993985e-10
2.132581359927251e-10
2.2010293891321678e-10
2.2751618830032346e-10
2.3556855006385405e-10
2.443429306973658e-10
2.539372314941933e-10
2.6446787747170104e-10
2.760743862116737e-10
2.889253502443424e-10
3.032263672176514e-10
3.192306941816234e-10
3.3725377414649825e-10
3.5769336604214276e-10
3.8105794404806263e-10
4.0800756900876083e-10
4.394140309981628e-10
4.764515840092036e-10
5.207377405773737e-10
5.745588390504551e-10
6.412448674312405e-10
7.258190434631903e-10
8.361797648784977e-10
9.853771639904435e-10
1.1963015527742072e-09
1.512135829801066e-09
2.0219670400463542e-09
2.9315056473079785e-09
4.782238154779737e-09
9.267800109144005e-09
2.2883817988097566e-08
7.735485117594875e-08
3.7775884731214854e-07
2.7376817417445977e-06
2.969824268446479e-05
0.0004830817323828293
0.011785628686124571

4.8572713864270065e-09
3.072697599773011e-08
1.7576135164424686e-07
9.090819960957787e-07
4.251663067061592e-06
1.798004336098237e-05
6.875412185262833e-05
0.00023772937840795105
0.000743263969889941
0.002101258179692453
0.005371454038548939
0.012415963336627634
0.02595046172777633
0.049043998229681175
0.08381133476354449
0.12950774959208286
0.18095261644600294
0.22861782454970622
0.26117488920086634
0.2697918716314974
0.2520010865763341
0.21283942467229616
0.16254658504256128
0.1122482900445511
0.0700902692618504
0.03957417168188839
0.020204218155591175
0.0093271374190687
0.0038934160255815167
0.001469566892954986
0.0005015612975931199
0.0001547871078528068
4.319382501933271e-05
1.0898949845921737e-05
2.4867020598587713e-06
5.13025514601833e-07
9.570404320552432e-08
1.6143500721564013e-08
2.4623016700895016e-09
3.395947068385652e-10
4.235031799937442e-11
4.77560666391307e-12
4.869412137444086e-13
4.489527425006267e-14
3.742836312903919e-15
2.8214811319316533e-16
1.923222702448634e-17
1.1853814154664452e-18
6.606367997034096e-20
3.3292278570713613e-21
1.5170517250750927e-22
6.250767824037466e-24
2.328855046149865e-25
7.845627023308214e-27
2.38995084694411e-28
6.583038432727418e-30
1.6396075995403372e-31
3.692577041585816e-33
7.519610026184964e-35
1.384640983275747e-36
2.3054470714835032e-38
3.470957059382623e-40
4.7251917405552515e-42
5.816553700365574e-44
6.474230514744983e-46
6.516084166065568e-48
5.930090520926895e-50
4.879912903474073e-52
3.631106018798127e-54
2.4431036833321433e-56
1.4863496257739006e-58
8.176664310106448e-61
4.067311822305321e-63
1.8294261403587008e-65
7.440436287764752e-68
2.736264238993213e-70
9.099002356200041e-73
2.7359340909783903e-75
7.438640922360401e-78
1.828764023891776e-80
4.065349187418074e-83
8.171732662602412e-86
1.485273924001582e-88
2.4410409960265375e-91
3.627602566765055e-94
4.874616322179935e-97
5.922939365981018e-100
6.507441095883173e-103
6.464862838391462e-106
5.807436838546508e-109
4.717216247241902e-112
3.464680460297467e-115
2.3010004226372587e-118
1.3818036026050201e-121
7.503295550036761e-125
3.6841210939680307e-128
1.63565554577198e-131
6.566378531561826e-135
2.3836148903287834e-138
7.823883503462715e-142
