0.4083963123839145
0.02811896532870681
0.002490564131226888
0.000283772436376683
4.1588135772735295e-05
7.835082567925476e-06
1.8931204455056148e-06
5.825196674564587e-07
2.246679569380702e-07
1.0573552197604853e-07
5.8645283914852137e-08
3.69713189512977e-08
2.5662402695390674e-08
1.9127246213108823e-08
1.5027983217325763e-08
1.2282553733481239e-08
1.0344847063161667e-08
8.918232020903405e-09
7.831230257620354e-09
6.979324951598562e-09
6.295872348568854e-09
5.736703023201895e-09
5.271551433481394e-09
4.879071843892621e-09
4.543825782542922e-09
4.254398002686508e-09
4.002182031948618e-09
3.780575963134609e-09
3.5844369175952404e-09
3.409702880808676e-09
3.2531253908075357e-09
3.112077214033894e-09
2.984411731207702e-09
2.8683586120421034e-09
2.762445368417518e-09
2.665437635888017e-09
2.5762931939622898e-09
2.49412619185636e-09
2.418179043450025e-09
2.3478001477959753e-09
2.28242607921795e-09
2.2215672387739367e-09
2.164796209741958e-09
2.1117382427875e-09
2.062063431341202e-09
2.0154802380779284e-09
1.971730108755091e-09
1.930582966751185e-09
1.8918334252315567e-09
1.8552975874038817e-09
1.8208103313154828e-09
1.788222995924877e-09
1.7574014011081701e-09
1.7282241468485725e-09
1.700581146863623e-09
1.6743723599236281e-09
1.6495066885432613e-09
1.6259010199209639e-09
1.603479388215679e-09
1.5821722406876679e-09
1.5619157930456587e-09
1.542651461658687e-09
1.5243253622040985e-09
1.5068878659096256e-09
1.4902932058679901e-09
1.4744991270056768e-09
1.4594665742123655e-09
1.4451594139154543e-09
1.4315441850406294e-09
1.4185898758551812e-09
1.4062677236627005e-09
1.3945510347196578e-09
1.3834150220876117e-09
1.372836659428711e-09
1.3627945490045808e-09
1.3532688023559753e-09
1.344240932328169e-09
1.3356937552693373e-09
1.3276113023700124e-09
1.319978739234097e-09
1.3127822928786588e-09
1.306009185452966e-09
1.2996475740489073e-09
1.2936864960466375e-09
1.288115819502435e-09
1.2829261981414313e-09
1.2781090305671879e-09
1.2736564233438101e-09
1.2695611576452177e-09
1.2658166592009347e-09
1.262416971298888e-09
1.2593567306336948e-09
1.2566311458141993e-09
1.2542359783669286e-09
1.2521675260930636e-09
1.2504226086556557e-09
1.2489985552915307e-09
1.2478931945587353e-09
1.2471048460457649e-09
1.2466323139833575e-09
1.2464748827134655e-09
1.2466323139833575e-09
1.2471048460457649e-09
1.2478931945587353e-09
1.2489985552915307e-09
1.2504226086556557e-09
1.2521675260930636e-09
1.2542359783669286e-09
1.2566311458141993e-09
1.2593567306336948e-09
1.262416971298888e-09
1.2658166592009347e-09
1.2695611576452177e-09
1.2736564233438101e-09
1.2781090305671879e-09
1.2829261981414313e-09
1.288115819502435e-09
1.2936864960466375e-09
1.2996475740489073e-09
1.306009185452966e-09
1.3127822928786588e-09
1.319978739234097e-09
1.3276113023700124e-09
1.3356937552693373e-09
1.344240932328169e-09
1.3532688023559753e-09
1.3627945490045808e-09
1.372836659428711e-09
1.3834150220876117e-09
1.3945510347196578e-09
1.4062677236627005e-09
1.4185898758551812e-09
1.4315441850406294e-09
1.4451594139154543e-09
1.4594665742123655e-09
1.4744991270056768e-09
1.4902932058679901e-09
1.5068878659096256e-09
1.5243253622040985e-09
1.542651461658687e-09
1.5619157930456587e-09
1.5821722406876679e-09
1.603479388215679e-09
1.6259010199209639e-09
1.6495066885432613e-09
1.6743723599236281e-09
1.700581146863623e-09
1.7282241468485725e-09
1.7574014011081701e-09
1.788222995924877e-09
1.8208103313154828e-09
1.8552975874038817e-09
1.8918334252315567e-09
1.930582966751185e-09
1.971730108755091e-09
2.0154802380779284e-09
2.062063431341202e-09
2.1117382427875e-09
2.164796209741958e-09
2.2215672387739367e-09
2.28242607921795e-09
2.3478001477959753e-09
2.418179043450025e-09
2.49412619185636e-09
2.5762931939622898e-09
2.665437635888017e-09
2.762445368417518e-09
2.8683586120421034e-09
2.984411731207702e-09
3.112077214033894e-09
3.2531253908075357e-09
3.409702880808676e-09
3.5844369175952404e-09
3.780575963134609e-09
4.002182031948618e-09
4.254398002686508e-09
4.543825782542922e-09
4.879071843892621e-09
5.271551433481394e-09
5.736703023201895e-09
6.295872348568854e-09
6.979324951598562e-09
7.831230257620354e-09
8.918232020903405e-09
1.0344847063161667e-08
1.2282553733481239e-08
1.5027983217325763e-08
1.9127246213108823e-08
2.5662402695390674e-08
3.69713189512977e-08
5.8645283914852137e-08
1.0573552197604853e-07
2.246679569380702e-07
5.825196674564587e-07
1.8931204455056148e-06
7.835082567925476e-06
4.1588135772735295e-05
0.000283772436376683
0.002490564131226888
0.02811896532870681

5.541859066656075e-08
4.83565894957227e-07
3.58824116398995e-06
2.2642968357845795e-05
0.0001215096780009169
0.0005545160935665032
0.002152004697093151
0.0071022842452194675
0.01993327502305011
0.04757568422310681
0.09656443455601679
0.16667679288232326
0.24465767468176425
0.3053995036045372
0.3241929637042893
0.29266084168033285
0.2246732794949342
0.14667767143133334
0.08143336171155638
0.03844735743402856
0.015436768867330438
0.0052707459374676914
0.0015304302405738496
0.00037790337379986575
7.935490472290128e-05
1.4170740810897093e-05
2.1519744441528674e-06
2.7791208928772077e-07
3.0521336255072524e-08
2.8505287309190705e-09
2.2639825574546362e-10
1.5291373812939006e-11
8.783057148783482e-13
4.290132314539378e-14
1.7820563786124425e-15
6.295032364263929e-17
1.8910380595209952e-18
4.8309033276392865e-20
1.0494994098347665e-21
1.9389286385700863e-23
3.0462618159626755e-25
4.070037427069982e-27
4.6243995879375574e-29
4.468256331951434e-31
3.6715257621343235e-33
2.565552197607062e-35
1.5245473063297926e-37
7.704185473765217e-40
3.310841033348913e-42
1.2099730665233565e-44
3.7604416320862174e-47
9.938658675064882e-50
2.2337906781059736e-52
4.2695582928877856e-55
6.939835806338985e-58
9.592707849590984e-61
1.1276102512992477e-63
1.1272041723570102e-66
9.582347902978646e-70
6.927348813747298e-73
4.2588069361986434e-76
2.2265611339618552e-79
9.899358900668895e-83
3.742874717663841e-86
1.203453421547048e-89
3.2906300261065614e-93
7.651641274382449e-97
1.5130592010160527e-100
2.5443861056635077e-104
3.6386131483626256e-108
4.425012771452294e-112
4.5763469993536675e-116
4.024844820904559e-120
3.010267632203856e-124
1.914638783470653e-128
1.0356055508293598e-132
4.763516370312605e-137
1.8633169270768926e-141
6.19828542577906e-146
1.7534047873638472e-150
4.2181165887110366e-155
8.629402887480607e-160
1.5013041554559822e-164
2.2211730857078778e-169
2.7946144023567745e-174
2.990109949946816e-179
2.720684598575482e-184
2.1052080057018813e-189
1.3852801220083033e-194
7.751860820278211e-200
3.6889273784398677e-205
1.4928632235197413e-210
5.137664113765391e-216
1.503616805812063e-221
3.7422638912086955e-227
7.920587971667141e-233
1.4256279767045322e-238
2.1821307619842248e-244
2.8404104953757825e-250
3.144178694178512e-256
