0.22557514145705354
0.16065035471405079
0.11842452766347306
0.0900844417540393
0.07049596022472614
0.05658106769941745
0.046443332468353075
0.038883660525565786
0.03312507986175184
0.028652378428045414
0.025116416866084575
0.022275724993423507
0.019960079136880894
0.018047318656608805
0.016448300736162755
0.015096955850916931
0.01394359961005192
0.012950360274555314
0.012088003885135623
0.011333697326627694
0.01066941032697024
0.010080758920923602
0.009556158064273452
0.009086193514405226
0.008663151113612919
0.008280660364535123
0.00793342189845622
0.007616997158441269
0.00732764467246869
0.007062191539668351
0.006817931765349507
0.006592545238507608
0.00638403270620764
0.006190663238329853
0.006010931514811716
0.005843522890134244
0.005687284655724813
0.005541202272278474
0.005404379610855067
0.005276022445717543
0.005155424599036317
0.005041956259369165
0.004935054090778117
0.004834212823911305
0.004738978079108392
0.004648940218158855
0.004563729058462961
0.00448300931308111
0.004406476644091956
0.004333854236033829
0.00426488981192399
0.004199353027172874
0.004137033187212997
0.004077737243298545
0.00402128802806063
0.003967522698309596
0.003916291357486775
0.0038674558342653856
0.0038208885972303166
0.003776471788446854
0.0037340963611550175
0.003693661308876409
0.0036550729749579066
0.003618244433053017
0.0035830949302998578
0.003549549386029662
0.0035175379397605695
0.0034869955430221313
0.003457861590236757
0.003430079584471608
0.003403596834382529
0.0033783641791118855
0.0033543357382848373
0.0033314686845815162
0.003309723036653303
0.0032890614704053417
0.003269449146890096
0.0032508535552521144
0.0032332443693360536
0.0032165933167215494
0.0032008740590823035
0.003186062082885225
0.0031721345995504653
0.003159070454286591
0.003146850042898257
0.003135455235938016
0.003124869309640338
0.0031150768831355413
0.003106063861494996
0.0030978173842073423
0.003090325778729352
0.00308357851879482
0.0030775661872012735
0.0030722804428274923
0.003067713991665521
0.0030638605616791666
0.0030607148813273574
0.0030582726616154793
0.0030565305815610836
0.0030554862769825537
0.003055138332540542
0.0030554862769825537
0.0030565305815610836
0.0030582726616154793
0.0030607148813273574
0.0030638605616791666
0.003067713991665521
0.0030722804428274923
0.0030775661872012735
0.00308357851879482
0.003090325778729352
0.0030978173842073423
0.003106063861494996
0.0031150768831355413
0.003124869309640338
0.003135455235938016
0.003146850042898257
0.003159070454286591
0.0031721345995504653
0.003186062082885225
0.0032008740590823035
0.0032165933167215494
0.0032332443693360536
0.0032508535552521144
0.003269449146890096
0.0032890614704053417
0.003309723036653303
0.0033314686845815162
0.0033543357382848373
0.0033783641791118855
0.003403596834382529
0.003430079584471608
0.003457861590236757
0.0034869955430221313
0.0035175379397605695
0.003549549386029662
0.0035830949302998578
0.003618244433053017
0.0036550729749579066
0.003693661308876409
0.0037340963611550175
0.003776471788446854
0.0038208885972303166
0.0038674558342653856
0.003916291357486775
0.003967522698309596
0.00402128802806063
0.004077737243298545
0.004137033187212997
0.004199353027172874
0.00426488981192399
0.004333854236033829
0.004406476644091956
0.00448300931308111
0.004563729058462961
0.004648940218158855
0.004738978079108392
0.004834212823911305
0.004935054090778117
0.005041956259369165
0.005155424599036317
0.005276022445717543
0.005404379610855067
0.005541202272278474
0.005687284655724813
0.005843522890134244
0.006010931514811716
0.006190663238329853
0.00638403270620764
0.006592545238507608
0.006817931765349507
0.007062191539668351
0.00732764467246869
0.007616997158441269
0.00793342189845622
0.008280660364535123
0.008663151113612919
0.009086193514405226
0.009556158064273452
0.010080758920923602
0.01066941032697024
0.011333697326627694
0.012088003885135623
0.012950360274555314
0.01394359961005192
0.015096955850916931
0.016448300736162755
0.018047318656608805
0.019960079136880894
0.022275724993423507
0.025116416866084575
0.028652378428045414
0.03312507986175184
0.038883660525565786
0.046443332468353075
0.05658106769941745
0.07049596022472614
0.0900844417540393
0.11842452766347306
0.16065035471405079

0.14264122364545043
0.371586206974729
0.4134601004300641
0.19650206489572727
0.03988964054440157
0.0034586978099655774
0.000128092766881075
2.026264269970852e-06
1.3690744251585456e-08
3.9510954446858285e-11
4.8704319047485913e-14
2.5643477675999387e-17
5.7669456787985005e-21
5.539547500645892e-25
2.2728051906163508e-29
3.982993761064569e-34
2.9813744923034824e-39
9.531975744054471e-45
1.3016937431978972e-50
7.592664289265842e-57
1.8916425320765126e-63
2.0129984212152703e-70
9.149709173099282e-78
1.776358578381572e-85
1.473036393717157e-93
5.2174201118426534e-102
7.89328221440537e-111
5.100572737494529e-120
1.4077960798902123e-129
1.6596635254204001e-139
8.357181598606403e-150
1.7974595294754235e-160
1.6512692522199967e-171
6.4794204031629726e-183
1.085960217605355e-194
7.774118645356385e-207
2.3771024771310662e-219
3.1045891588168404e-232
1.7318882283907906e-245
4.1266256738603297e-259
4.199811351432308e-273
1.825677158475349e-287
3.389828078815093e-302
2.6883816e-317
0.0
0.0
0.0
0.0
0.0
0.0
0.0
0.0
0.0
0.0
0.0
0.0
0.0
0.0
0.0
0.0
0.0
0.0
0.0
0.0
0.0
0.0
0.0
0.0
0.0
0.0
0.0
0.0
0.0
0.0
0.0
0.0
0.0
0.0
0.0
0.0
0.0
0.0
0.0
0.0
0.0
0.0
0.0
0.0
0.0
0.0
0.0
0.0
0.0
0.0
0.0
0.0
0.0
0.0
0.0
0.0
