1.2648332660694703
0.5320002607337975
0.3150017017474334
0.21176264909605452
0.1547440730546149
0.12023513010633402
0.09776909304106189
0.0822418877198596
0.07097448426214423
0.06246847775752444
0.05583750546744775
0.050530786581262255
0.0461910166606332
0.042577551297393885
0.039522946975549735
0.036907342532755474
0.03464278879643114
0.03266333991550831
0.030918598587385784
0.029369397394884936
0.027984839153658455
0.026740224330235787
0.02561557110919268
0.024594539865986028
0.02366363895436697
0.02281162964715807
0.02202907434489232
0.021307989374997734
0.02064157518343946
0.0200240045097035
0.019450254504930375
0.01891597250822656
0.01841736785857552
0.017951124031332144
0.01751432677699144
0.017104404959925185
0.016719081551703478
0.01635633280074635
0.016014354028829336
0.01569153083191092
0.015386414714045447
0.015097702377759368
0.014824218046062583
0.014564898310463743
0.014318779093556994
0.014084984389643417
0.013862716506741972
0.013651247581500759
0.013449912177441573
0.01325810080858607
0.013075254256314301
0.012900858568459897
0.012734440647063716
0.01257556434560896
0.01242382700851472
0.012278856395626047
0.012140307942769067
0.01200786231643095
0.011881223226511951
0.011760115466070658
0.011644283151198616
0.011533488137743764
0.01142750859465669
0.011326137716345231
0.011229182558661668
0.0111364629850708
0.01104781071120538
0.010963068437447498
0.01088208906041476
0.010804734955306405
0.010730877322000919
0.010660395588612854
0.010593176866929866
0.010529115454775315
0.010468112380889641
0.010410074988405403
0.010354916553415007
0.010302555935504814
0.010252917257460394
0.010205929611641315
0.010161526790784397
0.01011964704122634
0.010080232836743358
0.010043230671390176
0.010008590869886173
0.00997626741424495
0.009946217785477095
0.00991840281931649
0.00989278657502928
0.009869336216463702
0.009848021904588668
0.00982881670085127
0.009811696480758667
0.009796639857159017
0.009783628112760314
0.00977264514148563
0.009763677398318812
0.009756713857347254
0.009751745977757936
0.009748767677590246
0.009747775315094622
0.009748767677590246
0.009751745977757936
0.009756713857347254
0.009763677398318812
0.00977264514148563
0.009783628112760314
0.009796639857159017
0.009811696480758667
0.00982881670085127
0.009848021904588668
0.009869336216463702
0.00989278657502928
0.00991840281931649
0.009946217785477095
0.00997626741424495
0.010008590869886173
0.010043230671390176
0.010080232836743358
0.01011964704122634
0.010161526790784397
0.010205929611641315
0.010252917257460394
0.010302555935504814
0.010354916553415007
0.010410074988405403
0.010468112380889641
0.010529115454775315
0.010593176866929866
0.010660395588612854
0.010730877322000919
0.010804734955306405
0.01088208906041476
0.010963068437447498
0.01104781071120538
0.0111364629850708
0.011229182558661668
0.011326137716345231
0.01142750859465669
0.011533488137743764
0.011644283151198616
0.011760115466070658
0.011881223226511951
0.01200786231643095
0.012140307942769067
0.012278856395626047
0.01242382700851472
0.01257556434560896
0.012734440647063716
0.012900858568459897
0.013075254256314301
0.01325810080858607
0.013449912177441573
0.013651247581500759
0.013862716506741972
0.014084984389643417
0.014318779093556994
0.014564898310463743
0.014824218046062583
0.015097702377759368
0.015386414714045447
0.01569153083191092
0.016014354028829336
0.01635633280074635
0.016719081551703478
0.017104404959925185
0.01751432677699144
0.017951124031332144
0.01841736785857552
0.01891597250822656
0.019450254504930375
0.0200240045097035
0.02064157518343946
0.021307989374997734
0.02202907434489232
0.02281162964715807
0.02366363895436697
0.024594539865986028
0.02561557110919268
0.026740224330235787
0.027984839153658455
0.029369397394884936
0.030918598587385784
0.03266333991550831
0.03464278879643114
0.036907342532755474
0.039522946975549735
0.042577551297393885
0.0461910166606332
0.050530786581262255
0.05583750546744775
0.06246847775752444
0.07097448426214423
0.0822418877198596
0.09776909304106189
0.12023513010633402
0.1547440730546149
0.21176264909605452
0.3150017017474334
0.5320002607337975

0.4830573262278612
0.5821768937505911
0.7331020088692937
0.895507252864829
0.9197831938800566
0.7222014763343361
0.41540788895879094
0.17265930252617248
0.053795146687693085
0.01978057011646263
0.025215153601544197
0.0523854873976689
0.09797109287352111
0.15584730764193463
0.21025270427162276
0.2405310021667305
0.23333815864085794
0.19194890709117568
0.13389695192744072
0.07920286787059239
0.03972796261504847
0.0168980600586497
0.006094843727572032
0.001864118299193944
0.0004834700040942999
0.00010632876473803687
1.9829746958411763e-05
3.135947228007504e-06
4.2053823604836366e-07
4.7821963242673677e-08
4.61141792621763e-09
3.770741278940866e-10
2.6145933764955133e-11
1.5373287447475168e-12
7.665041458652643e-14
3.2407642427773417e-15
1.161891402571267e-16
3.532391308592687e-18
9.106620665143613e-20
1.9908147741286835e-21
3.69053759010141e-23
5.8014102905125535e-25
7.733261539894133e-27
8.741319319815812e-29
8.378696162179633e-31
6.810218842984263e-33
4.6938679073315467e-35
2.7433791211812526e-37
1.359646358926068e-39
5.7141451560653175e-42
2.0363936901026192e-44
6.153998505052888e-47
1.5770236261140945e-49
3.426921708700843e-52
6.3147379842183375e-55
9.86714834012181e-58
1.3074140538621494e-60
1.4689932843050145e-63
1.3996248390570189e-66
1.1308073998500355e-69
7.747307819679952e-73
4.500887435311596e-76
2.2173316744728424e-79
9.262929098287475e-83
3.281339664980623e-86
9.856874031777364e-90
2.5108015848952405e-93
5.423388943731222e-97
9.933774069143875e-101
1.5429184588472725e-104
2.0321550503217983e-108
2.2696342499517773e-112
2.149513028827077e-116
1.7262729156452245e-120
1.1756119749365862e-124
6.788967275578895e-129
3.324517312943763e-133
1.3805071243026295e-137
4.861092386927652e-142
1.4514907333840988e-146
3.6751902830961856e-151
7.890973070568899e-156
1.4367012265470668e-160
2.2181327464058486e-165
2.903981021912513e-170
3.2239268846147134e-175
3.0350214411829244e-180
2.42283318117346e-185
1.6401003890177546e-190
9.414614031572865e-196
4.5826825933712284e-201
1.891569077411522e-206
6.620789846593863e-212
1.9650905619405664e-217
4.945845051609994e-223
1.0555616717035387e-228
1.910345360027845e-234
2.931739194128057e-240
3.815258318370447e-246
4.210248524495029e-252
