0.12812513130420283
0.008068351009758414
0.0005858407220672523
4.904769940502459e-05
4.7348043582979785e-06
5.270232258533781e-07
6.763971158400113e-08
1.0024821262293933e-08
1.7085504696942468e-09
3.359680456900409e-10
7.62133381894815e-11
1.9932299684249514e-11
6.0060743696880935e-12
2.0824427708314255e-12
8.283634623643342e-13
3.758739384380149e-13
1.9275370666923535e-13
1.103079723973738e-13
6.937521914077152e-14
4.721861089793787e-14
3.427079349243437e-14
2.6188214270415854e-14
2.085002119719744e-14
1.7151616188771667e-14
1.4483551459963703e-14
1.2491886088704793e-14
1.0961511480377554e-14
9.756330941562688e-15
8.787119449622667e-15
7.993509391118494e-15
7.333500606287983e-15
6.777137482304219e-15
6.302577011111507e-15
5.893573668559215e-15
5.537828875728525e-15
5.2258823674195445e-15
4.950351628594214e-15
4.705399954315064e-15
4.486357789795234e-15
4.28944879120449e-15
4.111588682883431e-15
3.95023553450381e-15
3.8032768995306375e-15
3.668943742408659e-15
3.5457440830198755e-15
3.4324113259077464e-15
3.3278636471106464e-15
3.231171793207528e-15
3.1415333417197915e-15
3.058251969198551e-15
2.9807206332025516e-15
2.9084078375889625e-15
2.8408463449576234e-15
2.777623845026197e-15
2.718375196710813e-15
2.662775944335939e-15
2.6105368715594007e-15
2.5613994052274265e-15
2.515131719078468e-15
2.4715254166437457e-15
2.4303926958094647e-15
2.391563915774428e-15
2.354885501657687e-15
2.320218133616425e-15
2.287435176658662e-15
2.2564213148647082e-15
2.227071359840415e-15
2.1992892082049723e-15
2.1729869269930626e-15
2.1480839492032525e-15
2.1245063644920143e-15
2.1021862923063155e-15
2.0810613266558964e-15
2.0610740433195664e-15
2.0421715616148183e-15
2.024305153982415e-15
2.007429897584364e-15
1.9915043629148155e-15
1.9764903351035126e-15
1.9623525641704263e-15
1.949058540984706e-15
1.936578296104574e-15
1.924884219038611e-15
1.9139508957822302e-15
1.903754962753945e-15
1.8942749754906054e-15
1.885491290664737e-15
1.877385960164844e-15
1.869942636135062e-15
1.8631464860070103e-15
1.85698411667691e-15
1.851443507087378e-15
1.8465139485677727e-15
1.842185992371297e-15
1.838451403922783e-15
1.835303123359447e-15
1.8327352320090902e-15
1.830742924507249e-15
1.829322486307464e-15
1.8284712763880967e-15
1.8281877150055483e-15
1.8284712763880967e-15
1.829322486307464e-15
1.830742924507249e-15
1.8327352320090902e-15
1.835303123359447e-15
1.838451403922783e-15
1.842185992371297e-15
1.8465139485677727e-15
1.851443507087378e-15
1.85698411667691e-15
1.8631464860070103e-15
1.869942636135062e-15
1.877385960164844e-15
1.885491290664737e-15
1.8942749754906054e-15
1.903754962753945e-15
1.9139508957822302e-15
1.924884219038611e-15
1.936578296104574e-15
1.949058540984706e-15
1.9623525641704263e-15
1.9764903351035126e-15
1.9915043629148155e-15
2.007429897584364e-15
2.024305153982415e-15
2.0421715616148183e-15
2.0610740433195664e-15
2.0810613266558964e-15
2.1021862923063155e-15
2.1245063644920143e-15
2.1480839492032525e-15
2.1729869269930626e-15
2.1992892082049723e-15
2.227071359840415e-15
2.2564213148647082e-15
2.287435176658662e-15
2.320218133616425e-15
2.354885501657687e-15
2.391563915774428e-15
2.4303926958094647e-15
2.4715254166437457e-15
2.515131719078468e-15
2.5613994052274265e-15
2.6105368715594007e-15
2.662775944335939e-15
2.718375196710813e-15
2.777623845026197e-15
2.8408463449576234e-15
2.9084078375889625e-15
2.9807206332025516e-15
3.058251969198551e-15
3.1415333417197915e-15
3.231171793207528e-15
3.3278636471106464e-15
3.4324113259077464e-15
3.5457440830198755e-15
3.668943742408659e-15
3.8032768995306375e-15
3.95023553450381e-15
4.111588682883431e-15
4.28944879120449e-15
4.486357789795234e-15
4.705399954315064e-15
4.950351628594214e-15
5.2258823674195445e-15
5.537828875728525e-15
5.893573668559215e-15
6.302577011111507e-15
6.777137482304219e-15
7.333500606287983e-15
7.993509391118494e-15
8.787119449622667e-15
9.756330941562688e-15
1.0961511480377554e-14
1.2491886088704793e-14
1.4483551459963703e-14
1.7151616188771667e-14
2.085002119719744e-14
2.6188214270415854e-14
3.427079349243437e-14
4.721861089793787e-14
6.937521914077152e-14
1.103079723973738e-13
1.9275370666923535e-13
3.758739384380149e-13
8.283634623643342e-13
2.0824427708314255e-12
6.0060743696880935e-12
1.9932299684249514e-11
7.62133381894815e-11
3.359680456900409e-10
1.7085504696942468e-09
1.0024821262293933e-08
6.763971158400113e-08
5.270232258533781e-07
4.7348043582979785e-06
4.904769940502459e-05
0.0005858407220672523
0.008068351009758414

7.328308464494874e-14
3.5500869106451243e-12
1.2912371563083846e-10
3.526182857287121e-09
7.229952273508053e-08
1.1130067974966514e-06
1.286447266892336e-05
0.00011163951629964733
0.0007274040073399418
0.0035584856437053318
0.013070329387174656
0.03604455203393832
0.07463190341775283
0.11602222484989533
0.13542213179646492
0.11867790975344693
0.07808757150998578
0.03857675833201624
0.014308737936655115
0.003984820056385584
0.0008331973599307831
0.000130803342323136
1.541777072731933e-05
1.3644452398408048e-06
9.066140049614747e-08
4.522936830239968e-09
1.6941443293783064e-10
4.764442350021843e-12
1.0060174915361134e-13
1.5948901392507428e-15
1.8984003254549575e-17
1.696588863757167e-19
1.1384060889356684e-21
5.7352135514516626e-24
2.1693706628706064e-26
6.160978845140723e-29
1.3137038056001403e-31
2.1031826190359226e-34
2.52806534728498e-37
2.2815573667247263e-40
1.5459885600087284e-43
7.86525748015799e-47
3.0043560389281673e-50
8.616316399956713e-54
1.8553406659825685e-57
2.9995594554757885e-61
3.641020056904042e-65
3.318336724869442e-69
2.2706469911778642e-73
1.1665693850998182e-77
4.499904675289676e-82
1.3032503150823173e-86
2.833897570659739e-91
4.626709636308967e-96
5.6714241266977375e-101
5.2196789758330865e-106
3.606843064286086e-111
1.8712959805103043e-116
7.289361837490958e-122
2.1319073083699106e-127
4.681434093496831e-133
7.718293593359127e-139
9.554224920711567e-145
8.879763786320767e-151
6.196395799124197e-157
3.246449668684575e-163
1.2770561213591258e-169
3.7717515519781454e-176
8.36388317221385e-183
1.3925302037342369e-189
1.740736657871331e-196
1.6337790101466116e-203
1.1512915969857103e-210
6.091288132268493e-218
2.4197178990164958e-225
7.216923745775487e-233
1.616111355015984e-240
2.7172039198813216e-248
3.430085683175123e-256
3.2510188737493783e-264
2.313480261105622e-272
1.2360723497829421e-280
4.958539423070101e-289
1.4934663264801833e-297
3.377294128551669e-306
5.734216957e-315
5e-324
0.0
0.0
0.0
0.0
0.0
0.0
0.0
0.0
0.0
0.0
0.0
0.0
0.0
