0.9344112801099331
0.11780880052946481
0.043507991793806794
0.022298021696867492
0.01351178826827246
0.009185715138375666
0.006773637242294933
0.005293677666416098
0.004315767145350162
0.0036311429930443615
0.003129497627999545
0.0027482989509195884
0.0024499587856784003
0.0022107447498328613
0.0020150375764063366
0.0018521877335886828
0.001714710534120247
0.0015972057910666236
0.0014956872219303277
0.0014071526735931943
0.0013293007905993
0.0012603394752741012
0.001198853462553715
0.0011437109016012507
0.0010939962460881786
0.0010489612441322493
0.0010079886067845551
0.0009705647048827313
0.0009362587924714532
0.0009047070139115749
0.000875599962149732
0.0008486729043740719
0.0008236980331757297
0.0008004782714411583
0.0007788422803658256
0.0007586404073224586
0.0007397413739847524
0.0007220295520045833
0.000705402708424657
0.0006897701291962128
0.0006750510490016715
0.0006611733307212968
0.000648072349530154
0.0006356900456378311
0.0006239741167267693
0.0006128773266772749
0.0006023569115396031
0.0005923740671895997
0.000582893505883509
0.000573883071161381
0.0005653134023532408
0.0005571576414073498
0.0005493911759549511
0.0005419914135050026
0.0005349375824680049
0.000528210556373617
0.0005217926981987951
0.0005156677221828072
0.0005098205708895326
0.000504237305599477
0.0004989050083848766
0.000493811694449939
0.0004889462335118991
0.00048429827916299733
0.00047985820529354415
0.00047561704877585213
0.00047156645771126475
0.00046769864463048534
0.00046400634411314357
0.0004604827743578979
0.00045712160229092205
0.0004539169118496532
0.0004508631751212998
0.00044795522605273067
0.0004451882364807728
0.00044255769426030154
0.0004400593832923638
0.0004376893652764146
0.0004354439630299741
0.00043331974523597757
0.0004313135124930828
0.00042942228455748895
0.0004276432886766118
0.0004259739489254568
0.00042441187646588644
0.0004229548606573478
0.0004216008609551119
0.00042034799953881956
0.00041919455462018627
0.0004181389543842009
0.0004171797715231233
0.0004163157183271021
0.00041554564229936687
0.0004148685222677257
0.00041428346496760374
0.00041378970207507534
0.0004133865876713678
0.0004130735961231333
0.00041285032036545897
0.00041271647057711974
0.0004126718732400195
0.00041271647057711974
0.00041285032036545897
0.0004130735961231333
0.0004133865876713678
0.00041378970207507534
0.00041428346496760374
0.0004148685222677257
0.00041554564229936687
0.0004163157183271021
0.0004171797715231233
0.0004181389543842009
0.00041919455462018627
0.00042034799953881956
0.0004216008609551119
0.0004229548606573478
0.00042441187646588644
0.0004259739489254568
0.0004276432886766118
0.00042942228455748895
0.0004313135124930828
0.00043331974523597757
0.0004354439630299741
0.0004376893652764146
0.0004400593832923638
0.00044255769426030154
0.0004451882364807728
0.00044795522605273067
0.0004508631751212998
0.0004539169118496532
0.00045712160229092205
0.0004604827743578979
0.00046400634411314357
0.00046769864463048534
0.00047156645771126475
0.00047561704877585213
0.00047985820529354415
0.00048429827916299733
0.0004889462335118991
0.000493811694449939
0.0004989050083848766
0.000504237305599477
0.0005098205708895326
0.0005156677221828072
0.0005217926981987951
0.000528210556373617
0.0005349375824680049
0.0005419914135050026
0.0005493911759549511
0.0005571576414073498
0.0005653134023532408
0.000573883071161381
0.000582893505883509
0.0005923740671895997
0.0006023569115396031
0.0006128773266772749
0.0006239741167267693
0.0006356900456378311
0.000648072349530154
0.0006611733307212968
0.0006750510490016715
0.0006897701291962128
0.000705402708424657
0.0007220295520045833
0.0007397413739847524
0.0007586404073224586
0.0007788422803658256
0.0008004782714411583
0.0008236980331757297
0.0008486729043740719
0.000875599962149732
0.0009047070139115749
0.0009362587924714532
0.0009705647048827313
0.0010079886067845551
0.0010489612441322493
0.0010939962460881786
0.0011437109016012507
0.001198853462553715
0.0012603394752741012
0.0013293007905993
0.0014071526735931943
0.0014956872219303277
0.0015972057910666236
0.001714710534120247
0.0018521877335886828
0.0020150375764063366
0.0022107447498328613
0.0024499587856784003
0.0027482989509195884
0.003129497627999545
0.0036311429930443615
0.004315767145350162
0.005293677666416098
0.006773637242294933
0.009185715138375666
0.01351178826827246
0.022298021696867492
0.043507991793806794
0.11780880052946481

0.019839406979282825
0.040797988879627926
0.07394919572549406
0.11814430330543736
0.1663706629693291
0.2065025123825842
0.22592202048932153
0.21785945964258213
0.18517359986728485
0.13873021633281388
0.09163426704331179
0.05359667550011381
0.029442137197008535
0.023351112636868263
0.04556192452307127
0.11017925282904849
0.22077314938288178
0.3678309126002117
0.5279750735557954
0.6257105878893019
0.5630625302938566
0.36130630584685525
0.1600906076880929
0.048299299761795624
0.009864816911745032
0.0013607648795956537
0.00012664800647876887
7.949797582390545e-06
3.364955850989734e-07
9.603609001931816e-09
1.8480180735430732e-10
2.3976613995977165e-12
2.0973819462433227e-14
1.2370407578646225e-16
4.920398560389374e-19
1.3231278249150158e-21
2.4923705846588038e-24
5.279632818875831e-27
4.81493517981465e-29
7.787016721712567e-31
1.1640242065422308e-32
1.5361698597225233e-34
1.786976458376849e-36
1.8322443658776437e-38
1.655894236952144e-40
1.3190656939253234e-42
9.2615758347559e-45
5.73175976829166e-47
3.126624332584175e-49
1.503308309366479e-51
6.370962422443781e-54
2.3798339732614364e-56
7.835611724973529e-59
2.2739650519054927e-61
5.816735222273906e-64
1.3114732461259879e-66
2.606298815945809e-69
4.565345068193251e-72
7.048677523806943e-75
9.59237848277612e-78
1.1506138604541072e-80
1.2165151653734128e-83
1.133678953954232e-86
9.312092305485718e-90
6.742005323955006e-93
4.302447117256322e-96
2.4200627210225096e-99
1.1998372297622086e-102
5.243275482949974e-106
2.0196106394100434e-109
6.856733254063788e-113
2.0518777876934553e-116
5.4121566284132024e-120
1.2582700346409256e-123
2.578469404623425e-127
4.657305662593148e-131
7.414675213621921e-135
1.0404809988989109e-138
1.2869474267802938e-142
1.4030465786448477e-146
1.348242469456224e-150
1.1419538376893469e-154
8.525379580249507e-159
5.610008657380022e-163
3.253853304292984e-167
1.6634779112029936e-171
7.495847428447131e-176
2.9772072583939393e-180
1.0422743040714526e-184
3.216174644047046e-189
8.747457626502336e-194
2.0970495972138163e-198
4.431188118840993e-203
8.253084738725009e-208
1.3548682068208725e-212
1.9604800636846455e-217
2.5004169813674497e-222
2.8109109033022254e-227
2.7852639075744358e-232
2.432597487015196e-237
