0.2027680659056104
0.0017546625522804878
1.8780267000743563e-05
2.486131082079853e-07
4.851583079779648e-09
9.353304945715047e-11
2.0899642921669746e-12
6.02910834913997e-14
2.3396392495284304e-15
1.1557162030782033e-16
6.898992559860501e-18
4.974692219569965e-19
4.424840556509188e-20
4.900021376949951e-21
6.730947078649246e-22
1.1426381030976988e-22
2.3961384856049167e-23
6.202232718991524e-24
1.9732146451250533e-24
7.638926210149473e-25
3.5353524535246574e-25
1.9081234155580655e-25
1.1676177841035914e-25
7.882052797365137e-26
5.735961782786193e-26
4.4184197416555384e-26
3.5536937692909004e-26
2.954474123873466e-26
2.5204399413759315e-26
2.1944396305795057e-26
1.9421397096768272e-26
1.7419499281284035e-26
1.5797469184388243e-26
1.4459702692359236e-26
1.3339526554737425e-26
1.2389215801498834e-26
1.1573816734474802e-26
1.0867205489952117e-26
1.0249503055261992e-26
9.70533762347599e-27
9.222650333383283e-27
8.791857851601274e-27
8.405254402757365e-27
8.056577661292452e-27
7.740688808998539e-27
7.453333452533076e-27
7.190960683040239e-27
6.95058452844145e-27
6.729676714951785e-27
6.526082828941949e-27
6.3379561623477686e-27
6.1637050594948925e-27
6.0019506715069274e-27
5.851492805541654e-27
5.711282123008848e-27
5.58039735674107e-27
5.458026525112977e-27
5.343451351409742e-27
5.236034270455614e-27
5.13520753662415e-27
5.0404640486121946e-27
4.951349584550158e-27
4.867456201821643e-27
4.788416603559039e-27
4.7138993112729646e-27
4.643604512784668e-27
4.577260478311086e-27
4.514620456529759e-27
4.4554599777382276e-27
4.399574503599233e-27
4.346777373030701e-27
4.2968980020264436e-27
4.249780301945747e-27
4.205281286375176e-27
4.16326984127125e-27
4.123625636918547e-27
4.086238163428089e-27
4.0510058741709266e-27
4.017835423784099e-27
3.9866409892760114e-27
3.957343664355934e-27
3.929870918467845e-27
3.904156113162188e-27
3.880138069423958e-27
3.857760680418742e-27
3.8369725648429524e-27
3.8177267566889544e-27
3.7999804277757586e-27
3.783694639864604e-27
3.7688341235867866e-27
3.755367081767829e-27
3.743265015045256e-27
3.732502567953435e-27
3.7230573938936705e-27
3.714910037625977e-27
3.708043834114637e-27
3.7024448227364965e-27
3.698101676022078e-27
3.695005642247616e-27
3.693150501333758e-27
3.692532533635854e-27
3.693150501333758e-27
3.695005642247616e-27
3.698101676022078e-27
3.7024448227364965e-27
3.708043834114637e-27
3.714910037625977e-27
3.7230573938936705e-27
3.732502567953435e-27
3.743265015045256e-27
3.755367081767829e-27
3.7688341235867866e-27
3.783694639864604e-27
3.7999804277757586e-27
3.8177267566889544e-27
3.8369725648429524e-27
3.857760680418742e-27
3.880138069423958e-27
3.904156113162188e-27
3.929870918467845e-27
3.957343664355934e-27
3.9866409892760114e-27
4.017835423784099e-27
4.0510058741709266e-27
4.086238163428089e-27
4.123625636918547e-27
4.16326984127125e-27
4.205281286375176e-27
4.249780301945747e-27
4.2968980020264436e-27
4.346777373030701e-27
4.399574503599233e-27
4.4554599777382276e-27
4.514620456529759e-27
4.577260478311086e-27
4.643604512784668e-27
4.7138993112729646e-27
4.788416603559039e-27
4.867456201821643e-27
4.951349584550158e-27
5.0404640486121946e-27
5.13520753662415e-27
5.236034270455614e-27
5.343451351409742e-27
5.458026525112977e-27
5.58039735674107e-27
5.711282123008848e-27
5.851492805541654e-27
6.0019506715069274e-27
6.1637050594948925e-27
6.3379561623477686e-27
6.526082828941949e-27
6.729676714951785e-27
6.95058452844145e-27
7.190960683040239e-27
7.453333452533076e-27
7.740688808998539e-27
8.056577661292452e-27
8.405254402757365e-27
8.791857851601274e-27
9.222650333383283e-27
9.70533762347599e-27
1.0249503055261992e-26
1.0867205489952117e-26
1.1573816734474802e-26
1.2389215801498834e-26
1.3339526554737425e-26
1.4459702692359236e-26
1.5797469184388243e-26
1.7419499281284035e-26
1.9421397096768272e-26
2.1944396305795057e-26
2.5204399413759315e-26
2.954474123873466e-26
3.5536937692909004e-26
4.4184197416555384e-26
5.735961782786193e-26
7.882052797365137e-26
1.1676177841035914e-25
1.9081234155580655e-25
3.5353524535246574e-25
7.638926210149473e-25
1.9732146451250533e-24
6.202232718991524e-24
2.3961384856049167e-23
1.1426381030976988e-22
6.730947078649246e-22
4.900021376949951e-21
4.424840556509188e-20
4.974692219569965e-19
6.898992559860501e-18
1.1557162030782033e-16
2.3396392495284304e-15
6.02910834913997e-14
2.0899642921669746e-12
9.353304945715047e-11
4.851583079779648e-09
2.486131082079853e-07
1.8780267000743563e-05
0.0017546625522804878

1.4256012719178007e-25
1.3082330194804183e-23
9.908016285672872e-22
6.193025812965948e-20
3.1947261872680174e-18
1.3601254478021763e-16
4.779020175516211e-15
1.3858407734216262e-13
3.3166708867068787e-12
6.55097580681621e-11
1.0678842606943472e-09
1.4366697539673e-08
1.595160125314481e-07
1.4617267482066364e-06
1.1054590936223067e-05
6.899755988129468e-05
0.0003554179524680004
0.0015109829447332937
0.005301445937707016
0.015351247894137882
0.03668661192271883
0.072357924256185
0.11778206567734897
0.15822926361783976
0.17543208306299166
0.16052615615524465
0.12122638816725499
0.07555498060786456
0.038863651588695786
0.016498280485604415
0.005780272787542945
0.0016713698335813858
0.0003988516172016166
7.855335317659672e-05
1.2768288071687554e-05
1.712833662699672e-06
1.8963228577672454e-07
1.732702265873327e-08
1.3066226424193856e-09
8.131880526184268e-11
4.176825888138105e-12
1.770583153396336e-13
6.194422967549062e-15
1.7885453578974116e-16
4.2620018453125755e-18
8.381888541508297e-20
1.3604566337207533e-21
1.8223932447621008e-23
2.0147170614400168e-25
1.8382331961943823e-27
1.384209157788642e-29
8.602355867697229e-32
4.412123542070406e-34
1.8676371204183787e-36
6.524570122772318e-39
1.881160634342694e-41
4.4762510308987087e-44
8.79058057706402e-47
1.4247388187952869e-49
1.9057570219731907e-52
2.1038480657225042e-55
1.9167955413211567e-58
1.4412913528210184e-61
8.944217358002009e-65
4.580864876408976e-68
1.9362756824605945e-71
6.754628593429003e-75
1.9446897722224897e-78
4.6207636931968086e-82
9.061326125322998e-86
1.466507662747816e-89
1.9588062673975202e-93
2.1593011016865632e-97
1.9644885453414747e-101
1.4750283531167933e-105
9.140412785340655e-110
4.674614726384353e-114
1.9730605340927542e-118
6.873051050230296e-123
1.975937951424151e-127
4.688259138416922e-132
9.18046095846125e-137
1.4836516377451007e-141
1.9788549686501404e-146
2.178264251652341e-151
1.9788903728900188e-156
1.4837047270611823e-161
9.180953717755967e-167
4.688594663170638e-172
1.9761147180035783e-177
6.87378888914527e-183
1.9733076513475416e-188
4.6752838468547484e-194
9.141884693489284e-200
1.4752922757557066e-205
1.9648751991997412e-211
2.1597647391263513e-217
1.9592619083692235e-223
1.466875033171741e-229
9.06375821017439e-236
