0.5793020147531871
0.05654844006682693
0.007272776755495066
0.0012317173682275758
0.00027404557740320787
7.948796958367685e-05
2.9519111052124412e-05
1.3605929256823975e-05
7.476719551618441e-06
4.701310759588291e-06
3.2655563177558333e-06
2.4389444545381825e-06
1.92088366487634e-06
1.5736712935587747e-06
1.3282428603290275e-06
1.1472158283138194e-06
1.0090158774364273e-06
9.004994788117391e-07
8.132832852081193e-07
7.418067168828455e-07
6.822555041940531e-07
6.319362045907572e-07
5.888982212085212e-07
5.516973625608812e-07
5.192433543800993e-07
4.9069878929446e-07
4.6541052069165155e-07
4.428620605913724e-07
4.226398981853103e-07
4.044092424434809e-07
3.8789626884454594e-07
3.7287493455078204e-07
3.591570543771403e-07
3.4658473874274043e-07
3.3502456589208523e-07
3.2436304351779167e-07
3.1450304018948194e-07
3.053609540804481e-07
2.9686444784885884e-07
2.889506223185783e-07
2.815645332198967e-07
2.7465797832884156e-07
2.6818849936465375e-07
2.621185556802453e-07
2.564148363056213e-07
2.5104768412370464e-07
2.4599061147420937e-07
2.412198907282545e-07
2.367142066699835e-07
2.3245436009311376e-07
2.2842301404139633e-07
2.2460447572010918e-07
2.2098450837686137e-07
2.1755016846671138e-07
2.142896642341578e-07
2.111922325053103e-07
2.0824803102015886e-07
2.054480440726798e-07
2.027839995853237e-07
2.002482960397348e-07
1.9783393792958497e-07
1.9553447860386244e-07
1.9334396953754803e-07
1.9125691520751795e-07
1.8926823286968488e-07
1.8737321663282907e-07
1.8556750530852266e-07
1.838470535876425e-07
1.822081061543517e-07
1.8064717439987484e-07
1.7916101544233553e-07
1.7774661319657232e-07
1.764011612701825e-07
1.7512204748988795e-07
1.7390683988635377e-07
1.7275327398639366e-07
1.716592412795436e-07
1.7062277874167647e-07
1.696420593120098e-07
1.687153832318065e-07
1.6784117016353327e-07
1.6701795201842207e-07
1.662443664284599e-07
1.6551915081260874e-07
1.6484113694556673e-07
1.642092460901246e-07
1.6362248450715448e-07
1.6307993942074624e-07
1.625807753600014e-07
1.62124230857443e-07
1.617096154790914e-07
1.6133630716412472e-07
1.6100374985464245e-07
1.6071145139841689e-07
1.604589817096835e-07
1.602459711750123e-07
1.600721092931475e-07
1.599371435394187e-07
1.5984087844694365e-07
1.5978317489836771e-07
1.59763949623344e-07
1.5978317489836771e-07
1.5984087844694365e-07
1.599371435394187e-07
1.600721092931475e-07
1.602459711750123e-07
1.604589817096835e-07
1.6071145139841689e-07
1.6100374985464245e-07
1.6133630716412472e-07
1.617096154790914e-07
1.62124230857443e-07
1.625807753600014e-07
1.6307993942074624e-07
1.6362248450715448e-07
1.642092460901246e-07
1.6484113694556673e-07
1.6551915081260874e-07
1.662443664284599e-07
1.6701795201842207e-07
1.6784117016353327e-07
1.687153832318065e-07
1.696420593120098e-07
1.7062277874167647e-07
1.716592412795436e-07
1.7275327398639366e-07
1.7390683988635377e-07
1.7512204748988795e-07
1.764011612701825e-07
1.7774661319657232e-07
1.7916101544233553e-07
1.8064717439987484e-07
1.822081061543517e-07
1.838470535876425e-07
1.8556750530852266e-07
1.8737321663282907e-07
1.8926823286968488e-07
1.9125691520751795e-07
1.9334396953754803e-07
1.9553447860386244e-07
1.9783393792958497e-07
2.002482960397348e-07
2.027839995853237e-07
2.054480440726798e-07
2.0824803102015886e-07
2.111922325053103e-07
2.142896642341578e-07
2.1755016846671138e-07
2.2098450837686137e-07
2.2460447572010918e-07
2.2842301404139633e-07
2.3245436009311376e-07
2.367142066699835e-07
2.412198907282545e-07
2.4599061147420937e-07
2.5104768412370464e-07
2.564148363056213e-07
2.621185556802453e-07
2.6818849936465375e-07
2.7465797832884156e-07
2.815645332198967e-07
2.889506223185783e-07
2.9686444784885884e-07
3.053609540804481e-07
3.1450304018948194e-07
3.2436304351779167e-07
3.3502456589208523e-07
3.4658473874274043e-07
3.591570543771403e-07
3.7287493455078204e-07
3.8789626884454594e-07
4.044092424434809e-07
4.226398981853103e-07
4.428620605913724e-07
4.6541052069165155e-07
4.9069878929446e-07
5.192433543800993e-07
5.516973625608812e-07
5.888982212085212e-07
6.319362045907572e-07
6.822555041940531e-07
7.418067168828455e-07
8.132832852081193e-07
9.004994788117391e-07
1.0090158774364273e-06
1.1472158283138194e-06
1.3282428603290275e-06
1.5736712935587747e-06
1.92088366487634e-06
2.4389444545381825e-06
3.2655563177558333e-06
4.701310759588291e-06
7.476719551618441e-06
1.3605929256823975e-05
2.9519111052124412e-05
7.948796958367685e-05
0.00027404557740320787
0.0012317173682275758
0.007272776755495066
0.05654844006682693

7.277698285385152e-06
4.108814519240937e-05
0.00020007335809014927
0.000840257158959713
0.0030435848673273994
0.009508430707225414
0.02562019970632234
0.059539668250116286
0.119338491882828
0.20630270148124263
0.3075951756952757
0.395552705616713
0.4387119196600291
0.41966692616214285
0.3462424312561761
0.24638035029507327
0.15121054651406085
0.08004023088597617
0.03654136929681287
0.014388368006728242
0.004886394108702429
0.0014312505989484718
0.0003615705968012085
7.878086876316559e-05
1.4804667581779986e-05
2.3995333478748864e-06
3.3543251202725407e-07
4.044210516779684e-08
4.2054511130636114e-09
3.7717392256619787e-10
2.917567838929396e-11
1.9464824957934843e-12
1.1200316034557326e-13
5.558534259118042e-15
2.379252483257894e-16
8.783568869131344e-18
2.796737626646021e-19
7.680379413726855e-21
1.8191305167058053e-22
3.7161674833805006e-24
6.547521503526471e-26
9.94967334823762e-28
1.3040401029903264e-29
1.4740876473816428e-31
1.4371625819519455e-33
1.2084779505301514e-35
8.764392030685501e-38
5.482202770059322e-40
2.957594494789923e-42
1.376170990102197e-44
5.522762954529779e-47
1.9115719205275667e-49
5.706569578589326e-52
1.469297793042403e-54
3.262832433418586e-57
6.249279515163238e-60
1.0323224317932574e-62
1.4707911696733577e-65
1.8073276720948955e-68
1.915459692751222e-71
1.75089205426015e-74
1.3803714274851263e-77
9.386048316882368e-81
5.504524953468607e-84
2.784243017275866e-87
1.2146318597173298e-90
4.5701708166582723e-94
1.483099990220825e-97
4.151056707609839e-101
1.0020678661301469e-104
2.086343628348919e-108
3.7464917372234835e-112
5.802484023662295e-116
7.750921930983472e-120
8.92982620978849e-124
8.873253438703642e-128
7.60454090422895e-132
5.620996947914997e-136
3.583471325764116e-140
1.9703562366376766e-144
9.344064057614065e-149
3.821880434254747e-153
1.348244385405502e-157
4.1021390690678503e-162
1.0764710972494551e-166
2.4363776274861414e-171
4.755947665472486e-176
8.00718321980328e-181
1.1627134605033773e-185
1.456182707320797e-190
1.5729295573278421e-195
1.4653889506657532e-200
1.1774616922949564e-205
8.16001384678221e-211
4.87736480160854e-216
2.5143736622086934e-221
1.1179557986393635e-226
4.287159900704899e-232
1.4179632199664124e-237
4.04492510780583e-243
