0.2730482464920449
0.0034299393229435308
4.94214942597836e-05
8.168225082927619e-07
1.5485402460801522e-08
3.854429947108516e-10
7.928764775314623e-12
1.98778269061174e-13
6.51884685769689e-15
2.696017578254195e-16
1.2860654740209173e-17
6.705817148368287e-19
3.8021156533945916e-20
2.4027558628581252e-21
1.7468523557226107e-22
1.4852596080818417e-23
1.4695830013778571e-24
1.6708512778103332e-25
2.168687915545718e-26
3.2167204857289597e-27
5.469486690905547e-28
1.0676198852773263e-28
2.3917099327741312e-29
6.145455471151433e-30
1.8102518060162278e-30
6.10784450637955e-31
2.3555006503446253e-31
1.033799977326835e-31
5.125263794625025e-32
2.8394253651131046e-32
1.7342782962345555e-32
1.150725760273618e-32
8.175462323365021e-33
6.138994957373586e-33
4.8190213659195783e-33
3.919513923147872e-33
3.279911513935393e-33
2.8084341370517825e-33
2.4501099723150775e-33
2.170619796304802e-33
1.9477355519995946e-33
1.7665832768305205e-33
1.6169176624636916e-33
1.4914975751453281e-33
1.3850863108925323e-33
1.293818227095239e-33
1.2147867889060556e-33
1.1457701451629947e-33
1.0850442978057565e-33
1.0312533552212308e-33
9.83317777832521e-34
9.403684030350091e-34
9.016982765546907e-34
8.667269866296385e-34
8.349739112081415e-34
8.060379088897585e-34
7.795817294903782e-34
7.553199235205355e-34
7.330093749988477e-34
7.124418219193155e-34
6.934378976002054e-34
6.758423465126442e-34
6.595201549440813e-34
6.443534000510529e-34
6.302386673576965e-34
6.170849212973874e-34
6.0481173928110294e-34
5.933478393404352e-34
5.826298462979255e-34
5.726012528585355e-34
5.632115408616762e-34
5.544154348189025e-34
5.461722652572541e-34
5.384454236412314e-34
5.312018940190155e-34
5.24411849228093e-34
5.180483016518427e-34
5.120868002564563e-34
5.065051670450293e-34
5.012832672109455e-34
4.964028082089251e-34
4.9184716373083625e-34
4.876012192072748e-34
4.836512359808105e-34
4.799847317332262e-34
4.765903751133636e-34
4.734578928175425e-34
4.705779876314182e-34
4.679422661592205e-34
4.6554317515046925e-34
4.633739454911846e-34
4.61428543060939e-34
4.597016257726701e-34
4.581885062121459e-34
4.5688511938099655e-34
4.557879951234935e-34
4.548942348846415e-34
4.542014925072274e-34
4.537079588296001e-34
4.534123498953245e-34
4.533138986314926e-34
4.534123498953245e-34
4.537079588296001e-34
4.542014925072274e-34
4.548942348846415e-34
4.557879951234935e-34
4.5688511938099655e-34
4.581885062121459e-34
4.597016257726701e-34
4.61428543060939e-34
4.633739454911846e-34
4.6554317515046925e-34
4.679422661592205e-34
4.705779876314182e-34
4.734578928175425e-34
4.765903751133636e-34
4.799847317332262e-34
4.836512359808105e-34
4.876012192072748e-34
4.9184716373083625e-34
4.964028082089251e-34
5.012832672109455e-34
5.065051670450293e-34
5.120868002564563e-34
5.180483016518427e-34
5.24411849228093e-34
5.312018940190155e-34
5.384454236412314e-34
5.461722652572541e-34
5.544154348189025e-34
5.632115408616762e-34
5.726012528585355e-34
5.826298462979255e-34
5.933478393404352e-34
6.0481173928110294e-34
6.170849212973874e-34
6.302386673576965e-34
6.443534000510529e-34
6.595201549440813e-34
6.758423465126442e-34
6.934378976002054e-34
7.124418219193155e-34
7.330093749988477e-34
7.553199235205355e-34
7.795817294903782e-34
8.060379088897585e-34
8.349739112081415e-34
8.667269866296385e-34
9.016982765546907e-34
9.403684030350091e-34
9.83317777832521e-34
1.0312533552212308e-33
1.0850442978057565e-33
1.1457701451629947e-33
1.2147867889060556e-33
1.293818227095239e-33
1.3850863108925323e-33
1.4914975751453281e-33
1.6169176624636916e-33
1.7665832768305205e-33
1.9477355519995946e-33
2.170619796304802e-33
2.4501099723150775e-33
2.8084341370517825e-33
3.279911513935393e-33
3.919513923147872e-33
4.8190213659195783e-33
6.138994957373586e-33
8.175462323365021e-33
1.150725760273618e-32
1.7342782962345555e-32
2.8394253651131046e-32
5.125263794625025e-32
1.033799977326835e-31
2.3555006503446253e-31
6.10784450637955e-31
1.8102518060162278e-30
6.145455471151433e-30
2.3917099327741312e-29
1.0676198852773263e-28
5.469486690905547e-28
3.2167204857289597e-27
2.168687915545718e-26
1.6708512778103332e-25
1.4695830013778571e-24
1.4852596080818417e-23
1.7468523557226107e-22
2.4027558628581252e-21
3.8021156533945916e-20
6.705817148368287e-19
1.2860654740209173e-17
2.696017578254195e-16
6.51884685769689e-15
1.98778269061174e-13
7.928764775314623e-12
3.854429947108516e-10
1.5485402460801522e-08
8.168225082927619e-07
4.94214942597836e-05
0.0034299393229435308

1.5345328277712933e-32
9.213800867443201e-30
4.108734378208491e-27
1.3607674604471953e-24
3.3470821449977174e-22
6.114422324699282e-20
8.295662963000805e-18
8.358981649748181e-16
6.25550319470281e-14
3.4767841918355768e-12
1.4351583567650542e-10
4.399755266038572e-09
1.0017603105542548e-07
1.6939700520909447e-06
2.1274249139244405e-05
0.00019843092614492977
0.0013745833643065328
0.007071953779609231
0.02702180460542279
0.07668243421257773
0.16161588243912456
0.2529756909340131
0.29408992686435786
0.25391485744381026
0.16281810049746887
0.07753965414906316
0.027425316051915078
0.00720420443534207
0.0014054876097881058
0.0002036454072962887
2.1914361655409044e-05
1.7514172981844856e-06
1.0395779293950365e-07
4.5828017720963815e-09
1.5004160450730703e-10
3.648370478197201e-12
6.588594383341696e-14
8.83676317920139e-16
8.80238310908033e-18
6.511992963706998e-20
3.577949317484118e-22
1.4600275537085133e-24
4.4248089623657405e-27
9.959432764898857e-30
1.6648736844937243e-32
2.0669719316708887e-35
1.9058752722404453e-38
1.3051516514091857e-41
6.637951651536926e-45
2.507343285544337e-48
7.033963611305889e-52
1.4655243612490516e-55
2.2677364079065014e-59
2.6061458020617315e-63
2.2243926473606545e-67
1.410037940600673e-71
6.6382981164327e-76
2.3210757341654125e-80
6.027378660157759e-85
1.1624499062783364e-89
1.6650474836930241e-94
1.7712734188476323e-99
1.399430043093772e-104
8.211516818487307e-110
3.578509595084848e-115
1.1582107487152725e-120
2.7840664823211414e-126
4.9702498208174077e-132
6.589970045901363e-138
6.489261396685931e-144
4.745846663291583e-150
2.577737809068207e-156
1.0398492592258103e-162
3.115362856567174e-169
6.931919238668435e-176
1.1455260152579949e-182
1.4059278199812613e-189
1.2815268166888802e-196
8.675589171434163e-204
4.361911635215547e-211
1.6287759733482103e-218
4.5170245504420365e-226
9.303581222010954e-234
1.4231624016052771e-241
1.6168337851375311e-249
1.3642152348827242e-257
8.54883668675242e-266
3.978668464916933e-274
1.375229210967784e-282
3.530360303417258e-291
6.730844842065362e-300
9.53074244371603e-309
1.0022833e-317
0.0
0.0
0.0
0.0
0.0
0.0
0.0
