0.8777451638737814
0.3299887419062975
0.20637499570109852
0.14698853062287034
0.11269172866380495
0.09073927940676253
0.07567106940616966
0.06478090560612602
0.05659043498917028
0.05023207468514344
0.04516730589995268
0.04104627260240267
0.03763289351913482
0.034762660471191385
0.032317738267036225
0.030211685630013495
0.028379756156118093
0.026772555891527737
0.02535178576209704
0.02408731617765643
0.022955134664403958
0.02193587875719133
0.02101376935114039
0.02017582319523397
0.01941126327687326
0.018711071678176483
0.018067646466835355
0.017474535549888356
0.016926228151633315
0.016417989918786652
0.015945731398531893
0.015505902291653046
0.015095405791748565
0.014711528708718445
0.014351884093617633
0.014014363837845373
0.013697099285658992
0.013398428326594373
0.013116867760084312
0.012851089974615518
0.012599903177153777
0.012362234559184743
0.01213711590380464
0.011923671231461722
0.011721106155896404
0.011528698680854113
0.011345791215518654
0.011171783624831278
0.011006127161844974
0.01084831915450201
0.010697898339874144
0.010554440755876075
0.010417556114467362
0.010286884591960635
0.010162093981703427
0.010042877162455293
0.009928949842528708
0.009820048545433014
0.009715928807542426
0.00961636356235408
0.009521141689334309
0.009430066708271798
0.009342955602548834
0.009259637756874604
0.009179953996854487
0.009103755719343475
0.00903090410388927
0.008961269396744059
0.008894730259940661
0.008831173178811902
0.008770491922100328
0.008712587049475988
0.008657365461865853
0.008604739990511773
0.00855462902112443
0.00850695614989691
0.008461649868490774
0.008418643275415779
0.008377873811497244
0.008339283017366734
0.008302816311126674
0.008268422784530527
0.008236055016190631
0.008205668900478287
0.008177223490916884
0.008150680856991544
0.008126005953408857
0.00810316650093971
0.00808213287806821
0.00806287802275116
0.008045377343666917
0.008029608640400268
0.008015552032072026
0.008003189893979433
0.007992506801866346
0.00798348948349135
0.007976126777208112
0.007970409597315443
0.007966330905975658
0.007963885691538827
0.007963070953148254
0.007963885691538827
0.007966330905975658
0.007970409597315443
0.007976126777208112
0.00798348948349135
0.007992506801866346
0.008003189893979433
0.008015552032072026
0.008029608640400268
0.008045377343666917
0.00806287802275116
0.00808213287806821
0.00810316650093971
0.008126005953408857
0.008150680856991544
0.008177223490916884
0.008205668900478287
0.008236055016190631
0.008268422784530527
0.008302816311126674
0.008339283017366734
0.008377873811497244
0.008418643275415779
0.008461649868490774
0.00850695614989691
0.00855462902112443
0.008604739990511773
0.008657365461865853
0.008712587049475988
0.008770491922100328
0.008831173178811902
0.008894730259940661
0.008961269396744059
0.00903090410388927
0.009103755719343475
0.009179953996854487
0.009259637756874604
0.009342955602548834
0.009430066708271798
0.009521141689334309
0.00961636356235408
0.009715928807542426
0.009820048545433014
0.009928949842528708
0.010042877162455293
0.010162093981703427
0.010286884591960635
0.010417556114467362
0.010554440755876075
0.010697898339874144
0.01084831915450201
0.011006127161844974
0.011171783624831278
0.011345791215518654
0.011528698680854113
0.011721106155896404
0.011923671231461722
0.01213711590380464
0.012362234559184743
0.012599903177153777
0.012851089974615518
0.013116867760084312
0.013398428326594373
0.013697099285658992
0.014014363837845373
0.014351884093617633
0.014711528708718445
0.015095405791748565
0.015505902291653046
0.015945731398531893
0.016417989918786652
0.016926228151633315
0.017474535549888356
0.018067646466835355
0.018711071678176483
0.01941126327687326
0.02017582319523397
0.02101376935114039
0.02193587875719133
0.022955134664403958
0.02408731617765643
0.02535178576209704
0.026772555891527737
0.028379756156118093
0.030211685630013495
0.032317738267036225
0.034762660471191385
0.03763289351913482
0.04104627260240267
0.04516730589995268
0.05023207468514344
0.05659043498917028
0.06478090560612602
0.07567106940616966
0.09073927940676253
0.11269172866380495
0.14698853062287034
0.20637499570109852
0.3299887419062975

0.3934435350640143
0.4701657721949031
0.4917945246500299
0.45300656998857664
0.3725257340765951
0.2817447683102591
0.2073447053191997
0.16032366200647125
0.13652415710303537
0.12454180415747493
0.11387257464566532
0.09909381605158736
0.07993281102018429
0.05911478433182717
0.03992039124406321
0.02458171876490642
0.013795902781111223
0.007055902729938658
0.0032925313522989236
0.0015030235360102286
0.002112842429278989
0.013496983773744364
0.06458604737445767
0.17930809128089079
0.285467623197481
0.260440191490152
0.13615284797993074
0.04078586329206908
0.007000938317196829
0.0006885993003139002
3.880981493250745e-05
1.253393035729471e-06
2.319831969927657e-08
2.4644623211598133e-10
1.5471493653601163e-12
1.0266823721779264e-14
4.533050924293955e-16
3.5315319632280906e-17
2.564128149165424e-18
1.697046309629616e-19
1.0234886130159818e-20
5.624791087455198e-22
2.8168507134126205e-23
1.2854503824226565e-24
5.345407974733306e-26
2.0255382524199523e-27
6.994136339410844e-29
2.2007048024697676e-30
6.309915466341804e-32
1.6486153665778907e-33
3.9250861979857426e-35
8.515557902765054e-37
1.6834920376175162e-38
3.0327951687007072e-40
4.978621899509055e-42
7.447478588005234e-44
1.0151808902751199e-45
1.2609900432019748e-47
1.4272956210272147e-49
1.4721438939249188e-51
1.3836321450915767e-53
1.1850183541706552e-55
9.248335227862734e-58
6.577125100111466e-60
4.2622870451832185e-62
2.5170007115884942e-64
1.3544345862444465e-66
6.641509293181178e-69
2.9676288657643837e-71
1.2083324576629975e-73
4.483295335109133e-76
1.51580141689261e-78
4.670047750879942e-81
1.31109567983821e-83
3.354142457856905e-86
7.819206351745639e-89
1.6610316105508396e-91
3.2153419967533466e-94
5.671664087603496e-97
9.116494662390907e-100
1.3353014341587244e-102
1.7822343157905315e-105
2.1676259426842553e-108
2.40235913288377e-111
2.426194284048283e-114
2.2327868807694735e-117
1.8724189197304966e-120
1.4308457651441698e-123
9.963609011668495e-127
6.322292487522438e-130
3.655666283340213e-133
1.9261608674914676e-136
9.248102192286856e-140
4.046194332657091e-143
1.613150575521368e-146
5.860533192233884e-150
1.9401414990025747e-153
5.852800662902933e-157
1.608896524001133e-160
4.030199514995489e-164
