0.5471360326231007
0.13613958998517597
0.04109773259249027
0.0149600898522472
0.006487934557462194
0.003289717149756215
0.0019042437758860467
0.0012269065618455252
0.0008596288065486914
0.0006423889591632969
0.0005043069204606282
0.00041119294872137176
0.00034528252999284977
0.00029673049833244035
0.00025976737995990175
0.00023084484713314202
0.00020768737260728484
0.0001887816600926506
0.00017308892708414806
0.0001598760645474423
0.00014861291912512473
0.00013890775974078712
0.00013046555013756844
0.00012306026177698434
0.00011651607051337954
0.00011069431537330808
0.00010548427975928085
0.00010079656085152698
9.655822461287445e-05
9.270921398390489e-05
8.919965056006304e-05
8.598778259169128e-05
8.303840681605294e-05
8.032164199280984e-05
7.781196650812136e-05
7.548745637701733e-05
7.332917684578095e-05
7.132069282310916e-05
6.94476720422033e-05
6.769756117922119e-05
6.60593198107657e-05
6.452320055633901e-05
6.308056635044385e-05
6.17237377557553e-05
6.044586472925395e-05
5.924081840670108e-05
5.810309936400103e-05
5.702775951033754e-05
5.601033531439672e-05
5.5046790496431776e-05
5.4133466661587104e-05
5.326704062357722e-05
5.244448738757048e-05
5.1663047938473866e-05
5.0920201124673014e-05
5.021363904444002e-05
4.954124543817762e-05
4.89010766684843e-05
4.829134493510062e-05
4.7710403425710544e-05
4.715673314841266e-05
4.662893122910862e-05
4.612570048841159e-05
4.564584013903338e-05
4.518823746683236e-05
4.475186037750424e-05
4.433575070684815e-05
4.393901820611406e-05
4.356083512552072e-05
4.3200431328945366e-05
4.285708988129052e-05
4.253014305734975e-05
4.221896872730246e-05
4.1922987079422386e-05
4.1641657645311076e-05
4.13744765970729e-05
4.112097428942204e-05
4.0880713022831914e-05
4.0653285006563263e-05
4.0438310502799485e-05
4.023543613521634e-05
4.0044333347162934e-05
3.986469699626161e-05
3.969624407367689e-05
3.9538712537583156e-05
3.939186025149643e-05
3.9255464019148215e-05
3.9129318708484094e-05
3.901323645817925e-05
3.890704596079153e-05
3.881059181732887e-05
3.8723733958601756e-05
3.864634712927093e-05
3.857832043099312e-05
3.851955692151916e-05
3.846997326701471e-05
3.842949944526099e-05
3.839807849775262e-05
3.837566632904978e-05
3.83622315520632e-05
3.83577553782585e-05
3.83622315520632e-05
3.837566632904978e-05
3.839807849775262e-05
3.842949944526099e-05
3.846997326701471e-05
3.851955692151916e-05
3.857832043099312e-05
3.864634712927093e-05
3.8723733958601756e-05
3.881059181732887e-05
3.890704596079153e-05
3.901323645817925e-05
3.9129318708484094e-05
3.9255464019148215e-05
3.939186025149643e-05
3.9538712537583156e-05
3.969624407367689e-05
3.986469699626161e-05
4.0044333347162934e-05
4.023543613521634e-05
4.0438310502799485e-05
4.0653285006563263e-05
4.0880713022831914e-05
4.112097428942204e-05
4.13744765970729e-05
4.1641657645311076e-05
4.1922987079422386e-05
4.221896872730246e-05
4.253014305734975e-05
4.285708988129052e-05
4.3200431328945366e-05
4.356083512552072e-05
4.393901820611406e-05
4.433575070684815e-05
4.475186037750424e-05
4.518823746683236e-05
4.564584013903338e-05
4.612570048841159e-05
4.662893122910862e-05
4.715673314841266e-05
4.7710403425710544e-05
4.829134493510062e-05
4.89010766684843e-05
4.954124543817762e-05
5.021363904444002e-05
5.0920201124673014e-05
5.1663047938473866e-05
5.244448738757048e-05
5.326704062357722e-05
5.4133466661587104e-05
5.5046790496431776e-05
5.601033531439672e-05
5.702775951033754e-05
5.810309936400103e-05
5.924081840670108e-05
6.044586472925395e-05
6.17237377557553e-05
6.308056635044385e-05
6.452320055633901e-05
6.60593198107657e-05
6.769756117922119e-05
6.94476720422033e-05
7.132069282310916e-05
7.332917684578095e-05
7.548745637701733e-05
7.781196650812136e-05
8.032164199280984e-05
8.303840681605294e-05
8.598778259169128e-05
8.919965056006304e-05
9.270921398390489e-05
9.655822461287445e-05
0.00010079656085152698
0.00010548427975928085
0.00011069431537330808
0.00011651607051337954
0.00012306026177698434
0.00013046555013756844
0.00013890775974078712
0.00014861291912512473
0.0001598760645474423
0.00017308892708414806
0.0001887816600926506
0.00020768737260728484
0.00023084484713314202
0.00025976737995990175
0.00029673049833244035
0.00034528252999284977
0.00041119294872137176
0.0005043069204606282
0.0006423889591632969
0.0008596288065486914
0.0012269065618455252
0.0019042437758860467
0.003289717149756215
0.006487934557462194
0.0149600898522472
0.04109773259249027
0.13613958998517597

0.0017739268382273342
0.007366986307550538
0.024864662006081863
0.0682046204717687
0.15204900140501984
0.2754811497707099
0.40563810083452995
0.4854272291146296
0.4721152897674094
0.37317327730221983
0.23972401718717073
0.1251558332721748
0.053104238356425665
0.01831242300976034
0.005132169345964468
0.0011689466318695664
0.0002163848888173703
3.255350177801143e-05
3.9802196122676506e-06
3.9550765835028465e-07
3.194046970123407e-08
2.0963618056284137e-09
1.1182263396550055e-10
4.847655356352288e-12
1.7079387561735405e-13
4.890478906778076e-15
1.1380701320403624e-16
2.1524109878051917e-18
3.308414489574403e-20
4.1328835358322372e-22
4.195898356305066e-24
3.462065579347042e-26
2.321582707874978e-28
1.2652360846819545e-30
5.6039921452705486e-33
2.0172605959018533e-35
5.901535607866441e-38
1.4031580670909441e-40
2.711356987387458e-43
4.25799694960899e-46
5.434536736680764e-49
5.637132602267124e-52
4.7521759481939025e-55
3.2558569252631524e-58
1.812911698135996e-61
8.204016585590938e-65
3.017275366444894e-68
9.018657698067725e-72
2.1908235428880103e-75
4.325252182840353e-79
6.939912707344667e-83
9.049719550142093e-87
9.590798631962157e-91
8.260626072564923e-95
5.7824208107710795e-99
3.2896141658282697e-103
1.5209634282049888e-107
5.715195868750967e-112
1.7453478906657084e-116
4.3318302635700876e-121
8.73774559513585e-126
1.4324052351766674e-130
1.9084067435066822e-135
2.0664006248482173e-140
1.818430242471501e-145
1.3005208096357334e-150
7.559211644631684e-156
3.570871674499771e-161
1.3709149761815527e-166
4.277453896667072e-172
1.0846726584246356e-177
2.2353760196417043e-183
3.744044668448343e-189
5.096476128587678e-195
5.638161430713068e-201
5.069248221019182e-207
3.7041464384341536e-213
2.1997396190028914e-219
1.0616783108856482e-225
4.1644068546029296e-232
1.3275530938946751e-238
3.4394514604717193e-245
7.242108207801749e-252
1.239308342916447e-258
1.7235832949654567e-265
1.9481559454918612e-272
1.7895906386915576e-279
1.3360484867687967e-286
8.106423315377164e-294
3.997374862717447e-301
1.6019870997797804e-308
5.21773104e-316
1.5e-323
0.0
0.0
0.0
0.0
0.0
0.0
0.0
