1.1963394660351627
0.3348837234221947
0.221724247561472
0.16928443058255738
0.13731354826181522
0.1155094210999019
0.09963319423754423
0.0875619427186151
0.0780904707751248
0.0704751679996903
0.06422995976305106
0.059023303483408014
0.05462142006087606
0.050854933124419195
0.047598290036389566
0.04475657318235506
0.04225677907938942
0.040041897506102306
0.038066798876158096
0.036295319732986074
0.03469816009749629
0.0332513419687353
0.03193506266397264
0.03073283048871056
0.02963080527102339
0.02861728956100522
0.02768233201383803
0.026817415263121317
0.02601520810457742
0.025269367114085423
0.02457437661514076
0.023925418652437712
0.023318266632537672
0.022749197772789394
0.022214920603310442
0.021712514597128127
0.021239379633513224
0.020793193481290807
0.020371875860121305
0.019973557925821887
0.01959655625087588
0.019239350548264703
0.018900564526777932
0.01857894937737818
0.01827336947935059
0.017982789986679553
0.017706266013069766
0.0174429331811233
0.017191999339616487
0.016952737284322134
0.016724478343752916
0.01650660671263232
0.01629855443368041
0.016099796943109396
0.01590984910760011
0.01572826169091026
0.015554618196999282
0.015388532043928135
0.015229644029035629
0.015077620051195867
0.014932149060478078
0.014792941209387976
0.01465972618317418
0.01453225168952029
0.014410282090385678
0.014293597160866173
0.014181990961768542
0.014075270814174161
0.013973256365640544
0.01387577873888602
0.013782679754846849
0.013693811222909306
0.013609034291919508
0.013528218856276478
0.01345124301203222
0.013377992558467673
0.013308360541094832
0.013242246832461356
0.013179557747511722
0.013120205690594593
0.013064108831504686
0.013011190808213788
0.012961380454183572
0.012914611548366067
0.012870822586188647
0.012829956569992688
0.012791960817549849
0.012756786787420166
0.012724389920043117
0.012694729493568178
0.012667768493536612
0.012643473495622526
0.012621814560729546
0.012602765141821065
0.012586302001937463
0.012572405142923989
0.012561057744459014
0.012552246113034075
0.012545959640596198
0.012542190772618995
0.012540934985423111
0.012542190772618995
0.012545959640596198
0.012552246113034075
0.012561057744459014
0.012572405142923989
0.012586302001937463
0.012602765141821065
0.012621814560729546
0.012643473495622526
0.012667768493536612
0.012694729493568178
0.012724389920043117
0.012756786787420166
0.012791960817549849
0.012829956569992688
0.012870822586188647
0.012914611548366067
0.012961380454183572
0.013011190808213788
0.013064108831504686
0.013120205690594593
0.013179557747511722
0.013242246832461356
0.013308360541094832
0.013377992558467673
0.01345124301203222
0.013528218856276478
0.013609034291919508
0.013693811222909306
0.013782679754846849
0.01387577873888602
0.013973256365640544
0.014075270814174161
0.014181990961768542
0.014293597160866173
0.014410282090385678
0.01453225168952029
0.01465972618317418
0.014792941209387976
0.014932149060478078
0.015077620051195867
0.015229644029035629
0.015388532043928135
0.015554618196999282
0.01572826169091026
0.01590984910760011
0.016099796943109396
0.01629855443368041
0.01650660671263232
0.016724478343752916
0.016952737284322134
0.017191999339616487
0.0174429331811233
0.017706266013069766
0.017982789986679553
0.01827336947935059
0.01857894937737818
0.018900564526777932
0.019239350548264703
0.01959655625087588
0.019973557925821887
0.020371875860121305
0.020793193481290807
0.021239379633513224
0.021712514597128127
0.022214920603310442
0.022749197772789394
0.023318266632537672
0.023925418652437712
0.02457437661514076
0.025269367114085423
0.02601520810457742
0.026817415263121317
0.02768233201383803
0.02861728956100522
0.02963080527102339
0.03073283048871056
0.03193506266397264
0.0332513419687353
0.03469816009749629
0.036295319732986074
0.038066798876158096
0.040041897506102306
0.04225677907938942
0.04475657318235506
0.047598290036389566
0.050854933124419195
0.05462142006087606
0.059023303483408014
0.06422995976305106
0.0704751679996903
0.0780904707751248
0.0875619427186151
0.09963319423754423
0.1155094210999019
0.13731354826181522
0.16928443058255738
0.221724247561472
0.3348837234221947

0.6261793914689064
0.5870464418798754
0.45147350640156464
0.296535970700131
0.19393768273656736
0.16826163579585063
0.19384068647179464
0.22027280306258942
0.20916536912937067
0.15851066166842584
0.09486566733082454
0.04473289795190265
0.01661049730123008
0.004856489213400605
0.001117978935192628
0.00020263434537252876
2.8917446371167267e-05
3.249182120695256e-06
2.96032740920195e-07
0.006632741824082883
2.4473063082465165
0.4313688788536465
3.632229169224883e-05
1.5041870384403046e-12
9.093968945627254e-16
1.509054249509445e-17
1.9716208783076197e-19
2.0281922586599515e-21
1.6427141178564145e-23
1.0475674967677713e-25
5.259799589804303e-28
2.0793305545567308e-30
6.472097189206633e-33
1.5861113826050343e-35
3.060479606095508e-38
4.649566402603651e-41
5.561636179007333e-44
5.23793196631719e-47
3.884045308311444e-50
2.26764923683835e-53
1.042400534503404e-56
3.772771729993383e-60
1.0751117034134512e-63
2.412202739644525e-67
4.2612908719447814e-71
5.927010678576715e-75
6.490787575333875e-79
5.596625399990301e-83
3.799463166959669e-87
2.0308852938190488e-91
8.547039427552299e-96
2.832129948546528e-100
7.388866198164187e-105
1.5177826512170265e-109
2.4547570903482133e-114
3.1258966740714027e-119
3.13406406752068e-124
2.474048895834486e-129
1.53771497386257e-134
7.525070357762379e-140
2.8994287623106844e-145
8.7959241829146e-151
2.1009594402908423e-156
3.9511272413272583e-162
5.850480281377727e-168
6.82070365143752e-174
6.260860073953714e-180
4.524868593422057e-186
2.5748094927945247e-192
1.1535897495232089e-198
4.069348004644723e-205
1.130226358610756e-211
2.47157155228421e-218
4.255475561248072e-225
5.768862266826062e-232
6.1574287641346784e-239
5.174588019177259e-246
3.4238861694036213e-253
1.783733682547737e-260
7.31657561619583e-268
2.3629409786273863e-275
6.008485800449441e-283
1.2029410931118637e-290
1.8962292398500184e-298
2.3534472791633338e-306
2.2997745583e-314
1.8e-322
0.0
0.0
0.0
0.0
0.0
0.0
0.0
0.0
0.0
0.0
0.0
0.0
0.0
