0.5693518186065464
0.004280358407894669
1.0354532445721731e-09
1.6356289383433888e-11
2.797066113040801e-13
4.859537796775655e-15
8.468024275630524e-17
1.476421732664205e-18
2.5744448937818125e-20
4.489160180111285e-22
7.827951958600781e-24
1.3649963464116877e-25
2.380207830610365e-27
4.150479568164256e-29
7.237385112917365e-31
1.2620166526244644e-32
2.2006373944262067e-34
3.8373542312677396e-36
6.691373841778522e-38
1.1668061167156652e-39
2.0346143351086393e-41
3.547852066701568e-43
6.186555392831764e-45
1.0787785654254611e-46
1.8811165815636392e-48
3.28019086293337e-50
5.71982204758228e-52
9.97392091599174e-54
1.7391991850981055e-55
3.032722869080721e-57
5.288300547214594e-59
9.22145672355821e-61
1.607988492100316e-62
2.8039246714140655e-64
4.889334528118041e-66
8.525761470230062e-68
1.4866770760775925e-69
2.592389360245915e-71
4.520475862090287e-73
7.882591960223006e-75
1.3745378362583155e-76
2.3969128088322876e-78
4.1799422637719594e-80
7.290420614186275e-82
1.2720911740356818e-83
2.2223195752231583e-85
3.8956486819098246e-87
6.895019477501357e-89
1.2530970176264089e-90
2.437903838125881e-92
5.509803614886833e-94
1.5874483909819597e-95
5.888154933610921e-97
2.5801250248843042e-98
1.2232907892800494e-99
5.983553233582434e-101
2.9604033018658704e-102
1.470649006920943e-103
7.316264977144114e-105
3.641566122459226e-106
1.8128569386610992e-107
9.025384738506148e-109
4.493423967178691e-110
2.2371367890001565e-111
1.113805073012808e-112
5.54532441566602e-114
2.7608720664889558e-115
1.374575104760107e-116
6.8437839308857065e-118
3.4074953278176886e-119
1.6966663704751502e-120
8.448931840734765e-122
4.2081869344982094e-123
2.0968285907398106e-124
1.0456295355402776e-125
5.222528546368421e-127
2.616636036772673e-128
1.3190865289006781e-129
6.72924067770161e-131
3.510695416235429e-132
1.906798550176091e-133
1.1068022099358354e-134
7.070591316803561e-136
5.066057752237018e-137
4.0538930516995186e-138
3.5359803173175315e-139
3.26434907060816e-140
3.115585959725559e-141
3.0283171288656664e-142
2.972097686286983e-143
2.931946644124446e-144
2.9006851863235565e-145
2.8751819694574996e-146
2.854578384968312e-147
2.8395545784852733e-148
2.832200664935202e-149
2.836327138959161e-150
2.8582166756115283e-151
2.9083016967478002e-152
3.035773771768667e-153
6.328109918598478e-154
3.035773771768667e-153
2.9083016967478002e-152
2.8582166756115283e-151
2.836327138959161e-150
2.832200664935202e-149
2.8395545784852733e-148
2.854578384968312e-147
2.8751819694574996e-146
2.9006851863235565e-145
2.931946644124446e-144
2.972097686286983e-143
3.0283171288656664e-142
3.115585959725559e-141
3.26434907060816e-140
3.5359803173175315e-139
4.0538930516995186e-138
5.066057752237018e-137
7.070591316803561e-136
1.1068022099358354e-134
1.906798550176091e-133
3.510695416235429e-132
6.72924067770161e-131
1.3190865289006781e-129
2.616636036772673e-128
5.222528546368421e-127
1.0456295355402776e-125
2.0968285907398106e-124
4.2081869344982094e-123
8.448931840734765e-122
1.6966663704751502e-120
3.4074953278176886e-119
6.8437839308857065e-118
1.374575104760107e-116
2.7608720664889558e-115
5.54532441566602e-114
1.113805073012808e-112
2.2371367890001565e-111
4.493423967178691e-110
9.025384738506148e-109
1.8128569386610992e-107
3.641566122459226e-106
7.316264977144114e-105
1.470649006920943e-103
2.9604033018658704e-102
5.983553233582434e-101
1.2232907892800494e-99
2.5801250248843042e-98
5.888154933610921e-97
1.5874483909819597e-95
5.509803614886833e-94
2.437903838125881e-92
1.2530970176264089e-90
6.895019477501357e-89
3.8956486819098246e-87
2.2223195752231583e-85
1.2720911740356818e-83
7.290420614186275e-82
4.1799422637719594e-80
2.3969128088322876e-78
1.3745378362583155e-76
7.882591960223006e-75
4.520475862090287e-73
2.592389360245915e-71
1.4866770760775925e-69
8.525761470230062e-68
4.889334528118041e-66
2.8039246714140655e-64
1.607988492100316e-62
9.22145672355821e-61
5.288300547214594e-59
3.032722869080721e-57
1.7391991850981055e-55
9.97392091599174e-54
5.71982204758228e-52
3.28019086293337e-50
1.8811165815636392e-48
1.0787785654254611e-46
6.186555392831764e-45
3.547852066701568e-43
2.0346143351086393e-41
1.1668061167156652e-39
6.691373841778522e-38
3.8373542312677396e-36
2.2006373944262067e-34
1.2620166526244644e-32
7.237385112917365e-31
4.150479568164256e-29
2.380207830610365e-27
1.3649963464116877e-25
7.827951958600781e-24
4.489160180111285e-22
2.5744448937818125e-20
1.476421732664205e-18
8.468024275630524e-17
4.859537796775655e-15
2.797066113040801e-13
1.6356289383433888e-11
1.0354532445721731e-09
0.004280358407894669

1.7585908592377175e-190
3.693259677241915e-175
1.7587711699181706e-160
1.8991675976000195e-146
4.650200800445853e-133
2.5818712507335163e-120
3.250513074715376e-108
9.279481566660378e-97
6.006894024301629e-86
8.817199903241014e-76
2.934714547696794e-66
2.2149070378969697e-57
3.7905270644377566e-49
1.4709508485051326e-41
1.294348369309587e-34
2.5826090062857494e-28
1.1684781670206092e-22
1.1987731397116486e-17
2.7887389678350373e-13
1.471069487722822e-09
1.7595960182166418e-06
0.0004772514032108492
0.02935187964302443
0.4093351904184367
1.2944244494210535
0.9281727051403929
0.15091601848290362
0.005564118178158321
4.651701225656294e-05
8.818236460758667e-08
3.790584028356051e-11
3.694749312756011e-15
8.166167547196987e-20
4.0926636659136333e-25
4.651020846886289e-31
1.1985191479439373e-37
7.003193531331616e-45
9.27901207557328e-53
2.7878012739467392e-61
1.8992246792875444e-70
2.9339002112424204e-80
1.0277057638704496e-90
8.162941923627564e-102
1.4702090155377027e-113
6.004348855493286e-126
5.560415086310205e-139
1.1676238825656178e-152
5.559723410118147e-167
6.002855151596695e-182
1.469660433067469e-197
8.158881033156452e-214
1.0270667263411282e-230
2.9317111538599012e-248
1.8975715457647637e-266
2.7850282198767886e-285
9.268629053448784e-305
0.0
0.0
0.0
0.0
0.0
0.0
0.0
0.0
0.0
0.0
0.0
0.0
0.0
0.0
0.0
0.0
0.0
0.0
0.0
0.0
0.0
0.0
0.0
0.0
0.0
0.0
0.0
0.0
0.0
0.0
0.0
0.0
0.0
0.0
0.0
0.0
0.0
0.0
0.0
0.0
0.0
0.0
0.0
0.0
