0.30958326304893125
0.08419625554002956
0.027909071359301603
0.011162101000213621
0.005293569824783837
0.002906740385228234
0.0017992242319712656
0.001223600596561969
0.0008944780099133345
0.0006908421318959531
0.0005564283951451858
0.0004628917335349126
0.00039492507953513593
0.0003437513615406894
0.0003040706684077949
0.00027253657404263177
0.0002469528280484479
0.00022582881057153813
0.00020812274166907225
0.00019308759202272987
0.00018017543585760983
0.00016897625898381661
0.00015917773653144844
0.0001505381438801298
0.00014286770845379587
0.00013601551527291992
0.00012986014537126806
0.00012430287241388952
0.00011926264391553826
0.00011467232783589376
0.00011047586992915904
0.0001066261157190704
0.00010308312371245658
9.981284601372658e-05
9.67860867532279e-05
9.397767274378268e-05
9.136578781468117e-05
8.89314345078928e-05
8.665799570803006e-05
8.45308753000359e-05
8.25372017829653e-05
8.066558238475017e-05
7.890589795195755e-05
7.724913096502469e-05
7.568722062168726e-05
7.421294016124832e-05
7.281979255905622e-05
7.150192146969787e-05
7.025403488771024e-05
6.907133946253789e-05
6.794948377750304e-05
6.688450920156972e-05
6.587280716360651e-05
6.491108189393558e-05
6.399631783666667e-05
6.312575106602627e-05
6.229684414635252e-05
6.150726396320136e-05
6.0754862125595795e-05
6.0037657599812285e-05
5.935382128537585e-05
5.870166228603253e-05
5.807961566380345e-05
5.748623149399364e-05
5.692016506418431e-05
5.638016808156014e-05
5.586508077105255e-05
5.537382476223509e-05
5.490539667612286e-05
5.445886233435548e-05
5.403335152298123e-05
5.362805325144916e-05
5.324221145466447e-05
5.2875121092237655e-05
5.252612460450474e-05
5.2194608689634946e-05
5.188000137027219e-05
5.158176932176844e-05
5.129941543722741e-05
5.10324766073524e-05
5.078052169553297e-05
5.054314969075642e-05
5.031998802283128e-05
5.0110691026093104e-05
4.991493853925705e-05
4.973243463041051e-05
4.9562906437325214e-05
4.940610311432804e-05
4.926179487792078e-05
4.9129772144195076e-05
4.900984475185981e-05
4.890184126539927e-05
4.880560835351521e-05
4.8721010238587874e-05
4.864792821342455e-05
4.8586260222056494e-05
4.85359205018024e-05
4.849683928424412e-05
4.846896255316253e-05
4.84522518578635e-05
4.844668418068926e-05
4.84522518578635e-05
4.846896255316253e-05
4.849683928424412e-05
4.85359205018024e-05
4.8586260222056494e-05
4.864792821342455e-05
4.8721010238587874e-05
4.880560835351521e-05
4.890184126539927e-05
4.900984475185981e-05
4.9129772144195076e-05
4.926179487792078e-05
4.940610311432804e-05
4.9562906437325214e-05
4.973243463041051e-05
4.991493853925705e-05
5.0110691026093104e-05
5.031998802283128e-05
5.054314969075642e-05
5.078052169553297e-05
5.10324766073524e-05
5.129941543722741e-05
5.158176932176844e-05
5.188000137027219e-05
5.2194608689634946e-05
5.252612460450474e-05
5.2875121092237655e-05
5.324221145466447e-05
5.362805325144916e-05
5.403335152298123e-05
5.445886233435548e-05
5.490539667612286e-05
5.537382476223509e-05
5.586508077105255e-05
5.638016808156014e-05
5.692016506418431e-05
5.748623149399364e-05
5.807961566380345e-05
5.870166228603253e-05
5.935382128537585e-05
6.0037657599812285e-05
6.0754862125595795e-05
6.150726396320136e-05
6.229684414635252e-05
6.312575106602627e-05
6.399631783666667e-05
6.491108189393558e-05
6.587280716360651e-05
6.688450920156972e-05
6.794948377750304e-05
6.907133946253789e-05
7.025403488771024e-05
7.150192146969787e-05
7.281979255905622e-05
7.421294016124832e-05
7.568722062168726e-05
7.724913096502469e-05
7.890589795195755e-05
8.066558238475017e-05
8.25372017829653e-05
8.45308753000359e-05
8.665799570803006e-05
8.89314345078928e-05
9.136578781468117e-05
9.397767274378268e-05
9.67860867532279e-05
9.981284601372658e-05
0.00010308312371245658
0.0001066261157190704
0.00011047586992915904
0.00011467232783589376
0.00011926264391553826
0.00012430287241388952
0.00012986014537126806
0.00013601551527291992
0.00014286770845379587
0.0001505381438801298
0.00015917773653144844
0.00016897625898381661
0.00018017543585760983
0.00019308759202272987
0.00020812274166907225
0.00022582881057153813
0.0002469528280484479
0.00027253657404263177
0.0003040706684077949
0.0003437513615406894
0.00039492507953513593
0.0004628917335349126
0.0005564283951451858
0.0006908421318959531
0.0008944780099133345
0.001223600596561969
0.0017992242319712656
0.002906740385228234
0.005293569824783837
0.011162101000213621
0.027909071359301603
0.08419625554002956

0.00225781679993889
0.008144808455292255
0.024072101626332845
0.0582892005617134
0.115638685861575
0.18795728110340293
0.25029727326697815
0.2730826072530461
0.24410288970537317
0.17876922546909008
0.10726389280639045
0.052729700896699004
0.02123723727571935
0.007007799835987675
0.0018945510655653333
0.00041963519032285363
7.615149670706417e-05
1.1322072830657694e-05
1.3791592060842263e-06
1.3763973225520673e-07
1.1254188716543086e-08
7.539204531306488e-10
4.13787927189705e-11
1.8606773165214946e-12
6.854965427920565e-14
2.0690950051710126e-15
5.116777751050425e-17
1.036701275449318e-18
1.7208842898768468e-20
2.3404031004932104e-22
2.607778002119533e-24
2.3806279496902172e-26
1.7805468138288338e-28
1.0910790649707307e-30
5.4777222447536846e-33
2.2531222118974073e-35
7.592948405465862e-38
2.096414266637912e-40
4.742253023228647e-43
8.788875156144591e-46
1.334513055131159e-48
1.6601728827136033e-51
1.692095080233659e-54
1.4129837508973168e-57
9.666973547569893e-61
5.4185720276229976e-64
2.488399635475595e-67
9.362597755974022e-71
2.886114517009914e-74
7.289063122709348e-78
1.5082412725645874e-81
2.556883193599008e-85
3.551337227955543e-89
4.041233061435451e-93
3.767704539873735e-97
2.8779333868580865e-101
1.801049272711993e-105
9.234457970936335e-110
3.8791643648982544e-114
1.3350757636029328e-118
3.7645632667535046e-123
8.69689539228808e-128
1.6460948277085032e-132
2.552621436802239e-137
3.243089482335778e-142
3.3757665792527205e-147
2.8789017561038837e-152
2.011510193943089e-157
1.1514858059169912e-162
5.40052396733127e-168
2.0751723137150687e-173
6.533010996002142e-179
1.6850530245901478e-184
3.5608584651475894e-190
6.165052937456601e-196
8.74500105314262e-202
1.0163045735343316e-207
9.676735083550398e-214
7.548745457100015e-220
4.824603956693949e-226
2.5263267110765287e-232
1.0838228852836069e-238
3.809500878072498e-245
1.0970307391820756e-251
2.5882753335323237e-258
5.003145211058905e-265
7.923493397584794e-272
1.0280902739124112e-278
1.0929159363256619e-285
9.518822414262183e-293
6.792359258359543e-300
3.970992163089545e-307
1.9020344097e-314
7.46e-322
0.0
0.0
0.0
0.0
0.0
0.0
