0.49080292306305295
0.026845802831952065
0.0024014447428652363
0.00034933074493550257
8.065927178253555e-05
2.782042290434719e-05
1.3064805527676568e-05
7.601057761428891e-06
5.093982773374476e-06
3.746992691483956e-06
2.9350333833558364e-06
2.4023682578436414e-06
2.030083207119387e-06
1.7569889841003253e-06
1.5489457247685407e-06
1.3856186396552544e-06
1.2542304324093154e-06
1.1463890367688628e-06
1.0563741956863828e-06
9.801622573701783e-07
9.148457253638144e-07
8.582741745231377e-07
8.088245307010066e-07
7.652497263398478e-07
7.26576373313199e-07
6.920339669959418e-07
6.610048887800095e-07
6.329884395900878e-07
6.075745326924669e-07
5.844241592584138e-07
5.632546825511952e-07
5.438286274296805e-07
5.259450355148247e-07
5.094327278936851e-07
4.941450028948194e-07
4.799554253422476e-07
4.66754454407409e-07
4.5444672186120133e-07
4.4294881920875967e-07
4.321874862585273e-07
4.2209811880375994e-07
4.126235318089344e-07
4.03712928561016e-07
3.953210369120207e-07
3.874073818932689e-07
3.7993567026316653e-07
3.72873267424602e-07
3.6619075095646716e-07
3.598615279989447e-07
3.5386150610233294e-07
3.481688090358075e-07
3.427635305626969e-07
3.376275204041438e-07
3.327441975960223e-07
3.2809838724292254e-07
3.2367617732540983e-07
3.1946479275183745e-07
3.1545248428672705e-07
3.11628430352231e-07
3.07982650001829e-07
3.0450592561762313e-07
3.011897340935527e-07
2.9802618544390425e-07
2.950079679255941e-07
2.9212829888866555e-07
2.893808806761953e-07
2.867598609855364e-07
2.8425979718018374e-07
2.818756241076617e-07
2.7960262503552237e-07
2.774364053662497e-07
2.753728688338392e-07
2.734081959210776e-07
2.7153882426794064e-07
2.697614308687699e-07
2.6807291587959525e-07
2.6647038787763525e-07
2.649511504330659e-07
2.6351268986896715e-07
2.621526640992396e-07
2.608688924464948e-07
2.5965934635268995e-07
2.5852214090479127e-07
2.5745552710617574e-07
2.564578848319559e-07
2.555277164130697e-07
2.546636407999128e-07
2.538643882615971e-07
2.531287955816864e-07
2.5245580171554097e-07
2.518444438782725e-07
2.512938540358169e-07
2.5080325577481873e-07
2.503719615299349e-07
2.499993701498398e-07
2.4968496478716466e-07
2.494283110892563e-07
2.492290557015892e-07
2.4908692504140565e-07
2.490017243590921e-07
2.4897333707068857e-07
2.490017243590921e-07
2.4908692504140565e-07
2.492290557015892e-07
2.494283110892563e-07
2.4968496478716466e-07
2.499993701498398e-07
2.503719615299349e-07
2.5080325577481873e-07
2.512938540358169e-07
2.518444438782725e-07
2.5245580171554097e-07
2.531287955816864e-07
2.538643882615971e-07
2.546636407999128e-07
2.555277164130697e-07
2.564578848319559e-07
2.5745552710617574e-07
2.5852214090479127e-07
2.5965934635268995e-07
2.608688924464948e-07
2.621526640992396e-07
2.6351268986896715e-07
2.649511504330659e-07
2.6647038787763525e-07
2.6807291587959525e-07
2.697614308687699e-07
2.7153882426794064e-07
2.734081959210776e-07
2.753728688338392e-07
2.774364053662497e-07
2.7960262503552237e-07
2.818756241076617e-07
2.8425979718018374e-07
2.867598609855364e-07
2.893808806761953e-07
2.9212829888866555e-07
2.950079679255941e-07
2.9802618544390425e-07
3.011897340935527e-07
3.0450592561762313e-07
3.07982650001829e-07
3.11628430352231e-07
3.1545248428672705e-07
3.1946479275183745e-07
3.2367617732540983e-07
3.2809838724292254e-07
3.327441975960223e-07
3.376275204041438e-07
3.427635305626969e-07
3.481688090358075e-07
3.5386150610233294e-07
3.598615279989447e-07
3.6619075095646716e-07
3.72873267424602e-07
3.7993567026316653e-07
3.874073818932689e-07
3.953210369120207e-07
4.03712928561016e-07
4.126235318089344e-07
4.2209811880375994e-07
4.321874862585273e-07
4.4294881920875967e-07
4.5444672186120133e-07
4.66754454407409e-07
4.799554253422476e-07
4.941450028948194e-07
5.094327278936851e-07
5.259450355148247e-07
5.438286274296805e-07
5.632546825511952e-07
5.844241592584138e-07
6.075745326924669e-07
6.329884395900878e-07
6.610048887800095e-07
6.920339669959418e-07
7.26576373313199e-07
7.652497263398478e-07
8.088245307010066e-07
8.582741745231377e-07
9.148457253638144e-07
9.801622573701783e-07
1.0563741956863828e-06
1.1463890367688628e-06
1.2542304324093154e-06
1.3856186396552544e-06
1.5489457247685407e-06
1.7569889841003253e-06
2.030083207119387e-06
2.4023682578436414e-06
2.9350333833558364e-06
3.746992691483956e-06
5.093982773374476e-06
7.601057761428891e-06
1.3064805527676568e-05
2.782042290434719e-05
8.065927178253555e-05
0.00034933074493550257
0.0024014447428652363
0.026845802831952065

1.1654975713496207e-05
4.072003643149716e-05
0.00013095843490212639
0.000387692435791093
0.0010565005132795687
0.002650212087076071
0.006119558370802399
0.013007327230571134
0.025449812312036288
0.045836308610703175
0.07599118537359452
0.1159699143800695
0.16291309230864995
0.21066635022937316
0.25076267178238365
0.27476356264656343
0.27713024302443073
0.257298491235753
0.21989689131546306
0.1729933756537236
0.1252761476340841
0.08350949162739496
0.05124267855352613
0.028943852712761328
0.015049060536867397
0.007202627786851025
0.003173226615815365
0.001286884997061395
0.0004804043380583801
0.00016508310787315993
5.2218799773508346e-05
1.5204763450280336e-05
4.075313128955056e-06
1.0054739713715958e-06
2.2835431090366167e-07
4.773930917078036e-08
9.186954781175765e-09
1.6274046802766687e-09
2.653677094543556e-10
3.98317258539954e-11
5.503496642259192e-12
6.999657993977851e-13
8.194896424311931e-14
8.831584940587135e-15
8.761175194831886e-16
8.000453636430796e-17
6.725048084153093e-18
5.203609624353317e-19
3.7063169510314975e-20
2.4300149011677867e-21
1.4665735592694192e-22
8.147554950951372e-24
4.166575720868803e-25
1.9613711941160026e-26
8.499019776403204e-28
3.390052470360983e-29
1.2447224819048169e-30
4.2069483549745775e-32
1.3088514567050233e-33
3.7483667260546504e-35
9.881487386520052e-37
2.397900180868459e-38
5.356343415850592e-40
1.1013725796487524e-41
2.0846283488112343e-43
3.6320477730858384e-45
5.825094809104502e-47
8.599693593547064e-49
1.168668908675378e-50
1.461936590202626e-52
1.683426328059083e-54
1.7843836177608315e-56
1.7410485144217356e-58
1.5637310210893852e-60
1.2928310194617306e-62
9.83897844358714e-65
6.892658911128726e-67
4.444798724144631e-69
2.638432235683542e-71
1.4416781710854067e-73
7.251356120594493e-76
3.3573659304074104e-78
1.4308913458648306e-80
5.613622035831126e-83
2.0272542185880842e-85
6.739098289637792e-88
2.062167326994077e-90
5.808641132458665e-93
1.5060997047113307e-95
3.594689922335435e-98
7.897646270640159e-101
1.5972115989349164e-103
2.973416628700007e-106
5.095392102442241e-109
8.037629562643877e-112
1.1670968498409825e-114
1.5599631532492493e-117
1.9193329410255657e-120
2.1737761876994823e-123
2.2662502773645138e-126
