0.3194844030369402
0.004193571647383925
6.089717239929806e-05
9.783378197747104e-07
1.7388383558114068e-08
4.919880059408641e-10
8.834370049286905e-12
1.667671003413937e-13
3.5417005419052788e-15
9.335910426848587e-17
3.2062683958442904e-18
1.3498637900759262e-19
6.34021952345527e-21
3.1394002811899012e-22
1.608983074105092e-23
8.580852997355388e-25
4.864885187778896e-26
3.0266658176069916e-27
2.129026969686607e-28
1.713107320954607e-29
1.5601425819161869e-30
1.577592976260782e-31
1.7490144175160573e-32
2.1223144934285116e-33
2.8329982833473137e-34
4.183765428998985e-35
6.852958448259462e-36
1.2443962248492663e-36
2.5012987380924586e-37
5.560476545976215e-38
1.3669732720001165e-38
3.717127438460588e-39
1.1181734555130743e-39
3.720662320520316e-40
1.3689108847245297e-40
5.564318327369151e-41
2.494683610656615e-41
1.2300208414575345e-41
6.642965120684669e-42
3.897033700151484e-42
2.467868346268524e-42
1.6706775910667096e-42
1.1977608939077134e-42
9.01284814351673e-43
7.06093894675336e-43
5.719366173050312e-43
4.762001254274146e-43
4.056147687925414e-43
3.5207907772912717e-43
3.1046623194146154e-43
2.774249212614347e-43
2.5069938131641384e-43
2.28730621353681e-43
2.1041520958102366e-43
1.949551566161115e-43
1.8176202126863077e-43
1.7039416650608095e-43
1.605147907055204e-43
1.5186328021602491e-43
1.4423528638371332e-43
1.374686294853762e-43
1.3143316562671432e-43
1.260233946684112e-43
1.2115299388688518e-43
1.1675072439034957e-43
1.1275732943698323e-43
1.0912315856900924e-43
1.0580632915377464e-43
1.0277129024105156e-43
9.998769072986555e-44
9.742947995308027e-44
9.507418739435076e-44
9.290234165543172e-44
9.089699854789868e-44
8.904335535458031e-44
8.732843362635212e-44
8.574081686191941e-44
8.427043242340546e-44
8.290836932655018e-44
8.164672529634295e-44
8.047847783131304e-44
7.939737507077615e-44
7.839784308155802e-44
7.747490682794088e-44
7.662412260111396e-44
7.584152009263913e-44
7.512355262342195e-44
7.446705430301508e-44
7.386920310730844e-44
7.332748903624243e-44
7.283968665525285e-44
7.240383144109093e-44
7.201819944946419e-44
7.168128990258687e-44
7.139181036236924e-44
7.114866421214988e-44
7.095094021863625e-44
7.079790398773359e-44
7.068899116459106e-44
7.062380226062587e-44
7.060209901947609e-44
7.062380226062587e-44
7.068899116459106e-44
7.079790398773359e-44
7.095094021863625e-44
7.114866421214988e-44
7.139181036236924e-44
7.168128990258687e-44
7.201819944946419e-44
7.240383144109093e-44
7.283968665525285e-44
7.332748903624243e-44
7.386920310730844e-44
7.446705430301508e-44
7.512355262342195e-44
7.584152009263913e-44
7.662412260111396e-44
7.747490682794088e-44
7.839784308155802e-44
7.939737507077615e-44
8.047847783131304e-44
8.164672529634295e-44
8.290836932655018e-44
8.427043242340546e-44
8.574081686191941e-44
8.732843362635212e-44
8.904335535458031e-44
9.089699854789868e-44
9.290234165543172e-44
9.507418739435076e-44
9.742947995308027e-44
9.998769072986555e-44
1.0277129024105156e-43
1.0580632915377464e-43
1.0912315856900924e-43
1.1275732943698323e-43
1.1675072439034957e-43
1.2115299388688518e-43
1.260233946684112e-43
1.3143316562671432e-43
1.374686294853762e-43
1.4423528638371332e-43
1.5186328021602491e-43
1.605147907055204e-43
1.7039416650608095e-43
1.8176202126863077e-43
1.949551566161115e-43
2.1041520958102366e-43
2.28730621353681e-43
2.5069938131641384e-43
2.774249212614347e-43
3.1046623194146154e-43
3.5207907772912717e-43
4.056147687925414e-43
4.762001254274146e-43
5.719366173050312e-43
7.06093894675336e-43
9.01284814351673e-43
1.1977608939077134e-42
1.6706775910667096e-42
2.467868346268524e-42
3.897033700151484e-42
6.642965120684669e-42
1.2300208414575345e-41
2.494683610656615e-41
5.564318327369151e-41
1.3689108847245297e-40
3.720662320520316e-40
1.1181734555130743e-39
3.717127438460588e-39
1.3669732720001165e-38
5.560476545976215e-38
2.5012987380924586e-37
1.2443962248492663e-36
6.852958448259462e-36
4.183765428998985e-35
2.8329982833473137e-34
2.1223144934285116e-33
1.7490144175160573e-32
1.577592976260782e-31
1.5601425819161869e-30
1.713107320954607e-29
2.129026969686607e-28
3.0266658176069916e-27
4.864885187778896e-26
8.580852997355388e-25
1.608983074105092e-23
3.1394002811899012e-22
6.34021952345527e-21
1.3498637900759262e-19
3.2062683958442904e-18
9.335910426848587e-17
3.5417005419052788e-15
1.667671003413937e-13
8.834370049286905e-12
4.919880059408641e-10
1.7388383558114068e-08
9.783378197747104e-07
6.089717239929806e-05
0.004193571647383925

2.004598954821114e-42
1.0495637660913938e-38
3.6691015333244163e-35
8.564069869059427e-32
1.3346587705389245e-28
1.3887685046628259e-25
9.648483175495428e-23
4.475667346021661e-20
1.386200743514485e-17
2.866579731991848e-15
3.957960862189934e-13
3.6487872028224987e-11
2.245924474466651e-09
9.230204658967822e-08
2.5327777630328556e-06
4.640367854405421e-05
0.0005676456390757537
0.0046363025940348735
0.025283419548228363
0.09205967148106418
0.22380645142208333
0.3632832322256451
0.39372018063299347
0.28490467099001243
0.13765152731022282
0.04440502005125435
0.009564288716243178
0.0013754438185997594
0.00013206952176648355
8.46704612573154e-06
3.6243557314934625e-07
1.0358557469449528e-08
1.976684303408579e-10
2.518517184159489e-12
2.1425062346958762e-14
1.2169390896895202e-16
4.615142972581715e-19
1.1686139030669256e-21
1.9757250632942347e-24
2.2302396912552913e-27
1.680916511212919e-30
8.458830388311786e-34
2.8421308032612214e-37
6.375986332144791e-41
9.55037147419197e-45
9.551305195387319e-49
6.377856618236833e-53
2.843520422886164e-57
8.464621109992337e-62
1.682396149127737e-66
2.2326393721259017e-71
1.9782376530891047e-76
1.1703288729813476e-81
4.622819605037903e-87
1.2192016573732102e-92
2.146909379806942e-98
2.5241865807345348e-104
1.9815213901944772e-110
1.0385936122433986e-116
3.634645848801586e-123
8.492745799413363e-130
1.3249629091337621e-136
1.3801582557616468e-143
9.598947700906357e-151
4.457464924428361e-158
1.3820438237860678e-165
2.8610488009322386e-173
3.9545610807751877e-181
3.649563136621719e-189
2.2488114596164937e-197
9.251982044703955e-206
2.541476439207721e-214
4.661299042366873e-223
5.708176779510295e-232
4.6672109908689997e-241
2.5479272615566168e-250
9.287229714723279e-260
2.260241897108097e-269
3.67276571228563e-279
3.9847501973534545e-289
2.886546429140323e-299
1.396129054028122e-309
4.509e-320
0.0
0.0
0.0
0.0
0.0
0.0
0.0
0.0
0.0
0.0
0.0
0.0
0.0
0.0
0.0
0.0
0.0
