1.4405001140153817
0.3915061884140513
0.17584805014251237
0.10118720009098228
0.06374716637600568
0.041766532940523876
0.028062709577978358
0.019261616454934145
0.01348946747885781
0.009633833389715227
0.007013334394366847
0.00520213048024667
0.00392963539248615
0.003021263344765769
0.0023627039901843072
0.0018780378200395258
0.0015161377597110149
0.0012421041256525146
0.0010317986145133636
0.0008683111521621705
0.0007396474720487078
0.0006371971465604151
0.0005547065748499663
0.00048758250338878847
0.0004324143741126025
0.00038664315662294225
0.0003483292984265106
0.000315988449085191
0.0002884740002957236
0.0002648922862819333
0.00024454078895040865
0.00022686269848674434
0.0002114132075555953
0.00019783429739453763
0.00018583572206730536
0.00017518055402175036
0.00016567411316909103
0.00015715542520231755
0.00014949058468316897
0.00014256756296547048
0.00013629211972624366
0.0001305845631471189
0.00012537716693920606
0.0001206120989533276
0.00011623975066105683
0.00011221738259474357
0.00010850802023104984
0.00010507954947302401
0.00010190397204822174
9.895678968294094e-05
9.621649248694732e-05
9.366413207019993e-05
9.128296387025737e-05
8.905814626301044e-05
8.697648646045758e-05
8.502622511863772e-05
8.319685310133092e-05
8.14789550582684e-05
7.986407544746428e-05
7.834460341158159e-05
7.691367354796744e-05
7.556508012223468e-05
7.429320269030294e-05
7.309294143268194e-05
7.195966078247429e-05
7.088914015694676e-05
6.98775307909783e-05
6.892131782673653e-05
6.80172869435595e-05
6.716249492004137e-05
6.635424361061539e-05
6.559005689463339e-05
6.48676602195999e-05
6.418496241390025e-05
6.354003948975591e-05
6.293112019563255e-05
6.23565731100494e-05
6.181489509663451e-05
6.13047009641086e-05
6.082471419530556e-05
6.0373758626880525e-05
5.9950750976462636e-05
5.9554694127050115e-05
5.9184671089729734e-05
5.883983957559407e-05
5.851942711624699e-05
5.822272667971656e-05
5.794909273509318e-05
5.7697937724910945e-05
5.746872890930885e-05
5.726098555043886e-05
5.707427640951746e-05
5.690821753241466e-05
5.676247030280325e-05
5.663673974470439e-05
5.653077305881105e-05
5.6444358379288706e-05
5.6377323739880016e-05
5.632953624011008e-05
5.6300901404228576e-05
5.629136272726432e-05
5.6300901404228576e-05
5.632953624011008e-05
5.6377323739880016e-05
5.6444358379288706e-05
5.653077305881105e-05
5.663673974470439e-05
5.676247030280325e-05
5.690821753241466e-05
5.707427640951746e-05
5.726098555043886e-05
5.746872890930885e-05
5.7697937724910945e-05
5.794909273509318e-05
5.822272667971656e-05
5.851942711624699e-05
5.883983957559407e-05
5.9184671089729734e-05
5.9554694127050115e-05
5.9950750976462636e-05
6.0373758626880525e-05
6.082471419530556e-05
6.13047009641086e-05
6.181489509663451e-05
6.23565731100494e-05
6.293112019563255e-05
6.354003948975591e-05
6.418496241390025e-05
6.48676602195999e-05
6.559005689463339e-05
6.635424361061539e-05
6.716249492004137e-05
6.80172869435595e-05
6.892131782673653e-05
6.98775307909783e-05
7.088914015694676e-05
7.195966078247429e-05
7.309294143268194e-05
7.429320269030294e-05
7.556508012223468e-05
7.691367354796744e-05
7.834460341158159e-05
7.986407544746428e-05
8.14789550582684e-05
8.319685310133092e-05
8.502622511863772e-05
8.697648646045758e-05
8.905814626301044e-05
9.128296387025737e-05
9.366413207019993e-05
9.621649248694732e-05
9.895678968294094e-05
0.00010190397204822174
0.00010507954947302401
0.00010850802023104984
0.00011221738259474357
0.00011623975066105683
0.0001206120989533276
0.00012537716693920606
0.0001305845631471189
0.00013629211972624366
0.00014256756296547048
0.00014949058468316897
0.00015715542520231755
0.00016567411316909103
0.00017518055402175036
0.00018583572206730536
0.00019783429739453763
0.0002114132075555953
0.00022686269848674434
0.00024454078895040865
0.0002648922862819333
0.0002884740002957236
0.000315988449085191
0.0003483292984265106
0.00038664315662294225
0.0004324143741126025
0.00048758250338878847
0.0005547065748499663
0.0006371971465604151
0.0007396474720487078
0.0008683111521621705
0.0010317986145133636
0.0012421041256525146
0.0015161377597110149
0.0018780378200395258
0.0023627039901843072
0.003021263344765769
0.00392963539248615
0.00520213048024667
0.007013334394366847
0.009633833389715227
0.01348946747885781
0.019261616454934145
0.028062709577978358
0.041766532940523876
0.06374716637600568
0.10118720009098228
0.17584805014251237
0.3915061884140513

0.0021360170929103023
0.11708228438209158
0.8768442519584221
0.8972192213136208
0.12543785951117406
0.0024796257291636184
0.003543868822509621
0.09717483344320475
0.7503328600258488
1.4579836737021012
1.007984002748902
0.753201208144265
0.6024053054655265
0.3138261872927555
0.10058167602978126
0.01980297783125439
0.0023950702332958137
0.00017794349034378626
8.121234603819724e-06
2.2768693331657921e-07
3.921301709317711e-09
4.148570830918448e-11
2.696142609310647e-13
1.0763742763224794e-15
2.6397321405837768e-18
3.976788645068516e-21
3.680283373467635e-24
2.0922140247094933e-27
7.306460790818775e-31
1.5674153907987993e-34
2.0655573398220876e-38
1.6721163900451304e-42
8.315183773008343e-47
2.5401145363112594e-51
4.766623474647463e-56
5.4947064411352286e-61
3.8909373855012263e-66
1.6925444729389298e-71
4.522744306750077e-77
7.424036220266591e-83
7.486075937965149e-89
4.6370787793718566e-95
1.7644559472457647e-101
4.124328653107947e-108
5.922046465280916e-115
5.223558412825863e-122
2.8303308189677418e-129
9.42071889051425e-137
1.926224884539517e-144
2.4193908462188566e-152
1.866728581217458e-160
8.847741396376758e-169
2.576082478955523e-177
4.607477328083185e-186
5.062240216301772e-195
3.416633480091243e-204
1.4165442143710352e-213
3.607762804488413e-223
5.644453747052114e-233
5.424777876631979e-243
3.202713582573852e-253
1.1615297633538529e-263
2.5877283492610207e-274
3.541466388437166e-285
2.9773073170557003e-296
1.5375891471510723e-307
4.8779e-319
0.0
0.0
0.0
0.0
0.0
0.0
0.0
0.0
0.0
0.0
0.0
0.0
0.0
0.0
0.0
0.0
0.0
0.0
0.0
0.0
0.0
0.0
0.0
0.0
0.0
0.0
0.0
0.0
0.0
0.0
0.0
0.0
0.0
