0.5860208663585301
0.38753395478365354
0.26398671273874835
0.18506735774009933
0.13337341978945166
0.09868188111197329
0.07485178837811156
0.058113607150235745
0.04610452060681742
0.037313238199697535
0.030754119767736277
0.025772209397830155
0.0219244132812374
0.018905777595252762
0.01650295241924638
0.01456432399304385
0.012980535786687413
0.01167158791337903
0.010578166114624919
0.00965573043511804
0.008870430171952434
0.008196243936096873
0.00761295235303438
0.007104683798475602
0.006658859275871367
0.006265418535400575
0.005916246561171093
0.005604744327622554
0.005325504490577434
0.00507406414680927
0.004846714724041335
0.004640354599405426
0.004452373947900292
0.004280564100541969
0.004123045686946077
0.003978211282182567
0.0038446793332163037
0.003721256917321648
0.0036069094613775565
0.003500735981844018
0.003401948729571174
0.0033098563694181136
0.0032238500121999514
0.0031433915604670327
0.0030680039408411096
0.0029972628820514793
0.0029307899653414115
0.0028682467269694686
0.002809329634433036
0.0027537657913044317
0.0027013092521039304
0.0026517378499001623
0.002604850456450038
0.0025604646085359175
0.0025184144454015855
0.002478548911357003
0.0024407301851275256
0.0024048323036913333
0.0023707399534363804
0.002338347405679566
0.0023075575770889925
0.0022782811984656784
0.0022504360777788695
0.002223946445393832
0.002198742371151339
0.0021747592444097113
0.0021519373093887365
0.0021302212491972903
0.002109559812813558
0.002089905480043565
0.0020712141601310903
0.002053444920247109
0.0020365597405640895
0.002020523293031576
0.0020053027413245894
0.001990867559743741
0.0019771893691126006
0.001964241787949755
0.0019520002973950374
0.0019404421185458631
0.001929546101014076
0.0019192926216491494
0.0019096634924927248
0.001900641877134361
0.0018922122147310698
0.0018843601510352306
0.0018770724758482983
0.0018703370663824869
0.001864142836070446
0.0018584796884146642
0.0018533384755148425
0.0018487109609533366
0.0018445897867566889
0.0018409684441857389
0.0018378412481382532
0.0018352033149769693
0.0018330505436226498
0.0018313795997766363
0.0018301879031607162
0.0018294736176841773
0.0018292356444689708
0.0018294736176841773
0.0018301879031607162
0.0018313795997766363
0.0018330505436226498
0.0018352033149769693
0.0018378412481382532
0.0018409684441857389
0.0018445897867566889
0.0018487109609533366
0.0018533384755148425
0.0018584796884146642
0.001864142836070446
0.0018703370663824869
0.0018770724758482983
0.0018843601510352306
0.0018922122147310698
0.001900641877134361
0.0019096634924927248
0.0019192926216491494
0.001929546101014076
0.0019404421185458631
0.0019520002973950374
0.001964241787949755
0.0019771893691126006
0.001990867559743741
0.0020053027413245894
0.002020523293031576
0.0020365597405640895
0.002053444920247109
0.0020712141601310903
0.002089905480043565
0.002109559812813558
0.0021302212491972903
0.0021519373093887365
0.0021747592444097113
0.002198742371151339
0.002223946445393832
0.0022504360777788695
0.0022782811984656784
0.0023075575770889925
0.002338347405679566
0.0023707399534363804
0.0024048323036913333
0.0024407301851275256
0.002478548911357003
0.0025184144454015855
0.0025604646085359175
0.002604850456450038
0.0026517378499001623
0.0027013092521039304
0.0027537657913044317
0.002809329634433036
0.0028682467269694686
0.0029307899653414115
0.0029972628820514793
0.0030680039408411096
0.0031433915604670327
0.0032238500121999514
0.0033098563694181136
0.003401948729571174
0.003500735981844018
0.0036069094613775565
0.003721256917321648
0.0038446793332163037
0.003978211282182567
0.004123045686946077
0.004280564100541969
0.004452373947900292
0.004640354599405426
0.004846714724041335
0.00507406414680927
0.005325504490577434
0.005604744327622554
0.005916246561171093
0.006265418535400575
0.006658859275871367
0.007104683798475602
0.00761295235303438
0.008196243936096873
0.008870430171952434
0.00965573043511804
0.010578166114624919
0.01167158791337903
0.012980535786687413
0.01456432399304385
0.01650295241924638
0.018905777595252762
0.0219244132812374
0.025772209397830155
0.030754119767736277
0.037313238199697535
0.04610452060681742
0.058113607150235745
0.07485178837811156
0.09868188111197329
0.13337341978945166
0.18506735774009933
0.26398671273874835
0.38753395478365354

0.07971108675505695
0.6085730600934248
1.305946373997937
0.7876922848148454
0.13353849177254903
0.006363191145600718
8.522403632002612e-05
3.2082474384890937e-07
3.394628402549834e-10
1.0095672466565943e-13
8.439114734068443e-18
1.9827919989148723e-22
1.3094112003116162e-27
2.4304885106407895e-33
1.2680305612163855e-39
1.8594499638777233e-46
7.664042410499396e-54
8.878711195629137e-62
2.8910831810373925e-70
2.646000196449104e-79
6.806718407698196e-89
4.921577449400546e-99
1.0002060812219985e-109
5.713382298403735e-121
9.17309109539333e-133
4.139584529207701e-145
5.2506906403697e-158
1.871952113221953e-171
1.8758221748956796e-185
5.283323744409856e-200
4.1825525772291995e-215
9.306668005990511e-231
5.820571946048506e-247
1.0231886856914844e-263
5.0555035976898976e-281
7.020883161793238e-299
2.74055e-317
0.0
0.0
0.0
0.0
0.0
0.0
0.0
0.0
0.0
0.0
0.0
0.0
0.0
0.0
0.0
0.0
0.0
0.0
0.0
0.0
0.0
0.0
0.0
0.0
0.0
0.0
0.0
0.0
0.0
0.0
0.0
0.0
0.0
0.0
0.0
0.0
0.0
0.0
0.0
0.0
0.0
0.0
0.0
0.0
0.0
0.0
0.0
0.0
0.0
0.0
0.0
0.0
0.0
0.0
0.0
0.0
0.0
0.0
0.0
0.0
0.0
0.0
0.0
