0.23499384100045745
0.13946650324650653
0.09398998066228009
0.06911807471312305
0.054011025739581234
0.044076856404580075
0.03713520303413997
0.03205029855381062
0.028184095340870723
0.02515521251059837
0.02272366133171968
0.02073178871687537
0.01907219694629519
0.017669421039731147
0.01646900131297062
0.015430716952371528
0.014524256288005579
0.01372636504555178
0.013018919384330044
0.012387593819867034
0.011820921406334544
0.011309618389737378
0.010846090792039537
0.010424068447671892
0.010038329820751427
0.009684492470541092
0.009358851655186242
0.009058254688517214
0.00878000216655628
0.008521769609401738
0.008281544772611968
0.008057577099443464
0.0078483366630242
0.007652480587591825
0.007468825409573079
0.007296324190263422
0.007134047455473362
0.006981167237216164
0.006836943645050839
0.006700713512107117
0.006571880751855329
0.006449908132757856
0.0063343102337911
0.006224647387991474
0.006120520456307518
0.00602156630213933
0.005927453859543017
0.005837880706342344
0.005752570068224767
0.005671268192004659
0.005593742036159087
0.005519777234909363
0.005449176298872584
0.005381757020909195
0.005317351060458496
0.005255802683554201
0.005196967638983944
0.005140712153810176
0.005086912033795032
0.0050354518562410345
0.004986224244432589
0.004939129214288569
0.004894073585054252
0.004850970446904178
0.00480973867922368
0.004770302514108642
0.0047325911402892025
0.0046965383432596135
0.004662082177896478
0.004629164670282235
0.0045977315458294275
0.004567731981131866
0.0045391183772581
0.004511846152456132
0.00448587355246116
0.004461161476794153
0.0044376733196120535
0.004415374823823263
0.004394233947317281
0.004374220740277602
0.004355307232653445
0.004337467330961203
0.004320676723671059
0.004304912794510299
0.004290154543082686
0.00427638251226441
0.0042635787218921525
0.004251726608308306
0.004240810969373551
0.004230817914597597
0.004221734820076123
0.0042135502879559455
0.004206254110181545
0.004199837236304785
0.004194291745166257
0.004189610820281351
0.004185788728787321
0.004182820803829295
0.004180703430283909
0.004179434033738782
0.00417901107266509
0.004179434033738782
0.004180703430283909
0.004182820803829295
0.004185788728787321
0.004189610820281351
0.004194291745166257
0.004199837236304785
0.004206254110181545
0.0042135502879559455
0.004221734820076123
0.004230817914597597
0.004240810969373551
0.004251726608308306
0.0042635787218921525
0.00427638251226441
0.004290154543082686
0.004304912794510299
0.004320676723671059
0.004337467330961203
0.004355307232653445
0.004374220740277602
0.004394233947317281
0.004415374823823263
0.0044376733196120535
0.004461161476794153
0.00448587355246116
0.004511846152456132
0.0045391183772581
0.004567731981131866
0.0045977315458294275
0.004629164670282235
0.004662082177896478
0.0046965383432596135
0.0047325911402892025
0.004770302514108642
0.00480973867922368
0.004850970446904178
0.004894073585054252
0.004939129214288569
0.004986224244432589
0.0050354518562410345
0.005086912033795032
0.005140712153810176
0.005196967638983944
0.005255802683554201
0.005317351060458496
0.005381757020909195
0.005449176298872584
0.005519777234909363
0.005593742036159087
0.005671268192004659
0.005752570068224767
0.005837880706342344
0.005927453859543017
0.00602156630213933
0.006120520456307518
0.006224647387991474
0.0063343102337911
0.006449908132757856
0.006571880751855329
0.006700713512107117
0.006836943645050839
0.006981167237216164
0.007134047455473362
0.007296324190263422
0.007468825409573079
0.007652480587591825
0.0078483366630242
0.008057577099443464
0.008281544772611968
0.008521769609401738
0.00878000216655628
0.009058254688517214
0.009358851655186242
0.009684492470541092
0.010038329820751427
0.010424068447671892
0.010846090792039537
0.011309618389737378
0.011820921406334544
0.012387593819867034
0.013018919384330044
0.01372636504555178
0.014524256288005579
0.015430716952371528
0.01646900131297062
0.017669421039731147
0.01907219694629519
0.02073178871687537
0.02272366133171968
0.02515521251059837
0.028184095340870723
0.03205029855381062
0.03713520303413997
0.044076856404580075
0.054011025739581234
0.06911807471312305
0.09398998066228009
0.13946650324650653

0.20762692016728493
0.22515091172974017
0.21997682944841368
0.19363922987599416
0.15357585275641536
0.10974018916816418
0.07065154342762715
0.04098177675461157
0.021417712913513208
0.010084830027019522
0.004278359289202875
0.0016353062760285767
0.0005631630264481474
0.000174735982025257
4.8847656866776055e-05
1.2303206337342539e-05
2.791939861059301e-06
5.708302651408103e-07
1.0515286336631194e-07
1.745212824115597e-08
2.609689680198309e-09
3.5159486288248265e-10
4.26785203416105e-11
4.667554175079115e-12
4.599202809574427e-13
4.0830898300665465e-14
3.2659421574803317e-15
2.353646431621386e-16
1.5282244284223497e-17
8.940179369765055e-19
4.712143495783389e-20
2.2377108234405827e-21
9.574202260294901e-23
3.6907481748424896e-24
1.281856499013092e-25
4.011230194602146e-27
1.1309123381513465e-28
2.8727211965467775e-30
6.574628163459468e-32
1.3556953078007495e-33
2.5186404287695366e-35
4.21583328050649e-37
6.357902531661651e-39
8.638880845067043e-41
1.0575825642026576e-42
1.166498704478465e-44
1.1592241485268553e-46
1.0379197086503054e-48
8.372849365783855e-51
6.08549594696773e-53
3.985032405013805e-55
2.351153139601625e-57
1.2498075893752767e-59
5.985750053206145e-62
2.5828975408755487e-64
1.0041739706552448e-66
3.5174175081833526e-69
1.1100743365124491e-71
3.1564098074726515e-74
8.086263441640718e-77
1.8664465965223414e-79
3.881471759038723e-82
7.272612922613756e-85
1.227715379350216e-87
1.867317207669124e-90
2.5588903865119077e-93
3.1593551330729157e-96
3.5144582635904113e-99
3.5223419430018924e-102
3.1806641844869627e-105
2.58772012354204e-108
1.896836805596557e-111
1.2527251975934686e-114
7.4540935393827135e-118
3.9961984205611425e-121
1.9302449708144798e-124
8.400226485509688e-128
3.2936901562571377e-131
1.1635570136325284e-134
3.703443940375021e-138
1.0620306779644595e-141
2.7439837126660533e-145
6.387621539079089e-149
1.3397075483912747e-152
2.5315937351604286e-156
4.3101382482264565e-160
6.611523848700647e-164
9.137452187279342e-168
1.1377893028860275e-171
1.2764733599176735e-175
1.2902529028775218e-179
1.1750358430568023e-183
9.64141028188901e-188
7.127597951766012e-192
4.747434753141078e-196
2.848970781607727e-200
1.5403881395057606e-204
7.503873723916546e-209
3.293472551955351e-213
1.3023741268266482e-217
