0.4180414099431956
0.0037142868069561445
4.583499553892186e-05
7.85569433929932e-07
1.8699826878590105e-08
6.128490707974762e-10
2.80957905075982e-11
1.8108100472005713e-12
1.6060765128826044e-13
1.9722245287130577e-14
3.3619090594020817e-15
7.89701669931132e-16
2.508760340702482e-16
1.0397041125180981e-16
5.3430023957258685e-17
3.2280962905612054e-17
2.1901773006492563e-17
1.6136640580442316e-17
1.2607700768416363e-17
1.0279644452347934e-17
8.651642841004197e-18
7.459741263125415e-18
6.554591351214657e-18
5.846547607776843e-18
5.2790711483894935e-18
4.814982471200629e-18
4.42894837311925e-18
4.1031733986221605e-18
3.824823473045467e-18
3.584427988157622e-18
3.3748564035446318e-18
3.1906439359301805e-18
3.0275359157029146e-18
2.882172889216467e-18
2.751868548706606e-18
2.634450246196603e-18
2.5281425488559548e-18
2.4314809354384812e-18
2.343246950664292e-18
2.262418868028868e-18
2.1881337174144487e-18
2.1196577479048877e-18
2.0563632255942856e-18
1.9977100412989306e-18
1.943231007431398e-18
1.8925200112559335e-18
1.8452223992857043e-18
1.80102711884457e-18
1.7596602542187423e-18
1.7208796776787836e-18
1.6844705978454662e-18
1.650241834962882e-18
1.6180226885890467e-18
1.587660290867258e-18
1.55901735996994e-18
1.531970285026721e-18
1.5064074869803977e-18
1.482228010192448e-18
1.4593403078700762e-18
1.4376611909825542e-18
1.417114915636017e-18
1.3976323881587723e-18
1.3791504706261133e-18
1.3616113723895687e-18
1.344962115498908e-18
1.3291540638169222e-18
1.3141425072063829e-18
1.2998862934786037e-18
1.2863475018837328e-18
1.2734911528343189e-18
1.261284949317988e-18
1.2496990460981207e-18
1.2387058433443198e-18
1.228279801794112e-18
1.2183972769378668e-18
1.2090363700515701e-18
1.2001767941863385e-18
1.1917997534671257e-18
1.1838878342623208e-18
1.1764249069662163e-18
1.1693960372920727e-18
1.162787406108354e-18
1.156586236967879e-18
1.1507807305815716e-18
1.1453600055775559e-18
1.1403140449642796e-18
1.1356336477847551e-18
1.131310385509274e-18
1.1273365627671343e-18
1.1237051820650948e-18
1.1204099121821667e-18
1.1174450599678117e-18
1.1148055453041503e-18
1.1124868790230276e-18
1.1104851435961586e-18
1.1087969764414883e-18
1.1074195557118072e-18
1.1063505884527402e-18
1.1055883010369302e-18
1.1051314317997055e-18
1.104979225819073e-18
1.1051314317997055e-18
1.1055883010369302e-18
1.1063505884527402e-18
1.1074195557118072e-18
1.1087969764414883e-18
1.1104851435961586e-18
1.1124868790230276e-18
1.1148055453041503e-18
1.1174450599678117e-18
1.1204099121821667e-18
1.1237051820650948e-18
1.1273365627671343e-18
1.131310385509274e-18
1.1356336477847551e-18
1.1403140449642796e-18
1.1453600055775559e-18
1.1507807305815716e-18
1.156586236967879e-18
1.162787406108354e-18
1.1693960372920727e-18
1.1764249069662163e-18
1.1838878342623208e-18
1.1917997534671257e-18
1.2001767941863385e-18
1.2090363700515701e-18
1.2183972769378668e-18
1.228279801794112e-18
1.2387058433443198e-18
1.2496990460981207e-18
1.261284949317988e-18
1.2734911528343189e-18
1.2863475018837328e-18
1.2998862934786037e-18
1.3141425072063829e-18
1.3291540638169222e-18
1.344962115498908e-18
1.3616113723895687e-18
1.3791504706261133e-18
1.3976323881587723e-18
1.417114915636017e-18
1.4376611909825542e-18
1.4593403078700762e-18
1.482228010192448e-18
1.5064074869803977e-18
1.531970285026721e-18
1.55901735996994e-18
1.587660290867258e-18
1.6180226885890467e-18
1.650241834962882e-18
1.6844705978454662e-18
1.7208796776787836e-18
1.7596602542187423e-18
1.80102711884457e-18
1.8452223992857043e-18
1.8925200112559335e-18
1.943231007431398e-18
1.9977100412989306e-18
2.0563632255942856e-18
2.1196577479048877e-18
2.1881337174144487e-18
2.262418868028868e-18
2.343246950664292e-18
2.4314809354384812e-18
2.5281425488559548e-18
2.634450246196603e-18
2.751868548706606e-18
2.882172889216467e-18
3.0275359157029146e-18
3.1906439359301805e-18
3.3748564035446318e-18
3.584427988157622e-18
3.824823473045467e-18
4.1031733986221605e-18
4.42894837311925e-18
4.814982471200629e-18
5.2790711483894935e-18
5.846547607776843e-18
6.554591351214657e-18
7.459741263125415e-18
8.651642841004197e-18
1.0279644452347934e-17
1.2607700768416363e-17
1.6136640580442316e-17
2.1901773006492563e-17
3.2280962905612054e-17
5.3430023957258685e-17
1.0397041125180981e-16
2.508760340702482e-16
7.89701669931132e-16
3.3619090594020817e-15
1.9722245287130577e-14
1.6060765128826044e-13
1.8108100472005713e-12
2.80957905075982e-11
6.128490707974762e-10
1.8699826878590105e-08
7.85569433929932e-07
4.583499553892186e-05
0.0037142868069561445

4.704838129446682e-17
8.93237117270207e-16
1.4977279836725827e-14
2.217906506352742e-13
2.9006653917792724e-12
3.35039598453463e-11
3.4177378916324273e-10
3.079111919699848e-09
2.4499448277847695e-08
1.721595985575669e-07
1.068440362619816e-06
5.856166805454236e-06
2.834788738206547e-05
0.00012119147373869065
0.000457580535664784
0.0015258334299880264
0.004493562813546514
0.011687419046375257
0.026846676046707842
0.05446362409281362
0.09758131326099612
0.15440838775864943
0.21578399326203976
0.266324837687062
0.290300794174526
0.2794659392961711
0.23760394821374495
0.17841137037605292
0.11831382986381714
0.06929351697703377
0.03584212942163586
0.016373409009575037
0.006605847224498246
0.0023537592939041987
0.0007406954520247353
0.00020585499806369454
5.052743610520991e-05
1.095310409027361e-05
2.0969654547092713e-06
3.5455976003473676e-07
5.294582517731639e-08
6.982615137115431e-09
8.132959273525879e-10
8.366102809504724e-11
7.600495472980396e-12
6.098242914106551e-13
4.3212723891940636e-14
2.7043486021947456e-15
1.494712999667365e-16
7.296205502640836e-18
3.1454328018667203e-19
1.1975892059247197e-20
4.026979717427365e-22
1.1959006974617486e-23
3.136569419054556e-25
7.265387732222298e-27
1.4863010903678235e-28
2.685337670419652e-30
4.2848450342005414e-32
6.038310524208904e-34
7.515188429349286e-36
8.260539513445295e-38
8.019015620092365e-40
6.875080911221416e-42
5.205694475412764e-44
3.4811572794045963e-46
2.0559508240525618e-48
1.0723730910573348e-50
4.9399573636517135e-53
2.0097618643792683e-55
7.22121223704294e-58
2.2914992817213568e-60
6.422046549679096e-63
1.5895393392077641e-65
3.4746672416127292e-68
6.7080959624352494e-71
1.1437455606606891e-73
1.722279704185038e-76
2.2904565302162335e-79
2.6901997728434886e-82
2.7905584095728876e-85
2.5564765329500516e-88
2.0684099177566004e-91
1.4780036964184107e-94
9.327355650537107e-98
5.198591122556232e-101
2.558921084468822e-104
1.1124288215867226e-107
4.271020733439818e-111
1.448222314069517e-114
4.336934843926725e-118
1.1470297128512314e-121
2.6792333860760645e-125
5.527013588304917e-129
1.0069655804900426e-132
1.6202529745645458e-136
2.302476130339254e-140
2.8896919856225333e-144
3.2029641523639056e-148
3.135427119393726e-152
