1.4056383180471035
0.12133780682762763
0.03687484612346455
0.014079359531831726
0.00567725022049157
0.0023869577796756867
0.0010454894616342754
0.00047701442684426945
0.00022670883403049888
0.00011223047889783803
5.786594801240467e-05
3.107015418703681e-05
1.736878860603953e-05
1.010509403345457e-05
6.1152575958817555e-06
3.8463573449669664e-06
2.5117769632018715e-06
1.7006409058703775e-06
1.1918297023497434e-06
8.628463991780267e-07
6.439006809717982e-07
4.941411669523953e-07
3.890256997684614e-07
3.1343776738909415e-07
2.578416991718229e-07
2.160838461965829e-07
1.8410618528919796e-07
1.5917712072322628e-07
1.3942181526285103e-07
1.2352961111770617e-07
1.1056824260722857e-07
9.986368692589972e-08
9.092109716094632e-08
8.337190020474772e-08
7.69378381496948e-08
7.140615724928976e-08
6.66122430618363e-08
6.242730170170622e-08
5.874950807990603e-08
5.5497567587675346e-08
5.260597890895365e-08
5.002151019893527e-08
4.7700550551983294e-08
4.5607099702184484e-08
4.37112278863081e-08
4.198788544536334e-08
4.041597500652692e-08
3.8977622554110067e-08
3.7657600417558295e-08
3.6442867229878255e-08
3.532219863802794e-08
3.428588893705486e-08
3.332550851743038e-08
3.243370552575948e-08
3.160404277164077e-08
3.0830862902059406e-08
3.010917637742432e-08
2.9434567941860373e-08
2.8803118173329557e-08
2.8211337391725542e-08
2.7656109743438225e-08
2.7134645704892382e-08
2.6644441582110186e-08
2.6183244848704552e-08
2.574902437626027e-08
2.5339944780540327e-08
2.4954344243371773e-08
2.4590715280369438e-08
2.4247688014234997e-08
2.3924015586425964e-08
2.3618561399812975e-08
2.3330287934125805e-08
2.3058246916574517e-08
2.280157066364841e-08
2.2559464438038297e-08
2.2331199687934286e-08
2.2116108055456765e-08
2.191357605735571e-08
2.172304035490805e-08
2.1543983541598215e-08
2.137593038704507e-08
2.121844448403506e-08
2.107112525268003e-08
2.093360526183972e-08
2.0805547833198298e-08
2.068664489790044e-08
2.0576615079547947e-08
2.0475201980730654e-08
2.0382172653192953e-08
2.029731623428923e-08
2.0220442734612614e-08
2.0151381963641513e-08
2.008998258197645e-08
2.0036111270272226e-08
1.998965200633606e-08
1.9950505443087457e-08
1.991858838118235e-08
1.989383333111182e-08
1.9876188160512696e-08
1.9865615823287186e-08
1.9862094167937106e-08
1.9865615823287186e-08
1.9876188160512696e-08
1.989383333111182e-08
1.991858838118235e-08
1.9950505443087457e-08
1.998965200633606e-08
2.0036111270272226e-08
2.008998258197645e-08
2.0151381963641513e-08
2.0220442734612614e-08
2.029731623428923e-08
2.0382172653192953e-08
2.0475201980730654e-08
2.0576615079547947e-08
2.068664489790044e-08
2.0805547833198298e-08
2.093360526183972e-08
2.107112525268003e-08
2.121844448403506e-08
2.137593038704507e-08
2.1543983541598215e-08
2.172304035490805e-08
2.191357605735571e-08
2.2116108055456765e-08
2.2331199687934286e-08
2.2559464438038297e-08
2.280157066364841e-08
2.3058246916574517e-08
2.3330287934125805e-08
2.3618561399812975e-08
2.3924015586425964e-08
2.4247688014234997e-08
2.4590715280369438e-08
2.4954344243371773e-08
2.5339944780540327e-08
2.574902437626027e-08
2.6183244848704552e-08
2.6644441582110186e-08
2.7134645704892382e-08
2.7656109743438225e-08
2.8211337391725542e-08
2.8803118173329557e-08
2.9434567941860373e-08
3.010917637742432e-08
3.0830862902059406e-08
3.160404277164077e-08
3.243370552575948e-08
3.332550851743038e-08
3.428588893705486e-08
3.532219863802794e-08
3.6442867229878255e-08
3.7657600417558295e-08
3.8977622554110067e-08
4.041597500652692e-08
4.198788544536334e-08
4.37112278863081e-08
4.5607099702184484e-08
4.7700550551983294e-08
5.002151019893527e-08
5.260597890895365e-08
5.5497567587675346e-08
5.874950807990603e-08
6.242730170170622e-08
6.66122430618363e-08
7.140615724928976e-08
7.69378381496948e-08
8.337190020474772e-08
9.092109716094632e-08
9.986368692589972e-08
1.1056824260722857e-07
1.2352961111770617e-07
1.3942181526285103e-07
1.5917712072322628e-07
1.8410618528919796e-07
2.160838461965829e-07
2.578416991718229e-07
3.1343776738909415e-07
3.890256997684614e-07
4.941411669523953e-07
6.439006809717982e-07
8.628463991780267e-07
1.1918297023497434e-06
1.7006409058703775e-06
2.5117769632018715e-06
3.8463573449669664e-06
6.1152575958817555e-06
1.010509403345457e-05
1.736878860603953e-05
3.107015418703681e-05
5.786594801240467e-05
0.00011223047889783803
0.00022670883403049888
0.00047701442684426945
0.0010454894616342754
0.0023869577796756867
0.00567725022049157
0.014079359531831726
0.03687484612346455
0.12133780682762763

7.410771690951306e-07
8.093956464581699e-05
0.003255769292800194
0.048232715103079166
0.26316317974664605
0.5288151260837657
0.39136135710761155
0.10667123961034623
0.010708091438032185
0.00039588781128646616
5.390580160657029e-06
3.050660146025086e-08
8.955359003320728e-08
1.6960358146105384e-06
2.364217063647587e-05
0.0002438489172706475
0.00809989239950272
0.7448217517950154
2.3129948972529473
0.30976863114692577
0.2752000763454779
0.44655625999047216
0.5338168188640036
0.4694251295348005
0.3036675638904435
0.14450686017298964
0.05058671906505162
0.013026944111802328
0.002467780769608961
0.00034389716061037956
3.5254015676478546e-05
2.658560728980508e-06
1.4748320472371217e-07
6.0186146164304246e-09
1.8067933928724237e-10
3.990050944754346e-12
6.481960445726512e-14
7.746264125198731e-16
6.809829122371539e-18
4.403906769968083e-20
2.0950674392788948e-22
7.331889091986529e-25
1.8875208393587163e-27
3.5745848658125344e-30
4.979863722766357e-33
5.1034902898300514e-36
3.847468883797843e-39
2.1337371974243752e-42
8.704918898112035e-46
2.6124411677980554e-49
5.767482658150255e-53
9.36664508516451e-57
1.1190250807376717e-60
9.834528997561536e-65
6.358069907093097e-69
3.023813634233122e-73
1.0578954078009131e-77
2.7226287842907e-82
5.1545661829027455e-87
7.178832122956348e-92
7.354843965450403e-97
5.543079639584694e-102
3.0731712516731454e-107
1.253373171005755e-112
3.760382434051411e-118
8.299303087143049e-124
1.3474393425586379e-129
1.6092918471595722e-135
1.4138989997337927e-141
9.138185129349729e-148
4.3446971172131487e-154
1.5195571843095245e-160
3.909602280625008e-167
7.399563462942734e-174
1.0302381028019008e-180
1.0551813472245394e-187
7.950136615591884e-195
4.406360917979671e-202
1.7965674643025759e-209
5.388463964866193e-217
1.1888975282266116e-224
1.9296647085861172e-232
2.3039724037437768e-240
2.0236280026732645e-248
1.3075011417741923e-256
6.214575403886577e-265
2.1728954758187175e-273
5.58887245080802e-282
1.0574687683011728e-290
1.471868089308105e-299
1.5070519338099563e-308
1.1351297e-317
0.0
0.0
0.0
0.0
0.0
0.0
0.0
0.0
