0.6851008987352083
0.008812466273305994
0.00016547271316750834
4.535668350491023e-06
1.8148553758075838e-07
1.0570476967823043e-08
9.045624488519729e-10
1.1241723127897409e-10
2.030346560503889e-11
5.250970338206349e-12
1.875271531856132e-12
8.726990530064707e-13
4.951416639227535e-13
3.230918417518116e-13
2.3227877978086225e-13
1.786150235337594e-13
1.4407675204551004e-13
1.203475370208468e-13
1.0319824783733025e-13
9.030053988250966e-14
8.028614834193584e-14
7.230637995140568e-14
6.58105114415159e-14
6.042730669572255e-14
5.589827642638854e-14
5.2038355872826494e-14
4.8711815556195636e-14
4.581699274311578e-14
4.327631967473871e-14
4.102963636135614e-14
3.902959920029814e-14
3.7238461487417886e-14
3.5625772777232786e-14
3.416670651947778e-14
3.2840825415791e-14
3.1631156979521474e-14
3.05234923788961e-14
2.950584830789847e-14
2.8568049461162963e-14
2.7701401314364404e-14
2.6898431283803713e-14
2.615268220245223e-14
2.5458546210817327e-14
2.4811130150375075e-14
2.4206145719634472e-14
2.3639819248440943e-14
2.310881712982976e-14
2.261018383519633e-14
2.214129010829478e-14
2.1699789443814374e-14
2.1283581348067126e-14
2.0890780182386883e-14
2.0519688625930896e-14
2.0168774979717225e-14
1.9836653679839114e-14
1.9522068503793072e-14
1.9223878046473886e-14
1.8941043116741882e-14
1.8672615765466598e-14
1.8417729704608053e-14
1.8175591916542138e-14
1.7945475285286188e-14
1.7726712107955002e-14
1.751868836679657e-14
1.732083866040379e-14
1.7132641707879584e-14
1.69536163524075e-14
1.6783318001301416e-14
1.6621335448537443e-14
1.6467288033304537e-14
1.6320823094484477e-14
1.618161368638292e-14
1.6049356525639858e-14
1.5923770143180614e-14
1.5804593218436133e-14
1.5691583075952083e-14
1.558451432699497e-14
1.5483177640911033e-14
1.5387378632851885e-14
1.5296936856092757e-14
1.5211684888570688e-14
1.513146750449192e-14
1.5056140922925262e-14
1.4985572126233623e-14
1.491963824201752e-14
1.485822598296765e-14
1.4801231139662437e-14
1.474855812191211e-14
1.4700119544753193e-14
1.4655835855644922e-14
1.461563499981927e-14
1.4579452121095428e-14
1.4547229295793483e-14
1.451891529767481e-14
1.4494465392103926e-14
1.4473841157870195e-14
1.4457010335333125e-14
1.444394669976352e-14
1.4434629958947834e-14
1.4429045674307175e-14
1.442718520495764e-14
1.4429045674307175e-14
1.4434629958947834e-14
1.444394669976352e-14
1.4457010335333125e-14
1.4473841157870195e-14
1.4494465392103926e-14
1.451891529767481e-14
1.4547229295793483e-14
1.4579452121095428e-14
1.461563499981927e-14
1.4655835855644922e-14
1.4700119544753193e-14
1.474855812191211e-14
1.4801231139662437e-14
1.485822598296765e-14
1.491963824201752e-14
1.4985572126233623e-14
1.5056140922925262e-14
1.513146750449192e-14
1.5211684888570688e-14
1.5296936856092757e-14
1.5387378632851885e-14
1.5483177640911033e-14
1.558451432699497e-14
1.5691583075952083e-14
1.5804593218436133e-14
1.5923770143180614e-14
1.6049356525639858e-14
1.618161368638292e-14
1.6320823094484477e-14
1.6467288033304537e-14
1.6621335448537443e-14
1.6783318001301416e-14
1.69536163524075e-14
1.7132641707879584e-14
1.732083866040379e-14
1.751868836679657e-14
1.7726712107955002e-14
1.7945475285286188e-14
1.8175591916542138e-14
1.8417729704608053e-14
1.8672615765466598e-14
1.8941043116741882e-14
1.9223878046473886e-14
1.9522068503793072e-14
1.9836653679839114e-14
2.0168774979717225e-14
2.0519688625930896e-14
2.0890780182386883e-14
2.1283581348067126e-14
2.1699789443814374e-14
2.214129010829478e-14
2.261018383519633e-14
2.310881712982976e-14
2.3639819248440943e-14
2.4206145719634472e-14
2.4811130150375075e-14
2.5458546210817327e-14
2.615268220245223e-14
2.6898431283803713e-14
2.7701401314364404e-14
2.8568049461162963e-14
2.950584830789847e-14
3.05234923788961e-14
3.1631156979521474e-14
3.2840825415791e-14
3.416670651947778e-14
3.5625772777232786e-14
3.7238461487417886e-14
3.902959920029814e-14
4.102963636135614e-14
4.327631967473871e-14
4.581699274311578e-14
4.8711815556195636e-14
5.2038355872826494e-14
5.589827642638854e-14
6.042730669572255e-14
6.58105114415159e-14
7.230637995140568e-14
8.028614834193584e-14
9.030053988250966e-14
1.0319824783733025e-13
1.203475370208468e-13
1.4407675204551004e-13
1.786150235337594e-13
2.3227877978086225e-13
3.230918417518116e-13
4.951416639227535e-13
8.726990530064707e-13
1.875271531856132e-12
5.250970338206349e-12
2.030346560503889e-11
1.1241723127897409e-10
9.045624488519729e-10
1.0570476967823043e-08
1.8148553758075838e-07
4.535668350491023e-06
0.00016547271316750834
0.008812466273305994

6.34952547757034e-13
6.805804343847203e-12
6.548811046284385e-11
5.657053301439783e-10
4.386952098188821e-09
3.0540794062822286e-08
1.9087215089264324e-07
1.0709017323760724e-06
5.393882547818911e-06
2.4389233994974167e-05
9.900101475193424e-05
0.0003607662835005042
0.0011802039110926765
0.0034660351863804568
0.009138053485585142
0.021628143120786363
0.04595466288868354
0.08765662496935579
0.15010139076730525
0.23074351179393382
0.31843374949908754
0.3945058919927079
0.4387657383702099
0.4380833347082726
0.39266805171662944
0.31596517159572957
0.22824310680293883
0.1480133668348394
0.08616859576491546
0.045034143181984454
0.021129032137459647
0.008899428409173247
0.0033650338284843978
0.0011422510500501283
0.0003480795494188709
9.522264943196802e-05
2.3385508859503044e-05
5.1558253631617245e-06
1.0204562348182326e-06
1.813156866707263e-07
2.8921524747394728e-08
4.1414440854897646e-09
5.323867397046073e-10
6.143947106149639e-11
6.365206786487087e-12
5.920009134298843e-13
4.94284562951624e-14
3.704900323467828e-15
2.492991627457751e-16
1.5059478138920122e-17
8.166647971927706e-19
3.975781964429001e-20
1.7375851397785933e-21
6.817331913723037e-23
2.4011959089020068e-24
7.592513298585472e-26
2.1552037720829045e-27
5.492068260260744e-29
1.25640114924147e-30
2.580272265086891e-32
4.757157762106365e-34
7.873618803437316e-36
1.1698926869390503e-37
1.5604953475438388e-39
1.868631824047217e-41
2.0087681522073985e-43
1.9385664770192784e-45
1.6794860199157162e-47
1.3062217127077441e-49
9.12015490168643e-52
5.716528085005642e-54
3.2166757055655477e-56
1.6249014535824037e-58
7.368712054965955e-61
2.999859781997252e-63
1.0963649319380182e-65
3.5971133792151082e-68
1.0594926015945961e-70
2.8014736418646247e-73
6.649974250625415e-76
1.4170924928767348e-78
2.710948339886203e-81
4.655744048113234e-84
7.1779720424856005e-87
9.934802521732557e-90
1.2344159537641507e-92
1.376919732333108e-95
1.3787976426751226e-98
1.2394735154445782e-101
1.0002735412680926e-104
7.246780745407243e-108
4.713204383827512e-111
2.7518973806419893e-114
1.4424242244522007e-117
6.787324148652905e-121
2.8671405608800936e-124
1.08728698450322e-127
3.7015549815108156e-131
1.131277190290153e-134
3.1038352946736874e-138
