0.2407218638047921
0.00794765630401954
0.0002970343594225797
1.2566616781443203e-05
6.018304046854377e-07
3.262675995710652e-08
2.0858104595185278e-09
1.3922080010581298e-10
1.0721632135520622e-11
9.561643063565955e-13
9.747297709781146e-14
1.1213918093872634e-14
1.4506400604363267e-15
1.9625646789334772e-16
3.4953666363503956e-17
6.543141096546878e-18
1.3875593861084466e-18
3.3309695168906217e-19
9.049256541133334e-20
2.7816482491142364e-20
9.668966386112895e-21
3.794575001038962e-21
1.6759167079423599e-21
8.283687642334068e-22
4.544163392088666e-22
2.7367537437954552e-22
1.78724682191197e-22
1.2496252383191528e-22
9.243587445406343e-23
7.158474198728967e-23
5.753284975319115e-23
4.764781219998378e-23
4.0434073340152544e-23
3.500209575468682e-23
3.0800651110128327e-23
2.747541945050843e-23
2.479108969409224e-23
2.2586765663143934e-23
2.0749531422275265e-23
1.919827575152867e-23
1.787350414307767e-23
1.6730750928885418e-23
1.573621595064142e-23
1.4863810620754668e-23
1.40931176776524e-23
1.340795592538839e-23
1.2795353418454043e-23
1.2244801392096817e-23
1.1747704387300523e-23
1.1296969601570058e-23
1.0886696452749282e-23
1.0511939233174837e-23
1.0168523730691766e-23
9.85290415500427e-24
9.562050489369108e-24
9.293359039976314e-24
9.04458083849095e-24
8.813763905618504e-24
8.599206365300046e-24
8.399418119085837e-24
8.213089323265567e-24
8.039064309555809e-24
7.876319890206341e-24
7.72394721631797e-24
7.581136532636203e-24
7.447164306610386e-24
7.321382313951772e-24
7.203208344547237e-24
7.09211825677452e-24
6.98763915904552e-24
6.889343537806322e-24
6.796844183542663e-24
6.709789792328813e-24
6.62786114146058e-24
6.5507677547674855e-24
6.478244987110473e-24
6.410051468969588e-24
6.345966861404185e-24
6.285789879416127e-24
6.229336548172962e-24
6.176438661898799e-24
6.126942419712444e-24
6.080707216443232e-24
6.037604569612517e-24
5.997517166435894e-24
5.960338016962573e-24
5.925969701391817e-24
5.894323701248776e-24
5.865319805509479e-24
5.8388855839753615e-24
5.8149559212434025e-24
5.79347260552507e-24
5.774383967357875e-24
5.757644563946098e-24
5.743214905477802e-24
5.731061220306957e-24
5.7211552563737745e-24
5.7134741166730446e-24
5.708000126977913e-24
5.704720734392835e-24
5.703628435650791e-24
5.704720734392835e-24
5.708000126977913e-24
5.7134741166730446e-24
5.7211552563737745e-24
5.731061220306957e-24
5.743214905477802e-24
5.757644563946098e-24
5.774383967357875e-24
5.79347260552507e-24
5.8149559212434025e-24
5.8388855839753615e-24
5.865319805509479e-24
5.894323701248776e-24
5.925969701391817e-24
5.960338016962573e-24
5.997517166435894e-24
6.037604569612517e-24
6.080707216443232e-24
6.126942419712444e-24
6.176438661898799e-24
6.229336548172962e-24
6.285789879416127e-24
6.345966861404185e-24
6.410051468969588e-24
6.478244987110473e-24
6.5507677547674855e-24
6.62786114146058e-24
6.709789792328813e-24
6.796844183542663e-24
6.889343537806322e-24
6.98763915904552e-24
7.09211825677452e-24
7.203208344547237e-24
7.321382313951772e-24
7.447164306610386e-24
7.581136532636203e-24
7.72394721631797e-24
7.876319890206341e-24
8.039064309555809e-24
8.213089323265567e-24
8.399418119085837e-24
8.599206365300046e-24
8.813763905618504e-24
9.04458083849095e-24
9.293359039976314e-24
9.562050489369108e-24
9.85290415500427e-24
1.0168523730691766e-23
1.0511939233174837e-23
1.0886696452749282e-23
1.1296969601570058e-23
1.1747704387300523e-23
1.2244801392096817e-23
1.2795353418454043e-23
1.340795592538839e-23
1.40931176776524e-23
1.4863810620754668e-23
1.573621595064142e-23
1.6730750928885418e-23
1.787350414307767e-23
1.919827575152867e-23
2.0749531422275265e-23
2.2586765663143934e-23
2.479108969409224e-23
2.747541945050843e-23
3.0800651110128327e-23
3.500209575468682e-23
4.0434073340152544e-23
4.764781219998378e-23
5.753284975319115e-23
7.158474198728967e-23
9.243587445406343e-23
1.2496252383191528e-22
1.78724682191197e-22
2.7367537437954552e-22
4.544163392088666e-22
8.283687642334068e-22
1.6759167079423599e-21
3.794575001038962e-21
9.668966386112895e-21
2.7816482491142364e-20
9.049256541133334e-20
3.3309695168906217e-19
1.3875593861084466e-18
6.543141096546878e-18
3.4953666363503956e-17
1.9625646789334772e-16
1.4506400604363267e-15
1.1213918093872634e-14
9.747297709781146e-14
9.561643063565955e-13
1.0721632135520622e-11
1.3922080010581298e-10
2.0858104595185278e-09
3.262675995710652e-08
6.018304046854377e-07
1.2566616781443203e-05
0.0002970343594225797
0.00794765630401954

2.0561925794830689e-22
5.001703295690528e-20
8.754072821557777e-18
1.1024032272816419e-15
9.988698128414187e-14
6.512015000119146e-12
3.0546396703719673e-10
1.030962038945713e-08
2.5035914094871187e-07
4.3744385731075275e-06
5.499450326464273e-05
0.0004974556138892125
0.0032376319746853783
0.01516137941291567
0.051084370159997707
0.12384414000985002
0.21602348681345795
0.2711218836643646
0.244830920893502
0.15907650858493516
0.0743676274443865
0.02501496466271833
0.0060541608107862
0.0010542560520056922
0.00013209194788275303
1.1908160450904535e-05
7.72415717386371e-07
3.604919893397974e-08
1.2105374402057498e-09
2.924818527649532e-11
5.084610801096911e-13
6.359963125817374e-15
5.723867490459565e-17
3.706488321368444e-19
1.7269262557098266e-21
5.7892598108124136e-24
1.3964017346121698e-26
2.4234597459043037e-29
3.026211885681436e-32
2.7189482793191596e-35
1.7576834016350854e-38
8.175577659031623e-42
2.7361149327741334e-45
6.5885267858230636e-49
1.1415117519903343e-52
1.4230185107837722e-56
1.2763765113638677e-60
8.237305040477863e-65
3.824983673920171e-69
1.2779448559785249e-73
3.0720815071218164e-78
5.313631653019122e-83
6.612843550571133e-88
5.92138286124168e-93
3.8150139298933435e-98
1.768508718712114e-103
5.898700879610238e-109
1.4156100393918632e-114
2.44438148519601e-120
3.036913544869166e-126
2.7147757618783437e-132
1.7461179988024098e-138
8.080743219079325e-145
2.6907113789101078e-151
6.446455895539728e-158
1.1112531563864279e-164
1.378297888523047e-171
1.2300174298049559e-178
7.898007318390292e-186
3.6488993955073003e-193
1.2129540213741659e-200
2.901114564110825e-208
4.992562511943349e-216
6.181875223930731e-224
5.507506900459892e-232
3.530432857807498e-240
1.628316990117578e-248
5.40366035524976e-257
1.2902540314018347e-265
2.2166672100664615e-274
2.7400838997382364e-283
2.4370549191574673e-292
1.5595699655744958e-301
7.1809598927365e-311
2.379e-320
0.0
0.0
0.0
0.0
0.0
0.0
0.0
0.0
0.0
0.0
0.0
0.0
0.0
0.0
0.0
