1.6701869895620844
0.237379398129709
0.08474106977923554
0.04307545865155222
0.026170072408473695
0.017880910676615774
0.013253640065974008
0.010405494159958924
0.008516318532610704
0.007188617157612922
0.006212242267738536
0.005467858425696292
0.0048835658680870435
0.004413850818445654
0.004028679053141148
0.0037075190989454433
0.003435904901578383
0.003203374525496637
0.003002188110508823
0.0028265045613678867
0.002671837680829882
0.002534687776409048
0.002412286478938824
0.0023024163979598862
0.0022032813403580795
0.0021134113742746954
0.0020315923415918907
0.0019568128075492337
0.0018882236345455006
0.0018251068222117513
0.0017668512357116631
0.001712933514766582
0.0016629029216177582
0.0016163692140694942
0.0015729928636368563
0.001532477107620901
0.0014945614471240233
0.0014590162938612648
0.0014256385362697143
0.00139424784625412
0.001364683586440521
0.0013368022072562595
0.0013104750458304108
0.0012855864562972546
0.0012620322148221552
0.0012397181534677117
0.0012185589855593319
0.001198477292005135
0.001179402643462316
0.0011612708376156277
0.0011440232343694684
0.0011276061746275615
0.0011119704706786925
0.0010970709581289261
0.0010828661009031526
0.0010693176421468467
0.0010563902949445299
0.0010440514676757124
0.0010322710195851256
0.0010210210427783078
0.001010275667387496
0.0010000108871036177
0.0009902044026520833
0.0009808354811145555
0.000971884829275359
0.0009633344794074452
0.0009551676861152419
0.0009473688330256119
0.0009399233482678952
0.0009328176278133164
0.000926038965855923
0.0009195754915143043
0.0009134161112177198
0.0009075504562138231
0.0009019688346993738
0.000896662188131548
0.0008916220513267434
0.0008868405159970968
0.0008823101974130816
0.0008780242039142252
0.0008739761090197504
0.0008701599259173379
0.0008665700841316286
0.000863201408194942
0.0008600490981612869
0.0008571087118213659
0.0008543761484911841
0.0008518476342602621
0.0008495197085975273
0.0008473892122238572
0.0008454532761701463
0.0008437093119487646
0.0008421550027744971
0.0008407882957786009
0.0008396073951665681
0.0008386107562766251
0.0008377970805020125
0.0008371653110457178
0.0008367146294816583
0.0008364444531013811
0.0008363544330301969
0.0008364444531013811
0.0008367146294816583
0.0008371653110457178
0.0008377970805020125
0.0008386107562766251
0.0008396073951665681
0.0008407882957786009
0.0008421550027744971
0.0008437093119487646
0.0008454532761701463
0.0008473892122238572
0.0008495197085975273
0.0008518476342602621
0.0008543761484911841
0.0008571087118213659
0.0008600490981612869
0.000863201408194942
0.0008665700841316286
0.0008701599259173379
0.0008739761090197504
0.0008780242039142252
0.0008823101974130816
0.0008868405159970968
0.0008916220513267434
0.000896662188131548
0.0009019688346993738
0.0009075504562138231
0.0009134161112177198
0.0009195754915143043
0.000926038965855923
0.0009328176278133164
0.0009399233482678952
0.0009473688330256119
0.0009551676861152419
0.0009633344794074452
0.000971884829275359
0.0009808354811145555
0.0009902044026520833
0.0010000108871036177
0.001010275667387496
0.0010210210427783078
0.0010322710195851256
0.0010440514676757124
0.0010563902949445299
0.0010693176421468467
0.0010828661009031526
0.0010970709581289261
0.0011119704706786925
0.0011276061746275615
0.0011440232343694684
0.0011612708376156277
0.001179402643462316
0.001198477292005135
0.0012185589855593319
0.0012397181534677117
0.0012620322148221552
0.0012855864562972546
0.0013104750458304108
0.0013368022072562595
0.001364683586440521
0.00139424784625412
0.0014256385362697143
0.0014590162938612648
0.0014945614471240233
0.001532477107620901
0.0015729928636368563
0.0016163692140694942
0.0016629029216177582
0.001712933514766582
0.0017668512357116631
0.0018251068222117513
0.0018882236345455006
0.0019568128075492337
0.0020315923415918907
0.0021134113742746954
0.0022032813403580795
0.0023024163979598862
0.002412286478938824
0.002534687776409048
0.002671837680829882
0.0028265045613678867
0.003002188110508823
0.003203374525496637
0.003435904901578383
0.0037075190989454433
0.004028679053141148
0.004413850818445654
0.0048835658680870435
0.005467858425696292
0.006212242267738536
0.007188617157612922
0.008516318532610704
0.010405494159958924
0.013253640065974008
0.017880910676615774
0.026170072408473695
0.04307545865155222
0.08474106977923554
0.237379398129709

0.040291278441162565
0.07998009148248185
0.14145907754887582
0.222924511330068
0.31301337932765555
0.3916030409611548
0.43652315607478753
0.4335573935489093
0.3836754762561927
0.3025244940973965
0.21254450446941853
0.1331105487572625
0.07467671303458051
0.04156289335060037
0.12078850572740216
0.896396885320458
1.7826380011697538
0.8959874896327344
0.3199862207905406
0.30909449035446096
0.2970461360066909
0.22541896901953312
0.1344533856626927
0.06303062648375067
0.023223546431994316
0.006725151921746844
0.0015306369333470747
0.0002738033597236246
3.849477993350896e-05
4.253646441678042e-06
3.6941745710842643e-07
2.5215635444884327e-08
1.3527542166950082e-09
5.703800836199575e-11
1.8901935897991486e-12
4.92316847494276e-14
1.0078121530824867e-15
1.6214776728190914e-17
2.0504012786957057e-19
2.0378083047241677e-21
1.5917856283082712e-23
9.772449229916224e-26
4.715450575445476e-28
1.7883780201057234e-30
5.33201386210736e-33
1.251055484438798e-35
2.3256747826685275e-38
3.5890360268789596e-41
6.078225253653913e-44
2.127189541149489e-46
1.2665508561095218e-48
7.705696289163329e-51
4.243095116223351e-53
2.0847757436277678e-55
9.127764871831662e-58
3.560829536961394e-60
1.2377023662839012e-62
3.833181180531803e-65
1.0577439506951279e-67
2.6006375543472052e-70
5.697143851934382e-73
1.1120200497233642e-75
1.9339539387816613e-78
2.996799663000561e-81
4.137589228124536e-84
5.089968683399376e-87
5.579058617515816e-90
5.4485986062289695e-93
4.7411836916942964e-96
3.6759265515565225e-99
2.5393639209991224e-102
1.5630077843770616e-105
8.571866792579982e-109
4.188589139536619e-112
1.823636128715733e-115
7.074352389818954e-119
2.4451936949252785e-122
7.53039785014187e-126
2.0663346221486997e-129
5.051978105456269e-133
1.1005260913995409e-136
2.136078964849018e-140
3.6941314040468216e-144
5.6922694857597974e-148
7.815137827115679e-152
9.560176430768694e-156
1.0420132684769388e-159
1.0119490975019132e-163
8.756330839992493e-168
6.750931995934179e-172
4.637494213597014e-176
2.8384490601435206e-180
1.5479499158041536e-184
7.521609486055242e-189
3.256437405060615e-193
1.256182572764887e-197
4.317584738092591e-202
1.3222301385638114e-206
3.6078735742085135e-211
8.771495517073825e-216
