0.0957906033019376
0.005974307513992874
0.0003808304466262572
2.481162308820024e-05
1.652182860582663e-06
1.1244529257419724e-07
1.9540133822032817e-09
1.368264957368949e-10
1.0729938078040598e-11
9.223772909975729e-13
8.438147998934026e-14
8.011611375801255e-15
7.764216677496961e-16
7.606391437656853e-17
7.493569656941032e-18
7.403611604578973e-19
7.325572724144535e-20
7.254129260778415e-21
7.186830213329613e-22
7.122772244975792e-23
7.062008029884389e-24
7.005359237552782e-25
6.954493362530799e-26
6.912230508709069e-27
6.883120489980319e-28
6.874400843313461e-29
6.897533966274044e-30
6.970648592597825e-31
7.122406222703663e-32
7.398120196994477e-33
7.869441534712688e-34
8.649699447440639e-35
9.918219677208948e-36
1.1958923823071856e-36
1.5221703575652729e-37
2.0420241761659177e-38
2.8688432348294313e-39
4.18316050090802e-40
6.273239793649074e-41
9.601161187556978e-42
1.491152387333165e-42
2.3412593350406527e-43
3.7083119482920386e-44
5.920233454038962e-45
9.528673055926624e-46
1.5478888473300833e-46
2.5426389013167634e-47
4.234383722933774e-48
7.17163075324249e-49
1.239557645632784e-49
2.1939175499914782e-50
3.987998984683341e-51
7.460187044967066e-52
1.4373304676240165e-52
2.8509108344950237e-53
5.812941538215559e-54
1.2159054072586092e-54
2.6034277721732233e-55
5.695038473643441e-56
1.2709741786598096e-56
2.891427425954076e-57
6.703846033733028e-58
1.5844631757607242e-58
3.8198065867673368e-59
9.400010296937542e-60
2.363049178508487e-60
6.072286717673369e-61
1.5957236332755912e-61
4.2892540160719966e-62
1.179313203386503e-62
3.316200346759721e-63
9.535075189766313e-64
2.8027330984042458e-64
8.420381436490192e-65
2.5853474900800024e-65
8.111784462528708e-66
2.600884957245048e-66
8.522083433535826e-67
2.8537119094987073e-67
9.76639343940579e-68
3.416126385266194e-68
1.2212912256036086e-68
4.4626667218874355e-69
1.666708658597263e-69
6.362278261322367e-70
2.4822771145213718e-70
9.898506861194948e-71
4.034306989404626e-71
1.68053277230983e-71
7.154901997937568e-72
3.113436348271784e-72
1.3056956550868666e-72
6.294639678390586e-73
2.924878918154449e-73
1.389561653456528e-73
6.7552162341206544e-74
3.369629933262197e-74
1.7402046160535373e-74
9.568747052152249e-75
6.043179536588108e-75
5.034537404227539e-75
6.043179536588108e-75
9.568747052152249e-75
1.7402046160535373e-74
3.369629933262197e-74
6.7552162341206544e-74
1.389561653456528e-73
2.924878918154449e-73
6.294639678390586e-73
1.3056956550868666e-72
3.113436348271784e-72
7.154901997937568e-72
1.68053277230983e-71
4.034306989404626e-71
9.898506861194948e-71
2.4822771145213718e-70
6.362278261322367e-70
1.666708658597263e-69
4.4626667218874355e-69
1.2212912256036086e-68
3.416126385266194e-68
9.76639343940579e-68
2.8537119094987073e-67
8.522083433535826e-67
2.600884957245048e-66
8.111784462528708e-66
2.5853474900800024e-65
8.420381436490192e-65
2.8027330984042458e-64
9.535075189766313e-64
3.316200346759721e-63
1.179313203386503e-62
4.2892540160719966e-62
1.5957236332755912e-61
6.072286717673369e-61
2.363049178508487e-60
9.400010296937542e-60
3.8198065867673368e-59
1.5844631757607242e-58
6.703846033733028e-58
2.891427425954076e-57
1.2709741786598096e-56
5.695038473643441e-56
2.6034277721732233e-55
1.2159054072586092e-54
5.812941538215559e-54
2.8509108344950237e-53
1.4373304676240165e-52
7.460187044967066e-52
3.987998984683341e-51
2.1939175499914782e-50
1.239557645632784e-49
7.17163075324249e-49
4.234383722933774e-48
2.5426389013167634e-47
1.5478888473300833e-46
9.528673055926624e-46
5.920233454038962e-45
3.7083119482920386e-44
2.3412593350406527e-43
1.491152387333165e-42
9.601161187556978e-42
6.273239793649074e-41
4.18316050090802e-40
2.8688432348294313e-39
2.0420241761659177e-38
1.5221703575652729e-37
1.1958923823071856e-36
9.918219677208948e-36
8.649699447440639e-35
7.869441534712688e-34
7.398120196994477e-33
7.122406222703663e-32
6.970648592597825e-31
6.897533966274044e-30
6.874400843313461e-29
6.883120489980319e-28
6.912230508709069e-27
6.954493362530799e-26
7.005359237552782e-25
7.062008029884389e-24
7.122772244975792e-23
7.186830213329613e-22
7.254129260778415e-21
7.325572724144535e-20
7.403611604578973e-19
7.493569656941032e-18
7.606391437656853e-17
7.764216677496961e-16
8.011611375801255e-15
8.438147998934026e-14
9.223772909975729e-13
1.0729938078040598e-11
1.368264957368949e-10
1.9540133822032817e-09
1.1244529257419724e-07
1.652182860582663e-06
2.481162308820024e-05
0.0003808304466262572
0.005974307513992874

1.6454745136098632e-78
1.016891786638923e-67
9.687695590630194e-58
1.422749339740898e-48
3.221057416158343e-40
1.1241666689700976e-32
6.048185565787803e-26
5.016278901065562e-20
6.4135783874791026e-15
1.2640996292282567e-10
3.8408236348944923e-07
0.00017989934892864048
0.012989636033329489
0.1445860981552516
0.24809514065863444
0.06562542708569387
0.0026760128356398405
1.6821565318946153e-05
1.6300719906878235e-08
2.4350581034231763e-12
5.607561386273764e-17
1.9906775066871071e-22
1.0894064609497461e-28
9.19054251988527e-36
1.195238339043604e-43
2.3962385278508523e-52
7.4057277541129815e-62
3.528317049835017e-72
2.591371205081167e-83
2.9339575003776387e-95
5.120827815807826e-108
1.377807969669547e-121
5.71477816162693e-136
3.6540309794394226e-151
3.6016975322048624e-167
5.472734960906641e-184
1.2819283696222128e-201
4.628979590843324e-220
2.5767301425374466e-239
2.2111325323294447e-259
2.92497915612915e-280
5.964759553293238e-302
0.0
0.0
0.0
0.0
0.0
0.0
0.0
0.0
0.0
0.0
0.0
0.0
0.0
0.0
0.0
0.0
0.0
0.0
0.0
0.0
0.0
0.0
0.0
0.0
0.0
0.0
0.0
0.0
0.0
0.0
0.0
0.0
0.0
0.0
0.0
0.0
0.0
0.0
0.0
0.0
0.0
0.0
0.0
0.0
0.0
0.0
0.0
0.0
0.0
0.0
0.0
0.0
0.0
0.0
0.0
0.0
0.0
0.0
