0.308953425312944
0.002475751419045372
1.4238139662182495e-09
2.4789171168175976e-11
4.3213550355609226e-13
7.534944153851375e-15
1.3138903079899062e-16
2.2910876650285616e-18
3.99507521817273e-20
6.966398849230118e-22
1.2147634976552031e-23
2.118239855988563e-25
3.693673792657173e-27
6.44083154820663e-29
1.1231178865176657e-30
1.9584331271350854e-32
3.4150113354178138e-34
5.954914803803918e-36
1.0383863137668813e-37
1.8106827253508356e-39
3.1573720574094855e-41
5.505657158671194e-43
9.600471593993191e-45
1.674079082129386e-46
2.9191699030460084e-48
5.090292934078124e-50
8.87618159111007e-52
1.547781250682506e-53
2.698938474145043e-55
4.7062651030931566e-57
8.206534322119556e-59
1.4310117282286672e-60
2.4953220038176004e-62
4.351209556800787e-64
7.58740740548322e-66
1.3230516885963133e-67
2.3070671047943668e-69
4.0229410214495325e-71
7.014991851459018e-73
1.2232377241914844e-74
2.133020864282103e-76
3.71946853615772e-78
6.485912649965287e-80
1.1310294734983492e-81
1.9724807770892318e-83
3.4407607469401183e-85
6.006057896963412e-87
1.050412401966133e-88
1.847127138019177e-90
3.29796219704768e-92
6.134371894600373e-94
1.2606429328221854e-95
3.148994989595802e-97
1.022457020781429e-98
4.1395871775922275e-100
1.895161588007982e-101
9.14631021885367e-103
4.5032603806050063e-104
2.2332494712518764e-105
1.1103363673754285e-106
5.525365999065471e-108
2.750451625598848e-109
1.3692879788056825e-110
6.817142009402633e-112
3.394030763242517e-113
1.6897844300875018e-114
8.412936984005822e-116
4.188556552503754e-117
2.0853624316471238e-118
1.0382438964514063e-119
5.169142796035657e-121
2.5735952410704815e-122
1.2813479332752491e-123
6.379756049190749e-125
3.176591073352554e-126
1.58182639387006e-127
7.878370944301676e-129
3.925304059258654e-130
1.957161263400689e-131
9.772542272423105e-133
4.893610487308315e-134
2.464273883257105e-135
1.2545213139697638e-136
6.519662754019307e-138
3.517194714539767e-139
2.0198545903182164e-140
1.2718974859831609e-141
8.970604817949828e-143
7.080139124927687e-144
6.114929202412153e-145
5.610655125591928e-146
5.336175999152993e-147
5.176462755701742e-148
5.074324733736141e-149
5.00141427999178e-150
4.943818016800535e-151
4.894926221818081e-152
4.851955221625483e-153
4.814773777168106e-154
4.830438223403301e-155
9.52062982561723e-156
4.830438223403301e-155
4.814773777168106e-154
4.851955221625483e-153
4.894926221818081e-152
4.943818016800535e-151
5.00141427999178e-150
5.074324733736141e-149
5.176462755701742e-148
5.336175999152993e-147
5.610655125591928e-146
6.114929202412153e-145
7.080139124927687e-144
8.970604817949828e-143
1.2718974859831609e-141
2.0198545903182164e-140
3.517194714539767e-139
6.519662754019307e-138
1.2545213139697638e-136
2.464273883257105e-135
4.893610487308315e-134
9.772542272423105e-133
1.957161263400689e-131
3.925304059258654e-130
7.878370944301676e-129
1.58182639387006e-127
3.176591073352554e-126
6.379756049190749e-125
1.2813479332752491e-123
2.5735952410704815e-122
5.169142796035657e-121
1.0382438964514063e-119
2.0853624316471238e-118
4.188556552503754e-117
8.412936984005822e-116
1.6897844300875018e-114
3.394030763242517e-113
6.817142009402633e-112
1.3692879788056825e-110
2.750451625598848e-109
5.525365999065471e-108
1.1103363673754285e-106
2.2332494712518764e-105
4.5032603806050063e-104
9.14631021885367e-103
1.895161588007982e-101
4.1395871775922275e-100
1.022457020781429e-98
3.148994989595802e-97
1.2606429328221854e-95
6.134371894600373e-94
3.29796219704768e-92
1.847127138019177e-90
1.050412401966133e-88
6.006057896963412e-87
3.4407607469401183e-85
1.9724807770892318e-83
1.1310294734983492e-81
6.485912649965287e-80
3.71946853615772e-78
2.133020864282103e-76
1.2232377241914844e-74
7.014991851459018e-73
4.0229410214495325e-71
2.3070671047943668e-69
1.3230516885963133e-67
7.58740740548322e-66
4.351209556800787e-64
2.4953220038176004e-62
1.4310117282286672e-60
8.206534322119556e-59
4.7062651030931566e-57
2.698938474145043e-55
1.547781250682506e-53
8.87618159111007e-52
5.090292934078124e-50
2.9191699030460084e-48
1.674079082129386e-46
9.600471593993191e-45
5.505657158671194e-43
3.1573720574094855e-41
1.8106827253508356e-39
1.0383863137668813e-37
5.954914803803918e-36
3.4150113354178138e-34
1.9584331271350854e-32
1.1231178865176657e-30
6.44083154820663e-29
3.693673792657173e-27
2.118239855988563e-25
1.2147634976552031e-23
6.966398849230118e-22
3.99507521817273e-20
2.2910876650285616e-18
1.3138903079899062e-16
7.534944153851375e-15
4.3213550355609226e-13
2.4789171168175976e-11
1.4238139662182495e-09
0.002475751419045372

7.311532507731122e-201
1.6426622631024048e-184
7.412040660523354e-169
6.71702483262831e-154
1.2225475582508192e-139
4.46893686522789e-126
3.28089494025848e-113
4.837601343878388e-101
1.43257535842555e-89
8.52029290561228e-79
1.017750258061241e-68
2.4416171417586626e-59
1.1764231372448222e-50
1.1384112984685328e-42
2.2125061434504087e-35
8.636134970048422e-29
6.77023907188051e-23
1.0659534425384311e-17
3.370715639423272e-13
2.140699184313685e-09
2.730478863288048e-06
0.0006994741067454854
0.03598770183366469
0.3718657949098632
0.7717346497363605
0.3216617459139827
0.026926535454087575
0.00045270072358530143
1.52859187712449e-06
1.0366247033805186e-09
1.4118911263796765e-13
3.8621622202699546e-18
2.1218245095178017e-23
2.3411975451800463e-29
5.188195185612817e-36
2.30910775886078e-43
2.0640572675540567e-51
3.705518046749015e-60
1.3360594116127127e-69
9.675028579303023e-80
1.407111104469308e-90
4.110116879388166e-102
2.4111798283047965e-114
2.840891708765713e-127
6.722478234161577e-141
3.194874317034191e-155
3.0494941141497983e-170
5.845901166382027e-186
2.25073718374597e-202
1.7403946953598807e-219
2.70284016412102e-237
8.430292141119141e-256
5.2809801325115025e-275
6.644098929312136e-295
1.67883222e-315
0.0
0.0
0.0
0.0
0.0
0.0
0.0
0.0
0.0
0.0
0.0
0.0
0.0
0.0
0.0
0.0
0.0
0.0
0.0
0.0
0.0
0.0
0.0
0.0
0.0
0.0
0.0
0.0
0.0
0.0
0.0
0.0
0.0
0.0
0.0
0.0
0.0
0.0
0.0
0.0
0.0
0.0
0.0
0.0
0.0
