1.7133769216308912
0.7336592219071203
0.5654190769432843
0.48245379641647157
0.4259953573007794
0.3826732563347205
0.3474160648163156
0.31778295520412525
0.29238962990903156
0.27034919153334347
0.2510417649388316
0.2340072993146929
0.21889004950398724
0.20540699242451932
0.19332836104408324
0.1824648259414134
0.17265859408997203
0.16377696459510505
0.15570750960523522
0.1483543788571177
0.14163540974045408
0.13547983199772048
0.12982642186684637
0.1246220024567444
0.11982021500449497
0.11538050476952612
0.11126727880341852
0.10744920258442944
0.10389860970508959
0.10059100421142392
0.09750463931940846
0.09462015942291234
0.09192029479800107
0.08938960037229593
0.08701423148925158
0.08478175084725226
0.08268096180074022
0.08070176402696383
0.07883502822697994
0.0770724870738752
0.07540664006862702
0.07383067033332531
0.07233837167741344
0.07092408452694458
0.0695826395189891
0.06830930774083087
0.0670997567425505
0.06595001157696193
0.06485642022666988
0.06381562286753484
0.06282452449377472
0.06188027049450546
0.0609802248265671
0.06012195047550507
0.059303191936839916
0.05852185948430764
0.05777601502146038
0.057063859338614714
0.05638372061923413
0.05573404405894939
0.055113382476988236
0.054520387814171935
0.05395380342414934
0.0534124570754439
0.05289525459140691
0.05240117406349376
0.051929260580569264
0.05147862142334385
0.0510484216786611
0.050637880233304414
0.050246266111348525
0.049872895122932
0.04951712679572934
0.04917836156341522
0.048856038188086516
0.048549631395981355
0.048258649707947014
0.047982633447989434
0.04772115291491655
0.047473806703587765
0.04724022016362505
0.04702004398464536
0.04681295289815559
0.04661864448722422
0.046436838095921015
0.04626727383130838
0.04610971165148478
0.04596393053383149
0.045829727718205114
0.04570691802035809
0.04559533321136234
0.04549482145926472
0.04540524682961864
0.04532648884192287
0.04525844207935579
0.045201015849527314
0.04515413389428465
0.045117734146903
0.04509176853527388
0.04507620282997143
0.04507101653633692
0.04507620282997143
0.04509176853527388
0.045117734146903
0.04515413389428465
0.045201015849527314
0.04525844207935579
0.04532648884192287
0.04540524682961864
0.04549482145926472
0.04559533321136234
0.04570691802035809
0.045829727718205114
0.04596393053383149
0.04610971165148478
0.04626727383130838
0.046436838095921015
0.04661864448722422
0.04681295289815559
0.04702004398464536
0.04724022016362505
0.047473806703587765
0.04772115291491655
0.047982633447989434
0.048258649707947014
0.048549631395981355
0.048856038188086516
0.04917836156341522
0.04951712679572934
0.049872895122932
0.050246266111348525
0.050637880233304414
0.0510484216786611
0.05147862142334385
0.051929260580569264
0.05240117406349376
0.05289525459140691
0.0534124570754439
0.05395380342414934
0.054520387814171935
0.055113382476988236
0.05573404405894939
0.05638372061923413
0.057063859338614714
0.05777601502146038
0.05852185948430764
0.059303191936839916
0.06012195047550507
0.0609802248265671
0.06188027049450546
0.06282452449377472
0.06381562286753484
0.06485642022666988
0.06595001157696193
0.0670997567425505
0.06830930774083087
0.0695826395189891
0.07092408452694458
0.07233837167741344
0.07383067033332531
0.07540664006862702
0.0770724870738752
0.07883502822697994
0.08070176402696383
0.08268096180074022
0.08478175084725226
0.08701423148925158
0.08938960037229593
0.09192029479800107
0.09462015942291234
0.09750463931940846
0.10059100421142392
0.10389860970508959
0.10744920258442944
0.11126727880341852
0.11538050476952612
0.11982021500449497
0.1246220024567444
0.12982642186684637
0.13547983199772048
0.14163540974045408
0.1483543788571177
0.15570750960523522
0.16377696459510505
0.17265859408997203
0.1824648259414134
0.19332836104408324
0.20540699242451932
0.21889004950398724
0.2340072993146929
0.2510417649388316
0.27034919153334347
0.29238962990903156
0.31778295520412525
0.3474160648163156
0.3826732563347205
0.4259953573007794
0.48245379641647157
0.5654190769432843
0.7336592219071203

2.0609610355113874
1.4831353736287902
0.19572139665311505
0.25016236074921655
0.29994799789442395
0.3244586954375064
0.3166370681066808
0.2787747585860851
0.22143363932784826
0.1587369095378024
0.10314923361222376
0.06359754309238447
0.050087504294831706
0.08350615504306823
0.19497540265173974
0.3896211606628195
0.594144831452299
0.6789089961650978
0.5795141257357379
0.36930887374819427
0.17568309859890252
0.062383456975528356
0.01653497590636271
0.0032713792341029268
0.0004831155077384994
5.325543221410577e-05
4.381980261761337e-06
2.691365722257444e-07
1.2338939857101422e-08
4.222898371172305e-10
1.0791240555483858e-11
2.061243310779885e-13
2.9602790686437933e-15
3.3144746206364144e-17
3.589804400413307e-19
7.00373424485425e-21
2.5302360448885855e-22
9.913883427968562e-24
3.581139126242486e-25
1.1692200161500374e-26
3.4444242460626736e-28
9.154384418399202e-30
2.1949805416168983e-31
4.748113333483395e-33
9.266171758851591e-35
1.631430144602875e-36
2.5913464894355007e-38
3.713396788057098e-40
4.800716892769637e-42
5.599247965711046e-44
5.891721007569163e-46
5.592983177346295e-48
4.789980218717293e-50
3.700946387919587e-52
2.5797684975803268e-54
1.62232381513375e-56
9.204140067304718e-59
4.711050523255449e-61
2.1754102562201095e-63
9.062613293758199e-66
3.4060780306525542e-68
1.1549005935406952e-70
3.532836048194603e-73
9.749699469920471e-76
2.4274362991101563e-78
5.452470469358429e-81
1.1049119469632528e-83
2.019997741910227e-86
3.331677574867485e-89
4.957513602737103e-92
6.65508689760189e-95
8.059951227321191e-98
8.806431558156141e-101
8.680732665772991e-104
7.719722099174618e-107
6.193495387057996e-110
4.482897795231711e-113
2.927323531537989e-116
1.724532873168773e-119
9.165604176481957e-123
4.394804755696505e-126
1.9011086627931783e-129
7.419303943066618e-133
2.6122109903816856e-136
8.2974034744808585e-140
2.377743661252994e-143
6.147191228256034e-147
1.4337627122319913e-150
3.016940233626534e-154
5.727234943775997e-158
9.808715967681062e-162
1.515542729884022e-165
2.1125795892291983e-169
2.656726456710977e-173
3.0141819788818206e-177
3.0851832472303315e-181
2.8489270390411427e-185
2.373397917426264e-189
1.7838102453288836e-193
1.2095271412060812e-197
