0.277702208562245
0.20686899699368813
0.1555363591596499
0.11802533440224675
0.0903875108722371
0.06985713623562018
0.05448252489799534
0.04287634805531976
0.03404528854717657
0.02727303767889541
0.02203938417313372
0.017963885718956116
0.014766393769738772
0.012239207499048534
0.010227303625198173
0.008614210060794696
0.007311848438344286
0.006253184894360966
0.005386880013152514
0.0046733705085619205
0.004081982358997043
0.0035887913705723944
0.0031750284768767593
0.0028258843063277347
0.0025296080321331946
0.00227682431967637
0.002060012785375194
0.0018731091937516896
0.0017111983273768706
0.0015702762452927397
0.0014470653285335493
0.00133886968307506
0.001243461548064605
0.0011589916386212345
0.001083918051914341
0.0010169496371024663
0.0009570006860367495
0.0009031545239849435
0.0008546341277098168
0.0008107783159237837
0.0007710223768428386
0.0007348822433084888
0.0007019415156359277
0.0006718407793693325
0.0006442687795382242
0.0006189551023980688
0.0005956640857484609
0.0005741897341212037
0.0005543514587524562
0.0005359904968525465
0.000518966892229012
0.0005031569413198879
0.000488451026330635
0.00047475177135336864
0.000461972468794494
0.00045003573270500935
0.00043887234313542175
0.0004284202517704598
0.00041862372411116254
0.0004094325975806396
0.00040080163830766595
0.0003926899821273089
0.00038506064764052314
0.00037788011108388204
0.0003711179343478746
0.0003647464388053121
0.0003587404187171547
0.0003530768889095875
0.0003477348621944176
0.0003426951526601783
0.0003379402015144607
0.0003334539226259684
0.0003292215653116616
0.0003252295922516682
0.00032146557070199727
0.00031791807542041616
0.00031457660193076283
0.0003114314889309584
0.0003084738488046503
0.0003056955053296095
0.0003030889377909489
0.00030064723080662525
0.0002983640292588495
0.00029623349779985106
0.00029425028446558967
0.00029240948798784836
0.0002907066284448573
0.00028913762093420257
0.00028769875199010546
0.00028638665850097664
0.0002851983089130638
0.0002841309865325782
0.000283182274762373
0.00028235004413045906
0.0002816324409867381
0.0002810278777616264
0.0002805350246960011
0.0002801528029663723
0.00027988037914258846
0.00027971716092791717
0.00027966279414317686
0.00027971716092791717
0.00027988037914258846
0.0002801528029663723
0.0002805350246960011
0.0002810278777616264
0.0002816324409867381
0.00028235004413045906
0.000283182274762373
0.0002841309865325782
0.0002851983089130638
0.00028638665850097664
0.00028769875199010546
0.00028913762093420257
0.0002907066284448573
0.00029240948798784836
0.00029425028446558967
0.00029623349779985106
0.0002983640292588495
0.00030064723080662525
0.0003030889377909489
0.0003056955053296095
0.0003084738488046503
0.0003114314889309584
0.00031457660193076283
0.00031791807542041616
0.00032146557070199727
0.0003252295922516682
0.0003292215653116616
0.0003334539226259684
0.0003379402015144607
0.0003426951526601783
0.0003477348621944176
0.0003530768889095875
0.0003587404187171547
0.0003647464388053121
0.0003711179343478746
0.00037788011108388204
0.00038506064764052314
0.0003926899821273089
0.00040080163830766595
0.0004094325975806396
0.00041862372411116254
0.0004284202517704598
0.00043887234313542175
0.00045003573270500935
0.000461972468794494
0.00047475177135336864
0.000488451026330635
0.0005031569413198879
0.000518966892229012
0.0005359904968525465
0.0005543514587524562
0.0005741897341212037
0.0005956640857484609
0.0006189551023980688
0.0006442687795382242
0.0006718407793693325
0.0007019415156359277
0.0007348822433084888
0.0007710223768428386
0.0008107783159237837
0.0008546341277098168
0.0009031545239849435
0.0009570006860367495
0.0010169496371024663
0.001083918051914341
0.0011589916386212345
0.001243461548064605
0.00133886968307506
0.0014470653285335493
0.0015702762452927397
0.0017111983273768706
0.0018731091937516896
0.002060012785375194
0.00227682431967637
0.0025296080321331946
0.0028258843063277347
0.0031750284768767593
0.0035887913705723944
0.004081982358997043
0.0046733705085619205
0.005386880013152514
0.006253184894360966
0.007311848438344286
0.008614210060794696
0.010227303625198173
0.012239207499048534
0.014766393769738772
0.017963885718956116
0.02203938417313372
0.02727303767889541
0.03404528854717657
0.04287634805531976
0.05448252489799534
0.06985713623562018
0.0903875108722371
0.11802533440224675
0.1555363591596499
0.20686899699368813

0.009730744156873503
0.6946107471331059
0.6345194188203923
0.00741747876950976
1.1096235899415123e-06
2.1242372731790296e-12
5.2040126529618756e-20
1.631479561828712e-29
6.54535047726625e-41
3.36040908203064e-54
2.2077981659561385e-69
1.8562418573595364e-86
1.9971823981679532e-105
2.7498491677656784e-126
4.845158525289037e-149
1.092483996739102e-173
3.152318942885167e-200
1.1640005740024179e-228
5.500272573722119e-259
3.32600735004751e-291
0.0
0.0
0.0
0.0
0.0
0.0
0.0
0.0
0.0
0.0
0.0
0.0
0.0
0.0
0.0
0.0
0.0
0.0
0.0
0.0
0.0
0.0
0.0
0.0
0.0
0.0
0.0
0.0
0.0
0.0
0.0
0.0
0.0
0.0
0.0
0.0
0.0
0.0
0.0
0.0
0.0
0.0
0.0
0.0
0.0
0.0
0.0
0.0
0.0
0.0
0.0
0.0
0.0
0.0
0.0
0.0
0.0
0.0
0.0
0.0
0.0
0.0
0.0
0.0
0.0
0.0
0.0
0.0
0.0
0.0
0.0
0.0
0.0
0.0
0.0
0.0
0.0
0.0
0.0
0.0
