1.0904729460304754
0.09679793199721723
0.022957835530787576
0.01028495331893842
0.005794540081540497
0.0036335438100916044
0.002454888392938941
0.0017605437353709974
0.0013259722949485102
0.0010396811684931138
0.0008425628344591125
0.0007015671603478304
0.0005973387596392799
0.0005180669330263403
0.0004562749449114245
0.0004070710279417862
0.00036715849840568784
0.0003342557173893168
0.0003067452822637602
0.0002834556364384081
0.00026352147252352136
0.00024629231460567534
0.00023127130802201215
0.0002180733914187676
0.00020639617321722016
0.00019599930102910538
0.00018668961305178493
0.00017831029283232124
0.0001707328396595332
0.00016385104824621297
0.00015757644182031616
0.00015183476987309997
0.0001465632950256027
0.00014170867125343052
0.00013722526985519498
0.0001330738477140408
0.00012922047961747154
0.0001256356960235667
0.00012229378195750161
0.00011917220323963929
0.00011625113405594943
0.00011351306573129533
0.00011094248098446018
0.00010852558130728505
0.00010625005768996933
0.0001041048969071837
0.00010208021712918887
0.0001001671278349191
9.835760995900074e-05
9.664441296111771e-05
9.502096610864593e-05
9.348130174594504e-05
9.201998871200809e-05
9.063207438223234e-05
8.931303406527419e-05
8.805872669424933e-05
8.686535592229271e-05
8.572943587304354e-05
8.464776091276909e-05
8.361737890721013e-05
8.263556750643555e-05
8.169981306805206e-05
8.080779188530535e-05
7.995735343389046e-05
7.914650539118541e-05
7.837340021539039e-05
7.763632310072489e-05
7.693368114924393e-05
7.626399362067373e-05
7.56258831395081e-05
7.501806775391938e-05
7.443935375421396e-05
7.388862916993003e-05
7.33648578745031e-05
7.286707423494541e-05
7.23943782513861e-05
7.19459311377639e-05
7.152095130058913e-05
7.111871067761e-05
7.073853140253082e-05
7.037978276571803e-05
7.004187844416335e-05
6.972427397691835e-05
6.942646446481526e-05
6.914798247559657e-05
6.888839613762626e-05
6.8647307407181e-05
6.842435049595108e-05
6.821919044684228e-05
6.803152184748233e-05
6.786106767201947e-05
6.770757824287111e-05
6.757083030505422e-05
6.745062620661559e-05
6.734679317949527e-05
6.725918271590606e-05
6.718767003600806e-05
6.71321536433077e-05
6.709255496482179e-05
6.706881807362635e-05
6.706090949196495e-05
6.706881807362635e-05
6.709255496482179e-05
6.71321536433077e-05
6.718767003600806e-05
6.725918271590606e-05
6.734679317949527e-05
6.745062620661559e-05
6.757083030505422e-05
6.770757824287111e-05
6.786106767201947e-05
6.803152184748233e-05
6.821919044684228e-05
6.842435049595108e-05
6.8647307407181e-05
6.888839613762626e-05
6.914798247559657e-05
6.942646446481526e-05
6.972427397691835e-05
7.004187844416335e-05
7.037978276571803e-05
7.073853140253082e-05
7.111871067761e-05
7.152095130058913e-05
7.19459311377639e-05
7.23943782513861e-05
7.286707423494541e-05
7.33648578745031e-05
7.388862916993003e-05
7.443935375421396e-05
7.501806775391938e-05
7.56258831395081e-05
7.626399362067373e-05
7.693368114924393e-05
7.763632310072489e-05
7.837340021539039e-05
7.914650539118541e-05
7.995735343389046e-05
8.080779188530535e-05
8.169981306805206e-05
8.263556750643555e-05
8.361737890721013e-05
8.464776091276909e-05
8.572943587304354e-05
8.686535592229271e-05
8.805872669424933e-05
8.931303406527419e-05
9.063207438223234e-05
9.201998871200809e-05
9.348130174594504e-05
9.502096610864593e-05
9.664441296111771e-05
9.835760995900074e-05
0.0001001671278349191
0.00010208021712918887
0.0001041048969071837
0.00010625005768996933
0.00010852558130728505
0.00011094248098446018
0.00011351306573129533
0.00011625113405594943
0.00011917220323963929
0.00012229378195750161
0.0001256356960235667
0.00012922047961747154
0.0001330738477140408
0.00013722526985519498
0.00014170867125343052
0.0001465632950256027
0.00015183476987309997
0.00015757644182031616
0.00016385104824621297
0.0001707328396595332
0.00017831029283232124
0.00018668961305178493
0.00019599930102910538
0.00020639617321722016
0.0002180733914187676
0.00023127130802201215
0.00024629231460567534
0.00026352147252352136
0.0002834556364384081
0.0003067452822637602
0.0003342557173893168
0.00036715849840568784
0.0004070710279417862
0.0004562749449114245
0.0005180669330263403
0.0005973387596392799
0.0007015671603478304
0.0008425628344591125
0.0010396811684931138
0.0013259722949485102
0.0017605437353709974
0.002454888392938941
0.0036335438100916044
0.005794540081540497
0.01028495331893842
0.022957835530787576
0.09679793199721723

0.0030826309381562353
0.013220658143681998
0.038439095597595674
0.07581161913038846
0.10180640653344061
0.09455382717651876
0.06516289882455387
0.04419330921802027
0.047827873635276706
0.0746522710753961
0.12078433396622952
0.19961724964734437
0.39691893330273503
0.7754418689640231
0.9731099692772294
0.7298010634180578
0.45796807898820485
0.3444250503821674
0.2777562664119229
0.210697524663822
0.1470771944672656
0.09435000169595731
0.055620352450029706
0.030131490983599726
0.0150003906119789
0.006862456029156241
0.0028850386895789663
0.0011145993073857527
0.00039571358178208985
0.00012910355599247858
3.870708916788573e-05
1.0664435741791241e-05
2.7001028730817445e-06
6.28228740115305e-07
1.3432299000281598e-07
2.6392343861566013e-08
4.7654139487357525e-09
7.90712060224314e-10
1.205677494748837e-10
1.6894253493728125e-11
2.17541399786875e-12
2.5741858068821877e-13
2.7991935229422777e-14
2.797183888459582e-15
2.5686455045606826e-16
2.167616190840068e-17
1.6809533498152593e-18
1.1979094640342779e-19
7.84489963112384e-21
4.721128784194966e-22
2.610954860877066e-23
1.3269297779276085e-24
6.197143851364217e-26
2.659685433560217e-27
1.0489723303779723e-28
3.801831378402938e-30
1.2662420433674823e-31
3.875570740289298e-33
1.0900581536986815e-34
2.8174662836723077e-36
6.692106560727816e-38
1.4607033602536231e-39
2.9299234202113176e-41
5.400644252042599e-43
9.148079547629646e-45
1.4239979186176895e-46
2.0369662673607835e-48
2.6776473544559117e-50
3.234580643262854e-52
3.5906878070976873e-54
3.662961644018813e-56
3.4338566059209666e-58
2.9581963741569706e-60
2.3418922300131324e-62
1.7037343177725255e-64
1.1390214359062747e-66
6.997726812251479e-69
3.95072800272638e-71
2.0497096128484228e-73
9.772430838351514e-76
4.2816181576370786e-78
1.7238851237079315e-80
6.378282795000169e-83
2.168674035546739e-85
6.776100669397355e-88
1.945631009548589e-90
5.133767187020027e-93
1.2448210411420752e-95
2.7737845940831636e-98
5.6798073219795484e-101
1.0687829946992297e-103
1.8481640894920799e-106
2.9368825592443296e-109
4.288720001557139e-112
5.755245670274677e-115
7.097331664806932e-118
8.043061601490824e-121
8.376117280933489e-124
8.016026877279056e-127
7.04970006754566e-130
