0.3402005249004467
0.026717044207040058
0.0023246660791632944
0.00022410496991277453
2.3936526945373094e-05
2.832627830291359e-06
3.71395512229564e-07
5.395137548515115e-08
8.673466688045487e-09
1.5464503355859182e-09
3.057558327874125e-10
6.69658298474835e-11
1.6243226333633582e-11
4.364283137819613e-12
1.299084382745962e-12
4.2835900094661227e-13
1.5640723989803916e-13
6.318425614900311e-14
2.8191633417236564e-14
1.3850550471670843e-14
7.461445339062438e-15
4.370010370895979e-15
2.76441569350453e-15
1.8700601689165017e-15
1.339911484850411e-15
1.0076496953139495e-15
7.888784960617702e-16
6.384585266038367e-16
5.310549146486136e-16
4.518097454014914e-16
3.916550099477715e-16
3.448530454053861e-16
3.0765318575358866e-16
2.775305234100265e-16
2.527396736149115e-16
2.320449257123598e-16
2.1455233158358017e-16
1.9960244856636083e-16
1.8670015776941383e-16
1.7546771538567465e-16
1.656127009912351e-16
1.5690572272427786e-16
1.4916463954483965e-16
1.4224321646303466e-16
1.3602284639002562e-16
1.3040642688049985e-16
1.2531377329870746e-16
1.206781423858588e-16
1.16443568533478e-16
1.1256280193230141e-16
1.0899569739908001e-16
1.0570794416605994e-16
1.0267005613500864e-16
9.985656291788837e-17
9.724535698712428e-17
9.481716317924283e-17
9.25551048245103e-17
9.044434673287649e-17
8.847179972626284e-17
8.662587477351604e-17
8.489627734536926e-17
8.32738345697842e-17
8.175034928344387e-17
8.031847625295075e-17
7.89716167605855e-17
7.770382847459154e-17
7.65097480980014e-17
7.538452474703381e-17
7.432376237587529e-17
7.33234698589338e-17
7.238001757955542e-17
7.149009956743375e-17
7.065070038461168e-17
6.985906608918003e-17
6.911267871210243e-17
6.840923377043951e-17
6.774662041310865e-17
6.712290385597333e-17
6.653630981374153e-17
6.59852106786532e-17
6.546811323169493e-17
6.498364770227017e-17
6.453055801782355e-17
6.41076931066474e-17
6.371399913562384e-17
6.33485125805005e-17
6.301035403989493e-17
6.269872271592895e-17
6.241289149451055e-17
6.215220256705064e-17
6.191606354303913e-17
6.170394400957972e-17
6.151537249984551e-17
6.134993383759279e-17
6.120726682946456e-17
6.108706228092106e-17
6.098906131532944e-17
6.091305397909889e-17
6.085887811882033e-17
6.082641851921496e-17
6.08156062933632e-17
6.082641851921496e-17
6.085887811882033e-17
6.091305397909889e-17
6.098906131532944e-17
6.108706228092106e-17
6.120726682946456e-17
6.134993383759279e-17
6.151537249984551e-17
6.170394400957972e-17
6.191606354303913e-17
6.215220256705064e-17
6.241289149451055e-17
6.269872271592895e-17
6.301035403989493e-17
6.33485125805005e-17
6.371399913562384e-17
6.41076931066474e-17
6.453055801782355e-17
6.498364770227017e-17
6.546811323169493e-17
6.59852106786532e-17
6.653630981374153e-17
6.712290385597333e-17
6.774662041310865e-17
6.840923377043951e-17
6.911267871210243e-17
6.985906608918003e-17
7.065070038461168e-17
7.149009956743375e-17
7.238001757955542e-17
7.33234698589338e-17
7.432376237587529e-17
7.538452474703381e-17
7.65097480980014e-17
7.770382847459154e-17
7.89716167605855e-17
8.031847625295075e-17
8.175034928344387e-17
8.32738345697842e-17
8.489627734536926e-17
8.662587477351604e-17
8.847179972626284e-17
9.044434673287649e-17
9.25551048245103e-17
9.481716317924283e-17
9.724535698712428e-17
9.985656291788837e-17
1.0267005613500864e-16
1.0570794416605994e-16
1.0899569739908001e-16
1.1256280193230141e-16
1.16443568533478e-16
1.206781423858588e-16
1.2531377329870746e-16
1.3040642688049985e-16
1.3602284639002562e-16
1.4224321646303466e-16
1.4916463954483965e-16
1.5690572272427786e-16
1.656127009912351e-16
1.7546771538567465e-16
1.8670015776941383e-16
1.9960244856636083e-16
2.1455233158358017e-16
2.320449257123598e-16
2.527396736149115e-16
2.775305234100265e-16
3.0765318575358866e-16
3.448530454053861e-16
3.916550099477715e-16
4.518097454014914e-16
5.310549146486136e-16
6.384585266038367e-16
7.888784960617702e-16
1.0076496953139495e-15
1.339911484850411e-15
1.8700601689165017e-15
2.76441569350453e-15
4.370010370895979e-15
7.461445339062438e-15
1.3850550471670843e-14
2.8191633417236564e-14
6.318425614900311e-14
1.5640723989803916e-13
4.2835900094661227e-13
1.299084382745962e-12
4.364283137819613e-12
1.6243226333633582e-11
6.69658298474835e-11
3.057558327874125e-10
1.5464503355859182e-09
8.673466688045487e-09
5.395137548515115e-08
3.71395512229564e-07
2.832627830291359e-06
2.3936526945373094e-05
0.00022410496991277453
0.0023246660791632944
0.026717044207040058

2.274818905990584e-15
3.1042593519617855e-13
2.8448610403769234e-11
1.7508784920663865e-09
7.2367379789332e-08
2.008730063165057e-06
3.7444859109186754e-05
0.00046876449790534145
0.003941024322274511
0.022251300968985838
0.08437107668518819
0.2148442154590923
0.36740547967984083
0.42194853563652296
0.32543572716400754
0.16856323783557553
0.058634387236506
0.013697263401675918
0.002148855015798922
0.00022639785712988024
1.6018778634120438e-05
7.611642427876218e-07
2.428953759347945e-08
5.205374813937732e-10
7.49163579788381e-12
7.240910782795292e-14
4.7000407913280925e-16
2.048811241329741e-18
5.9978301081841125e-21
1.1791749974062138e-23
1.55687682734899e-26
1.380454629844535e-29
8.220191046094242e-33
3.2872563659015265e-36
8.828300949509745e-40
1.5922548277659093e-43
1.9285899961435829e-47
1.568769493822034e-51
8.569791419499381e-56
3.1439328276770217e-60
7.745833468593061e-65
1.2816072138679626e-69
1.4240774889434164e-74
1.0626841178697183e-79
5.325576763019805e-85
1.7923424818302194e-90
4.051046594991284e-96
6.149012400489608e-102
6.26809239758674e-108
4.2909880108058385e-114
1.9727456885663267e-120
6.09083444602181e-127
1.2629157455667483e-133
1.7585869704431034e-140
1.6445429290239397e-147
1.0328053260703107e-154
4.3559572959573135e-162
1.2337883027928351e-169
2.3468729212530384e-177
2.9979914502102095e-185
2.571953405084637e-193
1.4817935270079219e-201
5.733293576773749e-210
1.489747133587839e-218
2.5996377015977177e-227
3.046526677763679e-236
2.397667931614676e-245
1.267257804014986e-254
4.498138303686372e-264
1.072241285106653e-273
1.7165012979177933e-283
1.8453877682886015e-293
1.3323644293557798e-303
6.4602646874e-314
0.0
0.0
0.0
0.0
0.0
0.0
0.0
0.0
0.0
0.0
0.0
0.0
0.0
0.0
0.0
0.0
0.0
0.0
0.0
0.0
0.0
0.0
0.0
0.0
0.0
0.0
