0.750554939798648
0.2617016592448043
0.14240319111220334
0.09375532395091206
0.06849610273663684
0.053459675751947364
0.043654826418746684
0.03682665858335169
0.031829913412446266
0.028030127818799815
0.02505109012004058
0.022657156092147742
0.020693925802897355
0.01905635564776214
0.01767067222349712
0.016483636081138404
0.015455914206151337
0.014557847662085522
0.013766667423030371
0.013064614378659268
0.012437640115131429
0.011874490296915619
0.01136604586889508
0.01090484157163711
0.010484708671358672
0.01010050617717423
0.009747916065154216
0.009423285453865674
0.009123503666388574
0.008845905523222978
0.008588194575373074
0.008348381650367595
0.008124735269378439
0.007915741348591337
0.0077200702216445125
0.007536549479685015
0.0073641414678417725
0.007201924534068467
0.007049077321212053
0.006904865542097719
0.00676863079211147
0.006639781042727768
0.006517782528919248
0.0064021527980184624
0.0062924547308216274
0.006188291380117566
0.0060893014993483865
0.0059951556562518335
0.00590555284424157
0.005820217518831907
0.005738896998292074
0.005661359177455559
0.005587390511631437
0.005516794234197125
0.005449388776957914
0.005385006366946203
0.0053234917771697865
0.005264701212037889
0.00520850131090425
0.005154768255456035
0.00510338696861739
0.005054250394285037
0.0050072588486184755
0.004962319434808299
0.004919345514275325
0.0048782562281375974
0.004838976063544068
0.004801434460131615
0.004765565452431453
0.004731307344544996
0.004698602413838879
0.004667396640783176
0.004637639462383865
0.004609283546946712
0.00458228458816083
0.004556601116710579
0.004532194327818859
0.00450902792329607
0.004487067966820645
0.0044662827513111715
0.00444664267736929
0.0044281201418785235
0.004410689435938555
0.004394326651398862
0.004379009595331087
0.00436471771184721
0.004351432010731542
0.004339135002409406
0.004327810638825048
0.004317444259846324
0.004308022544854597
0.00429953346921575
0.004291966265362347
0.004285311388248589
0.00427956048496875
0.004274706368356975
0.004270742994411454
0.004267665443409976
0.0042654699046062155
0.004264153664417704
0.00426371509803701
0.004264153664417704
0.0042654699046062155
0.004267665443409976
0.004270742994411454
0.004274706368356975
0.00427956048496875
0.004285311388248589
0.004291966265362347
0.00429953346921575
0.004308022544854597
0.004317444259846324
0.004327810638825048
0.004339135002409406
0.004351432010731542
0.00436471771184721
0.004379009595331087
0.004394326651398862
0.004410689435938555
0.0044281201418785235
0.00444664267736929
0.0044662827513111715
0.004487067966820645
0.00450902792329607
0.004532194327818859
0.004556601116710579
0.00458228458816083
0.004609283546946712
0.004637639462383865
0.004667396640783176
0.004698602413838879
0.004731307344544996
0.004765565452431453
0.004801434460131615
0.004838976063544068
0.0048782562281375974
0.004919345514275325
0.004962319434808299
0.0050072588486184755
0.005054250394285037
0.00510338696861739
0.005154768255456035
0.00520850131090425
0.005264701212037889
0.0053234917771697865
0.005385006366946203
0.005449388776957914
0.005516794234197125
0.005587390511631437
0.005661359177455559
0.005738896998292074
0.005820217518831907
0.00590555284424157
0.0059951556562518335
0.0060893014993483865
0.006188291380117566
0.0062924547308216274
0.0064021527980184624
0.006517782528919248
0.006639781042727768
0.00676863079211147
0.006904865542097719
0.007049077321212053
0.007201924534068467
0.0073641414678417725
0.007536549479685015
0.0077200702216445125
0.007915741348591337
0.008124735269378439
0.008348381650367595
0.008588194575373074
0.008845905523222978
0.009123503666388574
0.009423285453865674
0.009747916065154216
0.01010050617717423
0.010484708671358672
0.01090484157163711
0.01136604586889508
0.011874490296915619
0.012437640115131429
0.013064614378659268
0.013766667423030371
0.014557847662085522
0.015455914206151337
0.016483636081138404
0.01767067222349712
0.01905635564776214
0.020693925802897355
0.022657156092147742
0.02505109012004058
0.028030127818799815
0.031829913412446266
0.03682665858335169
0.043654826418746684
0.053459675751947364
0.06849610273663684
0.09375532395091206
0.14240319111220334
0.2617016592448043

0.21014576873429036
0.27003496181394265
0.3194168193414672
0.34800721697519416
0.3497357483341747
0.3253371479122915
0.2824384156399784
0.2329790843501943
0.1890778744483874
0.1590781495220992
0.14525805903272676
0.14389404409136364
0.14745301798902788
0.14793445610406863
0.13997418489484875
0.12245939674016043
0.09814401607467646
0.07176024002918692
0.047787690061730156
0.028966502782228582
0.015979913401669408
0.008024187027254883
0.003668368650347432
0.001527248120800455
0.0005792152194525608
0.00020016833727434948
6.305280025542335e-05
1.8108761468365566e-05
4.743077444258983e-06
1.1332288492737695e-06
2.4702712163953486e-07
4.913693936301589e-08
8.919839747349125e-09
1.4778232744848952e-09
2.2346933969421067e-10
3.084185808325787e-11
3.884837125696809e-12
4.4656521073766535e-13
4.684214847746195e-14
4.483127529497233e-15
3.914399724875634e-16
3.117695114706157e-17
2.2648022094373598e-18
1.5003746620333946e-19
9.063351075118885e-21
4.991689508480767e-22
2.5062819619744672e-23
1.1470810769427528e-24
4.7852298845065696e-26
1.8193787965161918e-27
6.304149389678772e-29
1.990619897963249e-30
5.727799235299906e-32
1.5017833366927926e-33
3.587832928156243e-35
7.809990963557497e-37
1.5490035097990828e-38
2.7991737552340816e-40
4.6086794975922174e-42
6.91332961723302e-44
9.448396607655693e-46
1.1764837119747637e-47
1.3346525980797284e-49
1.37944118315339e-51
1.298940735387326e-53
1.1143602018547984e-55
8.709859252873968e-58
6.202194116565523e-60
4.0237203671545125e-62
2.378253322258387e-64
1.280666567566852e-66
6.282919480282018e-69
2.808240183694854e-71
1.1435476008773463e-73
4.2424958078431204e-76
1.4339556776528575e-78
4.415675323696438e-81
1.2388126031422222e-83
3.1663663275775726e-86
7.373331376263495e-89
1.5642760299451526e-91
3.023500655288739e-94
5.324192865558248e-97
8.541704137078263e-100
1.248482047187191e-102
1.6625208853124462e-105
2.016967722135893e-108
2.2293477409033377e-111
2.244934707180931e-114
2.0595704001271714e-117
1.721458661641907e-120
1.3108819516773756e-123
9.094474283374396e-127
5.748289648901778e-130
3.3101427036385097e-133
1.7366080895326905e-136
8.300494221844573e-140
3.614540644196413e-143
1.4340005000175887e-146
5.183135017526697e-150
