0.10434200859076699
0.0018782914404094065
4.376853192906838e-05
1.3202500549276349e-06
5.1552012243215076e-08
2.5938926411792392e-09
1.7150627125147026e-10
1.4477514739109755e-11
1.5824188589924626e-12
2.245703514558067e-13
4.124298929530007e-14
9.770873011654217e-15
2.965465823118957e-15
1.1342472508480562e-15
5.316357886064514e-16
2.9449529841789204e-16
1.857327745754573e-16
1.2904161105948053e-16
9.630352168936847e-17
7.576273784206538e-17
6.199789267578119e-17
5.227594658366664e-17
4.5113104945703884e-17
3.9651653699512716e-17
3.536870129850761e-17
3.193070856721421e-17
2.9116513560379617e-17
2.6774495814513065e-17
2.4797664152557075e-17
2.3108596032002912e-17
2.1650015987652702e-17
2.037872043558628e-17
1.926155317259706e-17
1.8272674276238114e-17
1.739166615573541e-17
1.660219424779913e-17
1.589104303964927e-17
1.5247411003925653e-17
1.4662387296901313e-17
1.41285581224974e-17
1.363970696856247e-17
1.3190583729583076e-17
1.2776725016682888e-17
1.2394312946128291e-17
1.2040063165274403e-17
1.171113531730126e-17
1.1405060888131022e-17
1.1119684636094327e-17
1.0853116722198582e-17
1.0603693335060529e-17
1.0369944107897734e-17
1.0150565003046118e-17
9.94439562589646e-18
9.750400148898029e-18
9.567651194629227e-18
9.395316157436403e-18
9.23264554499736e-18
9.078963001181204e-18
8.933656734823568e-18
8.796172129323574e-18
8.666005348176032e-18
8.542697783871978e-18
8.42583122371183e-18
8.315023627274332e-18
8.209925427574875e-18
8.110216282112374e-18
8.015602211659118e-18
7.925813074276904e-18
7.84060033002906e-18
7.759735058506939e-18
7.683006196845113e-18
7.610218970558095e-18
7.541193493450876e-18
7.47576351616397e-18
7.41377530571526e-18
7.355086640780516e-18
7.299565909481569e-18
7.24709129818327e-18
7.197550061284323e-18
7.150837863262156e-18
7.106858185330648e-18
7.06552179001845e-18
7.026746237797865e-18
6.990455450608153e-18
6.95657931773914e-18
6.9250533400840184e-18
6.895818309246092e-18
6.8688200184019234e-18
6.844009002191801e-18
6.821340303233894e-18
6.800773263147504e-18
6.782271336228154e-18
6.765801924147554e-18
6.751336230258469e-18
6.73884913227167e-18
6.7283190722421274e-18
6.719727962957399e-18
6.713061109964616e-18
6.708307148606009e-18
6.7054579955581076e-18
6.704508814488546e-18
6.7054579955581076e-18
6.708307148606009e-18
6.713061109964616e-18
6.719727962957399e-18
6.7283190722421274e-18
6.73884913227167e-18
6.751336230258469e-18
6.765801924147554e-18
6.782271336228154e-18
6.800773263147504e-18
6.821340303233894e-18
6.844009002191801e-18
6.8688200184019234e-18
6.895818309246092e-18
6.9250533400840184e-18
6.95657931773914e-18
6.990455450608153e-18
7.026746237797865e-18
7.06552179001845e-18
7.106858185330648e-18
7.150837863262156e-18
7.197550061284323e-18
7.24709129818327e-18
7.299565909481569e-18
7.355086640780516e-18
7.41377530571526e-18
7.47576351616397e-18
7.541193493450876e-18
7.610218970558095e-18
7.683006196845113e-18
7.759735058506939e-18
7.84060033002906e-18
7.925813074276904e-18
8.015602211659118e-18
8.110216282112374e-18
8.209925427574875e-18
8.315023627274332e-18
8.42583122371183e-18
8.542697783871978e-18
8.666005348176032e-18
8.796172129323574e-18
8.933656734823568e-18
9.078963001181204e-18
9.23264554499736e-18
9.395316157436403e-18
9.567651194629227e-18
9.750400148898029e-18
9.94439562589646e-18
1.0150565003046118e-17
1.0369944107897734e-17
1.0603693335060529e-17
1.0853116722198582e-17
1.1119684636094327e-17
1.1405060888131022e-17
1.171113531730126e-17
1.2040063165274403e-17
1.2394312946128291e-17
1.2776725016682888e-17
1.3190583729583076e-17
1.363970696856247e-17
1.41285581224974e-17
1.4662387296901313e-17
1.5247411003925653e-17
1.589104303964927e-17
1.660219424779913e-17
1.739166615573541e-17
1.8272674276238114e-17
1.926155317259706e-17
2.037872043558628e-17
2.1650015987652702e-17
2.3108596032002912e-17
2.4797664152557075e-17
2.6774495814513065e-17
2.9116513560379617e-17
3.193070856721421e-17
3.536870129850761e-17
3.9651653699512716e-17
4.5113104945703884e-17
5.227594658366664e-17
6.199789267578119e-17
7.576273784206538e-17
9.630352168936847e-17
1.2904161105948053e-16
1.857327745754573e-16
2.9449529841789204e-16
5.316357886064514e-16
1.1342472508480562e-15
2.965465823118957e-15
9.770873011654217e-15
4.124298929530007e-14
2.245703514558067e-13
1.5824188589924626e-12
1.4477514739109755e-11
1.7150627125147026e-10
2.5938926411792392e-09
5.1552012243215076e-08
1.3202500549276349e-06
4.376853192906838e-05
0.0018782914404094065

2.8152798959602663e-16
6.677559424032917e-15
1.352207357124993e-13
2.3377506048039287e-12
3.450503021341584e-11
4.348064686666342e-10
4.677770723906315e-09
4.2964643936097115e-08
3.3690918643683e-07
2.2555052350802313e-06
1.28915214752721e-05
6.290625975079147e-05
0.0002620673407534289
0.0009320973866178764
0.00283034273825093
0.0073374662852792975
0.016239870384752688
0.03068657009735204
0.049504364539247774
0.06818172450152712
0.08017183490235352
0.08048315929590527
0.06897910558861071
0.05047303873340693
0.03153048827356452
0.01681633268463676
0.007657045636374009
0.0029766003667683785
0.0009878913365504514
0.0002799156453791038
6.771338427987213e-05
1.3984637634521713e-05
2.4657966910515578e-06
3.7118691985433434e-07
4.770428739214997e-08
5.234214450634433e-09
4.903147542887026e-10
3.9212791698881185e-11
2.6773793734261573e-12
1.5607071307079864e-13
7.767160267835608e-15
3.300140796029787e-16
1.1971043852496536e-17
3.7073272643961233e-19
9.802101130871961e-21
2.2126197432012714e-22
4.2640642323772406e-24
7.015684389936657e-26
9.854751995628196e-28
1.1818182865855087e-29
1.209999142332684e-31
1.0576665508166744e-33
7.892994999005243e-36
5.028798521166216e-38
2.735369466297494e-40
1.2702731080891501e-42
5.0362532876820703e-45
1.704697696135019e-47
4.926250988493219e-50
1.2153882861394488e-52
2.560017346773439e-55
4.603626914153121e-58
7.067839572094242e-61
9.264086393820917e-64
1.0366874958723764e-66
9.90427007816658e-70
8.078420200535077e-73
5.62548219692054e-76
3.344432386588169e-79
1.6975181896735112e-82
7.355899776837336e-86
2.721363281303475e-89
8.595409823961079e-93
2.3178002569171246e-96
5.335987154477918e-100
1.048776372333187e-103
1.7598690936864476e-107
2.5211993392843526e-111
3.083637762037623e-115
3.2199481365546236e-119
2.870540960657169e-123
2.18478130315297e-127
1.4196508384743055e-131
7.875614800990906e-136
3.7300679230268123e-140
1.50826747014584e-144
5.2067813323631e-149
1.534580461239145e-153
3.86135152349873e-158
8.295037738908717e-163
1.521341607042959e-167
2.3821245783109298e-172
3.1844288348945863e-177
3.634360267858975e-182
3.5412269006697975e-187
2.945838161061799e-192
2.0921526242603594e-197
1.268548843342462e-202
6.5667483604071395e-208
2.9021703811065407e-213
