0.5877927164894868
0.02424166339261276
0.0010432787028951834
4.685306176243847e-05
2.1957117184716834e-06
1.073772736870065e-07
5.481152003392271e-09
4.3568605734048555e-10
2.19207292698176e-11
1.114080014119407e-12
5.771731470787577e-14
3.0966102402669087e-15
1.7627771535126462e-16
1.0968011185853621e-17
7.634294518170138e-19
5.957954666193246e-20
5.108936634897471e-21
4.675129092523483e-22
4.453173670871184e-23
4.3447088966726914e-24
4.3053409469995785e-25
4.320241976429591e-26
4.393615014791942e-27
4.546058027646991e-28
4.817504995732276e-29
5.275699682841845e-30
6.032129170450416e-31
7.269886029334778e-32
9.292193666615146e-33
1.2608408785748986e-33
1.809053454829774e-34
2.7267089316725527e-35
4.289386777792995e-36
7.010186158329209e-37
1.1878761920517685e-37
2.0876226998738742e-38
3.8121231197366846e-39
7.250349971274307e-40
1.4392854506397797e-40
2.985996603550377e-41
6.476359520084909e-42
1.467931997040034e-42
3.474667047830199e-43
8.583694185109026e-44
2.2121759951048644e-44
5.947025880829556e-45
1.6678111319928786e-45
4.880045274574886e-46
1.4899995241117738e-46
4.747495222056862e-47
1.578580042477436e-47
5.477550443627559e-48
1.9834183752201186e-48
7.494508064571069e-49
2.9550790494279406e-49
1.2158806203991446e-49
5.220444430984158e-50
2.338920047520097e-50
1.0934687693736508e-50
5.334127569041089e-51
2.714901629115091e-51
1.441521073797178e-51
7.983016824758203e-52
4.609317420131498e-52
2.7732740435760746e-52
1.737374127268534e-52
1.1320600002508335e-52
7.661458148608696e-53
5.376085618291328e-53
3.903444423801698e-53
2.9259222504887264e-53
2.2586130724004624e-53
1.7909378758465494e-53
1.4549812311235415e-53
1.2082390741282166e-53
1.0231210403932279e-53
8.815439200472198e-54
7.713779441076963e-54
6.842916244194582e-54
6.144652220455983e-54
5.577620180516018e-54
5.111909298928999e-54
4.725595525145474e-54
4.402346098179378e-54
4.1298414237656e-54
3.8986750445579115e-54
3.701584043375059e-54
3.532903376639642e-54
3.3881740973349884e-54
3.263858749452308e-54
3.1571323567199184e-54
3.065727395805731e-54
2.987817792989337e-54
2.9219314746238926e-54
2.86688407294778e-54
2.821728514688401e-54
2.785716710042777e-54
2.758270618534783e-54
2.7389607327950915e-54
2.72749058440475e-54
2.7236863018060815e-54
2.72749058440475e-54
2.7389607327950915e-54
2.758270618534783e-54
2.785716710042777e-54
2.821728514688401e-54
2.86688407294778e-54
2.9219314746238926e-54
2.987817792989337e-54
3.065727395805731e-54
3.1571323567199184e-54
3.263858749452308e-54
3.3881740973349884e-54
3.532903376639642e-54
3.701584043375059e-54
3.8986750445579115e-54
4.1298414237656e-54
4.402346098179378e-54
4.725595525145474e-54
5.111909298928999e-54
5.577620180516018e-54
6.144652220455983e-54
6.842916244194582e-54
7.713779441076963e-54
8.815439200472198e-54
1.0231210403932279e-53
1.2082390741282166e-53
1.4549812311235415e-53
1.7909378758465494e-53
2.2586130724004624e-53
2.9259222504887264e-53
3.903444423801698e-53
5.376085618291328e-53
7.661458148608696e-53
1.1320600002508335e-52
1.737374127268534e-52
2.7732740435760746e-52
4.609317420131498e-52
7.983016824758203e-52
1.441521073797178e-51
2.714901629115091e-51
5.334127569041089e-51
1.0934687693736508e-50
2.338920047520097e-50
5.220444430984158e-50
1.2158806203991446e-49
2.9550790494279406e-49
7.494508064571069e-49
1.9834183752201186e-48
5.477550443627559e-48
1.578580042477436e-47
4.747495222056862e-47
1.4899995241117738e-46
4.880045274574886e-46
1.6678111319928786e-45
5.947025880829556e-45
2.2121759951048644e-44
8.583694185109026e-44
3.474667047830199e-43
1.467931997040034e-42
6.476359520084909e-42
2.985996603550377e-41
1.4392854506397797e-40
7.250349971274307e-40
3.8121231197366846e-39
2.0876226998738742e-38
1.1878761920517685e-37
7.010186158329209e-37
4.289386777792995e-36
2.7267089316725527e-35
1.809053454829774e-34
1.2608408785748986e-33
9.292193666615146e-33
7.269886029334778e-32
6.032129170450416e-31
5.275699682841845e-30
4.817504995732276e-29
4.546058027646991e-28
4.393615014791942e-27
4.320241976429591e-26
4.3053409469995785e-25
4.3447088966726914e-24
4.453173670871184e-23
4.675129092523483e-22
5.108936634897471e-21
5.957954666193246e-20
7.634294518170138e-19
1.0968011185853621e-17
1.7627771535126462e-16
3.0966102402669087e-15
5.771731470787577e-14
1.114080014119407e-12
2.19207292698176e-11
4.3568605734048555e-10
5.481152003392271e-09
1.073772736870065e-07
2.1957117184716834e-06
4.685306176243847e-05
0.0010432787028951834
0.02424166339261276

3.478439524361067e-53
8.791583598670493e-47
8.524206674093977e-41
3.1706261661997517e-35
4.524184585421125e-30
2.4765083680435345e-25
5.200480732216133e-21
4.18939578380874e-17
1.2946831587395775e-13
1.5348990381438943e-10
6.980721902010074e-08
1.2179376828484549e-05
0.0008151809203104894
0.02093086384300428
0.2061695422599682
0.7790513215026392
1.1293065271479241
0.6280031407677978
0.13397260468570402
0.010964135496931404
0.00034422070900415715
4.145756624643697e-06
1.915467641582053e-08
3.395080247465981e-11
2.308497857502961e-14
6.021616811703413e-18
6.025609222144923e-22
2.3130925950444865e-26
3.4063500939766144e-31
1.9243752035234928e-36
4.1705605494417045e-42
3.467394988773834e-48
1.1059014089549023e-54
1.3531118995165063e-61
6.351191724609394e-69
1.1436178900857018e-76
7.899704858607314e-85
2.0933651940743766e-93
2.1280574090645107e-102
8.299002367542012e-112
1.241574101577618e-121
7.125635600830639e-132
1.5688404598516716e-142
1.325067984310405e-153
4.293403919534605e-165
5.336660111752557e-177
2.544729045578489e-189
4.6549793396173825e-202
3.266616688437589e-215
8.793925922149314e-229
9.081793800569296e-243
3.598029163597994e-257
5.468420830615182e-272
3.1883308879963586e-287
7.131305667653212e-303
6.119e-319
0.0
0.0
0.0
0.0
0.0
0.0
0.0
0.0
0.0
0.0
0.0
0.0
0.0
0.0
0.0
0.0
0.0
0.0
0.0
0.0
0.0
0.0
0.0
0.0
0.0
0.0
0.0
0.0
0.0
0.0
0.0
0.0
0.0
0.0
0.0
0.0
0.0
0.0
0.0
0.0
0.0
0.0
0.0
0.0
