0.11783143846910989
0.002919545450965379
8.110006414522374e-05
2.5256842189336395e-06
8.818379804956911e-08
3.2291110111811184e-09
1.5842706096799387e-10
8.188092003971779e-12
4.473004434583171e-13
2.6463416060830486e-14
1.7529328757765282e-15
1.3325535291211303e-16
1.1653978085944734e-17
1.1556510180949567e-18
1.2805175484818953e-19
1.5774968982423242e-20
2.1669613393432454e-21
3.334893877353461e-22
5.763257852707583e-23
1.1181409879486124e-23
2.4328837985868176e-24
5.933368537790301e-25
1.6218706023846536e-25
4.968989810072114e-26
1.705757115179449e-26
6.554622072121217e-27
2.813680668883211e-27
1.344261039060035e-27
7.105561310348678e-28
4.121209856782077e-28
2.5962189466518453e-28
1.7566713895061479e-28
1.26247373144629e-28
9.537872996675707e-29
7.506949488429243e-29
6.109128328882612e-29
5.108879577516509e-29
4.368761870627011e-29
3.8051408008940156e-29
3.3651718993646143e-29
3.014318848015159e-29
2.729317105224926e-29
2.494064121933322e-29
2.297139899184565e-29
2.1302662319995825e-29
1.9873230444097988e-29
1.8637046863212783e-29
1.7558890726849705e-29
1.6611432563539363e-29
1.5773183753712407e-29
1.5027043311611147e-29
1.4359251309758383e-29
1.3758623914687744e-29
1.32159865580649e-29
1.272374857341865e-29
1.2275580224389945e-29
1.1866164789756377e-29
1.1491006322669598e-29
1.1146279165535026e-29
1.082870910672522e-29
1.0535478748078311e-29
1.026415156614547e-29
1.0012610530898702e-29
9.779008152105473e-30
9.561725564511105e-30
9.359338813500282e-30
9.170590915573018e-30
8.994368579874799e-30
8.829682714632934e-30
8.675652024724632e-30
8.531489147576581e-30
8.396488884306811e-30
8.270018168951282e-30
8.151507486337837e-30
8.040443502851611e-30
7.936362717127288e-30
7.838845971997093e-30
7.747513696647833e-30
7.66202177030211e-30
7.582057916926579e-30
7.507338555330615e-30
7.437606041213833e-30
7.372626247772056e-30
7.312186439789573e-30
7.256093403057807e-30
7.204171796727643e-30
7.156262701033388e-30
7.112222336889027e-30
7.071920937287888e-30
7.03524175334565e-30
7.002080180303909e-30
6.972342990930713e-30
6.94594766557703e-30
6.922821809723474e-30
6.902902651222245e-30
6.886136610639831e-30
6.87247893916602e-30
6.861893419499479e-30
6.854352125970739e-30
6.849835240938986e-30
6.848330925215461e-30
6.849835240938986e-30
6.854352125970739e-30
6.861893419499479e-30
6.87247893916602e-30
6.886136610639831e-30
6.902902651222245e-30
6.922821809723474e-30
6.94594766557703e-30
6.972342990930713e-30
7.002080180303909e-30
7.03524175334565e-30
7.071920937287888e-30
7.112222336889027e-30
7.156262701033388e-30
7.204171796727643e-30
7.256093403057807e-30
7.312186439789573e-30
7.372626247772056e-30
7.437606041213833e-30
7.507338555330615e-30
7.582057916926579e-30
7.66202177030211e-30
7.747513696647833e-30
7.838845971997093e-30
7.936362717127288e-30
8.040443502851611e-30
8.151507486337837e-30
8.270018168951282e-30
8.396488884306811e-30
8.531489147576581e-30
8.675652024724632e-30
8.829682714632934e-30
8.994368579874799e-30
9.170590915573018e-30
9.359338813500282e-30
9.561725564511105e-30
9.779008152105473e-30
1.0012610530898702e-29
1.026415156614547e-29
1.0535478748078311e-29
1.082870910672522e-29
1.1146279165535026e-29
1.1491006322669598e-29
1.1866164789756377e-29
1.2275580224389945e-29
1.272374857341865e-29
1.32159865580649e-29
1.3758623914687744e-29
1.4359251309758383e-29
1.5027043311611147e-29
1.5773183753712407e-29
1.6611432563539363e-29
1.7558890726849705e-29
1.8637046863212783e-29
1.9873230444097988e-29
2.1302662319995825e-29
2.297139899184565e-29
2.494064121933322e-29
2.729317105224926e-29
3.014318848015159e-29
3.3651718993646143e-29
3.8051408008940156e-29
4.368761870627011e-29
5.108879577516509e-29
6.109128328882612e-29
7.506949488429243e-29
9.537872996675707e-29
1.26247373144629e-28
1.7566713895061479e-28
2.5962189466518453e-28
4.121209856782077e-28
7.105561310348678e-28
1.344261039060035e-27
2.813680668883211e-27
6.554622072121217e-27
1.705757115179449e-26
4.968989810072114e-26
1.6218706023846536e-25
5.933368537790301e-25
2.4328837985868176e-24
1.1181409879486124e-23
5.763257852707583e-23
3.334893877353461e-22
2.1669613393432454e-21
1.5774968982423242e-20
1.2805175484818953e-19
1.1556510180949567e-18
1.1653978085944734e-17
1.3325535291211303e-16
1.7529328757765282e-15
2.6463416060830486e-14
4.473004434583171e-13
8.188092003971779e-12
1.5842706096799387e-10
3.2291110111811184e-09
8.818379804956911e-08
2.5256842189336395e-06
8.110006414522374e-05
0.002919545450965379

2.3039718016073146e-28
1.467504797752932e-25
6.541081032321312e-23
2.0402677179639138e-20
4.453407292285734e-18
6.802449134713597e-16
7.271195461215283e-14
5.438936204243582e-12
2.8470148962576325e-10
1.0428771293907178e-08
2.6732783205796524e-07
4.795377913392775e-06
6.019620743712159e-05
0.0005287897773992146
0.0032506080053893993
0.013983432153616778
0.042095007167926246
0.08867782348352332
0.13072754090307728
0.13486112791569882
0.09735855345760122
0.04918459127483582
0.017388080819016032
0.004301717266406743
0.0007447314670173116
9.022464362744628e-05
7.649239789663493e-06
4.5381516533364777e-07
1.8841148098807248e-08
5.473981823780466e-10
1.112927741189767e-11
1.5834276121800906e-13
1.5765113046468783e-15
1.0984077633390883e-17
5.3554716841100047e-20
1.8272563940589098e-22
4.3628359422765065e-25
7.289637019170857e-28
8.523354542526874e-31
6.9740143010429995e-34
3.9932154469785725e-37
1.6000379388700242e-40
4.486477020236644e-44
8.803355580898022e-48
1.2088117410563568e-51
1.1615468312617587e-55
7.810564233403192e-60
3.675324769701886e-64
1.2102543822119882e-68
2.788850509193387e-73
4.497192069340502e-78
5.074874024362919e-83
4.0075294744147917e-88
2.2146026409240856e-93
8.564115799755815e-99
2.3175914375122055e-104
4.388932014217016e-110
5.816322226905916e-116
5.393934804334438e-122
3.500503823510385e-128
1.5897288252381333e-134
5.052230668903745e-141
1.1235979078915294e-147
1.7486637296843305e-154
1.9044488444298247e-161
1.4514428827980862e-168
7.741020506654367e-176
2.8891102491061644e-183
7.54566710093434e-191
1.3791096472831075e-198
1.7638740910409986e-206
1.5787159430906552e-214
9.887990438335824e-223
4.333908219836495e-231
1.329287776686021e-239
2.8531587846921752e-248
4.285490152751332e-257
4.504459540793595e-266
3.31323704505688e-275
1.705414518240787e-284
6.142922444540142e-294
1.5484163126619696e-303
2.7312916239e-313
3.5e-323
0.0
0.0
0.0
0.0
0.0
0.0
0.0
0.0
0.0
0.0
0.0
0.0
0.0
0.0
0.0
0.0
