0.5723648290911099
0.01263949890776931
0.0002827643236479577
6.4085121222678965e-06
1.4713894777674012e-07
5.517514016940439e-10
9.621147049052962e-12
1.6776844063006695e-13
2.925456916617759e-15
5.101257095138354e-17
8.895306294302313e-19
1.551119093452906e-20
2.704773657737971e-22
4.716514025626277e-24
8.224773476350047e-26
1.4343752065669082e-27
2.50209831983902e-29
4.367562640531584e-31
7.638510961074667e-33
1.3432087172617519e-34
2.398205712043137e-36
4.460620740964135e-38
9.166044167288994e-40
2.2892964653821558e-41
7.432092862811353e-43
3.008713441085056e-44
1.3773687873712953e-45
6.647251924865317e-47
3.2728072362432063e-48
1.6230413944544316e-49
8.069498848430774e-51
4.015622903304418e-52
1.9989219349764903e-53
9.951455199388012e-55
4.954434730066733e-56
2.4666498328656557e-57
1.2280695045729966e-58
6.114192573369596e-60
3.0440762836719102e-61
1.5155561743470558e-62
7.545509596989091e-64
3.7566879712287713e-65
1.8703447997922018e-66
9.311898426509565e-68
4.6361212332733445e-69
2.3081888475597327e-70
1.1491795595125494e-71
5.721428129498606e-73
2.8485313344272445e-74
1.4182002429473404e-75
7.060803245489889e-77
3.5153669391544327e-78
1.7501981413811842e-79
8.713723452257732e-81
4.3383074525945666e-82
2.1599160974635674e-83
1.0753589041645729e-84
5.353896728479234e-86
2.665548224865828e-87
1.3270983174024888e-88
6.607233469012453e-90
3.289547847486244e-91
1.6377694388381284e-92
8.153973932110634e-94
4.059624605889591e-95
2.0211681073517223e-96
1.0062803765050043e-97
5.009975278232764e-99
2.494320102334754e-100
1.2418491373797998e-101
6.182805591633851e-103
3.078240422236481e-104
1.5325684132357065e-105
7.630236080194584e-107
3.798897846067502e-108
1.8913866111709518e-109
9.416924419552887e-111
4.68867312342636e-112
2.3346129975474917e-113
1.1625930751003291e-114
5.790763389823016e-116
2.885581084961102e-117
1.439152660307701e-118
7.189952423624686e-120
3.604270801301468e-121
1.8188381895314058e-122
9.296988750005877e-124
4.86799789422351e-125
2.6607268489126924e-126
1.5596053070257705e-127
1.0092233295570855e-128
7.330584046443588e-130
5.934378961713989e-131
5.218184523041219e-132
4.8407416694730114e-133
4.632145729968744e-134
4.50780441726988e-135
4.4256039629759494e-136
4.364979830709241e-137
4.356521588431967e-138
8.53890564010472e-139
4.356521588431967e-138
4.364979830709241e-137
4.4256039629759494e-136
4.50780441726988e-135
4.632145729968744e-134
4.8407416694730114e-133
5.218184523041219e-132
5.934378961713989e-131
7.330584046443588e-130
1.0092233295570855e-128
1.5596053070257705e-127
2.6607268489126924e-126
4.86799789422351e-125
9.296988750005877e-124
1.8188381895314058e-122
3.604270801301468e-121
7.189952423624686e-120
1.439152660307701e-118
2.885581084961102e-117
5.790763389823016e-116
1.1625930751003291e-114
2.3346129975474917e-113
4.68867312342636e-112
9.416924419552887e-111
1.8913866111709518e-109
3.798897846067502e-108
7.630236080194584e-107
1.5325684132357065e-105
3.078240422236481e-104
6.182805591633851e-103
1.2418491373797998e-101
2.494320102334754e-100
5.009975278232764e-99
1.0062803765050043e-97
2.0211681073517223e-96
4.059624605889591e-95
8.153973932110634e-94
1.6377694388381284e-92
3.289547847486244e-91
6.607233469012453e-90
1.3270983174024888e-88
2.665548224865828e-87
5.353896728479234e-86
1.0753589041645729e-84
2.1599160974635674e-83
4.3383074525945666e-82
8.713723452257732e-81
1.7501981413811842e-79
3.5153669391544327e-78
7.060803245489889e-77
1.4182002429473404e-75
2.8485313344272445e-74
5.721428129498606e-73
1.1491795595125494e-71
2.3081888475597327e-70
4.6361212332733445e-69
9.311898426509565e-68
1.8703447997922018e-66
3.7566879712287713e-65
7.545509596989091e-64
1.5155561743470558e-62
3.0440762836719102e-61
6.114192573369596e-60
1.2280695045729966e-58
2.4666498328656557e-57
4.954434730066733e-56
9.951455199388012e-55
1.9989219349764903e-53
4.015622903304418e-52
8.069498848430774e-51
1.6230413944544316e-49
3.2728072362432063e-48
6.647251924865317e-47
1.3773687873712953e-45
3.008713441085056e-44
7.432092862811353e-43
2.2892964653821558e-41
9.166044167288994e-40
4.460620740964135e-38
2.398205712043137e-36
1.3432087172617519e-34
7.638510961074667e-33
4.367562640531584e-31
2.50209831983902e-29
1.4343752065669082e-27
8.224773476350047e-26
4.716514025626277e-24
2.704773657737971e-22
1.551119093452906e-20
8.895306294302313e-19
5.101257095138354e-17
2.925456916617759e-15
1.6776844063006695e-13
9.621147049052962e-12
5.517514016940439e-10
1.4713894777674012e-07
6.4085121222678965e-06
0.0002827643236479577
0.01263949890776931

1.9138200624054036e-244
2.587838169475934e-219
1.5087536578833347e-195
3.7926674842677264e-173
4.1107059455245e-152
1.9210260957376546e-132
3.870751834660789e-114
3.362812109554719e-97
1.2596650722828995e-81
2.034476992481845e-67
1.4167580492018207e-54
4.2538659993313095e-43
5.507026064671533e-33
3.0739420038209406e-24
7.398086711613264e-17
7.676944054457585e-11
3.434808623921025e-06
0.006626160085481399
0.5511458149415006
1.9765887283966976
0.3056407983447745
0.0020377530266929536
5.857832899574027e-07
7.2605182488298816e-12
3.8801049649141e-18
8.940556206987435e-26
8.882409920021782e-35
3.804891669780357e-45
7.027469855729997e-57
5.596298831450345e-70
1.9215337327744392e-84
2.8447253279789037e-100
1.815841245610715e-117
4.997590002554159e-136
5.930462747849611e-156
3.0343225933106493e-177
6.693914022488106e-200
6.36713003558677e-224
2.6112744514018973e-249
4.617496025248971e-276
3.520511371063992e-304
0.0
0.0
0.0
0.0
0.0
0.0
0.0
0.0
0.0
0.0
0.0
0.0
0.0
0.0
0.0
0.0
0.0
0.0
0.0
0.0
0.0
0.0
0.0
0.0
0.0
0.0
0.0
0.0
0.0
0.0
0.0
0.0
0.0
0.0
0.0
0.0
0.0
0.0
0.0
0.0
0.0
0.0
0.0
0.0
0.0
0.0
0.0
0.0
0.0
0.0
0.0
0.0
0.0
0.0
0.0
0.0
0.0
0.0
0.0
