1.3005018521699758
0.6230232571776209
0.3732526732079718
0.25602329763677517
0.19131623522520705
0.15139925253342884
0.12474330039674686
0.10586648258070001
0.09188476404156581
0.0811572862968888
0.0726905994164408
0.06585207807158354
0.06022169515362424
0.05551062985626863
0.051514274758379774
0.04808392007960938
0.04510905294719027
0.042505932736814425
0.04021000737290608
0.038170752824560866
0.03634808313294032
0.03470980314434237
0.03322976865005031
0.031886535917837154
0.030662355839701977
0.029542414695825563
0.028514254026571345
0.027567322357232783
0.02669262520573129
0.02588244919891367
0.02513014266846217
0.024429939719582936
0.023776818071092592
0.023166383357292538
0.022594774331748262
0.022058584706327784
0.02155479832393436
0.021080735090102356
0.02063400564054929
0.02021247314431708
0.01981422096807855
0.019437525180422566
0.01908083107301857
0.018742733031509147
0.01842195721250414
0.018117346581462655
0.01782784794508944
0.017552500675366584
0.017290426873734187
0.017040822765731895
0.016802951150563943
0.016576134758076726
0.01635975038873362
0.016153223731282973
0.01595602476868913
0.01576766369613162
0.01558768728595159
0.015415675643722654
0.015251239307455743
0.015094016648566798
0.014943671538847078
0.01479989125244644
0.014662384575947431
0.014530880103086055
0.01440512469365651
0.014284882078700234
0.014169931596287664
0.014060067044109233
0.013955095636743435
0.013854837056903626
0.013759122591211877
0.013667794342135428
0.013580704508670442
0.013497714729189484
0.013418695480597886
0.013343525528585464
0.013272091424324528
0.013204287043463178
0.013140013163703706
0.013079177077646104
0.013021692237923176
0.01296747793196221
0.012916458983982736
0.012868565482085474
0.012823732528507301
0.012781900011314188
0.012743012395981466
0.012707018535470533
0.012673871497555955
0.012643528408287728
0.012615950310592958
0.012591102037130068
0.01256895209660841
0.012549472572878053
0.012532639036179346
0.01251843046602105
0.012506829185229211
0.01249782080477871
0.012491394179084925
0.012487541371495525
0.012486257629782857
0.012487541371495525
0.012491394179084925
0.01249782080477871
0.012506829185229211
0.01251843046602105
0.012532639036179346
0.012549472572878053
0.01256895209660841
0.012591102037130068
0.012615950310592958
0.012643528408287728
0.012673871497555955
0.012707018535470533
0.012743012395981466
0.012781900011314188
0.012823732528507301
0.012868565482085474
0.012916458983982736
0.01296747793196221
0.013021692237923176
0.013079177077646104
0.013140013163703706
0.013204287043463178
0.013272091424324528
0.013343525528585464
0.013418695480597886
0.013497714729189484
0.013580704508670442
0.013667794342135428
0.013759122591211877
0.013854837056903626
0.013955095636743435
0.014060067044109233
0.014169931596287664
0.014284882078700234
0.01440512469365651
0.014530880103086055
0.014662384575947431
0.01479989125244644
0.014943671538847078
0.015094016648566798
0.015251239307455743
0.015415675643722654
0.01558768728595159
0.01576766369613162
0.01595602476868913
0.016153223731282973
0.01635975038873362
0.016576134758076726
0.016802951150563943
0.017040822765731895
0.017290426873734187
0.017552500675366584
0.01782784794508944
0.018117346581462655
0.01842195721250414
0.018742733031509147
0.01908083107301857
0.019437525180422566
0.01981422096807855
0.02021247314431708
0.02063400564054929
0.021080735090102356
0.02155479832393436
0.022058584706327784
0.022594774331748262
0.023166383357292538
0.023776818071092592
0.024429939719582936
0.02513014266846217
0.02588244919891367
0.02669262520573129
0.027567322357232783
0.028514254026571345
0.029542414695825563
0.030662355839701977
0.031886535917837154
0.03322976865005031
0.03470980314434237
0.03634808313294032
0.038170752824560866
0.04021000737290608
0.042505932736814425
0.04510905294719027
0.04808392007960938
0.051514274758379774
0.05551062985626863
0.06022169515362424
0.06585207807158354
0.0726905994164408
0.0811572862968888
0.09188476404156581
0.10586648258070001
0.12474330039674686
0.15139925253342884
0.19131623522520705
0.25602329763677517
0.3732526732079718
0.6230232571776209

0.6154765543360554
0.7774820313927353
0.8755194020538948
0.8850303991238191
0.8149911523805498
0.6987375573184686
0.5711182883871789
0.45215986459516766
0.34696634873770144
0.25483529372672103
0.17614782781341434
0.11298936903366
0.06665063154337139
0.035977062634616766
0.017727932550451783
0.007966009624719692
0.0032627696535308345
0.001217934112259183
0.00041431217473453133
0.00012843683997497922
3.628330236007389e-05
9.340678696979334e-06
2.1913120623971564e-06
4.6847251709196045e-07
9.126790386111439e-08
1.6203397896348844e-08
2.621489833088043e-09
3.864953901993547e-10
5.192715375464358e-11
6.357681660518352e-12
7.093443232313028e-13
7.212228474668179e-14
6.682453022785163e-15
5.642303095505791e-16
4.341411668860224e-17
3.0441047016585728e-18
1.9451014697376683e-19
1.1326063642281141e-20
6.009935246502325e-22
2.906127388042892e-23
1.2806001886629157e-24
5.1424080514606264e-26
1.8818004503665796e-27
6.275302426949602e-29
1.906996134627753e-30
5.281034738822015e-32
1.3327303727139205e-33
3.064923406768092e-35
6.423193654558746e-37
1.2266946335832758e-38
2.134892317320863e-40
3.385864257471312e-42
4.893472711460749e-44
6.4449396984630515e-46
7.735254465950883e-48
8.460273669581775e-50
8.43234326556891e-52
7.658896541486035e-54
6.339254504293978e-56
4.781500794656084e-58
3.286580969302171e-60
2.0586309583256105e-62
1.1750780730307803e-64
6.112361122653083e-67
2.8973792570698714e-69
1.2515717386594428e-71
4.9267464092942554e-74
1.7673343928787417e-76
5.777384990962757e-79
1.7210676763521113e-81
4.672170112036207e-84
1.155828516562658e-86
2.605686860026646e-89
5.353096841387861e-92
1.0021714743336747e-94
1.7097516562345586e-97
2.6581414567453615e-100
3.765973017160959e-103
4.862172679510354e-106
5.720547721322766e-109
6.133366355447908e-112
5.992585784167114e-115
5.3356050182286175e-118
4.3291949629950425e-121
3.2009926438290336e-124
2.1568317460392277e-127
1.3243473833935881e-130
7.410399605095394e-134
3.7786389546759213e-137
1.7558330785721373e-140
7.435070914437359e-144
2.869069463529565e-147
1.0089068499732838e-150
3.233070223190389e-154
9.441331881808032e-158
2.51249641199761e-161
6.093007261713225e-165
1.3465174957079978e-168
2.7117294968227457e-172
4.976623535907472e-176
