0.4070700512154135
0.007305770603091937
0.00013574986378903816
2.6114953987406087e-06
5.201344484169824e-08
1.827476473383435e-09
3.1867890155704865e-11
5.557614628533138e-13
9.694366899077308e-15
1.692092348600848e-16
2.9587470674462204e-18
5.1999645427280816e-20
9.269850629915547e-22
1.7172108896340022e-23
3.496153498305316e-25
8.594585135504335e-27
2.742448064159378e-28
1.0974501923065058e-29
4.996673615508793e-31
2.4062282581240013e-32
1.1837847582488084e-33
5.868949896872882e-35
2.917663116767913e-36
1.4518702936332747e-37
7.227168637691943e-39
3.5980114658768078e-40
1.7913491820751166e-41
8.918975568995642e-43
4.440923028161378e-44
2.2114379296805257e-45
1.101440400815667e-46
5.488015075081377e-48
2.7365492465416882e-49
1.36663621455354e-50
6.845581158041733e-52
3.4493323200211927e-53
1.758061524472339e-54
9.156533969213864e-56
4.95873505664234e-57
2.86512734884858e-58
1.8191921411107932e-59
1.2949329969938403e-60
1.0304928372273526e-61
8.955342652477776e-63
8.25219340134611e-64
7.873514597848142e-65
7.660343313878732e-66
7.53564841324935e-67
7.464420329283428e-68
7.434518768603787e-69
7.448276827549615e-70
7.520132986873381e-71
7.678340863512037e-72
7.970440967514773e-73
8.473409119605195e-74
9.31071116807258e-75
1.068035514558004e-75
1.2901079923805763e-76
1.6489163310605654e-77
2.228809530113043e-78
3.1691804399106843e-79
4.7038067522533565e-80
7.232090190491806e-81
1.145197635742714e-81
1.8615923888820457e-82
3.1039874852079614e-83
5.314750449790049e-84
9.367778980842061e-85
1.7048583320696886e-85
3.2126774680605065e-86
6.281496043401141e-87
1.2755252534578263e-87
2.689662248696468e-88
5.884716130054569e-89
1.3344109075489016e-89
3.1329999837886686e-90
7.61135400526134e-91
1.9129011694622267e-91
4.973790691037041e-92
1.3383052953414497e-92
3.7274835418026525e-93
1.0748806704293736e-93
3.2094878927387356e-94
9.923166956751103e-95
3.176790943363253e-95
1.0529996152835543e-95
3.6136841340507253e-96
1.283937325345356e-96
4.722869649584365e-97
1.7986155744738183e-97
7.091618977716036e-98
2.89490571471982e-98
1.2235507744311093e-98
5.3549571840636095e-99
2.423851240363108e-99
1.141224190313581e-99
5.581425125426531e-100
2.8684508345963846e-100
1.5942438852523776e-100
1.0287311728452548e-100
8.679662664366684e-101
1.0287311728452548e-100
1.5942438852523776e-100
2.8684508345963846e-100
5.581425125426531e-100
1.141224190313581e-99
2.423851240363108e-99
5.3549571840636095e-99
1.2235507744311093e-98
2.89490571471982e-98
7.091618977716036e-98
1.7986155744738183e-97
4.722869649584365e-97
1.283937325345356e-96
3.6136841340507253e-96
1.0529996152835543e-95
3.176790943363253e-95
9.923166956751103e-95
3.2094878927387356e-94
1.0748806704293736e-93
3.7274835418026525e-93
1.3383052953414497e-92
4.973790691037041e-92
1.9129011694622267e-91
7.61135400526134e-91
3.1329999837886686e-90
1.3344109075489016e-89
5.884716130054569e-89
2.689662248696468e-88
1.2755252534578263e-87
6.281496043401141e-87
3.2126774680605065e-86
1.7048583320696886e-85
9.367778980842061e-85
5.314750449790049e-84
3.1039874852079614e-83
1.8615923888820457e-82
1.145197635742714e-81
7.232090190491806e-81
4.7038067522533565e-80
3.1691804399106843e-79
2.228809530113043e-78
1.6489163310605654e-77
1.2901079923805763e-76
1.068035514558004e-75
9.31071116807258e-75
8.473409119605195e-74
7.970440967514773e-73
7.678340863512037e-72
7.520132986873381e-71
7.448276827549615e-70
7.434518768603787e-69
7.464420329283428e-68
7.53564841324935e-67
7.660343313878732e-66
7.873514597848142e-65
8.25219340134611e-64
8.955342652477776e-63
1.0304928372273526e-61
1.2949329969938403e-60
1.8191921411107932e-59
2.86512734884858e-58
4.95873505664234e-57
9.156533969213864e-56
1.758061524472339e-54
3.4493323200211927e-53
6.845581158041733e-52
1.36663621455354e-50
2.7365492465416882e-49
5.488015075081377e-48
1.101440400815667e-46
2.2114379296805257e-45
4.440923028161378e-44
8.918975568995642e-43
1.7913491820751166e-41
3.5980114658768078e-40
7.227168637691943e-39
1.4518702936332747e-37
2.917663116767913e-36
5.868949896872882e-35
1.1837847582488084e-33
2.4062282581240013e-32
4.996673615508793e-31
1.0974501923065058e-29
2.742448064159378e-28
8.594585135504335e-27
3.496153498305316e-25
1.7172108896340022e-23
9.269850629915547e-22
5.1999645427280816e-20
2.9587470674462204e-18
1.692092348600848e-16
9.694366899077308e-15
5.557614628533138e-13
3.1867890155704865e-11
1.827476473383435e-09
5.201344484169824e-08
2.6114953987406087e-06
0.00013574986378903816
0.007305770603091937

9.192492487490905e-103
8.179372105979552e-93
2.2461229837815618e-83
1.9035924817794882e-74
4.978990678480844e-66
4.019162159020813e-58
1.0012825042785072e-50
7.698473334324419e-44
1.8267515110208708e-37
1.3377692959940983e-31
3.023499185487261e-26
2.1089455703884725e-21
4.5399155021857e-17
3.016178581301826e-13
6.184337987320818e-10
3.913418241709814e-07
7.642689163673263e-05
0.004606414468828517
0.08568537660401901
0.49190053100214753
0.8715147789013942
0.47653971879266976
0.08041745700474628
0.004188210007180523
6.731834772741313e-05
3.339376058659324e-07
5.11239137699069e-10
2.4155150147137157e-13
3.522266987732048e-17
1.5851183247934919e-21
2.2015471153259304e-26
9.436722084439279e-32
1.2483639801514992e-37
5.096689502873976e-44
6.42187735675123e-51
2.4972540218093703e-58
2.9970246742151424e-66
1.110055770964264e-74
1.268896392780786e-83
4.476456925223212e-93
4.87382061072258e-103
1.637689459483422e-113
1.6983236238719492e-124
5.435459084312475e-136
5.368820627164059e-148
1.6366222122478984e-160
1.5397310619379058e-173
4.470624403607113e-187
4.0060685921065825e-201
1.1078869860317595e-215
9.455824955476464e-231
2.490750753929725e-246
2.0248273583767374e-262
5.080104115293206e-279
3.9335448775558554e-296
9.3998838857e-314
0.0
0.0
0.0
0.0
0.0
0.0
0.0
0.0
0.0
0.0
0.0
0.0
0.0
0.0
0.0
0.0
0.0
0.0
0.0
0.0
0.0
0.0
0.0
0.0
0.0
0.0
0.0
0.0
0.0
0.0
0.0
0.0
0.0
0.0
0.0
0.0
0.0
0.0
0.0
0.0
0.0
0.0
0.0
0.0
