0.2678042336025839
0.0053261190571348834
0.00013451792624043322
4.3144487880961985e-06
1.7573017198659474e-07
9.089352547421002e-09
6.019552420665212e-10
4.9938645830674433e-11
5.270864834606351e-12
7.092133856184116e-13
1.212026074789918e-13
2.6255663659598932e-14
7.188245802903948e-15
2.4652441397012945e-15
1.0400495086708247e-15
5.250228883438931e-16
3.067587378580637e-16
2.0075468037497145e-16
1.430922723466873e-16
1.0868884513549986e-16
8.657453102291399e-17
7.148241902384939e-17
6.06737033800576e-17
5.2623995331987755e-17
4.643424032694954e-17
4.154731996603708e-17
3.760307021324266e-17
3.436001182100291e-17
3.1651054547470775e-17
2.935736621249373e-17
2.7392382382527218e-17
2.5691698585900076e-17
2.420649378766001e-17
2.2899139624300705e-17
2.1740200327345864e-17
2.070633970621486e-17
1.977883318380918e-17
1.8942491744164668e-17
1.818487156089921e-17
1.7495685150305518e-17
1.6866356912676453e-17
1.6289683615130214e-17
1.575957215847347e-17
1.5270834957870113e-17
1.4819028761510025e-17
1.4400326564949953e-17
1.4011414988876448e-17
1.3649411427602664e-17
1.3311796679746248e-17
1.2996359800033249e-17
1.2701152670676177e-17
1.242445235752416e-17
1.2164729742885259e-17
1.1920623250893301e-17
1.1690916729226045e-17
1.1474520742153873e-17
1.1270456678354438e-17
1.1077843192992691e-17
1.0895884594887593e-17
1.072386086187908e-17
1.0561119025068946e-17
1.0407065708693037e-17
1.02611606494718e-17
1.0122911049287852e-17
9.991866639423879e-18
9.867615354504774e-18
9.749779530617122e-18
9.638012555527586e-18
9.531995910042874e-18
9.431436548785932e-18
9.336064576356126e-18
9.2456311812742e-18
9.159906795511943e-18
9.078679451952012e-18
9.001753315963713e-18
8.92894737053447e-18
8.860094237162834e-18
8.795039117076902e-18
8.733638839358324e-18
8.675761004280691e-18
8.621283211657699e-18
8.57009236527803e-18
8.522084045612041e-18
8.477161943935993e-18
8.435237351854754e-18
8.39622870093199e-18
8.360061147773532e-18
8.326666200467822e-18
8.29598138277866e-18
8.267949932918845e-18
8.242520534117543e-18
8.219647074535767e-18
8.199288434389546e-18
8.181408298414175e-18
8.165974992050217e-18
8.152961339956245e-18
8.142344545658327e-18
8.134106091335258e-18
8.12823165691377e-18
8.124711057812453e-18
8.12353820082874e-18
8.124711057812453e-18
8.12823165691377e-18
8.134106091335258e-18
8.142344545658327e-18
8.152961339956245e-18
8.165974992050217e-18
8.181408298414175e-18
8.199288434389546e-18
8.219647074535767e-18
8.242520534117543e-18
8.267949932918845e-18
8.29598138277866e-18
8.326666200467822e-18
8.360061147773532e-18
8.39622870093199e-18
8.435237351854754e-18
8.477161943935993e-18
8.522084045612041e-18
8.57009236527803e-18
8.621283211657699e-18
8.675761004280691e-18
8.733638839358324e-18
8.795039117076902e-18
8.860094237162834e-18
8.92894737053447e-18
9.001753315963713e-18
9.078679451952012e-18
9.159906795511943e-18
9.2456311812742e-18
9.336064576356126e-18
9.431436548785932e-18
9.531995910042874e-18
9.638012555527586e-18
9.749779530617122e-18
9.867615354504774e-18
9.991866639423879e-18
1.0122911049287852e-17
1.02611606494718e-17
1.0407065708693037e-17
1.0561119025068946e-17
1.072386086187908e-17
1.0895884594887593e-17
1.1077843192992691e-17
1.1270456678354438e-17
1.1474520742153873e-17
1.1690916729226045e-17
1.1920623250893301e-17
1.2164729742885259e-17
1.242445235752416e-17
1.2701152670676177e-17
1.2996359800033249e-17
1.3311796679746248e-17
1.3649411427602664e-17
1.4011414988876448e-17
1.4400326564949953e-17
1.4819028761510025e-17
1.5270834957870113e-17
1.575957215847347e-17
1.6289683615130214e-17
1.6866356912676453e-17
1.7495685150305518e-17
1.818487156089921e-17
1.8942491744164668e-17
1.977883318380918e-17
2.070633970621486e-17
2.1740200327345864e-17
2.2899139624300705e-17
2.420649378766001e-17
2.5691698585900076e-17
2.7392382382527218e-17
2.935736621249373e-17
3.1651054547470775e-17
3.436001182100291e-17
3.760307021324266e-17
4.154731996603708e-17
4.643424032694954e-17
5.2623995331987755e-17
6.06737033800576e-17
7.148241902384939e-17
8.657453102291399e-17
1.0868884513549986e-16
1.430922723466873e-16
2.0075468037497145e-16
3.067587378580637e-16
5.250228883438931e-16
1.0400495086708247e-15
2.4652441397012945e-15
7.188245802903948e-15
2.6255663659598932e-14
1.212026074789918e-13
7.092133856184116e-13
5.270864834606351e-12
4.9938645830674433e-11
6.019552420665212e-10
9.089352547421002e-09
1.7573017198659474e-07
4.3144487880961985e-06
0.00013451792624043322
0.0053261190571348834

3.377575451047929e-16
9.415045025630318e-15
2.21240180882877e-13
4.3825801785235755e-12
7.318464949769112e-11
1.0302304595209293e-09
1.2225680344950287e-08
1.223026729291463e-07
1.0313904898664805e-06
7.332204314859608e-06
4.394103231167046e-05
0.000221988366135772
0.0009453974696319282
0.0033940865921826754
0.010272015413849487
0.026206719989244762
0.056362978607592956
0.1021878979485766
0.1561813803261852
0.20122563645739838
0.21855544174681196
0.20010788448550004
0.15445111176277135
0.10049446409336346
0.05512105231723486
0.025486906361525126
0.009934385493711919
0.003264293160353615
0.0009041938805711951
0.00021113402820054767
4.156034705327238e-05
6.896430424296105e-06
9.64703411762896e-07
1.1375946252732053e-07
1.1308513225547765e-08
9.476495283458976e-10
6.694439992917855e-11
3.9866216136355065e-12
2.0013361618853322e-13
8.469530377986633e-15
3.021501952234098e-16
9.08679415583803e-18
2.303683239612078e-19
4.923331704675819e-21
8.86991979810863e-23
1.347114623800523e-24
1.7247004242195972e-26
1.8614314675179444e-28
1.693576014577029e-30
1.298932547113379e-32
8.39832670779238e-35
4.577445618570488e-37
2.1031869738139925e-39
8.146233133953418e-42
2.6598677762934727e-44
7.321288538410906e-47
1.698788294587689e-49
3.322884594724949e-52
5.479179375804086e-55
7.616229819174657e-58
8.924601311807482e-61
8.815802849542408e-64
7.341066808200929e-67
5.153244462288768e-70
3.049485521714211e-73
1.5212362577695382e-76
6.3972161062039825e-80
2.267825517711136e-83
6.777234533382802e-87
1.7073385810483152e-90
3.625860199032761e-94
6.491225818549871e-98
9.796402987495447e-102
1.246323626863549e-105
1.3366548418619165e-109
1.208459180697322e-113
9.210197785995114e-118
5.917389947190328e-122
3.204908863905423e-126
1.4632732745779353e-130
5.631958666052396e-135
1.8273331740658213e-139
4.9980463605172143e-144
1.1524101732898254e-148
2.2399490942022758e-153
3.670231643862097e-158
5.0695926416798856e-163
5.90305614586583e-168
5.794354019134411e-173
4.794655404199852e-178
3.344521829428241e-183
1.9666855732623846e-188
9.749000458751891e-194
4.0738919983603265e-199
1.4351034009665501e-204
4.261682956082158e-210
1.0668499553439906e-215
2.2513852206985725e-221
4.005166177309257e-227
6.006417702061116e-233
