0.532615024735649
0.008672466694080089
0.00016551156856363253
3.7022910325926632e-06
9.706647136016522e-08
2.5854373620562187e-09
9.68993098635382e-11
4.4366356113204734e-12
2.3123898092850356e-13
1.3478572950679994e-14
8.972493205875772e-16
7.019697659630571e-17
6.530756419827809e-18
7.179611500787066e-19
9.244059579319441e-20
1.3906902031228206e-20
2.449090600711878e-21
5.056275206580603e-22
1.2237349344456814e-22
3.468894649252033e-23
1.1496960669756066e-23
4.438328828291219e-24
1.9811248937431708e-24
1.0104826902242938e-24
5.796678980584618e-25
3.672730163424238e-25
2.5238883577437157e-25
1.8506061686594893e-25
1.4281237793243538e-25
1.147294897014755e-25
9.513877117380699e-26
8.090859369963636e-26
7.021617814620345e-26
6.194996183942339e-26
5.540377438651161e-26
5.0112556150716817e-26
4.576017952238967e-26
4.212566352710316e-26
3.905066769130333e-26
3.641921509054446e-26
3.4144678050087813e-26
3.216120734505081e-26
3.0417954625899746e-26
2.887509448376215e-26
2.750103235752581e-26
2.6270410057376537e-26
2.5162657979883978e-26
2.4160928569456128e-26
2.3251299919449046e-26
2.2422173621059486e-26
2.166381420107142e-26
2.0967993073825366e-26
2.032771054903051e-26
1.9736976773708182e-26
1.9190637625271444e-26
1.8684235217428333e-26
1.821389529618106e-26
1.777623570105974e-26
1.736829145815969e-26
1.6987453101677955e-26
1.663141559032359e-26
1.6298135765064118e-26
1.5985796735465538e-26
1.5692777919439682e-26
1.541762972161701e-26
1.5159052037853346e-26
1.4915875931569623e-26
1.468704795210867e-26
1.4471616663844257e-26
1.4268721033243996e-26
1.4077580383904928e-26
1.38974856801317e-26
1.372779194051195e-26
1.3567911616166415e-26
1.3417308795474517e-26
1.3275494119314995e-26
1.3142020309173955e-26
1.3016478225613383e-26
1.2898493387160647e-26
1.2787722890151272e-26
1.2683852678814401e-26
1.2586595122240984e-26
1.2495686861065487e-26
1.2410886891924665e-26
1.233197486219497e-26
1.2258749551286667e-26
1.2191027517998042e-26
1.2128641896196801e-26
1.2071441323472692e-26
1.2019288989457508e-26
1.1972061792287233e-26
1.1929649593229338e-26
1.1891954560852387e-26
1.1858890597305526e-26
1.1830382840328186e-26
1.180636723554727e-26
1.1786790174459427e-26
1.1771608194256049e-26
1.176078773634265e-26
1.1754304961045059e-26
1.1752145616593772e-26
1.1754304961045059e-26
1.176078773634265e-26
1.1771608194256049e-26
1.1786790174459427e-26
1.180636723554727e-26
1.1830382840328186e-26
1.1858890597305526e-26
1.1891954560852387e-26
1.1929649593229338e-26
1.1972061792287233e-26
1.2019288989457508e-26
1.2071441323472692e-26
1.2128641896196801e-26
1.2191027517998042e-26
1.2258749551286667e-26
1.233197486219497e-26
1.2410886891924665e-26
1.2495686861065487e-26
1.2586595122240984e-26
1.2683852678814401e-26
1.2787722890151272e-26
1.2898493387160647e-26
1.3016478225613383e-26
1.3142020309173955e-26
1.3275494119314995e-26
1.3417308795474517e-26
1.3567911616166415e-26
1.372779194051195e-26
1.38974856801317e-26
1.4077580383904928e-26
1.4268721033243996e-26
1.4471616663844257e-26
1.468704795210867e-26
1.4915875931569623e-26
1.5159052037853346e-26
1.541762972161701e-26
1.5692777919439682e-26
1.5985796735465538e-26
1.6298135765064118e-26
1.663141559032359e-26
1.6987453101677955e-26
1.736829145815969e-26
1.777623570105974e-26
1.821389529618106e-26
1.8684235217428333e-26
1.9190637625271444e-26
1.9736976773708182e-26
2.032771054903051e-26
2.0967993073825366e-26
2.166381420107142e-26
2.2422173621059486e-26
2.3251299919449046e-26
2.4160928569456128e-26
2.5162657979883978e-26
2.6270410057376537e-26
2.750103235752581e-26
2.887509448376215e-26
3.0417954625899746e-26
3.216120734505081e-26
3.4144678050087813e-26
3.641921509054446e-26
3.905066769130333e-26
4.212566352710316e-26
4.576017952238967e-26
5.0112556150716817e-26
5.540377438651161e-26
6.194996183942339e-26
7.021617814620345e-26
8.090859369963636e-26
9.513877117380699e-26
1.147294897014755e-25
1.4281237793243538e-25
1.8506061686594893e-25
2.5238883577437157e-25
3.672730163424238e-25
5.796678980584618e-25
1.0104826902242938e-24
1.9811248937431708e-24
4.438328828291219e-24
1.1496960669756066e-23
3.468894649252033e-23
1.2237349344456814e-22
5.056275206580603e-22
2.449090600711878e-21
1.3906902031228206e-20
9.244059579319441e-20
7.179611500787066e-19
6.530756419827809e-18
7.019697659630571e-17
8.972493205875772e-16
1.3478572950679994e-14
2.3123898092850356e-13
4.4366356113204734e-12
9.68993098635382e-11
2.5854373620562187e-09
9.706647136016522e-08
3.7022910325926632e-06
0.00016551156856363253
0.008672466694080089

4.327850459143016e-25
7.936294044715557e-23
1.1254668193894149e-20
1.2342896365871244e-18
1.0468173464595673e-16
6.865847926000016e-15
3.4824660432835903e-13
1.3659947878389503e-11
4.1436268190742664e-10
9.720344781750734e-09
1.7634053144006712e-07
2.4739565176741714e-06
2.6841168618563478e-05
0.00022520613630124295
0.001461263244334601
0.007332399893432273
0.028453340799732975
0.0853866215055783
0.19815992806474375
0.355640557977695
0.49360115955022377
0.5297982273068436
0.4397585294279776
0.2822847935981542
0.14012968222043032
0.05379503962837031
0.015970693229372786
0.003666694649788905
0.0006510212480275464
8.938919433756645e-05
9.491707010836255e-06
7.794227289835492e-07
4.9496130692334864e-08
2.4307420528560144e-09
9.231577937735911e-11
2.711330427481199e-12
6.158265327917785e-14
1.0816924198767793e-15
1.4693275355460616e-17
1.5434866938178464e-19
1.25388181392881e-21
7.877343040444016e-24
3.8271224215932623e-26
1.4379188998630656e-28
4.177975325750121e-31
9.387864029272465e-34
1.631312455141156e-36
2.1921837522998096e-39
2.2781703662257772e-42
1.8309010909402556e-45
1.137923351620395e-48
5.4692852857185004e-52
2.0329073508830724e-55
5.843513293903699e-59
1.2989724129331986e-62
2.2330336134014744e-66
2.968657085427809e-70
3.0520683102987287e-74
2.426598395441463e-78
1.4920074917101698e-82
7.094365228596997e-87
2.6087083189712335e-91
7.418343595322919e-96
1.6313900436437148e-100
2.7744577237418097e-105
3.6489495333725255e-110
3.711308391049631e-115
2.9191450241034834e-120
1.7756351784412866e-125
8.352591674985319e-131
3.0384927377312836e-136
8.548001616846289e-142
1.8596894608452834e-147
3.128856932076296e-153
4.07099362331834e-159
4.0962323221901107e-165
3.1874118245487462e-171
1.9180557227298901e-177
8.925934628243731e-184
3.2122965030400023e-190
8.940194953399947e-197
1.9241892983511902e-203
3.202713141699584e-210
4.12247214636996e-217
4.1036173698677154e-224
3.1589694807311733e-231
1.880587054107021e-238
8.657866707973777e-246
3.0824624149448265e-253
8.48699850432413e-261
1.807090499553877e-268
2.9756039119718435e-276
3.789132399141239e-284
3.7314178215049327e-292
2.8416947409188265e-300
1.673595143431792e-308
7.622419e-317
0.0
0.0
0.0
