0.5159035517994108
0.11042505156953779
0.03269930404992419
0.012904610052247049
0.006425994133481196
0.003807600513901387
0.002553462991187705
0.0018675809133844017
0.001452194258172604
0.0011801369271177771
0.0009908351743791377
0.0008527278222018059
0.0007481096799817522
0.0006664222083762083
0.00060103942758309
0.0005476211141353575
0.0005032190539382088
0.00046576736729063157
0.0004337791241103762
0.0004061588792431866
0.00038208297925242514
0.00036092090057181773
0.0003421822117705958
0.00032547998652316724
0.0003105050426985737
0.00029700746660037266
0.00028478313930061286
0.0002736637608533931
0.0002635093616007496
0.0002542026090136579
0.0002456444290469064
0.0002377506023101525
0.0002304490917777077
0.0002236779255405008
0.00021738350500537208
0.00021151924231621242
0.00020604445480091086
0.00020092346174765163
0.00019612484169312226
0.0001916208179776423
0.0001873867475032513
0.00018340069306497668
0.00017964306377169544
0.00017609631126108024
0.0001727446718825192
0.00016957394694793753
0.00016657131466259266
0.00016372516854254346
0.00016102497807488953
0.00015846116813565328
0.00015602501428987157
0.00015370855159089607
0.0001515044948955623
0.00014940616903779113
0.00014740744747012452
0.0001455026982022861
0.00014368673604723547
0.0001419547803355941
0.0001403024173845221
0.00013872556711172327
0.0001372204532729459
0.00013578357687511145
0.00013441169237945775
0.00013310178636178084
0.0001318510583416125
0.00013065690353027877
0.0001295168972803322
0.00012842878104671733
0.00012739044969397142
0.00012639994000434386
0.00012545542025951267
0.00012455518078394507
0.00012369762535128706
0.00012288126336675584
0.00012210470274860415
0.00012136664344053893
0.00012066587149468719
0.00012000125367146229
0.0001193717325086246
0.00011877632181705972
0.00011821410256541371
0.00011768421911980503
0.00011718587580844985
0.00011671833378424847
0.00011628090816124215
0.00011587296540339718
0.0001154939209464587
0.00011514323703566177
0.00011482042076392738
0.00011452502229683359
0.00011425663327215277
0.00011401488536311316
0.00011379944899578525
0.00011361003221213725
0.00011344637967134911
0.0001133082717829489
0.00011319552396623714
0.00011310798603131087
0.00011304554167779877
0.00011300810810817668
0.00011299563575326047
0.00011300810810817668
0.00011304554167779877
0.00011310798603131087
0.00011319552396623714
0.0001133082717829489
0.00011344637967134911
0.00011361003221213725
0.00011379944899578525
0.00011401488536311316
0.00011425663327215277
0.00011452502229683359
0.00011482042076392738
0.00011514323703566177
0.0001154939209464587
0.00011587296540339718
0.00011628090816124215
0.00011671833378424847
0.00011718587580844985
0.00011768421911980503
0.00011821410256541371
0.00011877632181705972
0.0001193717325086246
0.00012000125367146229
0.00012066587149468719
0.00012136664344053893
0.00012210470274860415
0.00012288126336675584
0.00012369762535128706
0.00012455518078394507
0.00012545542025951267
0.00012639994000434386
0.00012739044969397142
0.00012842878104671733
0.0001295168972803322
0.00013065690353027877
0.0001318510583416125
0.00013310178636178084
0.00013441169237945775
0.00013578357687511145
0.0001372204532729459
0.00013872556711172327
0.0001403024173845221
0.0001419547803355941
0.00014368673604723547
0.0001455026982022861
0.00014740744747012452
0.00014940616903779113
0.0001515044948955623
0.00015370855159089607
0.00015602501428987157
0.00015846116813565328
0.00016102497807488953
0.00016372516854254346
0.00016657131466259266
0.00016957394694793753
0.0001727446718825192
0.00017609631126108024
0.00017964306377169544
0.00018340069306497668
0.0001873867475032513
0.0001916208179776423
0.00019612484169312226
0.00020092346174765163
0.00020604445480091086
0.00021151924231621242
0.00021738350500537208
0.0002236779255405008
0.0002304490917777077
0.0002377506023101525
0.0002456444290469064
0.0002542026090136579
0.0002635093616007496
0.0002736637608533931
0.00028478313930061286
0.00029700746660037266
0.0003105050426985737
0.00032547998652316724
0.0003421822117705958
0.00036092090057181773
0.00038208297925242514
0.0004061588792431866
0.0004337791241103762
0.00046576736729063157
0.0005032190539382088
0.0005476211141353575
0.00060103942758309
0.0006664222083762083
0.0007481096799817522
0.0008527278222018059
0.0009908351743791377
0.0011801369271177771
0.001452194258172604
0.0018675809133844017
0.002553462991187705
0.003807600513901387
0.006425994133481196
0.012904610052247049
0.03269930404992419
0.11042505156953779

0.005375347208866048
0.01360981474520595
0.03065951980809332
0.06145340151494248
0.10959580918922276
0.17390393600853335
0.2455230772528968
0.30842009654081015
0.3447152223321075
0.3428038557449797
0.30331813520536793
0.23879129980654823
0.16726538126712026
0.10424640166963309
0.0578074116993916
0.02852156939709183
0.012520761881985072
0.004890525601360251
0.001699604061426658
0.000525541996696458
0.0001445887610320685
3.539395455310646e-05
7.708876436503594e-06
1.4938965462109656e-06
2.5758312330950495e-07
3.95167964240031e-08
5.3940317373192835e-09
6.551077062736112e-10
7.079121431858331e-11
6.806337165732609e-12
5.822573760129095e-13
4.431839070153548e-14
3.001376016230666e-15
1.8085240016094146e-16
9.696066577231394e-18
4.625240757409021e-19
1.9630914977065917e-20
7.413344515269682e-22
2.4908941200472716e-23
7.446698913127748e-25
1.9807960667177795e-26
4.68795223722382e-28
9.871747413036523e-30
1.8495766498139334e-31
3.083316282653111e-33
4.573316539127941e-35
6.035481044909064e-37
7.086959678369096e-39
7.404154566935729e-41
6.882693563005952e-43
5.692575962196983e-45
4.1891573975676144e-47
2.742912571228266e-49
1.597955550730476e-51
8.282946713444302e-54
3.8200802219911125e-56
1.5675721608419557e-58
5.723346557783814e-61
1.8592594127300887e-63
5.373996469392798e-66
1.3820450752926896e-68
3.162383109612868e-71
6.438344319203974e-74
1.1662760543026058e-76
1.8797321178105672e-79
2.6956158924191604e-82
3.439438096367066e-85
3.9046708437662935e-88
3.944108056981424e-91
3.5447092872128723e-94
2.834522341697949e-97
2.016724567323269e-100
1.2766761233957946e-103
7.19088472314517e-107
3.6037226560774694e-110
1.606896247703109e-113
6.375169794882747e-117
2.2504176158203763e-120
7.068087615531242e-124
1.975186792806232e-127
4.91113491246673e-131
1.0864831601514871e-134
2.1386099208596964e-138
3.745480996633475e-142
5.83648080782861e-146
8.092113557172925e-150
9.982522977614566e-154
1.0956859972559294e-157
1.0700383608594107e-161
9.297796282211594e-166
7.188332351640484e-170
4.944742876966326e-174
3.0264027410442297e-178
1.6480757636920547e-182
7.98537042453878e-187
3.442551168749573e-191
1.3204841249093877e-195
4.506645609822533e-200
1.3684882536353079e-204
3.6973978416526673e-209
