0.4035510767719128
0.10209013414364745
0.033243714967144504
0.013627231730748382
0.006797078329746158
0.003964010360944082
0.0026022936975521956
0.0018639912535700898
0.0014231128265412246
0.0011388583978832732
0.000944089023486581
0.0008039985778685713
0.0006992249929024584
0.0006183371564727406
0.000554237503647231
0.0005023260693865789
0.00045951012181804426
0.00042364349459901357
0.000393195482543127
0.0003670479106162171
0.0003443666157123788
0.00032451765460980687
0.0003070112397834966
0.00029146334824419775
0.0002775688791229638
0.00026508252982817903
0.00025380493724298775
0.00024357247763269886
0.00023424965245644094
0.0002257233304226808
0.00021789834114138343
0.00021069406592822852
0.0002040417732440748
0.0001978825164826152
0.00019216546089705945
0.00018684654120688847
0.00018188737633423254
0.00017725438577893132
0.00017291806537600768
0.00016885238997599105
0.0001650343179090427
0.00016144337761278682
0.00015806132099943935
0.00015487183135280274
0.0001518602760276498
0.0001490134961536661
0.00014631962705644554
0.0001437679442977003
0.0001413487311796108
0.00013905316430965538
0.00013687321442444852
0.00013480156015624768
0.00013283151281856396
0.00013095695060684029
0.00012917226087128236
0.00012747228933325785
0.00012585229529333796
0.00012430791202524795
0.00012283511167144597
0.00012143017405731603
0.00012008965892570425
0.00011881038116468359
0.00011758938866137583
0.00011642394246532421
0.00011531149898785595
0.00011424969400038962
0.00011323632822578842
0.00011226935434346873
0.0001113468652518181
0.00011046708345108713
0.00010962835142683476
0.00010882912292861317
0.00010806795505122973
0.00010734350103690403
0.00010665450372619055
0.0001059997895938678
0.00010537826331327326
0.0001047889027989379
0.000104230754682969
0.00010370293018555056
0.00010320460134426725
0.00010273499757078957
0.00010229340250684882
0.00010187915115443919
0.00010149162725786099
0.00010113026091760283
0.00010079452641819292
0.00010048394025405889
0.00010019805933915111
9.99364793876314e-05
9.969883345432658e-05
9.948479062491604e-05
9.92940548469774e-05
9.912636389407319e-05
9.898148845603368e-05
9.885923134949025e-05
9.875942684354978e-05
9.868194009628352e-05
9.862666669844135e-05
9.859353232150351e-05
9.858249246785339e-05
9.859353232150351e-05
9.862666669844135e-05
9.868194009628352e-05
9.875942684354978e-05
9.885923134949025e-05
9.898148845603368e-05
9.912636389407319e-05
9.92940548469774e-05
9.948479062491604e-05
9.969883345432658e-05
9.99364793876314e-05
0.00010019805933915111
0.00010048394025405889
0.00010079452641819292
0.00010113026091760283
0.00010149162725786099
0.00010187915115443919
0.00010229340250684882
0.00010273499757078957
0.00010320460134426725
0.00010370293018555056
0.000104230754682969
0.0001047889027989379
0.00010537826331327326
0.0001059997895938678
0.00010665450372619055
0.00010734350103690403
0.00010806795505122973
0.00010882912292861317
0.00010962835142683476
0.00011046708345108713
0.0001113468652518181
0.00011226935434346873
0.00011323632822578842
0.00011424969400038962
0.00011531149898785595
0.00011642394246532421
0.00011758938866137583
0.00011881038116468359
0.00012008965892570425
0.00012143017405731603
0.00012283511167144597
0.00012430791202524795
0.00012585229529333796
0.00012747228933325785
0.00012917226087128236
0.00013095695060684029
0.00013283151281856396
0.00013480156015624768
0.00013687321442444852
0.00013905316430965538
0.0001413487311796108
0.0001437679442977003
0.00014631962705644554
0.0001490134961536661
0.0001518602760276498
0.00015487183135280274
0.00015806132099943935
0.00016144337761278682
0.0001650343179090427
0.00016885238997599105
0.00017291806537600768
0.00017725438577893132
0.00018188737633423254
0.00018684654120688847
0.00019216546089705945
0.0001978825164826152
0.0002040417732440748
0.00021069406592822852
0.00021789834114138343
0.0002257233304226808
0.00023424965245644094
0.00024357247763269886
0.00025380493724298775
0.00026508252982817903
0.0002775688791229638
0.00029146334824419775
0.0003070112397834966
0.00032451765460980687
0.0003443666157123788
0.0003670479106162171
0.000393195482543127
0.00042364349459901357
0.00045951012181804426
0.0005023260693865789
0.000554237503647231
0.0006183371564727406
0.0006992249929024584
0.0008039985778685713
0.000944089023486581
0.0011388583978832732
0.0014231128265412246
0.0018639912535700898
0.0026022936975521956
0.003964010360944082
0.006797078329746158
0.013627231730748382
0.033243714967144504
0.10209013414364745

0.004655225373990505
0.013363203962967885
0.032949095166286455
0.06978135498116717
0.12693994721817947
0.1983445348616333
0.26619823616724214
0.30686907083658016
0.30385338091551123
0.2584270901666966
0.18878827225555608
0.11846089135668779
0.06384663165910902
0.029557247905702418
0.01175311560510232
0.004014255689478256
0.0011776603819433444
0.0002967550432588067
6.423018332410019e-05
1.1941069460018135e-05
1.9068226301064884e-06
2.6154136150216143e-07
3.081296373407083e-08
3.1180966683733895e-09
2.7102458463023286e-10
2.0234422299363272e-11
1.2975853738589729e-12
7.147334098295737e-14
3.3815454978008443e-15
1.3741982674153596e-16
4.796744298640084e-18
1.4381584894437929e-19
3.703650015461067e-21
8.192494175085009e-23
1.5565581583350193e-24
2.540256508010384e-26
3.5608428147205354e-28
4.2873707774233635e-30
4.4339653372119163e-32
3.938733108604035e-34
3.005272266441201e-36
1.9695821665241696e-38
1.1087340695751033e-40
5.360973893326651e-43
2.2265015489424468e-45
7.942648085810328e-48
2.4337202163825855e-50
6.405292821394447e-53
1.448005919311644e-55
2.811672257345614e-58
4.6894516678140405e-61
6.718037788049871e-64
8.266579189981047e-67
8.737199019662037e-70
7.931980468701849e-73
6.185204366110145e-76
4.142757204599804e-79
2.3833505185788109e-82
1.1777398382902647e-85
4.9988927917644435e-89
1.822473783598171e-92
5.707051168901171e-96
1.5350596388687143e-99
3.546514578485334e-103
7.037870246286261e-107
1.1996202048183729e-110
1.756342853020089e-114
2.208705606841038e-118
2.3857744282694367e-122
2.2135224694249045e-126
1.7640118580913475e-130
1.20748592038963e-134
7.099465622229131e-139
3.585355760731817e-143
1.55525590967266e-147
5.794746940861499e-152
1.8545139279764623e-156
5.0978697334955025e-161
1.2036781524656511e-165
2.4411531804122763e-170
4.252484073755644e-175
6.362874677671229e-180
8.177622397552936e-185
9.027422038702642e-190
8.559796694960511e-195
6.971498896086868e-200
4.87699023380075e-205
2.9304925304658362e-210
1.5124894757906492e-215
6.705128634014282e-221
2.553200238559236e-226
8.350753198594728e-232
2.3460076861480058e-237
5.661039987306428e-243
1.173345803361443e-248
2.088905704956306e-254
3.194292321151732e-260
4.195594320059657e-266
4.733423144571402e-272
4.586909599786028e-278
