0.6864547044806711
0.2484469891242924
0.09119479920765478
0.033948523150118225
0.012816994025979534
0.004907563851975557
0.0019057249377480061
0.0007505315553012662
0.0002997727672298106
0.00012143108400902448
4.988638815682418e-05
2.0784937629611075e-05
8.782736857221449e-06
3.763790981749961e-06
1.6358203437072243e-06
7.210413875239806e-07
3.2232891331723436e-07
1.4613404639561882e-07
6.71923442631255e-08
3.133304880298718e-08
1.481834033282747e-08
7.107404431809654e-09
3.457299815529682e-09
1.7056017231704238e-09
8.533609487130616e-10
4.3301448095828986e-10
2.2283660918054411e-10
1.1630143695539298e-10
6.15599145101277e-11
3.304648833510923e-11
1.799148531976868e-11
9.933976784458674e-12
5.56280331281523e-12
3.159211600858858e-12
1.8196092934517226e-12
1.0628988178387476e-12
6.29680021761341e-13
3.783222633367331e-13
2.305247396623827e-13
1.4245782864031576e-13
8.928272836768123e-14
5.67492005673567e-14
3.658149241337243e-14
2.3914969244492147e-14
1.585554312828514e-14
1.066080008568249e-14
7.269224748366445e-15
5.026495225654457e-15
3.524574680497464e-15
2.5060681103580352e-15
1.806749804486903e-15
1.3206535731039979e-15
9.786407950815599e-16
7.351035104733255e-16
5.596284153473695e-16
4.3171695606099425e-16
3.374070473598606e-16
2.6708980952774975e-16
2.1408463766728276e-16
1.737001390924753e-16
1.4260933149404197e-16
1.184300102307604e-16
9.944029793701276e-17
8.438407114289806e-17
7.233667505151738e-17
6.261143292897384e-17
5.469399701493478e-17
4.8199214911182347e-17
4.282456927622241e-17
3.834569759600616e-17
3.4587318873715146e-17
3.1412758401154175e-17
2.871466742954354e-17
2.6408141319964458e-17
2.4425576846997652e-17
2.2712800489949744e-17
2.1226132726026502e-17
1.9930146790667172e-17
1.8795946424561638e-17
1.7799979731957688e-17
1.6922375782418106e-17
1.614714705269976e-17
1.54608312229197e-17
1.4852174444303505e-17
1.431173195680853e-17
1.3831549259396472e-17
1.3404906393249856e-17
1.3026111949309113e-17
1.2690352897105817e-17
1.239348833901125e-17
1.2132054210492387e-17
1.1903091995557461e-17
1.1704096397645464e-17
1.1532955501129889e-17
1.1387902005880168e-17
1.1267473657473872e-17
1.1170481397719925e-17
1.1095984082487811e-17
1.1043268875460469e-17
1.1011836642213397e-17
1.1001391850783291e-17
1.1011836642213397e-17
1.1043268875460469e-17
1.1095984082487811e-17
1.1170481397719925e-17
1.1267473657473872e-17
1.1387902005880168e-17
1.1532955501129889e-17
1.1704096397645464e-17
1.1903091995557461e-17
1.2132054210492387e-17
1.239348833901125e-17
1.2690352897105817e-17
1.3026111949309113e-17
1.3404906393249856e-17
1.3831549259396472e-17
1.431173195680853e-17
1.4852174444303505e-17
1.54608312229197e-17
1.614714705269976e-17
1.6922375782418106e-17
1.7799979731957688e-17
1.8795946424561638e-17
1.9930146790667172e-17
2.1226132726026502e-17
2.2712800489949744e-17
2.4425576846997652e-17
2.6408141319964458e-17
2.871466742954354e-17
3.1412758401154175e-17
3.4587318873715146e-17
3.834569759600616e-17
4.282456927622241e-17
4.8199214911182347e-17
5.469399701493478e-17
6.261143292897384e-17
7.233667505151738e-17
8.438407114289806e-17
9.944029793701276e-17
1.184300102307604e-16
1.4260933149404197e-16
1.737001390924753e-16
2.1408463766728276e-16
2.6708980952774975e-16
3.374070473598606e-16
4.3171695606099425e-16
5.596284153473695e-16
7.351035104733255e-16
9.786407950815599e-16
1.3206535731039979e-15
1.806749804486903e-15
2.5060681103580352e-15
3.524574680497464e-15
5.026495225654457e-15
7.269224748366445e-15
1.066080008568249e-14
1.585554312828514e-14
2.3914969244492147e-14
3.658149241337243e-14
5.67492005673567e-14
8.928272836768123e-14
1.4245782864031576e-13
2.305247396623827e-13
3.783222633367331e-13
6.29680021761341e-13
1.0628988178387476e-12
1.8196092934517226e-12
3.159211600858858e-12
5.56280331281523e-12
9.933976784458674e-12
1.799148531976868e-11
3.304648833510923e-11
6.15599145101277e-11
1.1630143695539298e-10
2.2283660918054411e-10
4.3301448095828986e-10
8.533609487130616e-10
1.7056017231704238e-09
3.457299815529682e-09
7.107404431809654e-09
1.481834033282747e-08
3.133304880298718e-08
6.71923442631255e-08
1.4613404639561882e-07
3.2232891331723436e-07
7.210413875239806e-07
1.6358203437072243e-06
3.763790981749961e-06
8.782736857221449e-06
2.0784937629611075e-05
4.988638815682418e-05
0.00012143108400902448
0.0002997727672298106
0.0007505315553012662
0.0019057249377480061
0.004907563851975557
0.012816994025979534
0.033948523150118225
0.09119479920765478
0.2484469891242924

1.6262378489513845e-16
9.096941341346094e-11
2.8034017199543784e-06
0.004759418430129684
0.44514454118255065
2.293648309993556
0.6510752916674164
0.010181557362013968
8.771539471300506e-06
4.16309233172967e-10
1.0885161464575602e-15
1.567950396902933e-22
1.244252077860801e-30
5.439550854954134e-40
1.310075483741666e-50
1.7382338740011587e-62
1.2705703311019868e-75
5.1164392550823325e-90
1.1350514455170294e-105
1.3872089473649775e-122
9.339998960689602e-141
3.4644187940029577e-160
7.079336489364138e-181
7.969541494904987e-203
4.942568858178209e-226
1.6886931128003585e-250
3.178537556285907e-276
3.295964867122808e-303
0.0
0.0
0.0
0.0
0.0
0.0
0.0
0.0
0.0
0.0
0.0
0.0
0.0
0.0
0.0
0.0
0.0
0.0
0.0
0.0
0.0
0.0
0.0
0.0
0.0
0.0
0.0
0.0
0.0
0.0
0.0
0.0
0.0
0.0
0.0
0.0
0.0
0.0
0.0
0.0
0.0
0.0
0.0
0.0
0.0
0.0
0.0
0.0
0.0
0.0
0.0
0.0
0.0
0.0
0.0
0.0
0.0
0.0
0.0
0.0
0.0
0.0
0.0
0.0
0.0
0.0
0.0
0.0
0.0
0.0
0.0
0.0
