1.3464713653007372
0.44033081139543384
0.1796500856294017
0.08947355742048896
0.05267467966139583
0.03522176249523112
0.025785021741068406
0.020105111987758707
0.016388787516769632
0.013797565743183133
0.011900875509288271
0.010459138396882313
0.009329864038710861
0.008423553700871538
0.007681421312209389
0.007063396008247619
0.0065412996115274315
0.006094783568155397
0.005708812424865955
0.0053720518978048965
0.0050758058192963045
0.004813296943188914
0.004579169252353187
0.004369136529406476
0.00417972966466926
0.004008111956557983
0.003851942083581444
0.00370927105276992
0.003578463729437175
0.0034581383974681325
0.0033471197137456
0.0032444017297053192
0.0031491185619293314
0.0030605209333516153
0.002977957262604567
0.0029008583079297478
0.002828724611969137
0.0027611161705574415
0.0026976438802200783
0.0026379624179122163
0.002581764281407412
0.0025287747759303704
0.0024787477766420934
0.002431462130707914
0.002386718589315197
0.002344337180936097
0.002304154953676894
0.0022660240277139103
0.0022298099093393366
0.002195390026601151
0.0021626524533586555
0.002131494794127553
0.002101823206618286
0.002073551542583498
0.0020466005906454856
0.0020208974072990007
0.001996374724379094
0.0019729704230276577
0.0019506270656498735
0.0019292914785741368
0.0019089143791575906
0.0018894500419477578
0.0018708559992460657
0.001853092772043622
0.0018361236278316266
0.0018199143622432963
0.0018044331018734416
0.001789650125956185
0.0017755377048691604
0.001762069953680977
0.001749222699173738
0.001736973358958807
0.0017253008314661047
0.001714185395728371
0.0017036086200051123
0.001693553278398795
0.0016840032747104194
0.0016749435728646803
0.0016663601333081128
0.0016582398548481338
0.0016505705214579852
0.0016433407536231368
0.0016365399638496
0.0016301583159945556
0.001624186688115319
0.0016186166385645068
0.001613440375087824
0.0016086507267064922
0.001604241118189483
0.001600205546941549
0.0015965385621520005
0.0015932352460663684
0.00159029119725883
0.0015877025157977013
0.0015854657902095854
0.0015835780861600856
0.0015820369367804895
0.0015808403345805738
0.001579986724897866
0.001579475000843369
0.0015793044997130523
0.001579475000843369
0.001579986724897866
0.0015808403345805738
0.0015820369367804895
0.0015835780861600856
0.0015854657902095854
0.0015877025157977013
0.00159029119725883
0.0015932352460663684
0.0015965385621520005
0.001600205546941549
0.001604241118189483
0.0016086507267064922
0.001613440375087824
0.0016186166385645068
0.001624186688115319
0.0016301583159945556
0.0016365399638496
0.0016433407536231368
0.0016505705214579852
0.0016582398548481338
0.0016663601333081128
0.0016749435728646803
0.0016840032747104194
0.001693553278398795
0.0017036086200051123
0.001714185395728371
0.0017253008314661047
0.001736973358958807
0.001749222699173738
0.001762069953680977
0.0017755377048691604
0.001789650125956185
0.0018044331018734416
0.0018199143622432963
0.0018361236278316266
0.001853092772043622
0.0018708559992460657
0.0018894500419477578
0.0019089143791575906
0.0019292914785741368
0.0019506270656498735
0.0019729704230276577
0.001996374724379094
0.0020208974072990007
0.0020466005906454856
0.002073551542583498
0.002101823206618286
0.002131494794127553
0.0021626524533586555
0.002195390026601151
0.0022298099093393366
0.0022660240277139103
0.002304154953676894
0.002344337180936097
0.002386718589315197
0.002431462130707914
0.0024787477766420934
0.0025287747759303704
0.002581764281407412
0.0026379624179122163
0.0026976438802200783
0.0027611161705574415
0.002828724611969137
0.0029008583079297478
0.002977957262604567
0.0030605209333516153
0.0031491185619293314
0.0032444017297053192
0.0033471197137456
0.0034581383974681325
0.003578463729437175
0.00370927105276992
0.003851942083581444
0.004008111956557983
0.00417972966466926
0.004369136529406476
0.004579169252353187
0.004813296943188914
0.0050758058192963045
0.0053720518978048965
0.005708812424865955
0.006094783568155397
0.0065412996115274315
0.007063396008247619
0.007681421312209389
0.008423553700871538
0.009329864038710861
0.010459138396882313
0.011900875509288271
0.013797565743183133
0.016388787516769632
0.020105111987758707
0.025785021741068406
0.03522176249523112
0.05267467966139583
0.08947355742048896
0.1796500856294017
0.44033081139543384

0.07596457616151939
0.15464815485397976
0.27720096553602386
0.4371128949434514
0.606677149667238
0.9364002095392444
1.7309777271782218
0.8114845887178087
0.619911549581708
0.45362652748419946
0.29311925842054887
0.16756803355115024
0.08495241372464321
0.03829806141294726
0.015397961886865236
0.0055374838372909616
0.0017860948582983844
0.0005178553478585544
0.0001351720939547132
3.178671775617388e-05
6.733497115819703e-06
1.2839317060760186e-06
2.2010464725784463e-07
3.387619368839416e-08
4.674430484731024e-09
5.775366476696993e-10
6.38239152044495e-11
6.303378635304756e-12
5.55997642991475e-13
4.3780680055664065e-14
3.0765448577472274e-15
1.9289541894483617e-16
1.0789411440715772e-17
5.383347287049392e-19
2.3958646435170772e-20
9.510718433430452e-22
3.367420526745394e-23
1.0634320342498454e-24
2.995352381443336e-26
7.525069749714694e-28
1.6861524742824098e-29
3.369818394805358e-31
6.00674649661195e-33
9.549819789331771e-35
1.3541727549188717e-36
1.7126789926310104e-38
1.9319721618641146e-40
1.943787336452391e-42
1.744293737172144e-44
1.3960902135609846e-46
9.966216836421079e-49
6.345563127483609e-51
3.6035702572050037e-53
1.8252350764770033e-55
8.245701452546082e-58
3.322457195645205e-60
1.194027062687704e-62
3.82729496155408e-65
1.0941898576687827e-67
2.790078508381572e-70
6.345460579851624e-73
1.287160977398319e-75
2.328764473033285e-78
3.7578657157133936e-81
5.4085386116086195e-84
6.94291102692427e-87
7.949251782053915e-90
8.117716754293298e-93
7.393745919044383e-96
6.006453766780294e-99
4.352058681223726e-102
2.812511677556649e-105
1.6211265324578172e-108
8.334172419765452e-112
3.821475116104252e-115
1.5628690064068296e-118
5.700817118296997e-122
1.8547040796905577e-125
5.381893917794376e-129
1.3928957933638638e-132
3.21532670929004e-136
6.619947987945661e-140
1.2156457444109091e-143
1.9910514319253767e-147
2.9085793133965936e-151
3.7896781785218136e-155
4.4039942045963407e-159
4.564719908018437e-163
4.2199229124861786e-167
3.4795083940455958e-171
2.5589054970456065e-175
1.6784700401073122e-179
9.819648175473564e-184
5.1239071321975213e-188
2.3846769806577584e-192
9.89876141658796e-197
3.6648410385774265e-201
1.2101868090680488e-205
3.564287072568997e-210
9.363019411702392e-215
