0.450511762726065
0.2681959699890452
0.17190035186543395
0.11753449525803913
0.084929843453642
0.0642896468881379
0.050582780247666534
0.04108955674424918
0.034269085995293234
0.029210155413453988
0.025352552249717848
0.02233951761439456
0.019936513946117604
0.017984861550281648
0.01637438507966009
0.01502677645384616
0.013885188699681599
0.012907557699877127
0.012062213987635299
0.011324936051062304
0.010676931714831762
0.010103429633143738
0.009592679685310967
0.009135232369842518
0.008723411748631773
0.008350924749513652
0.00801256792264251
0.007704004782622927
0.007421594916763053
0.007162261501828642
0.006923387630264128
0.006702734467215175
0.006498376109070463
0.006308647334642585
0.00613210139314915
0.005967475668141216
0.005813663568269805
0.005669691376068278
0.005534699070991309
0.005407924358399464
0.0052886893002882605
0.005176389069495084
0.005070482446440269
0.004970483753176053
0.004875955978802955
0.004786504897016355
0.004701774013551748
0.004621440210781839
0.004545209980335755
0.0044728161536242645
0.00440401505553659
0.0043385840190761586
0.004276319208909067
0.004217033710167287
0.004160555845738131
0.004106727690965876
0.004055403759416188
0.0040064498372882305
0.0039597419473472945
0.003915165426007661
0.0038726140995147757
0.003831989547133114
0.0037932004409031253
0.0037561619529373684
0.003720795222423772
0.0036870268755266294
0.0036547885922514583
0.0036240167150913285
0.0035946518949188863
0.0035666387701461235
0.0035399256756561757
0.0035144643784294884
0.003490209837149731
0.0034671199833909484
0.0034451555222631746
0.003424279750634913
0.003404458391262068
0.0033856594413384507
0.003367853034146134
0.0033510113126278235
0.003335108313830473
0.0033201198632819475
0.0033060234784623014
0.0032927982806200367
0.0032804249142627502
0.0032688854737222568
0.003258163436257489
0.0032482436012152365
0.003239112034819946
0.003230756020209875
0.003223164012378741
0.0032163255977199737
0.0032102314579053586
0.0032048733378616462
0.0032002440176379676
0.0031963372879839714
0.0031931479294838774
0.0031906716951152505
0.0031889052961236383
0.003187846391125434
0.0031874935783717134
0.003187846391125434
0.0031889052961236383
0.0031906716951152505
0.0031931479294838774
0.0031963372879839714
0.0032002440176379676
0.0032048733378616462
0.0032102314579053586
0.0032163255977199737
0.003223164012378741
0.003230756020209875
0.003239112034819946
0.0032482436012152365
0.003258163436257489
0.0032688854737222568
0.0032804249142627502
0.0032927982806200367
0.0033060234784623014
0.0033201198632819475
0.003335108313830473
0.0033510113126278235
0.003367853034146134
0.0033856594413384507
0.003404458391262068
0.003424279750634913
0.0034451555222631746
0.0034671199833909484
0.003490209837149731
0.0035144643784294884
0.0035399256756561757
0.0035666387701461235
0.0035946518949188863
0.0036240167150913285
0.0036547885922514583
0.0036870268755266294
0.003720795222423772
0.0037561619529373684
0.0037932004409031253
0.003831989547133114
0.0038726140995147757
0.003915165426007661
0.0039597419473472945
0.0040064498372882305
0.004055403759416188
0.004106727690965876
0.004160555845738131
0.004217033710167287
0.004276319208909067
0.0043385840190761586
0.00440401505553659
0.0044728161536242645
0.004545209980335755
0.004621440210781839
0.004701774013551748
0.004786504897016355
0.004875955978802955
0.004970483753176053
0.005070482446440269
0.005176389069495084
0.0052886893002882605
0.005407924358399464
0.005534699070991309
0.005669691376068278
0.005813663568269805
0.005967475668141216
0.00613210139314915
0.006308647334642585
0.006498376109070463
0.006702734467215175
0.006923387630264128
0.007162261501828642
0.007421594916763053
0.007704004782622927
0.00801256792264251
0.008350924749513652
0.008723411748631773
0.009135232369842518
0.009592679685310967
0.010103429633143738
0.010676931714831762
0.011324936051062304
0.012062213987635299
0.012907557699877127
0.013885188699681599
0.01502677645384616
0.01637438507966009
0.017984861550281648
0.019936513946117604
0.02233951761439456
0.025352552249717848
0.029210155413453988
0.034269085995293234
0.04108955674424918
0.050582780247666534
0.0642896468881379
0.084929843453642
0.11753449525803913
0.17190035186543395
0.2681959699890452

0.15124564156337503
0.3536406165192978
0.5519436017297586
0.575016836680833
0.3998708195061758
0.18561461034034257
0.05751192402732768
0.011894794120218752
0.0016421365054373417
0.0001513264610513819
9.308373247330675e-06
3.821958760082644e-07
1.0474938879044767e-08
1.9163299721063098e-10
2.3401429119565353e-12
1.907514124531664e-14
1.0378783150436204e-16
3.7694536492046127e-19
9.13826336759504e-22
1.4787754332314294e-24
1.5973278999758154e-27
1.1516996143322427e-30
5.542907856536196e-34
1.7806943898361434e-37
3.8185142483388446e-41
5.4657873875067994e-45
5.2223304211497785e-49
3.33065195667581e-53
1.417906039205644e-57
4.029201116912323e-62
7.64264580249737e-67
9.676578262359329e-72
8.178114521403686e-77
4.6135778775745166e-82
1.7373039924085206e-87
4.3668379220319675e-93
7.326754204163628e-99
8.205583419592406e-105
6.134237709011284e-111
3.0610119954713906e-117
1.0195833982539779e-123
2.2669073612814147e-130
3.3643260928609336e-137
3.3328493911392504e-144
2.2038731158269817e-151
9.727713678942347e-159
2.866079713269942e-166
5.636623728989869e-174
7.399512663366487e-182
6.483962352992783e-190
3.792548515261532e-198
1.480727353812781e-206
3.858978395078825e-215
6.713096476695345e-224
7.795190335693242e-233
6.0420435702183805e-242
3.1260381603667188e-251
1.0795878580582845e-260
2.4887140600640086e-270
3.8295284907824965e-280
3.933407143279835e-290
2.696781703694538e-300
1.2341728195643e-310
3.77e-321
0.0
0.0
0.0
0.0
0.0
0.0
0.0
0.0
0.0
0.0
0.0
0.0
0.0
0.0
0.0
0.0
0.0
0.0
0.0
0.0
0.0
0.0
0.0
0.0
0.0
0.0
0.0
0.0
0.0
0.0
0.0
0.0
0.0
0.0
0.0
0.0
