1.0783561361478444
0.051774374725253904
0.00552933069432402
0.0006803298155023789
8.60852978773683e-05
1.104843432364232e-05
1.4353190788844915e-06
1.8867067758104626e-07
2.5091645941413352e-08
1.8258587550664816e-09
2.821664659066811e-10
4.395715071640201e-11
6.883793944449632e-12
1.081787299066961e-12
1.704598404751446e-13
2.695314143007722e-14
4.302882644687272e-15
7.138193162745553e-16
1.383324377502989e-16
4.189513652123238e-17
2.2957140644983078e-17
1.735917672967135e-17
1.456146801549468e-17
1.2665296105062157e-17
1.1228632741827462e-17
1.0091259267028202e-17
9.168078852028882e-18
8.404760580176384e-18
7.76393778044885e-18
7.218926592477974e-18
6.7501722852004995e-18
6.343039117505716e-18
5.986370974737444e-18
5.671525520171835e-18
5.391710457475333e-18
5.141517868908256e-18
4.9165914145449615e-18
4.713384468817796e-18
4.528981648006549e-18
4.36096526943425e-18
4.207314148480046e-18
4.0663259984081266e-18
3.936557281813066e-18
3.816776120802645e-18
3.7059250877062255e-18
3.603091548977979e-18
3.507483838790658e-18
3.4184119725324986e-18
3.33527192549018e-18
3.257532733314992e-18
3.1847258423861975e-18
3.116436266554511e-18
3.0522952036712625e-18
2.991973839096513e-18
2.935178119994879e-18
2.8816443279898896e-18
2.831135311811742e-18
2.7834372682651872e-18
2.7383569808916424e-18
2.6957194423957797e-18
2.6553658002270777e-18
2.6171515753917195e-18
2.580945113185574e-18
2.5466262315202414e-18
2.5140850381979878e-18
2.4832208931400426e-18
2.4539414953911343e-18
2.4261620778727774e-18
2.399804695466178e-18
2.3747975941740033e-18
2.3510746509195793e-18
2.328574875057215e-18
2.307241963940392e-18
2.287023905967853e-18
2.267872625435365e-18
2.249743664291015e-18
2.2325958965472767e-18
2.21639127166237e-18
2.2010945836821397e-18
2.186673263344636e-18
2.173097190703178e-18
2.1603385261289645e-18
2.14837155781843e-18
2.1371725641597854e-18
2.1267196895126256e-18
2.1169928321285766e-18
2.1079735430932415e-18
2.0996449353034106e-18
2.0919916016112327e-18
2.084999541371036e-18
2.07865609471668e-18
2.0729498839794528e-18
2.0678707617298536e-18
2.063409764992545e-18
2.0595590752432982e-18
2.0563119838507965e-18
2.0536628626756822e-18
2.0516071395847537e-18
2.0501412786806397e-18
2.049262765086951e-18
2.0489700941665917e-18
2.049262765086951e-18
2.0501412786806397e-18
2.0516071395847537e-18
2.0536628626756822e-18
2.0563119838507965e-18
2.0595590752432982e-18
2.063409764992545e-18
2.0678707617298536e-18
2.0729498839794528e-18
2.07865609471668e-18
2.084999541371036e-18
2.0919916016112327e-18
2.0996449353034106e-18
2.1079735430932415e-18
2.1169928321285766e-18
2.1267196895126256e-18
2.1371725641597854e-18
2.14837155781843e-18
2.1603385261289645e-18
2.173097190703178e-18
2.186673263344636e-18
2.2010945836821397e-18
2.21639127166237e-18
2.2325958965472767e-18
2.249743664291015e-18
2.267872625435365e-18
2.287023905967853e-18
2.307241963940392e-18
2.328574875057215e-18
2.3510746509195793e-18
2.3747975941740033e-18
2.399804695466178e-18
2.4261620778727774e-18
2.4539414953911343e-18
2.4832208931400426e-18
2.5140850381979878e-18
2.5466262315202414e-18
2.580945113185574e-18
2.6171515753917195e-18
2.6553658002270777e-18
2.6957194423957797e-18
2.7383569808916424e-18
2.7834372682651872e-18
2.831135311811742e-18
2.8816443279898896e-18
2.935178119994879e-18
2.991973839096513e-18
3.0522952036712625e-18
3.116436266554511e-18
3.1847258423861975e-18
3.257532733314992e-18
3.33527192549018e-18
3.4184119725324986e-18
3.507483838790658e-18
3.603091548977979e-18
3.7059250877062255e-18
3.816776120802645e-18
3.936557281813066e-18
4.0663259984081266e-18
4.207314148480046e-18
4.36096526943425e-18
4.528981648006549e-18
4.713384468817796e-18
4.9165914145449615e-18
5.141517868908256e-18
5.391710457475333e-18
5.671525520171835e-18
5.986370974737444e-18
6.343039117505716e-18
6.7501722852004995e-18
7.218926592477974e-18
7.76393778044885e-18
8.404760580176384e-18
9.168078852028882e-18
1.0091259267028202e-17
1.1228632741827462e-17
1.2665296105062157e-17
1.456146801549468e-17
1.735917672967135e-17
2.2957140644983078e-17
4.189513652123238e-17
1.383324377502989e-16
7.138193162745553e-16
4.302882644687272e-15
2.695314143007722e-14
1.704598404751446e-13
1.081787299066961e-12
6.883793944449632e-12
4.395715071640201e-11
2.821664659066811e-10
1.8258587550664816e-09
2.5091645941413352e-08
1.8867067758104626e-07
1.4353190788844915e-06
1.104843432364232e-05
8.60852978773683e-05
0.0006803298155023789
0.00552933069432402
0.051774374725253904

8.565764676101855e-17
2.1942345008644552e-15
4.819630322011826e-14
9.077331688053629e-13
1.4659409280874188e-11
2.0299648773698845e-10
2.4103198684820678e-09
2.617912884762882e-08
4.6170141073650286e-05
0.03853702920462173
0.9664570931441514
0.7249844047354718
0.016530716997471075
0.0010927482796695119
0.003753682233383608
0.01116779465301891
0.028489922364665337
0.06232059044258019
0.11690369525856735
0.18824276770658474
0.26216084643264476
0.32743041412911467
0.40263383719565804
0.5177480934684486
0.6104539438069064
0.5430007470179619
0.32770680062151214
0.13099475916489095
0.03617781639791791
0.007878998935576437
0.0016541291126718485
0.00036302728544310994
7.624801119156294e-05
1.4158466332878507e-05
2.2662096502002005e-06
3.1121679090294835e-07
3.664892449704561e-08
3.700619752638015e-09
3.2040665550317394e-10
2.3787148536856546e-11
1.5142480693972162e-12
8.265430168842868e-14
3.868545256047824e-15
1.5525431908731465e-16
5.342610190524277e-18
1.5764386492175494e-19
3.988544554751033e-21
8.652978209115836e-23
1.609646688950959e-24
2.5674931845762635e-26
3.51157401438856e-28
4.118206711565771e-30
4.1412194568798683e-32
3.5707721418464445e-34
2.6400358128348417e-36
1.6736756083786382e-38
9.098012807777715e-41
4.2406808508500636e-43
1.6948779229655245e-45
5.808380310965237e-48
1.7068110850972303e-50
4.300605967989708e-53
9.291538698588894e-56
1.7213112814629337e-58
2.7342925459184226e-61
3.7242971972970934e-64
4.349681627675017e-67
4.355965169808071e-70
3.7404608636104195e-73
2.7540994594543965e-76
1.7387931202643383e-79
9.413041961437339e-83
4.3694408490292295e-86
1.7391439191427014e-89
5.93552268302969e-93
1.7369855426526786e-96
4.3586021298646816e-100
9.378039077091603e-104
1.7301774112243003e-107
2.7370518559650702e-111
3.7126943901839976e-115
4.318263767807383e-119
4.3066831303560454e-123
3.6829045239859333e-127
2.7005473086961196e-131
1.6979578591035542e-135
9.154103396289445e-140
4.23173543250789e-144
1.6773936341038033e-148
5.701186675150025e-153
1.66153433665984e-157
4.152093915904706e-162
8.896901943996083e-167
1.6346479276722617e-171
2.5752739849345103e-176
3.478855912185065e-181
4.029611993874482e-186
4.002246263744161e-191
3.408459778887938e-196
2.4890082005982945e-201
