0.649781091610062
0.06403744459531
0.0063599348488702825
0.0006365361752483815
6.420151309929557e-05
6.52558103102746e-06
6.684129570053618e-07
6.899574161223672e-08
7.2686193438132175e-09
1.513555899174567e-09
1.4996185035780544e-10
1.485819796145449e-11
1.472164404155036e-12
1.458660336726493e-13
1.4453209392941087e-14
1.4321679814148216e-15
1.4192365350597178e-16
1.406582681576418e-17
1.3942956874894065e-18
1.3825172403341004e-19
1.3714718381911013e-20
1.3615148002456865e-21
1.3532081156900505e-22
1.347440272662263e-23
1.3456155684640372e-24
1.3499531888573466e-25
1.363959704589151e-26
1.3931755388344477e-27
1.446354263982481e-28
1.5373256981660174e-29
1.687939293842797e-30
1.9327142116548603e-31
2.326185678833699e-32
2.9545110379424622e-33
3.953805412972537e-34
5.539109076651607e-35
8.050151179649906e-36
1.2023649010554961e-36
1.8307529108324138e-37
2.824137815786412e-38
4.394152634912309e-39
6.875143342357073e-40
1.0795322702077008e-40
1.6989182129549016e-41
2.6775084996270848e-42
4.22358370544371e-43
6.666194626116477e-44
1.0525191044809457e-44
1.6621857827570744e-45
2.625370642410914e-46
4.1470626795774855e-47
6.55111839720877e-48
1.0349194251814539e-48
1.6349658954882055e-49
2.582967958862257e-50
4.080713860258692e-51
6.447032529864881e-52
1.0185701184626456e-52
1.6092779248908451e-53
2.542628974665745e-54
4.017453120106455e-55
6.348049708138466e-56
1.0031354715922491e-56
1.5853306622614505e-57
2.505743887989831e-58
3.9612432929228023e-59
6.263743746917567e-60
9.90797427326348e-61
1.567979235546455e-61
2.4830037695100266e-62
3.93551627035804e-63
6.245361480867015e-64
9.927529387401967e-65
1.581676726637945e-65
2.527800253058884e-66
4.0568369090714185e-67
6.547375001834168e-68
1.064554331104889e-68
1.7476949419501813e-69
2.904871407352696e-70
4.9031337737084025e-71
8.431422817289999e-72
1.4816247318282553e-72
2.6673077773167174e-73
4.926878894210117e-74
9.3401956646872e-75
1.815426407049929e-75
3.610031778250665e-76
7.323266154799578e-77
1.5106947673451655e-77
3.159119504481391e-78
6.677915194535259e-79
1.4234804719439418e-79
3.0538173752744936e-80
6.583294259527293e-81
1.424420163442843e-81
3.0906225223710216e-82
6.720918091336595e-83
1.467043740472894e-83
3.344915197633406e-84
1.394318872052158e-84
3.344915197633406e-84
1.467043740472894e-83
6.720918091336595e-83
3.0906225223710216e-82
1.424420163442843e-81
6.583294259527293e-81
3.0538173752744936e-80
1.4234804719439418e-79
6.677915194535259e-79
3.159119504481391e-78
1.5106947673451655e-77
7.323266154799578e-77
3.610031778250665e-76
1.815426407049929e-75
9.3401956646872e-75
4.926878894210117e-74
2.6673077773167174e-73
1.4816247318282553e-72
8.431422817289999e-72
4.9031337737084025e-71
2.904871407352696e-70
1.7476949419501813e-69
1.064554331104889e-68
6.547375001834168e-68
4.0568369090714185e-67
2.527800253058884e-66
1.581676726637945e-65
9.927529387401967e-65
6.245361480867015e-64
3.93551627035804e-63
2.4830037695100266e-62
1.567979235546455e-61
9.90797427326348e-61
6.263743746917567e-60
3.9612432929228023e-59
2.505743887989831e-58
1.5853306622614505e-57
1.0031354715922491e-56
6.348049708138466e-56
4.017453120106455e-55
2.542628974665745e-54
1.6092779248908451e-53
1.0185701184626456e-52
6.447032529864881e-52
4.080713860258692e-51
2.582967958862257e-50
1.6349658954882055e-49
1.0349194251814539e-48
6.55111839720877e-48
4.1470626795774855e-47
2.625370642410914e-46
1.6621857827570744e-45
1.0525191044809457e-44
6.666194626116477e-44
4.22358370544371e-43
2.6775084996270848e-42
1.6989182129549016e-41
1.0795322702077008e-40
6.875143342357073e-40
4.394152634912309e-39
2.824137815786412e-38
1.8307529108324138e-37
1.2023649010554961e-36
8.050151179649906e-36
5.539109076651607e-35
3.953805412972537e-34
2.9545110379424622e-33
2.326185678833699e-32
1.9327142116548603e-31
1.687939293842797e-30
1.5373256981660174e-29
1.446354263982481e-28
1.3931755388344477e-27
1.363959704589151e-26
1.3499531888573466e-25
1.3456155684640372e-24
1.347440272662263e-23
1.3532081156900505e-22
1.3615148002456865e-21
1.3714718381911013e-20
1.3825172403341004e-19
1.3942956874894065e-18
1.406582681576418e-17
1.4192365350597178e-16
1.4321679814148216e-15
1.4453209392941087e-14
1.458660336726493e-13
1.472164404155036e-12
1.485819796145449e-11
1.4996185035780544e-10
1.513555899174567e-09
7.2686193438132175e-09
6.899574161223672e-08
6.684129570053618e-07
6.52558103102746e-06
6.420151309929557e-05
0.0006365361752483815
0.0063599348488702825
0.06403744459531

7.853657269575005e-152
1.3572749666777623e-126
1.1848327658324672e-103
5.224438185235129e-83
1.1636314664367487e-64
1.3091356239183027e-48
7.439558234737125e-35
2.1355167238317445e-23
3.096364849065391e-14
2.2677470087470616e-07
0.008389390297978352
1.5676875836307778
1.4797282336923254
0.0070550114764675
1.6990525495640968e-07
2.0668512433802423e-14
1.2700036003733318e-23
3.941794746475069e-35
6.179827932858214e-49
4.893866096539974e-65
1.9575871426587162e-83
3.9553366014374927e-104
4.036817489981615e-127
2.0810767822691854e-152
5.419140559152464e-180
7.127973064078452e-210
4.735818029374507e-242
1.5893417274527335e-276
2.69421895616e-313
0.0
0.0
0.0
0.0
0.0
0.0
0.0
0.0
0.0
0.0
0.0
0.0
0.0
0.0
0.0
0.0
0.0
0.0
0.0
0.0
0.0
0.0
0.0
0.0
0.0
0.0
0.0
0.0
0.0
0.0
0.0
0.0
0.0
0.0
0.0
0.0
0.0
0.0
0.0
0.0
0.0
0.0
0.0
0.0
0.0
0.0
0.0
0.0
0.0
0.0
0.0
0.0
0.0
0.0
0.0
0.0
0.0
0.0
0.0
0.0
0.0
0.0
0.0
0.0
0.0
0.0
0.0
0.0
0.0
0.0
0.0
