0.392594233204804
0.11956920205170414
0.03690524957218149
0.011543841704248513
0.003659367104307684
0.001175587601754453
0.00038273432693812954
0.00012627961059324228
4.222429949693744e-05
1.430820234607824e-05
4.913609797404777e-06
1.7100567178731702e-06
6.031338842951334e-07
2.1558054192461588e-07
7.809067601465998e-08
2.8666997344197337e-08
1.0665129744622878e-08
4.021199333791214e-09
1.5364800753727078e-09
5.949544369902695e-10
2.334688488672501e-10
9.2846437015902e-11
3.74192070189432e-11
1.5283338491589094e-11
6.326111527565127e-12
2.653692283188356e-12
1.1281301024010656e-12
4.860291774681586e-13
2.122069429375585e-13
9.389674544505556e-14
4.210511972294317e-14
1.9134297826885717e-14
8.812180120858645e-15
4.1128934707518135e-15
1.9453820753229716e-15
9.325149738173024e-16
4.530021341160708e-16
2.2301713862178116e-16
1.1126786794125666e-16
5.625935751175084e-17
2.8827910526031297e-17
1.4970106293632836e-17
7.878252101314389e-18
4.201729795856224e-18
2.271013120532821e-18
1.2439544771589072e-18
6.905302479826918e-19
3.8846719398408114e-19
2.2147231045969425e-19
1.2796110013470225e-19
7.492554270762526e-20
4.446058400012637e-20
2.6737060584633402e-20
1.6294657948150353e-20
1.0063979200722823e-20
6.2992206245071025e-21
3.995729523827367e-21
2.5686022763991062e-21
1.6733553178433084e-21
1.1047614708678718e-21
7.391554003198927e-22
5.01171958485215e-22
3.443635330239861e-22
2.3978434367155286e-22
1.6919573608435971e-22
1.2097946870820578e-22
8.765418786057555e-23
6.435064600356805e-23
4.800141787606339e-23
3.607150486758588e-23
2.7537482568065914e-23
2.1294084133868808e-23
1.6676706004489128e-23
1.3225411769892662e-23
1.0618797739918459e-23
8.630112295666456e-24
7.09787423717745e-24
5.906022110198535e-24
4.970383927817265e-24
4.229374538983715e-24
3.6375449400240004e-24
3.161071622100507e-24
2.774783365307491e-24
2.4591133260050065e-24
2.1993164652594068e-24
1.9846968369007288e-24
1.8063275640464685e-24
1.6574536310540562e-24
1.5327861569415292e-24
1.4281612912429558e-24
1.3402852649728456e-24
1.2665427132776391e-24
1.204851812778312e-24
1.1535407463058469e-24
1.1113203381064978e-24
1.0771337850924273e-24
1.0501656270180179e-24
1.0297917179090034e-24
1.0155519870904473e-24
1.0071308460637658e-24
1.004344000246396e-24
1.0071308460637658e-24
1.0155519870904473e-24
1.0297917179090034e-24
1.0501656270180179e-24
1.0771337850924273e-24
1.1113203381064978e-24
1.1535407463058469e-24
1.204851812778312e-24
1.2665427132776391e-24
1.3402852649728456e-24
1.4281612912429558e-24
1.5327861569415292e-24
1.6574536310540562e-24
1.8063275640464685e-24
1.9846968369007288e-24
2.1993164652594068e-24
2.4591133260050065e-24
2.774783365307491e-24
3.161071622100507e-24
3.6375449400240004e-24
4.229374538983715e-24
4.970383927817265e-24
5.906022110198535e-24
7.09787423717745e-24
8.630112295666456e-24
1.0618797739918459e-23
1.3225411769892662e-23
1.6676706004489128e-23
2.1294084133868808e-23
2.7537482568065914e-23
3.607150486758588e-23
4.800141787606339e-23
6.435064600356805e-23
8.765418786057555e-23
1.2097946870820578e-22
1.6919573608435971e-22
2.3978434367155286e-22
3.443635330239861e-22
5.01171958485215e-22
7.391554003198927e-22
1.1047614708678718e-21
1.6733553178433084e-21
2.5686022763991062e-21
3.995729523827367e-21
6.2992206245071025e-21
1.0063979200722823e-20
1.6294657948150353e-20
2.6737060584633402e-20
4.446058400012637e-20
7.492554270762526e-20
1.2796110013470225e-19
2.2147231045969425e-19
3.8846719398408114e-19
6.905302479826918e-19
1.2439544771589072e-18
2.271013120532821e-18
4.201729795856224e-18
7.878252101314389e-18
1.4970106293632836e-17
2.8827910526031297e-17
5.625935751175084e-17
1.1126786794125666e-16
2.2301713862178116e-16
4.530021341160708e-16
9.325149738173024e-16
1.9453820753229716e-15
4.1128934707518135e-15
8.812180120858645e-15
1.9134297826885717e-14
4.210511972294317e-14
9.389674544505556e-14
2.122069429375585e-13
4.860291774681586e-13
1.1281301024010656e-12
2.653692283188356e-12
6.326111527565127e-12
1.5283338491589094e-11
3.74192070189432e-11
9.2846437015902e-11
2.334688488672501e-10
5.949544369902695e-10
1.5364800753727078e-09
4.021199333791214e-09
1.0665129744622878e-08
2.8666997344197337e-08
7.809067601465998e-08
2.1558054192461588e-07
6.031338842951334e-07
1.7100567178731702e-06
4.913609797404777e-06
1.430820234607824e-05
4.222429949693744e-05
0.00012627961059324228
0.00038273432693812954
0.001175587601754453
0.003659367104307684
0.011543841704248513
0.03690524957218149
0.11956920205170414

7.332030122675828e-24
1.158922728550807e-16
8.593927201295313e-11
2.9897564483086136e-06
0.004879630110751563
0.37363275685968267
1.3421774463077494
0.22619441611600213
0.001788383988951054
6.633559318274838e-07
1.1543550614260355e-11
9.424084174795478e-18
3.6094900758749836e-25
6.485739454161426e-34
5.467390512062736e-44
2.1622586438621996e-55
4.011826470784667e-68
3.492075202990157e-82
1.42604091622087e-97
2.7320417754262246e-114
2.4555548283171302e-132
1.03542557050053e-151
2.0483071775286066e-172
1.9009830224316953e-194
8.276912044637613e-218
1.6906954839783238e-242
1.620202864284236e-268
7.284174632590529e-296
0.0
0.0
0.0
0.0
0.0
0.0
0.0
0.0
0.0
0.0
0.0
0.0
0.0
0.0
0.0
0.0
0.0
0.0
0.0
0.0
0.0
0.0
0.0
0.0
0.0
0.0
0.0
0.0
0.0
0.0
0.0
0.0
0.0
0.0
0.0
0.0
0.0
0.0
0.0
0.0
0.0
0.0
0.0
0.0
0.0
0.0
0.0
0.0
0.0
0.0
0.0
0.0
0.0
0.0
0.0
0.0
0.0
0.0
0.0
0.0
0.0
0.0
0.0
0.0
0.0
0.0
0.0
0.0
0.0
0.0
0.0
0.0
