0.15305783353844143
0.0634434116914412
0.03047309548788284
0.016679941203679566
0.01019951825215455
0.006826665163816721
0.004909013510736217
0.0037338132039619132
0.0029668598207536253
0.002439408021366855
0.002060515104587412
0.0017782850457463378
0.00156158502298162
0.001390903786061541
0.001253536912364675
0.0011409302969445875
0.0010471522357575504
0.000967981329076452
0.0009003435449264057
0.0008419542215075029
0.0007910841807424497
0.0007464031637043049
0.0007068726930593739
0.0006716712792254144
0.0006401412480132151
0.0006117503068991637
0.0005860633394732244
0.0005627214155842224
0.0005414259696259313
0.000521926732542561
0.0005040124257335979
0.00048750351163032683
0.00047224649296633974
0.0004581093904066507
0.0004449781254912123
0.0004327536054504755
0.00042134935680822035
0.0004106895915086924
0.0004007076164986346
0.0003913445179667365
0.000382548066689167
0.0003742718024922411
0.0003664742646813816
0.00035911834209189963
0.0003521707216960202
0.0003456014188224379
0.00033938337528369384
0.0003334921142674461
0.000327905442884017
0.00032260319489081163
0.00031756700742298
0.0003127801266170072
0.00030822723787220045
0.00030389431719497664
0.0002997685006441684
0.00029583796936717813
0.0002920918481063056
0.00028852011537753815
0.0002851135237928718
0.0002818635292217404
0.0002787622276752935
0.00027580229895551487
0.00027297695624468
0.0002702799009236352
0.00026770528200329715
0.000265247659635419
0.00026290197223836963
0.00026066350683335226
0.0002585278722376905
0.00025649097480588896
0.00025454899644718215
0.0002526983746811628
0.0002509357845215679
0.00024925812200305575
0.000247662489187359
0.00024614618050400013
0.00024470667029720947
0.0002433416014650959
0.00024204877508977884
0.00024082614096833428
0.00023967178896423252
0.00023858394110763247
0.00023756094438059014
0.00023660126413006916
0.0002357034780577188
0.00023486627074080485
0.0002340884286435252
0.00023336883558228584
0.00023270646861241876
0.00023210039430734513
0.00023154976540437194
0.00023105381779420277
0.00023061186783388177
0.0002302233099653
0.0002298876146236164
0.0002296043264219979
0.00022937306260099326
0.0002291935117326442
0.00022906543267112322
0.00022898865374329196
0.0002289630721741078
0.00022898865374329196
0.00022906543267112322
0.0002291935117326442
0.00022937306260099326
0.0002296043264219979
0.0002298876146236164
0.0002302233099653
0.00023061186783388177
0.00023105381779420277
0.00023154976540437194
0.00023210039430734513
0.00023270646861241876
0.00023336883558228584
0.0002340884286435252
0.00023486627074080485
0.0002357034780577188
0.00023660126413006916
0.00023756094438059014
0.00023858394110763247
0.00023967178896423252
0.00024082614096833428
0.00024204877508977884
0.0002433416014650959
0.00024470667029720947
0.00024614618050400013
0.000247662489187359
0.00024925812200305575
0.0002509357845215679
0.0002526983746811628
0.00025454899644718215
0.00025649097480588896
0.0002585278722376905
0.00026066350683335226
0.00026290197223836963
0.000265247659635419
0.00026770528200329715
0.0002702799009236352
0.00027297695624468
0.00027580229895551487
0.0002787622276752935
0.0002818635292217404
0.0002851135237928718
0.00028852011537753815
0.0002920918481063056
0.00029583796936717813
0.0002997685006441684
0.00030389431719497664
0.00030822723787220045
0.0003127801266170072
0.00031756700742298
0.00032260319489081163
0.000327905442884017
0.0003334921142674461
0.00033938337528369384
0.0003456014188224379
0.0003521707216960202
0.00035911834209189963
0.0003664742646813816
0.0003742718024922411
0.000382548066689167
0.0003913445179667365
0.0004007076164986346
0.0004106895915086924
0.00042134935680822035
0.0004327536054504755
0.0004449781254912123
0.0004581093904066507
0.00047224649296633974
0.00048750351163032683
0.0005040124257335979
0.000521926732542561
0.0005414259696259313
0.0005627214155842224
0.0005860633394732244
0.0006117503068991637
0.0006401412480132151
0.0006716712792254144
0.0007068726930593739
0.0007464031637043049
0.0007910841807424497
0.0008419542215075029
0.0009003435449264057
0.000967981329076452
0.0010471522357575504
0.0011409302969445875
0.001253536912364675
0.001390903786061541
0.00156158502298162
0.0017782850457463378
0.002060515104587412
0.002439408021366855
0.0029668598207536253
0.0037338132039619132
0.004909013510736217
0.006826665163816721
0.01019951825215455
0.016679941203679566
0.03047309548788284
0.0634434116914412

0.010820646044380287
0.02942496240358942
0.06301249909576032
0.1062638517625567
0.14112126648988935
0.14758677367179301
0.1215487437125255
0.07883182339871708
0.04026249941656883
0.016193769490673922
0.005129124448634812
0.0012793417769567281
0.00025129161038580424
3.887026119467348e-05
4.734836538629878e-06
4.5419315396050314e-07
3.4310278180976176e-08
2.0410608695108736e-09
9.561713706138269e-11
3.527472018534403e-12
1.0248008590582079e-13
2.344571309081477e-15
4.2241124739857756e-17
5.99315572984861e-19
6.696127495869666e-21
5.891690538770275e-23
4.082293286169262e-25
2.2274939852115624e-27
9.57143246321072e-30
3.238809470590696e-32
8.630618577264023e-35
1.8111170079473811e-37
2.9929478953002233e-40
3.894931869945051e-43
3.9916149137178686e-46
3.2214060484474382e-49
2.047341854408776e-52
1.0246683504148095e-55
4.038539558121727e-59
1.2534684937943945e-62
3.0637305379524137e-66
5.897063041557724e-70
8.938590418967546e-74
1.0669654750389389e-77
1.0029510971113785e-81
7.424329033482677e-86
4.327954893563853e-90
1.9868098429041423e-94
7.182538157682154e-99
2.0447849635667828e-103
4.5842195176500675e-108
8.093404207644021e-113
1.125239885321451e-117
1.231989671057802e-122
1.0622263675544697e-127
7.212322708727473e-133
3.8563929966720244e-138
1.6238110124127962e-143
5.384405277744328e-149
1.4060088753147683e-154
2.8912553206720984e-160
4.682015960617809e-166
5.970729506438651e-172
5.996115163716549e-178
4.741989590482089e-184
2.9532437197292174e-190
1.4483917547894649e-196
5.593979372802729e-203
1.7013894651975142e-209
4.0750663108284835e-216
7.686235430669561e-223
1.1416704165026125e-229
1.3354138442619163e-236
1.2300961605341566e-243
8.922988096477126e-251
5.097175961500458e-258
2.29296275750028e-265
8.122924891884186e-273
2.2660836441125058e-280
4.978373736027287e-288
8.612854674999473e-296
1.1734235607165002e-303
1.258955995983e-311
1.0637e-319
0.0
0.0
0.0
0.0
0.0
0.0
0.0
0.0
0.0
0.0
0.0
0.0
0.0
0.0
0.0
0.0
