0.5977814912410193
0.06969283908767404
0.02402605672505641
0.012264342091357237
0.0067524276986999
0.0038358078194121433
0.00223737107797919
0.0013392433442574324
0.0008225450954501463
0.000518297633313888
0.0003349932877338443
0.00022203279511424958
0.00015085870634258888
0.00010502641656898865
7.487787558239658e-05
5.463024241708925e-05
4.075499375070152e-05
3.10590744825925e-05
2.415474869097354e-05
1.9148397277706135e-05
1.5454736613743233e-05
1.2684074294217299e-05
1.0572785202493577e-05
8.939767006639554e-06
7.65875163032536e-06
6.640438716973462e-06
5.820801722304454e-06
5.1533279114746785e-06
4.603799794792286e-06
4.146740192529258e-06
3.762960296113036e-06
3.437848106592758e-06
3.16015981270678e-06
2.9211567793385465e-06
2.713982691682799e-06
2.533209379619762e-06
2.3745023529680587e-06
2.2343721467973067e-06
2.109987770599838e-06
1.9990355223249864e-06
1.8996112365709433e-06
1.8101373861050053e-06
1.7292988111301948e-06
1.6559925213518208e-06
1.5892882110836e-06
1.5283969897625237e-06
1.4726464571023592e-06
1.4214607114332785e-06
1.3743442188410478e-06
1.33086872281973e-06
1.2906625628965305e-06
1.2534019129477012e-06
1.218803557844148e-06
1.1866189094469514e-06
1.156629026240163e-06
1.128640449759792e-06
1.1024817089424304e-06
1.078000373169384e-06
1.0550605580643624e-06
1.0335408064762832e-06
1.01333228164977e-06
9.943372211963932e-07
9.76467609773634e-07
9.596440358512663e-07
9.437947039790509e-07
9.288545788625214e-07
9.147646415370959e-07
9.014712411864322e-07
8.889255288218919e-07
8.770829612392513e-07
8.659028654861044e-07
8.553480555802736e-07
8.453844944731939e-07
8.359809952985929e-07
8.27108956822915e-07
8.187421287497682e-07
8.10856403151259e-07
8.034296288175733e-07
7.964414457762475e-07
7.898731375811478e-07
7.837074993222775e-07
7.779287195632344e-07
7.725222746548945e-07
7.674748340749513e-07
7.627741756169689e-07
7.584091094029582e-07
7.543694098237468e-07
7.506457546245865e-07
7.472296704521054e-07
7.441134842649982e-07
7.412902800865664e-07
7.387538606439684e-07
7.364987134980792e-07
7.345199813203908e-07
7.328134360203318e-07
7.313754564686301e-07
7.302030096006233e-07
7.292936347183542e-07
7.286454308425095e-07
7.282570469952074e-07
7.281276753228615e-07
7.282570469952074e-07
7.286454308425095e-07
7.292936347183542e-07
7.302030096006233e-07
7.313754564686301e-07
7.328134360203318e-07
7.345199813203908e-07
7.364987134980792e-07
7.387538606439684e-07
7.412902800865664e-07
7.441134842649982e-07
7.472296704521054e-07
7.506457546245865e-07
7.543694098237468e-07
7.584091094029582e-07
7.627741756169689e-07
7.674748340749513e-07
7.725222746548945e-07
7.779287195632344e-07
7.837074993222775e-07
7.898731375811478e-07
7.964414457762475e-07
8.034296288175733e-07
8.10856403151259e-07
8.187421287497682e-07
8.27108956822915e-07
8.359809952985929e-07
8.453844944731939e-07
8.553480555802736e-07
8.659028654861044e-07
8.770829612392513e-07
8.889255288218919e-07
9.014712411864322e-07
9.147646415370959e-07
9.288545788625214e-07
9.437947039790509e-07
9.596440358512663e-07
9.76467609773634e-07
9.943372211963932e-07
1.01333228164977e-06
1.0335408064762832e-06
1.0550605580643624e-06
1.078000373169384e-06
1.1024817089424304e-06
1.128640449759792e-06
1.156629026240163e-06
1.1866189094469514e-06
1.218803557844148e-06
1.2534019129477012e-06
1.2906625628965305e-06
1.33086872281973e-06
1.3743442188410478e-06
1.4214607114332785e-06
1.4726464571023592e-06
1.5283969897625237e-06
1.5892882110836e-06
1.6559925213518208e-06
1.7292988111301948e-06
1.8101373861050053e-06
1.8996112365709433e-06
1.9990355223249864e-06
2.109987770599838e-06
2.2343721467973067e-06
2.3745023529680587e-06
2.533209379619762e-06
2.713982691682799e-06
2.9211567793385465e-06
3.16015981270678e-06
3.437848106592758e-06
3.762960296113036e-06
4.146740192529258e-06
4.603799794792286e-06
5.1533279114746785e-06
5.820801722304454e-06
6.640438716973462e-06
7.65875163032536e-06
8.939767006639554e-06
1.0572785202493577e-05
1.2684074294217299e-05
1.5454736613743233e-05
1.9148397277706135e-05
2.415474869097354e-05
3.10590744825925e-05
4.075499375070152e-05
5.463024241708925e-05
7.487787558239658e-05
0.00010502641656898865
0.00015085870634258888
0.00022203279511424958
0.0003349932877338443
0.000518297633313888
0.0008225450954501463
0.0013392433442574324
0.00223737107797919
0.0038358078194121433
0.0067524276986999
0.012264342091357237
0.02402605672505641
0.06969283908767404

2.7038791886467936e-05
0.0024742691823092925
0.04703876037608031
0.18578645576947886
0.15244791567395266
0.025988319145739444
0.0009204159825332186
6.772349626446855e-06
1.0352466876751325e-08
3.651972272585658e-12
6.640043841265398e-09
1.5817785936909657e-05
0.0048860927017668025
0.1957257596701126
1.0253131081630502
0.7914893588818743
0.31815148871439014
0.17320700404052208
0.03352461110737544
0.001901842721439521
3.150459766319628e-05
1.5238752684888388e-07
2.1522910848610188e-10
8.876233035043234e-14
1.0688887035117404e-17
3.7584811962889324e-22
3.85894313758561e-27
1.1569124092551801e-32
1.0127649960148006e-38
2.5887671465534467e-45
1.932205870297739e-52
4.211045256550166e-60
2.6798008672961806e-68
4.979563107373611e-77
2.7018178143447922e-86
4.2805244682526385e-96
1.9802225865148927e-106
2.6748974610660714e-117
1.0550580855956584e-128
1.2151270940233273e-140
4.0864213239834573e-153
4.0127368664732076e-166
1.1505733883198625e-179
9.633055685954764e-194
2.3549946211001406e-208
1.681093508208463e-223
3.5040470218434277e-239
2.13267207663126e-255
3.790132063503366e-272
1.9668022921461902e-289
2.9801846368403487e-307
0.0
0.0
0.0
0.0
0.0
0.0
0.0
0.0
0.0
0.0
0.0
0.0
0.0
0.0
0.0
0.0
0.0
0.0
0.0
0.0
0.0
0.0
0.0
0.0
0.0
0.0
0.0
0.0
0.0
0.0
0.0
0.0
0.0
0.0
0.0
0.0
0.0
0.0
0.0
0.0
0.0
0.0
0.0
0.0
0.0
0.0
0.0
0.0
0.0
