0.07461977473929887
0.06459256943084217
0.05657391449533827
0.05007630567202165
0.04474650010486716
0.040324950217648925
0.03661841603061029
0.03348121380883126
0.03080220421601108
0.028495646468025958
0.026494690389005777
0.024746690844361822
0.023209796202857184
0.021850437680177512
0.02064146269697011
0.01956073346143196
0.018590065001494026
0.017714413258930847
0.01692124909259283
0.016200071713895273
0.015542027578246598
0.014939609678505163
0.014386418611775538
0.013876971457445857
0.013406547921604926
0.012971065725167574
0.012566979088795274
0.012191195572927234
0.011841007591387412
0.011514035722267864
0.011208181555394806
0.010921588289272586
0.010652607656937565
0.01039977204548848
0.010161770897427055
0.009937430657744313
0.009725697669773704
0.009525623533421762
0.009336352527744498
0.009157110770761777
0.0089871968465887
0.008825973676273913
0.008672861446395029
0.008527331440211774
0.00838890064138347
0.008257127000997613
0.008131605275783696
0.00801196335958102
0.007897859041932976
0.007788977137529073
0.007685026938459231
0.007585739948166474
0.007490867861813153
0.007400180762699006
0.007313465508539581
0.007230524284955285
0.007151173306537667
0.007075241648434831
0.007002570193602264
0.006933010682756908
0.0068664248556991
0.006802683674069604
0.00674166661682062
0.006683261040729154
0.00662736159919152
0.006573869713329716
0.006522693090130221
0.006473745282938242
0.006426945290157309
0.006382217188465961
0.006339489797268803
0.006298696371455892
0.006259774319858822
0.0062226649470694
0.00618731321653222
0.006153667533039947
0.00612167954295302
0.006091303950637133
0.0060624983497645345
0.006035223068261566
0.00600944102580659
0.005985117602891632
0.005962220520558699
0.005940719730009893
0.005920587311369443
0.005901797380947295
0.005884326006418563
0.005868151129391746
0.0058532524948918495
0.005839611587333209
0.005827211572601163
0.0058160372459025314
0.005806074985082333
0.005797312709138979
0.005789739841702329
0.005783347279269113
0.005778127364018519
0.005774073861057314
0.005771181939969287
0.0057694481605679235
0.005768870462774705
0.0057694481605679235
0.005771181939969287
0.005774073861057314
0.005778127364018519
0.005783347279269113
0.005789739841702329
0.005797312709138979
0.005806074985082333
0.0058160372459025314
0.005827211572601163
0.005839611587333209
0.0058532524948918495
0.005868151129391746
0.005884326006418563
0.005901797380947295
0.005920587311369443
0.005940719730009893
0.005962220520558699
0.005985117602891632
0.00600944102580659
0.006035223068261566
0.0060624983497645345
0.006091303950637133
0.00612167954295302
0.006153667533039947
0.00618731321653222
0.0062226649470694
0.006259774319858822
0.006298696371455892
0.006339489797268803
0.006382217188465961
0.006426945290157309
0.006473745282938242
0.006522693090130221
0.006573869713329716
0.00662736159919152
0.006683261040729154
0.00674166661682062
0.006802683674069604
0.0068664248556991
0.006933010682756908
0.007002570193602264
0.007075241648434831
0.007151173306537667
0.007230524284955285
0.007313465508539581
0.007400180762699006
0.007490867861813153
0.007585739948166474
0.007685026938459231
0.007788977137529073
0.007897859041932976
0.00801196335958102
0.008131605275783696
0.008257127000997613
0.00838890064138347
0.008527331440211774
0.008672861446395029
0.008825973676273913
0.0089871968465887
0.009157110770761777
0.009336352527744498
0.009525623533421762
0.009725697669773704
0.009937430657744313
0.010161770897427055
0.01039977204548848
0.010652607656937565
0.010921588289272586
0.011208181555394806
0.011514035722267864
0.011841007591387412
0.012191195572927234
0.012566979088795274
0.012971065725167574
0.013406547921604926
0.013876971457445857
0.014386418611775538
0.014939609678505163
0.015542027578246598
0.016200071713895273
0.01692124909259283
0.017714413258930847
0.018590065001494026
0.01956073346143196
0.02064146269697011
0.021850437680177512
0.023209796202857184
0.024746690844361822
0.026494690389005777
0.028495646468025958
0.03080220421601108
0.03348121380883126
0.03661841603061029
0.040324950217648925
0.04474650010486716
0.05007630567202165
0.05657391449533827
0.06459256943084217

0.2869240875023258
0.18064652437565026
0.03214682528793496
0.0016169345773659508
2.298754992078023e-05
9.237167122364064e-08
1.0491335984780287e-10
3.36797352238879e-14
3.0559934589754252e-18
7.837581154166079e-23
5.68142868753523e-28
1.1640695998460556e-33
6.741339730901214e-40
1.103467023718054e-46
5.1052660918012726e-54
6.676106949261953e-62
2.4675960503604086e-70
2.5779276593867097e-79
7.612253887735466e-89
6.3533339214351035e-99
1.498773403013597e-109
9.993466294353723e-121
1.883398434780687e-132
1.0032614777597861e-144
1.5105390166855654e-157
6.428292600178114e-171
7.73223784210781e-185
2.6288187933076247e-199
2.526166525759165e-214
6.861343781730096e-230
5.267472322396254e-246
1.142986822583822e-262
7.010129861958277e-280
1.2152252417916522e-297
5.95433653e-316
0.0
0.0
0.0
0.0
0.0
0.0
0.0
0.0
0.0
0.0
0.0
0.0
0.0
0.0
0.0
0.0
0.0
0.0
0.0
0.0
0.0
0.0
0.0
0.0
0.0
0.0
0.0
0.0
0.0
0.0
0.0
0.0
0.0
0.0
0.0
0.0
0.0
0.0
0.0
0.0
0.0
0.0
0.0
0.0
0.0
0.0
0.0
0.0
0.0
0.0
0.0
0.0
0.0
0.0
0.0
0.0
0.0
0.0
0.0
0.0
0.0
0.0
0.0
0.0
0.0
