1.6184397697053388
0.16780452675749497
0.03450110869116011
0.012410392032733994
0.006297936044176636
0.0038970371777190564
0.00272330884998024
0.002060153145610336
0.0016451619998117555
0.0013652380514077918
0.0011654365133053207
0.0010164664606804878
0.0009015143463855658
0.0008103318513516526
0.0007363562979931927
0.0006752088592726997
0.0006238649268081472
0.000580172803561597
0.0005425624919538507
0.0005098629711046283
0.000481183849891907
0.00045583654802144164
0.0004332804919355796
0.000413085571454008
0.0003949054230334719
0.0003784580784482745
0.0003635117225689404
0.00034987405813753533
0.00033738425826228003
0.0003259068028188967
0.0003153267049507706
0.00030554577607897306
0.0002964796756802969
0.00028805556040036615
0.00028021019540578143
0.00027288842551581084
0.00026604192876542477
0.00025962819345679824
0.00025360967338500847
0.0002479530861122663
0.00024262882685067077
0.00023761047636028268
0.00023287438575279572
0.000228399324555112
0.00022416618108258757
0.00022015770628331556
0.00021635829387961096
0.00021275379095338497
0.00020933133417559035
0.00020607920772501307
0.00020298671962314452
0.0002000440937641434
0.00019724237536859648
0.00019457334795765035
0.00019202946024630667
0.0001896037616040163
0.00018728984493723836
0.00018508179602036746
0.00018297414844475784
0.0001809618434756198
0.00017904019420744892
0.00017720485349371744
0.0001754517851985078
0.00017377723837882226
0.00017217772405824725
0.00017064999429698932
0.0001691910233012328
0.00016779799034732538
0.00016646826432429476
0.00016519938972235472
0.0001639890739159325
0.00016283517560784143
0.00016173569431694417
0.00016068876080531786
0.0001596926283528841
0.00015874566479789058
0.00015784634527078235
0.00015699324555702704
0.0001561850360315261
0.0001554204761134723
0.00015469840919602165
0.00015401775801001958
0.0001533775203853492
0.00015277676537731594
0.0001522146297289118
0.0001516903146428653
0.0001512030828401292
0.00015075225588391934
0.00015033721175063974
0.00014995738263102966
0.00014961225294668834
0.0001493013575687815
0.00014902428022724212
0.00014878065210016214
0.00014857015057434368
0.00014839249816915855
0.0001482474616169649
0.00014813485109435877
0.0001480545195995125
0.00014800636247177732
0.00014799031705061417
0.00014800636247177732
0.0001480545195995125
0.00014813485109435877
0.0001482474616169649
0.00014839249816915855
0.00014857015057434368
0.00014878065210016214
0.00014902428022724212
0.0001493013575687815
0.00014961225294668834
0.00014995738263102966
0.00015033721175063974
0.00015075225588391934
0.0001512030828401292
0.0001516903146428653
0.0001522146297289118
0.00015277676537731594
0.0001533775203853492
0.00015401775801001958
0.00015469840919602165
0.0001554204761134723
0.0001561850360315261
0.00015699324555702704
0.00015784634527078235
0.00015874566479789058
0.0001596926283528841
0.00016068876080531786
0.00016173569431694417
0.00016283517560784143
0.0001639890739159325
0.00016519938972235472
0.00016646826432429476
0.00016779799034732538
0.0001691910233012328
0.00017064999429698932
0.00017217772405824725
0.00017377723837882226
0.0001754517851985078
0.00017720485349371744
0.00017904019420744892
0.0001809618434756198
0.00018297414844475784
0.00018508179602036746
0.00018728984493723836
0.0001896037616040163
0.00019202946024630667
0.00019457334795765035
0.00019724237536859648
0.0002000440937641434
0.00020298671962314452
0.00020607920772501307
0.00020933133417559035
0.00021275379095338497
0.00021635829387961096
0.00022015770628331556
0.00022416618108258757
0.000228399324555112
0.00023287438575279572
0.00023761047636028268
0.00024262882685067077
0.0002479530861122663
0.00025360967338500847
0.00025962819345679824
0.00026604192876542477
0.00027288842551581084
0.00028021019540578143
0.00028805556040036615
0.0002964796756802969
0.00030554577607897306
0.0003153267049507706
0.0003259068028188967
0.00033738425826228003
0.00034987405813753533
0.0003635117225689404
0.0003784580784482745
0.0003949054230334719
0.000413085571454008
0.0004332804919355796
0.00045583654802144164
0.000481183849891907
0.0005098629711046283
0.0005425624919538507
0.000580172803561597
0.0006238649268081472
0.0006752088592726997
0.0007363562979931927
0.0008103318513516526
0.0009015143463855658
0.0010164664606804878
0.0011654365133053207
0.0013652380514077918
0.0016451619998117555
0.002060153145610336
0.00272330884998024
0.0038970371777190564
0.006297936044176636
0.012410392032733994
0.03450110869116011
0.16780452675749497

0.007104312979280382
0.015315325476706755
0.030347202198249292
0.05527126390565702
0.09252702445732157
0.14237280920471057
0.20136250336475142
0.26178237804127635
0.31289545666089685
0.34484802197517844
0.3705916528621796
0.5460621329350863
1.1184010966916076
1.4500861479258818
0.8964755060819739
0.3891294527365079
0.29555393354324394
0.31792311747075247
0.32523746957431404
0.29387778978093604
0.23015192476906093
0.15500800162244943
0.08947356126778377
0.04419351127673147
0.018664858207100343
0.006738070368633656
0.0020787931036466284
0.0005480392581209933
0.00012345784183404954
2.3764523016957314e-05
3.9088892372302055e-06
5.494391807320293e-07
6.600631684159869e-08
6.778980301788485e-09
5.955020204541257e-10
4.4793268229800636e-11
2.8918019095460146e-12
1.6107386202558703e-13
7.834245242237439e-15
3.418987310340059e-16
1.4159303095434887e-17
6.074359747232494e-19
2.8990907038968334e-20
1.5190386547673008e-21
8.133927616527297e-23
4.193040917217174e-24
2.020193111647022e-25
8.994003080469429e-27
3.6861310905403513e-28
1.3891702371490842e-29
4.812519661256349e-31
1.5324556090055313e-32
4.485322699685018e-34
1.2066690661345746e-35
2.9838089884229745e-37
6.781755786707718e-39
1.4167771860164843e-40
2.7205031995818707e-42
4.80159144944118e-44
7.789497565725963e-46
1.1615073562821014e-47
1.5919255789675132e-49
2.0054499827871724e-51
2.3221442069530464e-53
2.4714669956434346e-55
2.4177351343628193e-57
2.1739567798929476e-59
1.7967239927910192e-61
1.3648977138825716e-63
9.530312095231983e-66
6.116492072278367e-68
3.608161672187706e-70
1.9564008289124394e-72
9.750299698267536e-75
4.4664900341319995e-77
1.8806286638985886e-79
7.278267455409926e-82
2.5890548284044167e-84
8.465307962595822e-87
2.5440904876563936e-89
7.027658085374476e-92
1.7843373687856412e-94
4.164200150666582e-97
8.932530293903505e-100
1.7611878370052856e-102
3.1917225707340434e-105
5.316586322031499e-108
8.140083915305292e-111
1.145547684789776e-113
1.4817868603549764e-116
1.7617593472622628e-119
1.9252880131887956e-122
1.933895963857074e-125
1.7854956013658303e-128
1.5152096925971306e-131
1.1818843242801433e-134
8.473551683695842e-138
5.583985354048155e-141
3.382293849397899e-144
1.883070928882954e-147
