0.3757123688803804
0.08429550735216522
0.026390376898142588
0.011005327215294153
0.00574580163514469
0.0035324290672694566
0.0024346269076839363
0.0018166878228872158
0.0014336406254610696
0.001178043174448925
0.0009975111842034578
0.0008641955673268693
0.000762200886668756
0.0006819059173077253
0.0006171951312508731
0.0005640181057348441
0.0005195969060548494
0.0004819685519482383
0.0004497097080718121
0.000421764917452359
0.0003973359794769139
0.0003758086828788847
0.0003567030582831462
0.0003396388426569611
0.00032431102239115846
0.00031047220042478756
0.0002979196753590975
0.00028648583269602303
0.0002760309023525653
0.00026643743203006657
0.00025760602189747283
0.0002494519981866188
0.0002419027938683808
0.0002348958675787278
0.00022837703638851269
0.00022229912973730293
0.00021662089477885664
0.000211306100138359
0.00020632279744938652
0.00020164270925823185
0.00019724071881890043
0.00019309444256445792
0.00018918387006553058
0.00018549105938908577
0.00018199987817899845
0.00017869578266237313
0.0001755656282665304
0.00017259750670381457
0.00016978060531470883
0.0001671050852069985
0.00016456197533017532
0.00016214308011082895
0.00015984089867028225
0.00015764855396871192
0.000155559730484931
0.00015356861925924006
0.00015166986930725097
0.00014985854456245272
0.00014813008563018806
0.0001464802757401803
0.000144905210372428
0.00014340127010512374
0.00014196509629563046
0.0001405935692584105
0.00013928378864873126
0.0001380330557992712
0.00013683885778948814
0.0001356988530556702
0.00013461085837370324
0.00013357283706736994
0.00013258288831292375
0.0001316392374262308
0.00013074022703224157
0.00012988430902828222
0.00012907003726287435
0.00012829606086072013
0.00012756111813230604
0.0001268640310134367
0.00012620369998603943
0.0001255790994368934
0.00012498927341562705
0.0001244333317574776
0.00012391044653998866
0.0001234198488460885
0.00012296082580890848
0.0001225327179162986
0.00012213491655532717
0.00012176686177913781
0.00012142804028041865
0.00012111798355743402
0.00012083626626010497
0.00012058250470502097
0.00012035635554954063
0.00012015751461630317
0.00011998571586055058
0.00011984073047365318
0.00011972236611715763
0.00011963046628254555
0.00011956490977270824
0.00011952561030192432
0.00011951251621187097
0.00011952561030192432
0.00011956490977270824
0.00011963046628254555
0.00011972236611715763
0.00011984073047365318
0.00011998571586055058
0.00012015751461630317
0.00012035635554954063
0.00012058250470502097
0.00012083626626010497
0.00012111798355743402
0.00012142804028041865
0.00012176686177913781
0.00012213491655532717
0.0001225327179162986
0.00012296082580890848
0.0001234198488460885
0.00012391044653998866
0.0001244333317574776
0.00012498927341562705
0.0001255790994368934
0.00012620369998603943
0.0001268640310134367
0.00012756111813230604
0.00012829606086072013
0.00012907003726287435
0.00012988430902828222
0.00013074022703224157
0.0001316392374262308
0.00013258288831292375
0.00013357283706736994
0.00013461085837370324
0.0001356988530556702
0.00013683885778948814
0.0001380330557992712
0.00013928378864873126
0.0001405935692584105
0.00014196509629563046
0.00014340127010512374
0.000144905210372428
0.0001464802757401803
0.00014813008563018806
0.00014985854456245272
0.00015166986930725097
0.00015356861925924006
0.000155559730484931
0.00015764855396871192
0.00015984089867028225
0.00016214308011082895
0.00016456197533017532
0.0001671050852069985
0.00016978060531470883
0.00017259750670381457
0.0001755656282665304
0.00017869578266237313
0.00018199987817899845
0.00018549105938908577
0.00018918387006553058
0.00019309444256445792
0.00019724071881890043
0.00020164270925823185
0.00020632279744938652
0.000211306100138359
0.00021662089477885664
0.00022229912973730293
0.00022837703638851269
0.0002348958675787278
0.0002419027938683808
0.0002494519981866188
0.00025760602189747283
0.00026643743203006657
0.0002760309023525653
0.00028648583269602303
0.0002979196753590975
0.00031047220042478756
0.00032431102239115846
0.0003396388426569611
0.0003567030582831462
0.0003758086828788847
0.0003973359794769139
0.000421764917452359
0.0004497097080718121
0.0004819685519482383
0.0005195969060548494
0.0005640181057348441
0.0006171951312508731
0.0006819059173077253
0.000762200886668756
0.0008641955673268693
0.0009975111842034578
0.001178043174448925
0.0014336406254610696
0.0018166878228872158
0.0024346269076839363
0.0035324290672694566
0.00574580163514469
0.011005327215294153
0.026390376898142588
0.08429550735216522

0.005706662224018492
0.013479618754967952
0.028494695276899983
0.05390653173570288
0.09126615008427913
0.13828307775746537
0.18750778746227634
0.2275414638259213
0.24711138348692221
0.24016843205476957
0.20889596894697107
0.16260547423494254
0.11327425937996116
0.07061846388157729
0.03940000415260965
0.019672757334389463
0.00879073459657855
0.0035154106808270437
0.001258108027936533
0.0004029496337461299
0.00011549802642376481
2.9627112547936377e-05
6.801348951678982e-06
1.3973067393247822e-06
2.569090576166372e-07
4.2272510878412534e-08
6.224832061525969e-09
8.203292551065897e-10
9.674749449700726e-11
1.0211327841499317e-11
9.645298637761208e-13
8.153425438529004e-14
6.168158078306504e-15
4.176013103972483e-16
2.5302251971861335e-17
1.371979006473876e-18
6.657738326555265e-20
2.891325215219214e-21
1.1237200548904154e-22
3.9085015261944726e-24
1.2166156707479268e-25
3.389124262110024e-27
8.449140752955471e-29
1.8850746953563204e-30
3.763878089572672e-32
6.7256381708121124e-34
1.0755297212017403e-35
1.5392256760190247e-37
1.9713927201398524e-39
2.2596176782376843e-41
2.3178629057489705e-43
2.127803372032694e-45
1.748099733006076e-47
1.2852626477376902e-49
8.456848143275867e-52
4.9798486562382523e-54
2.6243075045599647e-56
1.2376682971131693e-58
5.22377878167749e-61
1.9731325158562104e-63
6.669890377020232e-66
2.017772063629993e-68
5.4628148299219734e-71
1.3235849511541352e-73
2.8699750932851244e-76
5.56923316850687e-79
9.671718335781011e-82
1.5031518156064287e-84
2.0907062489773777e-87
2.6024006275253444e-90
2.898986939599633e-93
2.8900764339381933e-96
2.57847761083957e-99
2.0587725395837417e-102
1.4711072478108217e-105
9.407435937237412e-109
5.383803122866713e-112
2.7573889868805353e-115
1.2638567998958642e-118
5.184282611521125e-122
1.9031386675134965e-125
6.252348314924104e-129
1.8382596798359997e-132
4.836837811139418e-136
1.1389565442282452e-139
2.4001796534904243e-143
4.5265915832322857e-147
7.63993809106481e-151
1.153982793421265e-154
1.5599109020141207e-158
1.8870839437939914e-162
2.043024674055235e-166
1.9794610937269216e-170
1.7163715003114064e-174
1.3318845627704748e-178
9.249384679008484e-183
5.748440822373688e-187
3.197262204580485e-191
1.5914661616556758e-195
7.089368155580767e-200
