0.8839238247585632
0.2418356909036411
0.11352644793086528
0.0561384855209394
0.02835554789718487
0.014584005969115724
0.007634623816351378
0.004067610427725585
0.002205597034976791
0.0012171575045046964
0.0006835978031701821
0.00039073946559615665
0.00022730336205398362
0.00013457213789693767
8.10836267814776e-05
4.9720648437805334e-05
3.102853199590131e-05
1.97060380736544e-05
1.2736217636386165e-05
8.376632013099025e-06
5.606149518543679e-06
3.817652741920789e-06
2.644992292216886e-06
1.8642122462722847e-06
1.3364116926365252e-06
9.74253017750399e-07
7.220737848860899e-07
5.439244325038009e-07
4.162814493906616e-07
3.2355382042381616e-07
2.552770729354632e-07
2.04340510787308e-07
1.658536791989003e-07
1.364133563263711e-07
1.1362368700614354e-07
9.577906142876073e-08
8.165189351004121e-08
7.034920714542489e-08
6.121468891717974e-08
5.3761110180946e-08
4.7623237956372806e-08
4.252470415777572e-08
3.825447518527093e-08
3.464998617224128e-08
3.1584944021272184e-08
2.8960430081457296e-08
2.6698354978818243e-08
2.4736604282612174e-08
2.3025409565655866e-08
2.152461460425018e-08
2.0201600524120042e-08
1.902969966340588e-08
1.798697454221124e-08
1.7055271522650308e-08
1.621948255281328e-08
1.546696558809907e-08
1.4787086795249935e-08
1.4170856807693642e-08
1.3610640055939321e-08
1.3099921208614164e-08
1.2633116501384304e-08
1.2205420541351693e-08
1.1812681297831133e-08
1.1451297603856981e-08
1.1118134725624498e-08
1.0810454504224269e-08
1.0525857305525373e-08
1.026223358190269e-08
1.0017723292496622e-08
9.790681775961952e-09
9.5796509431724e-09
9.383334873749957e-09
9.200579114792129e-09
9.030352804420545e-09
8.871733841889701e-09
8.723895675217177e-09
8.58609618733335e-09
8.457668051562684e-09
8.338010387725141e-09
8.226581525984339e-09
8.12289271723828e-09
8.026502654914632e-09
7.937012694561277e-09
7.85406267546472e-09
7.777327263366496e-09
7.706512745727338e-09
7.641354221354577e-09
7.581613134915794e-09
7.527075114204274e-09
7.47754807423452e-09
7.432860557524526e-09
7.392860284424472e-09
7.357412891210796e-09
7.326400836989253e-09
7.299722463331329e-09
7.2772911930812345e-09
7.2590348569798586e-09
7.24489513871153e-09
7.234827130736476e-09
7.2287989948661236e-09
7.226791723006331e-09
7.2287989948661236e-09
7.234827130736476e-09
7.24489513871153e-09
7.2590348569798586e-09
7.2772911930812345e-09
7.299722463331329e-09
7.326400836989253e-09
7.357412891210796e-09
7.392860284424472e-09
7.432860557524526e-09
7.47754807423452e-09
7.527075114204274e-09
7.581613134915794e-09
7.641354221354577e-09
7.706512745727338e-09
7.777327263366496e-09
7.85406267546472e-09
7.937012694561277e-09
8.026502654914632e-09
8.12289271723828e-09
8.226581525984339e-09
8.338010387725141e-09
8.457668051562684e-09
8.58609618733335e-09
8.723895675217177e-09
8.871733841889701e-09
9.030352804420545e-09
9.200579114792129e-09
9.383334873749957e-09
9.5796509431724e-09
9.790681775961952e-09
1.0017723292496622e-08
1.026223358190269e-08
1.0525857305525373e-08
1.0810454504224269e-08
1.1118134725624498e-08
1.1451297603856981e-08
1.1812681297831133e-08
1.2205420541351693e-08
1.2633116501384304e-08
1.3099921208614164e-08
1.3610640055939321e-08
1.4170856807693642e-08
1.4787086795249935e-08
1.546696558809907e-08
1.621948255281328e-08
1.7055271522650308e-08
1.798697454221124e-08
1.902969966340588e-08
2.0201600524120042e-08
2.152461460425018e-08
2.3025409565655866e-08
2.4736604282612174e-08
2.6698354978818243e-08
2.8960430081457296e-08
3.1584944021272184e-08
3.464998617224128e-08
3.825447518527093e-08
4.252470415777572e-08
4.7623237956372806e-08
5.3761110180946e-08
6.121468891717974e-08
7.034920714542489e-08
8.165189351004121e-08
9.577906142876073e-08
1.1362368700614354e-07
1.364133563263711e-07
1.658536791989003e-07
2.04340510787308e-07
2.552770729354632e-07
3.2355382042381616e-07
4.162814493906616e-07
5.439244325038009e-07
7.220737848860899e-07
9.74253017750399e-07
1.3364116926365252e-06
1.8642122462722847e-06
2.644992292216886e-06
3.817652741920789e-06
5.606149518543679e-06
8.376632013099025e-06
1.2736217636386165e-05
1.97060380736544e-05
3.102853199590131e-05
4.9720648437805334e-05
8.10836267814776e-05
0.00013457213789693767
0.00022730336205398362
0.00039073946559615665
0.0006835978031701821
0.0012171575045046964
0.002205597034976791
0.004067610427725585
0.007634623816351378
0.014584005969115724
0.02835554789718487
0.0561384855209394
0.11352644793086528
0.2418356909036411

2.1187293748144002e-07
0.0003427011752435996
0.05437583730345456
0.8463157527543692
1.2920964748722747
0.19350582007990055
0.002846069227995865
4.339415565536777e-05
0.00033864007643012316
0.0021089485218789587
0.009421589084408115
0.0301309454598491
0.06896703433903524
0.11313373329653181
0.1336770955330504
0.11588535279531342
0.07914756361672774
0.05400442424830629
0.05290613881142104
0.0705612633825635
0.09761988440456869
0.12646125728694824
0.15064003249126165
0.16463829812868802
0.16505996521687036
0.1517983188206913
0.12805784194851239
0.09909674434808237
0.07034392307665638
0.045804460713046606
0.027359172257441288
0.014990362110287661
0.007534167729679648
0.0034735410490888494
0.0014690060256586275
0.0005698869464586802
0.00020279994460239945
6.620045055400849e-05
1.9822939200125577e-05
5.444890410949106e-06
1.3719055969929538e-06
3.170832516447171e-07
6.72258603459402e-08
1.3074148854351728e-08
2.3324077301275064e-09
3.816888816805315e-10
5.729655854391045e-11
7.88971936414126e-12
9.965717330973006e-13
1.154701058823864e-13
1.2272825350530845e-14
1.1965573931056737e-15
1.0701299167803493e-16
8.779170165238484e-18
6.606697450064685e-19
4.560677484897708e-20
2.887940854821262e-21
1.6774949375615426e-22
8.938160158723525e-24
4.368667954685728e-25
1.9586819993402004e-26
8.055505857171501e-28
3.0390349451080815e-29
1.051701663039505e-30
3.338592534355131e-32
9.721835441720084e-34
2.596851431494838e-35
6.362970836053928e-37
1.4301669973699217e-38
2.948679441431683e-40
5.576765232472777e-42
9.67500399592752e-44
1.5396922878699937e-45
2.2476604634104224e-47
3.0098265497063566e-49
3.6971427699598883e-51
4.1658628246727896e-53
4.3058381290347714e-55
4.082483364340944e-57
3.5506277152872394e-59
2.8326951846683716e-61
2.0730440971126787e-63
1.3916538549359032e-65
8.56974509364161e-68
4.8408159590161484e-70
2.5083216682555715e-72
1.1922350313234403e-74
5.198218346553041e-77
2.0790318729762833e-79
7.627492120008469e-82
2.5669439060872636e-84
7.9243742788661525e-87
2.2440243825396805e-89
5.829135540571155e-92
1.3889759518049293e-94
3.0359826822713946e-97
6.087203822575466e-100
1.1195677716926947e-102
1.888847619346424e-105
2.9231927207855512e-108
