0.5914053208567573
0.06214336831258935
0.007286948981757108
0.0009535380899465215
0.00013924247641936978
2.269064248130645e-05
4.126322245665916e-06
8.373758561915657e-07
1.8963441836320963e-07
4.7923382198833686e-08
1.3514952041229933e-08
4.251972743907834e-09
1.491987711824282e-09
5.833632609717216e-10
2.5368096106135067e-10
1.2227053660548748e-10
6.496379151660425e-11
3.775926103919676e-11
2.3783683368442017e-11
1.6065522474486185e-11
1.1515594483956821e-11
8.67294805939502e-12
6.80383977805642e-12
5.5188591523459655e-12
4.600680790925976e-12
3.922357362838279e-12
3.40661453225544e-12
3.0046351814356688e-12
2.6845325815046264e-12
2.4248444061310434e-12
2.2107301255276123e-12
2.0316762798808377e-12
1.880070600840628e-12
1.7502919769240172e-12
1.6381152361329679e-12
1.5403129975625924e-12
1.4543838024974635e-12
1.378362927888137e-12
1.3106884253806376e-12
1.2501047319885125e-12
1.1955922810782482e-12
1.1463153924404855e-12
1.1015832029125733e-12
1.0608200279496761e-12
1.023542630761871e-12
9.89342611019005e-13
9.578726301063692e-13
9.288355413267047e-13
9.019757410647692e-13
8.770722334774188e-13
8.539330285449582e-13
8.323905860319592e-13
8.122980861100202e-13
7.935263580380181e-13
7.759613362307697e-13
7.59501941700809e-13
7.440583086724576e-13
7.295502928997343e-13
7.159062111454592e-13
7.030617713318883e-13
6.909591607423177e-13
6.795462658506584e-13
6.687760022656897e-13
6.586057371879381e-13
6.489967899096467e-13
6.399139984099552e-13
6.313253421372761e-13
6.232016127287335e-13
6.155161257699995e-13
6.082444678086135e-13
6.0136427374755e-13
5.948550305010543e-13
5.88697903421484e-13
5.828755825278511e-13
5.773721460030572e-13
5.721729387927345e-13
5.672644644465679e-13
5.626342886029781e-13
5.582709527382551e-13
5.541638969883316e-13
5.503033910108206e-13
5.466804719912105e-13
5.432868890139207e-13
5.401150531193621e-13
5.371579924547302e-13
5.344093120011627e-13
5.31863157424852e-13
5.295141826562398e-13
5.273575208507746e-13
5.253887584279506e-13
5.236039119233675e-13
5.219994074221202e-13
5.205720623715934e-13
5.193190695982661e-13
5.182379833769064e-13
5.173267074219688e-13
5.165834846904719e-13
5.16006888903452e-13
5.155958177095301e-13
5.153494874294679e-13
5.152674293350569e-13
5.153494874294679e-13
5.155958177095301e-13
5.16006888903452e-13
5.165834846904719e-13
5.173267074219688e-13
5.182379833769064e-13
5.193190695982661e-13
5.205720623715934e-13
5.219994074221202e-13
5.236039119233675e-13
5.253887584279506e-13
5.273575208507746e-13
5.295141826562398e-13
5.31863157424852e-13
5.344093120011627e-13
5.371579924547302e-13
5.401150531193621e-13
5.432868890139207e-13
5.466804719912105e-13
5.503033910108206e-13
5.541638969883316e-13
5.582709527382551e-13
5.626342886029781e-13
5.672644644465679e-13
5.721729387927345e-13
5.773721460030572e-13
5.828755825278511e-13
5.88697903421484e-13
5.948550305010543e-13
6.0136427374755e-13
6.082444678086135e-13
6.155161257699995e-13
6.232016127287335e-13
6.313253421372761e-13
6.399139984099552e-13
6.489967899096467e-13
6.586057371879381e-13
6.687760022656897e-13
6.795462658506584e-13
6.909591607423177e-13
7.030617713318883e-13
7.159062111454592e-13
7.295502928997343e-13
7.440583086724576e-13
7.59501941700809e-13
7.759613362307697e-13
7.935263580380181e-13
8.122980861100202e-13
8.323905860319592e-13
8.539330285449582e-13
8.770722334774188e-13
9.019757410647692e-13
9.288355413267047e-13
9.578726301063692e-13
9.89342611019005e-13
1.023542630761871e-12
1.0608200279496761e-12
1.1015832029125733e-12
1.1463153924404855e-12
1.1955922810782482e-12
1.2501047319885125e-12
1.3106884253806376e-12
1.378362927888137e-12
1.4543838024974635e-12
1.5403129975625924e-12
1.6381152361329679e-12
1.7502919769240172e-12
1.880070600840628e-12
2.0316762798808377e-12
2.2107301255276123e-12
2.4248444061310434e-12
2.6845325815046264e-12
3.0046351814356688e-12
3.40661453225544e-12
3.922357362838279e-12
4.600680790925976e-12
5.5188591523459655e-12
6.80383977805642e-12
8.67294805939502e-12
1.1515594483956821e-11
1.6065522474486185e-11
2.3783683368442017e-11
3.775926103919676e-11
6.496379151660425e-11
1.2227053660548748e-10
2.5368096106135067e-10
5.833632609717216e-10
1.491987711824282e-09
4.251972743907834e-09
1.3514952041229933e-08
4.7923382198833686e-08
1.8963441836320963e-07
8.373758561915657e-07
4.126322245665916e-06
2.269064248130645e-05
0.00013924247641936978
0.0009535380899465215
0.007286948981757108
0.06214336831258935

2.0372757926232652e-11
1.186086566227751e-09
4.7600119558182196e-08
1.316815088851731e-06
2.511115214114274e-05
0.00033009092037297847
0.0029910633552369483
0.018682833350657135
0.08044238938995575
0.23875489170808628
0.4884776402357724
0.6889095319322831
0.6697377718108162
0.4488202944397311
0.2073314924729387
0.06602116079134535
0.01449192681141452
0.002192775663217376
0.00022871116557901
1.6443930256997435e-05
8.149838062526837e-07
2.784308972229958e-08
6.557087342258519e-10
1.0644606332726394e-11
1.1911688696885654e-13
9.188447949084096e-16
4.885804422422201e-18
1.7908330113197042e-20
4.524798029876075e-23
7.880765417419105e-26
9.461558875293794e-29
7.830366438660117e-32
4.467109216224283e-35
1.7566941267743934e-38
4.7620156924525073e-42
8.898372650513664e-46
1.1461869272458619e-49
1.0177131978293939e-53
6.229030487567133e-58
2.628092220876821e-62
7.643386821978401e-67
1.532343646500243e-71
2.1176374023524762e-76
2.0173075795506065e-81
1.3247006085715506e-86
5.996370316593917e-92
1.8710450731757565e-97
4.0244371377815266e-103
5.966932715177808e-109
6.098488757068862e-115
4.296535540977493e-121
2.0866023108715415e-127
6.985315939994537e-134
1.6119720881827952e-140
2.5642128708657657e-147
2.8117436836257057e-154
2.1253109260940473e-161
1.1073739830864947e-168
3.977326566713687e-176
9.847211834070732e-184
1.680584695890918e-191
1.9771181473473898e-199
1.603355901562755e-207
8.962978222431198e-216
3.453821129115062e-224
9.174289429579398e-233
1.679848540707696e-241
2.1202785023507865e-250
1.8447638852276934e-259
1.1064040580878029e-268
4.5741649990957215e-278
1.3035718906495387e-287
2.5608447005019806e-297
3.4678203527010715e-307
3.237092e-317
0.0
0.0
0.0
0.0
0.0
0.0
0.0
0.0
0.0
0.0
0.0
0.0
0.0
0.0
0.0
0.0
0.0
0.0
0.0
0.0
0.0
0.0
0.0
0.0
0.0
