1.1784200746802478
0.14415316200802306
0.02656692876525243
0.006001166637279354
0.0015421804146455165
0.00044302416471571403
0.0001417561787337035
5.047053126802976e-05
1.99747228651073e-05
8.77128255229923e-06
4.2593133139509626e-06
2.275212880581107e-06
1.3271470382747948e-06
8.376873248916227e-07
5.664025545495208e-07
4.0607698395062376e-07
3.057464514668876e-07
2.3971145934008004e-07
1.9429006375566667e-07
1.618283177828137e-07
1.3784734972154028e-07
1.1961731966360767e-07
1.0541214172739088e-07
9.410369185568007e-08
8.493238113325692e-08
7.737288391195462e-08
7.105302808702217e-08
6.570335768299476e-08
6.112492459379396e-08
5.716821434064667e-08
5.371904570549498e-08
5.068894114250841e-08
4.800842566651847e-08
4.5622280610718543e-08
4.348613124016498e-08
4.156395269141779e-08
3.982622498520745e-08
3.8248549743666366e-08
3.681060100170216e-08
3.5495320694857785e-08
3.428829546659433e-08
3.3177269334478206e-08
3.215175920900371e-08
3.120274903443186e-08
3.032244457753017e-08
2.95040754001055e-08
2.8741733836266538e-08
2.803024321175512e-08
2.7365049336703673e-08
2.6742130646855812e-08
2.6157923383073053e-08
2.560925897140889e-08
2.509331135844374e-08
2.4607552514145115e-08
2.4149714670335478e-08
2.3717758141328155e-08
2.3309843792581148e-08
2.2924309396911172e-08
2.2559649256158664e-08
2.2214496576978355e-08
2.1887608178597103e-08
2.15778511824986e-08
2.1284191392598165e-08
2.1005683122305735e-08
2.0741460264089628e-08
2.0490728429433244e-08
2.025275801375539e-08
2.0026878062997042e-08
1.981247083700725e-08
1.9608966980261204e-08
1.9415841223357194e-08
1.9232608549603384e-08
1.905882077017446e-08
1.889406345908132e-08
1.8737953205788706e-08
1.85901351489298e-08
1.845028075936168e-08
1.8318085844911986e-08
1.8193268752693924e-08
1.807556874790324e-08
1.7964744550633008e-08
1.7860573014511084e-08
1.7762847932935163e-08
1.7671378960393962e-08
1.7585990637858607e-08
1.750652151253642e-08
1.7432823343426863e-08
1.7364760385129423e-08
1.730220874324418e-08
1.7245055795494937e-08
1.7193199673406474e-08
1.7146548799992244e-08
1.710502147947006e-08
1.7068545535527253e-08
1.7037057995113415e-08
1.701050481515429e-08
1.698884064996121e-08
1.6972028657461564e-08
1.69600403427032e-08
1.6952855437392762e-08
1.6950461814519096e-08
1.6952855437392762e-08
1.69600403427032e-08
1.6972028657461564e-08
1.698884064996121e-08
1.701050481515429e-08
1.7037057995113415e-08
1.7068545535527253e-08
1.710502147947006e-08
1.7146548799992244e-08
1.7193199673406474e-08
1.7245055795494937e-08
1.730220874324418e-08
1.7364760385129423e-08
1.7432823343426863e-08
1.750652151253642e-08
1.7585990637858607e-08
1.7671378960393962e-08
1.7762847932935163e-08
1.7860573014511084e-08
1.7964744550633008e-08
1.807556874790324e-08
1.8193268752693924e-08
1.8318085844911986e-08
1.845028075936168e-08
1.85901351489298e-08
1.8737953205788706e-08
1.889406345908132e-08
1.905882077017446e-08
1.9232608549603384e-08
1.9415841223357194e-08
1.9608966980261204e-08
1.981247083700725e-08
2.0026878062997042e-08
2.025275801375539e-08
2.0490728429433244e-08
2.0741460264089628e-08
2.1005683122305735e-08
2.1284191392598165e-08
2.15778511824986e-08
2.1887608178597103e-08
2.2214496576978355e-08
2.2559649256158664e-08
2.2924309396911172e-08
2.3309843792581148e-08
2.3717758141328155e-08
2.4149714670335478e-08
2.4607552514145115e-08
2.509331135844374e-08
2.560925897140889e-08
2.6157923383073053e-08
2.6742130646855812e-08
2.7365049336703673e-08
2.803024321175512e-08
2.8741733836266538e-08
2.95040754001055e-08
3.032244457753017e-08
3.120274903443186e-08
3.215175920900371e-08
3.3177269334478206e-08
3.428829546659433e-08
3.5495320694857785e-08
3.681060100170216e-08
3.8248549743666366e-08
3.982622498520745e-08
4.156395269141779e-08
4.348613124016498e-08
4.5622280610718543e-08
4.800842566651847e-08
5.068894114250841e-08
5.371904570549498e-08
5.716821434064667e-08
6.112492459379396e-08
6.570335768299476e-08
7.105302808702217e-08
7.737288391195462e-08
8.493238113325692e-08
9.410369185568007e-08
1.0541214172739088e-07
1.1961731966360767e-07
1.3784734972154028e-07
1.618283177828137e-07
1.9429006375566667e-07
2.3971145934008004e-07
3.057464514668876e-07
4.0607698395062376e-07
5.664025545495208e-07
8.376873248916227e-07
1.3271470382747948e-06
2.275212880581107e-06
4.2593133139509626e-06
8.77128255229923e-06
1.99747228651073e-05
5.047053126802976e-05
0.0001417561787337035
0.00044302416471571403
0.0015421804146455165
0.006001166637279354
0.02656692876525243
0.14415316200802306

7.118510835257262e-07
1.527507891789141e-05
0.00022404805383683247
0.0022462717219371695
0.015393834204386211
0.0721098713255944
0.2308904856888547
0.5053366010248982
0.7559949133125493
0.7730727991807094
0.5403626377586418
0.25817467469072947
0.08433034353727194
0.025069451119094508
0.17925369519242965
0.3803806212847519
1.2931529037373775
0.690713059117213
0.006303246942792205
9.502641717509303e-07
1.4643099707741486e-11
1.306725048490287e-13
9.501881840851518e-16
4.7227913304414855e-18
1.604542740819178e-20
3.726209113195094e-23
5.91488844387115e-26
6.417846026585911e-29
4.7598737069819325e-32
2.4130424773523144e-35
8.361763981285603e-39
1.980588458501786e-42
3.206667895781168e-46
3.5487640462285422e-50
2.6845015936041464e-54
1.3880771612523869e-58
4.905993313895005e-63
1.1852328946463148e-67
1.9572389121169941e-72
2.2092628387150113e-77
1.7045680129625742e-82
8.989689305942317e-88
3.240697029161707e-93
7.985379869231571e-99
1.3449809437395194e-104
1.5484603259340718e-110
1.218561449933611e-116
6.554781026946162e-123
2.4100849016379355e-129
6.057171872621586e-136
1.040568926431642e-142
1.221898719096889e-149
9.807605017727256e-157
5.380890144810883e-164
2.0179420257560424e-171
5.172811411572735e-179
9.063751844765374e-187
1.0855573410472645e-194
8.887117691729691e-203
4.973160727269276e-211
1.9022494190117257e-219
4.97354241204298e-228
8.888481897658368e-237
1.0858073063302388e-245
9.06653469820829e-255
5.174796755048246e-264
2.0188714534416372e-273
5.383781653501458e-283
9.813628421231006e-293
1.222742993046113e-302
1.041367827847e-312
6e-323
0.0
0.0
0.0
0.0
0.0
0.0
0.0
0.0
0.0
0.0
0.0
0.0
0.0
0.0
0.0
0.0
0.0
0.0
0.0
0.0
0.0
0.0
0.0
0.0
0.0
0.0
0.0
0.0
