0.11588610932078784
0.01169790743850586
0.0012211357108415882
0.00013182525989168127
1.471676294146904e-05
1.6990450913199647e-06
2.028506802156859e-07
2.504534305020867e-08
2.8595796232822106e-09
3.7646528766897944e-10
5.2263173910244654e-11
7.59679718878131e-12
1.1468201382488972e-12
1.785499940697793e-13
2.853576483078628e-14
4.6713610493333124e-15
7.833341325171756e-16
1.347907430435751e-16
2.386673865814843e-17
4.362123275544826e-18
8.252157159394747e-19
1.6188383940082905e-19
3.2954347306674173e-20
6.959106576400823e-21
1.522988935100897e-21
3.450054870282312e-22
8.081701396420534e-23
1.9563975789780817e-23
4.893279461947665e-24
1.2646814776757615e-24
3.378487778294745e-25
9.331575149422055e-26
2.665497340225127e-26
7.874877638582568e-27
2.4063614358733108e-27
7.605232994956848e-28
2.4858403273511074e-28
8.402739939140867e-29
2.9372599969127037e-29
1.0617763845131365e-29
3.969117950995054e-30
1.5343645298447123e-30
6.133945341034259e-31
2.5358879631776897e-31
1.0841758342288164e-31
4.7934540258952444e-32
2.19167181339922e-32
1.0362837284838386e-32
5.067044111209824e-33
2.562108294216656e-33
1.3396647934453244e-33
7.243216791282895e-34
4.049216742624058e-34
2.3402482385663974e-34
1.3980466322648886e-34
8.630311766813178e-35
5.513369855997979e-35
3.6223645692627234e-35
2.459704178630192e-35
1.7213078811054444e-35
1.239986829906035e-35
9.182697218530022e-36
6.979988657686857e-36
5.4368615318847425e-36
4.331792296574365e-36
3.524548203202544e-36
2.9229017227706672e-36
2.4664430288949346e-36
2.114261739300341e-36
1.838264974625629e-36
1.618834426999524e-36
1.4420489936285932e-36
1.297879122852281e-36
1.1789941967252585e-36
1.0799627875627831e-36
9.96708524669022e-37
9.261346959735994e-37
8.658617987036225e-37
8.140417142040265e-37
7.692245348560075e-37
7.302620179884645e-37
6.962368207548925e-37
6.664100875047601e-37
6.401822435602969e-37
6.1706339127555575e-37
5.966507576383224e-37
5.786113700249697e-37
5.626686441444351e-37
5.485919257395104e-37
5.361882819582785e-37
5.2529602893812895e-37
5.1577956035960876e-37
5.075252920432418e-37
5.004383741986108e-37
4.944400815213673e-37
4.894657313268508e-37
4.854630337997342e-37
4.823907998567336e-37
4.80217950268613e-37
4.789227841083475e-37
4.784924763267671e-37
4.789227841083475e-37
4.80217950268613e-37
4.823907998567336e-37
4.854630337997342e-37
4.894657313268508e-37
4.944400815213673e-37
5.004383741986108e-37
5.075252920432418e-37
5.1577956035960876e-37
5.2529602893812895e-37
5.361882819582785e-37
5.485919257395104e-37
5.626686441444351e-37
5.786113700249697e-37
5.966507576383224e-37
6.1706339127555575e-37
6.401822435602969e-37
6.664100875047601e-37
6.962368207548925e-37
7.302620179884645e-37
7.692245348560075e-37
8.140417142040265e-37
8.658617987036225e-37
9.261346959735994e-37
9.96708524669022e-37
1.0799627875627831e-36
1.1789941967252585e-36
1.297879122852281e-36
1.4420489936285932e-36
1.618834426999524e-36
1.838264974625629e-36
2.114261739300341e-36
2.4664430288949346e-36
2.9229017227706672e-36
3.524548203202544e-36
4.331792296574365e-36
5.4368615318847425e-36
6.979988657686857e-36
9.182697218530022e-36
1.239986829906035e-35
1.7213078811054444e-35
2.459704178630192e-35
3.6223645692627234e-35
5.513369855997979e-35
8.630311766813178e-35
1.3980466322648886e-34
2.3402482385663974e-34
4.049216742624058e-34
7.243216791282895e-34
1.3396647934453244e-33
2.562108294216656e-33
5.067044111209824e-33
1.0362837284838386e-32
2.19167181339922e-32
4.7934540258952444e-32
1.0841758342288164e-31
2.5358879631776897e-31
6.133945341034259e-31
1.5343645298447123e-30
3.969117950995054e-30
1.0617763845131365e-29
2.9372599969127037e-29
8.402739939140867e-29
2.4858403273511074e-28
7.605232994956848e-28
2.4063614358733108e-27
7.874877638582568e-27
2.665497340225127e-26
9.331575149422055e-26
3.378487778294745e-25
1.2646814776757615e-24
4.893279461947665e-24
1.9563975789780817e-23
8.081701396420534e-23
3.450054870282312e-22
1.522988935100897e-21
6.959106576400823e-21
3.2954347306674173e-20
1.6188383940082905e-19
8.252157159394747e-19
4.362123275544826e-18
2.386673865814843e-17
1.347907430435751e-16
7.833341325171756e-16
4.6713610493333124e-15
2.853576483078628e-14
1.785499940697793e-13
1.1468201382488972e-12
7.59679718878131e-12
5.2263173910244654e-11
3.7646528766897944e-10
2.8595796232822106e-09
2.504534305020867e-08
2.028506802156859e-07
1.6990450913199647e-06
1.471676294146904e-05
0.00013182525989168127
0.0012211357108415882
0.01169790743850586

7.677801878524177e-36
4.555963594130398e-30
8.015415953134609e-25
4.1809440892830165e-20
6.465842638770885e-16
2.964683781305174e-12
4.03026961082785e-09
1.6243974458782137e-06
0.00019411226256028593
0.006877270732114605
0.07224066686887391
0.2249830744735842
0.20774014186114204
0.05687134195664631
0.004616034054410292
0.00011108284849451589
7.925514907890624e-07
1.6765265765213609e-09
1.0514675473782651e-12
1.9551666450861191e-16
1.0778893025518572e-20
1.7618422472121414e-25
8.538121945854575e-31
1.2267615699739785e-36
5.225892209868935e-43
6.600292896821532e-50
2.4715445596051235e-57
2.7439497692059964e-65
9.03205024161613e-74
8.814526915721398e-83
2.5504343412899313e-92
2.18792163315878e-102
5.564829377622839e-113
4.196376239961676e-124
9.38208712033432e-136
6.219091967060164e-148
1.222241350600448e-160
7.121794562591065e-174
1.2303378550099123e-187
6.301759244044173e-202
9.569774480031036e-217
4.308678358268217e-232
5.751603283637816e-248
2.2763353688006788e-264
2.6710747714048458e-281
9.292623040654667e-299
9.5850213e-317
0.0
0.0
0.0
0.0
0.0
0.0
0.0
0.0
0.0
0.0
0.0
0.0
0.0
0.0
0.0
0.0
0.0
0.0
0.0
0.0
0.0
0.0
0.0
0.0
0.0
0.0
0.0
0.0
0.0
0.0
0.0
0.0
0.0
0.0
0.0
0.0
0.0
0.0
0.0
0.0
0.0
0.0
0.0
0.0
0.0
0.0
0.0
0.0
0.0
0.0
0.0
0.0
0.0
