0.8147169019019381
0.4866257945973106
0.3447083520528768
0.2571698737313393
0.19775945177694393
0.15585744587200379
0.12553533306113024
0.10311489583228778
0.08621194716082858
0.07323891545607372
0.06311600621207603
0.05509499909821478
0.048648531849192794
0.043398971796659476
0.039071853568216644
0.03546488042589514
0.03242696383982316
0.02984384308434638
0.027628083035790438
0.025712026274262608
0.024042765260355814
0.022578513256714543
0.02128595542637647
0.020138294672911512
0.019113795298946863
0.018194687107384176
0.017366333087460176
0.016616591697327945
0.015935324124273294
0.015314010500076589
0.014745448684571939
0.014223516121888944
0.013742980246283622
0.01329934653274855
0.012888735942025657
0.012507785472282637
0.01215356699181783
0.011823520624298487
0.011515399787073752
0.011227225613769364
0.01095724897524111
0.01070391868498191
0.010465854763413301
0.010241825860264158
0.010030730110437452
0.009831578837629928
0.009643482629977407
0.009465639399582374
0.009297324107847558
0.00913787989485374
0.008986710396484746
0.008843273069866877
0.00870707337770617
0.008577659706646042
0.008454618914907654
0.00833757242106715
0.008226172759542964
0.008120100539749677
0.008019061755353109
0.00792278539797914
0.007831021336364001
0.007743538427512358
0.007660122831132897
0.0075805765025989645
0.007504715843055085
0.007432370488159122
0.0073633822193958495
0.007297603983989145
0.007234899011232261
0.007175140014595735
0.0071182084702987964
0.007063993964175179
0.007012393599654988
0.006963311460543395
0.006916658123023782
0.006872350211963235
0.0068303099971661
0.006790465025717832
0.006752747786996673
0.006717095407313031
0.006683449371472961
0.006651755268858932
0.00662196256188361
0.006594024374904682
0.006567897301895253
0.0065435412313480015
0.006520919187055161
0.006499997183553056
0.006480744095151276
0.006463131537585085
0.006447133761436304
0.006432727556564703
0.006419892166879985
0.006408609214864729
0.006398862635332568
0.006390638617973849
0.006383925558304371
0.006378714016691768
0.0063749966851898475
0.006372768361963895
0.006372025933140438
0.006372768361963895
0.0063749966851898475
0.006378714016691768
0.006383925558304371
0.006390638617973849
0.006398862635332568
0.006408609214864729
0.006419892166879985
0.006432727556564703
0.006447133761436304
0.006463131537585085
0.006480744095151276
0.006499997183553056
0.006520919187055161
0.0065435412313480015
0.006567897301895253
0.006594024374904682
0.00662196256188361
0.006651755268858932
0.006683449371472961
0.006717095407313031
0.006752747786996673
0.006790465025717832
0.0068303099971661
0.006872350211963235
0.006916658123023782
0.006963311460543395
0.007012393599654988
0.007063993964175179
0.0071182084702987964
0.007175140014595735
0.007234899011232261
0.007297603983989145
0.0073633822193958495
0.007432370488159122
0.007504715843055085
0.0075805765025989645
0.007660122831132897
0.007743538427512358
0.007831021336364001
0.00792278539797914
0.008019061755353109
0.008120100539749677
0.008226172759542964
0.00833757242106715
0.008454618914907654
0.008577659706646042
0.00870707337770617
0.008843273069866877
0.008986710396484746
0.00913787989485374
0.009297324107847558
0.009465639399582374
0.009643482629977407
0.009831578837629928
0.010030730110437452
0.010241825860264158
0.010465854763413301
0.01070391868498191
0.01095724897524111
0.011227225613769364
0.011515399787073752
0.011823520624298487
0.01215356699181783
0.012507785472282637
0.012888735942025657
0.01329934653274855
0.013742980246283622
0.014223516121888944
0.014745448684571939
0.015314010500076589
0.015935324124273294
0.016616591697327945
0.017366333087460176
0.018194687107384176
0.019113795298946863
0.020138294672911512
0.02128595542637647
0.022578513256714543
0.024042765260355814
0.025712026274262608
0.027628083035790438
0.02984384308434638
0.03242696383982316
0.03546488042589514
0.039071853568216644
0.043398971796659476
0.048648531849192794
0.05509499909821478
0.06311600621207603
0.07323891545607372
0.08621194716082858
0.10311489583228778
0.12553533306113024
0.15585744587200379
0.19775945177694393
0.2571698737313393
0.3447083520528768
0.4866257945973106

0.29526832491190075
1.0804022144669823
1.390243806005441
0.5024554013234589
0.08446386583865456
0.03329741326097695
0.02713544447042645
0.03397013142952282
0.051881940997782726
0.07636149169902917
0.09952805002029677
0.11250848689852544
0.10978918324041777
0.09238788966535473
0.06702700087091314
0.041921856855775534
0.022603819484591114
0.010506848733413142
0.004210291417915915
0.00145445667212876
0.00043315003721173547
0.00011120513859320275
2.461275825240212e-05
4.6961790507020345e-06
7.72463447439325e-07
1.0953682778005694e-07
1.3390330958741072e-08
1.411144194504993e-09
1.2820365471740166e-10
1.00410319415631e-11
6.779617962992509e-13
3.946217563081765e-14
1.9801849656924842e-15
8.566026683811228e-17
3.19449356265691e-18
1.0270073270187836e-19
2.846387326420195e-21
6.800852916903769e-23
1.4008179497853216e-24
2.487418981267768e-26
3.807721010609286e-28
5.024932439641109e-30
5.71668502051063e-32
5.606698870875338e-34
4.740445182984679e-36
3.4552538283268895e-38
2.1711494307967066e-40
1.1761112485528209e-42
5.492322401499663e-45
2.2111213182492398e-47
7.6739338521917795e-50
2.2960030530397792e-52
5.922100884178753e-55
1.3168250269071056e-57
2.524232027469622e-60
4.171376632287282e-63
5.942626912403141e-66
7.298379755927031e-69
7.727221818892682e-72
7.052924450677678e-75
5.5496298133066205e-78
3.7645036943766962e-81
2.201407141921447e-84
1.1097929071517203e-87
4.8231686600956223e-91
1.8070571313897867e-94
5.836604263122147e-98
1.6251653082887634e-101
3.901070225820321e-105
8.072702057463434e-109
1.4401343527228901e-112
2.2148077087441834e-116
2.9364186455608595e-120
3.3562078592315292e-124
3.3069578336109926e-128
2.809036581472635e-132
2.057003652762667e-136
1.298558924027835e-140
7.067034146630628e-145
3.3155963178859715e-149
1.3410193296876122e-153
4.6758154049047425e-158
1.4054927422733967e-162
3.642074184010199e-167
8.1361303535799e-172
1.5668807278302723e-176
2.601374687551769e-181
3.723220966267434e-186
4.593922278367123e-191
4.886494401233415e-196
4.480846823881034e-201
3.5421889241355305e-206
2.413972252952132e-211
1.4182139642619581e-216
7.182905801767079e-222
3.1362271858814575e-227
1.1804940147840823e-232
3.830619315557273e-238
1.0715763727765679e-243
2.584200431322367e-249
