1.480165430784212
0.3027685756746127
0.1127501728417176
0.05607690688662841
0.032724447760628876
0.02135305196135656
0.015144925027435849
0.01143808968668691
0.009058967735010153
0.007439927317461908
0.006284411291584026
0.005426982460883967
0.0047700220288240764
0.004253084342775609
0.003837154181760092
0.0034961273389663293
0.003211983850528604
0.002971940249315651
0.0027667079720353673
0.0025893936682077007
0.0024347847272342925
0.002298873062195609
0.0021785303156717454
0.002071281694820202
0.0019751454969294847
0.0018885172833943422
0.001810084967129028
0.0017387656693321665
0.00167365814655568
0.0016140065148257637
0.0015591722793527637
0.0015086125456024104
0.0014618628832408255
0.0014185237295256407
0.00137824951172348
0.0013407398775365134
0.001305732573902242
0.001272997625151542
0.0012423325431660532
0.001213558363026388
0.0011865163433960049
0.0011610652055787437
0.001137078811705157
0.0011144442029238644
0.0010930599343133797
0.0010728346555985908
0.0010536858964770661
0.0010355390230471942
0.0010183263379439607
0.0010019863016778644
0.0009864628566038718
0.0009717048381242224
0.0009576654603085282
0.0009443018652189522
0.0009315747269524604
0.0009194479028309051
0.0009078881253418503
0.000896864729405277
0.0008863494103506995
0.0008763160086655189
0.0008667403181424685
0.0008575999145310202
0.0008488740022002078
0.000840543276661139
0.0008325898010868796
0.0008249968952138467
0.0008177490352193205
0.0008108317633499089
0.0008042316062305498
0.0007979360009168178
0.0007919332278682415
0.0007862123501197565
0.0007807631580146075
0.0007755761189369242
0.0007706423315474372
0.0007659534840827417
0.0007615018163283437
0.0007572800849193904
0.0007532815316613543
0.0007494998545967284
0.0007459291815735759
0.0007425640460981425
0.0007393993652770738
0.0007364304196755173
0.0007336528349358372
0.0007310625650181336
0.0007286558769384783
0.0007264293368939804
0.0007243797976756684
0.0007225043872808797
0.000720800498646537
0.0007192657804334932
0.0007178981288001473
0.0007166956801108768
0.0007156568045315971
0.0007147801004710108
0.0007140643898319223
0.0007135087140424512
0.0007131123308421111
0.0007128747118026114
0.0007127955405679138
0.0007128747118026114
0.0007131123308421111
0.0007135087140424512
0.0007140643898319223
0.0007147801004710108
0.0007156568045315971
0.0007166956801108768
0.0007178981288001473
0.0007192657804334932
0.000720800498646537
0.0007225043872808797
0.0007243797976756684
0.0007264293368939804
0.0007286558769384783
0.0007310625650181336
0.0007336528349358372
0.0007364304196755173
0.0007393993652770738
0.0007425640460981425
0.0007459291815735759
0.0007494998545967284
0.0007532815316613543
0.0007572800849193904
0.0007615018163283437
0.0007659534840827417
0.0007706423315474372
0.0007755761189369242
0.0007807631580146075
0.0007862123501197565
0.0007919332278682415
0.0007979360009168178
0.0008042316062305498
0.0008108317633499089
0.0008177490352193205
0.0008249968952138467
0.0008325898010868796
0.000840543276661139
0.0008488740022002078
0.0008575999145310202
0.0008667403181424685
0.0008763160086655189
0.0008863494103506995
0.000896864729405277
0.0009078881253418503
0.0009194479028309051
0.0009315747269524604
0.0009443018652189522
0.0009576654603085282
0.0009717048381242224
0.0009864628566038718
0.0010019863016778644
0.0010183263379439607
0.0010355390230471942
0.0010536858964770661
0.0010728346555985908
0.0010930599343133797
0.0011144442029238644
0.001137078811705157
0.0011610652055787437
0.0011865163433960049
0.001213558363026388
0.0012423325431660532
0.001272997625151542
0.001305732573902242
0.0013407398775365134
0.00137824951172348
0.0014185237295256407
0.0014618628832408255
0.0015086125456024104
0.0015591722793527637
0.0016140065148257637
0.00167365814655568
0.0017387656693321665
0.001810084967129028
0.0018885172833943422
0.0019751454969294847
0.002071281694820202
0.0021785303156717454
0.002298873062195609
0.0024347847272342925
0.0025893936682077007
0.0027667079720353673
0.002971940249315651
0.003211983850528604
0.0034961273389663293
0.003837154181760092
0.004253084342775609
0.0047700220288240764
0.005426982460883967
0.006284411291584026
0.007439927317461908
0.009058967735010153
0.01143808968668691
0.015144925027435849
0.02135305196135656
0.032724447760628876
0.05607690688662841
0.1127501728417176
0.3027685756746127

0.03379182404933296
0.08825317808276811
0.18961250645318542
0.3353008238616135
0.48853589869796976
0.5878886392576583
0.5875488432967344
0.4940777256073835
0.360080178613336
0.24136598520307112
0.16227697854640322
0.11664472232526088
0.14875772207427773
0.9429935537908274
1.9008639838533563
0.6154721699449
0.039344093840646695
0.004803597866597927
0.0017035970096880523
0.0005475262952884181
0.00015261167730956407
3.688462381429947e-05
7.72991623665881e-06
1.4046733817247137e-06
2.2133336931889176e-07
3.024052884768229e-08
3.5826369911673446e-09
3.680333421779327e-10
3.27825295398886e-11
2.532029099651806e-12
1.695765750745003e-13
9.847680784376297e-15
4.958758989873464e-16
2.1651250014874722e-17
8.197168922880274e-19
2.6910125952687922e-20
7.660171832064507e-22
1.8907418140408646e-23
4.046661537200113e-25
7.509870877667498e-27
1.2084786830753082e-28
1.6862286111423218e-30
2.0401629176585644e-32
2.1403469628938268e-34
1.947038090032434e-36
1.5358034909294207e-38
1.0504316259028068e-40
6.229753502271955e-43
3.203648595215563e-45
1.4285314900127788e-47
5.52338987480447e-50
1.8517933340335178e-52
5.3833209020630366e-55
1.3569972183679587e-57
2.9660507761536856e-60
5.621460213800782e-63
9.238269699145273e-66
1.3164460566710675e-68
1.6266212248056635e-71
1.742772656800136e-74
1.6190713049426945e-77
1.3042539173680289e-80
9.110228281850515e-84
5.5178171540159235e-87
2.897852566374068e-90
1.319642224016164e-93
5.21083180917243e-97
1.7841396457936112e-100
5.2968974862898605e-104
1.3635944583444387e-107
3.0438260041272523e-111
5.89149283870775e-115
9.887848894864333e-119
1.4389616627606656e-122
1.815798118435892e-126
1.9868122804444544e-130
1.8850247004500662e-134
1.5507728560881098e-138
1.1062423280588567e-142
6.842633647398675e-147
3.6700099451446214e-151
1.706798015907133e-155
6.882844426286018e-160
2.4067152668036195e-164
7.29713545827137e-169
1.9184524493800387e-173
4.37341415280819e-178
8.644922584363136e-183
1.481741848307192e-187
2.2021906813081456e-192
2.8379728093361954e-197
3.171264569368043e-202
3.0727530362144522e-207
2.581628656706914e-212
1.8807489395995865e-217
1.1880612026080017e-222
6.507553356046623e-228
3.090776469023344e-233
1.2728827249094338e-238
4.5454838955753706e-244
