0.21468207013669988
0.01417413275281037
0.001120488737154759
0.00010605441654650596
1.2018773779123694e-05
1.6308002005286189e-06
2.649382573505568e-07
5.153019824842616e-08
1.199532234297737e-08
3.3387623578088105e-09
1.1080385186627656e-09
4.356446357788955e-10
2.0057051644336325e-10
1.0628135416106782e-10
6.346074716040016e-11
4.175884321044067e-11
2.9674794184833573e-11
2.2386462480062314e-11
1.7687717772822897e-11
1.44864172920575e-11
1.2203361037658883e-11
1.0512336713229548e-11
9.219731403647492e-12
8.20526635770553e-12
7.391188412867852e-12
6.725457896137358e-12
6.1721687641689436e-12
5.705875000061171e-12
5.308112521384866e-12
4.965200085777805e-12
4.6668097411722625e-12
4.4050140103916195e-12
4.173636327715615e-12
3.967799063165507e-12
3.783603133389405e-12
3.6178970112823878e-12
3.468107591992386e-12
3.332114581815588e-12
3.208155986223286e-12
3.0947561379651455e-12
2.990670278010855e-12
2.89484144145699e-12
2.8063665947111287e-12
2.7244698017102693e-12
2.648480783431514e-12
2.577817653752586e-12
2.5119729172083463e-12
2.450502035024581e-12
2.3930140286659453e-12
2.339163711377027e-12
2.288645229267326e-12
2.241186662479357e-12
2.1965454896569718e-12
2.154504759459119e-12
2.114869844268412e-12
2.077465675743739e-12
2.0421343811030904e-12
2.0087332542202407e-12
1.977133007695312e-12
1.9472162617090846e-12
1.918876233222745e-12
1.892015595343593e-12
1.866545481755096e-12
1.8423846152486104e-12
1.81945854278266e-12
1.797698962281864e-12
1.7770431286877154e-12
1.7574333286799458e-12
1.7388164150732648e-12
1.721143393218667e-12
1.7043690528482587e-12
1.6884516397355585e-12
1.6733525623302725e-12
1.6590361291924986e-12
1.6454693136165814e-12
1.6326215423160328e-12
1.6204645054517904e-12
1.6089719856378257e-12
1.5981197038601103e-12
1.587885180504931e-12
1.5782476099169643e-12
1.5691877471017086e-12
1.5606878053554412e-12
1.552731363752464e-12
1.5453032835473473e-12
1.5383896326617597e-12
1.5319776175236399e-12
1.5260555216128415e-12
1.5206126501435783e-12
1.5156392803815195e-12
1.51112661715333e-12
1.507066753159971e-12
1.5034526337530036e-12
1.5002780258762814e-12
1.4975374909144716e-12
1.4952263612253732e-12
1.493340720165585e-12
1.4918773854491258e-12
1.49083389570661e-12
1.4902085001388463e-12
1.4900001511836876e-12
1.4902085001388463e-12
1.49083389570661e-12
1.4918773854491258e-12
1.493340720165585e-12
1.4952263612253732e-12
1.4975374909144716e-12
1.5002780258762814e-12
1.5034526337530036e-12
1.507066753159971e-12
1.51112661715333e-12
1.5156392803815195e-12
1.5206126501435783e-12
1.5260555216128415e-12
1.5319776175236399e-12
1.5383896326617597e-12
1.5453032835473473e-12
1.552731363752464e-12
1.5606878053554412e-12
1.5691877471017086e-12
1.5782476099169643e-12
1.587885180504931e-12
1.5981197038601103e-12
1.6089719856378257e-12
1.6204645054517904e-12
1.6326215423160328e-12
1.6454693136165814e-12
1.6590361291924986e-12
1.6733525623302725e-12
1.6884516397355585e-12
1.7043690528482587e-12
1.721143393218667e-12
1.7388164150732648e-12
1.7574333286799458e-12
1.7770431286877154e-12
1.797698962281864e-12
1.81945854278266e-12
1.8423846152486104e-12
1.866545481755096e-12
1.892015595343593e-12
1.918876233222745e-12
1.9472162617090846e-12
1.977133007695312e-12
2.0087332542202407e-12
2.0421343811030904e-12
2.077465675743739e-12
2.114869844268412e-12
2.154504759459119e-12
2.1965454896569718e-12
2.241186662479357e-12
2.288645229267326e-12
2.339163711377027e-12
2.3930140286659453e-12
2.450502035024581e-12
2.5119729172083463e-12
2.577817653752586e-12
2.648480783431514e-12
2.7244698017102693e-12
2.8063665947111287e-12
2.89484144145699e-12
2.990670278010855e-12
3.0947561379651455e-12
3.208155986223286e-12
3.332114581815588e-12
3.468107591992386e-12
3.6178970112823878e-12
3.783603133389405e-12
3.967799063165507e-12
4.173636327715615e-12
4.4050140103916195e-12
4.6668097411722625e-12
4.965200085777805e-12
5.308112521384866e-12
5.705875000061171e-12
6.1721687641689436e-12
6.725457896137358e-12
7.391188412867852e-12
8.20526635770553e-12
9.219731403647492e-12
1.0512336713229548e-11
1.2203361037658883e-11
1.44864172920575e-11
1.7687717772822897e-11
2.2386462480062314e-11
2.9674794184833573e-11
4.175884321044067e-11
6.346074716040016e-11
1.0628135416106782e-10
2.0057051644336325e-10
4.356446357788955e-10
1.1080385186627656e-09
3.3387623578088105e-09
1.199532234297737e-08
5.153019824842616e-08
2.649382573505568e-07
1.6308002005286189e-06
1.2018773779123694e-05
0.00010605441654650596
0.001120488737154759
0.01417413275281037

6.293337557917681e-11
1.3109832659266755e-09
2.1771621254460254e-08
2.882450739794194e-07
3.0423594123458643e-06
2.5599804230576378e-05
0.00017172766734579269
0.000918377845320009
0.003915435075870887
0.013308103101215805
0.036060337538509214
0.0778970335599136
0.13414965256648065
0.1841771236287754
0.20158551433082372
0.17589782000392876
0.12235989455893248
0.06785709012739403
0.030000526135205815
0.010574017172817949
0.00297117787612604
0.0006655716191879026
0.00011886074228253399
1.6922307497439185e-05
1.9206942125843844e-06
1.7379383801738633e-07
1.2536838220329998e-08
7.20973280791145e-10
3.305428897991436e-11
1.2081308385568229e-12
3.5202833521971564e-14
8.177466515251268e-16
1.514388936417096e-17
2.2358032489328123e-19
2.6315234150940994e-21
2.469212094424143e-23
1.8470857311830622e-25
1.101522093407965e-27
5.2369312461820156e-30
1.984897264619864e-32
5.997588916542299e-35
1.444750516324563e-37
2.774511456663855e-40
4.247737667095846e-43
5.184493732911771e-46
5.044667202933874e-49
3.913237344223024e-52
2.4200111039607774e-55
1.193097756533417e-58
4.6893451627726454e-62
1.4693520828998624e-65
3.6704308496538504e-69
7.309467189359741e-73
1.1604645993039267e-76
1.4687760193189258e-80
1.482029167092004e-84
1.192162425314902e-88
7.64524855472598e-93
3.90863656160901e-97
1.593075915697422e-101
5.176368132076182e-106
1.340884401813494e-110
2.7690769448032707e-115
4.558859519888272e-120
5.983494508497942e-125
6.260818082263207e-130
5.222576064499143e-135
3.4730894131948255e-140
1.8413004334619388e-145
7.782351594470642e-151
2.622252698207667e-156
7.043941415843165e-162
1.5084621960624195e-167
2.575316599301526e-173
3.5051315710420824e-179
3.8032556848950245e-185
3.28991155492775e-191
2.2687697513187216e-197
1.2473091977945933e-203
5.466826960871447e-210
1.9101788463160567e-216
5.320962963845469e-223
1.1816366204741396e-229
2.091968538069817e-236
2.952594841184468e-243
3.322232829790778e-250
2.9801201607911833e-257
2.131154750813211e-264
1.214992783984998e-271
5.5221717730741026e-279
2.000891898793576e-286
5.779827021243367e-294
1.3310168616923133e-301
2.443598076185073e-309
3.576461e-317
0.0
0.0
0.0
0.0
0.0
