0.5879085526134269
0.21653168336547235
0.11285411744394563
0.06772501249650834
0.04476974201238094
0.03189226015003524
0.024081208860770448
0.019026157015475734
0.015573693087855138
0.013107872749881882
0.011279940634100045
0.00988208246007064
0.008784821962077043
0.007904285060239668
0.007184252213670538
0.006585893681921906
0.006081672711865728
0.005651599589702665
0.005280859067704065
0.004958265984588343
0.0046752348724570505
0.004425076974532113
0.004202510828517491
0.0040033152001970424
0.0038240787927553235
0.003662016950406597
0.0035148355175318776
0.0033806284015518856
0.003257799568004252
0.0031450029799269196
0.0030410958772677994
0.0029451020858089973
0.0028561829461692485
0.0027736140892260703
0.0026967667383704817
0.0026250925470147762
0.0025581112192600646
0.0024954003382484722
0.0024365869582148275
0.0023813406150209266
0.0023293674847713395
0.0022804054772341655
0.00223422009473605
0.002190600921250409
0.0021493586329588573
0.002110322442419106
0.002073337904944888
0.0020382650288914457
0.002004976641996837
0.001973356974328221
0.0019433004251626276
0.0019147104866318908
0.0018874988014438993
0.0018615843356616316
0.0018368926505378952
0.0018133552598935936
0.0017909090615906983
0.0017694958333673827
0.001749061784735608
0.0017295571578417595
0.0017109358711998844
0.0016931552010579008
0.001676175495876891
0.0016599599200142463
0.001644474223221108
0.0016296865330079728
0.0016155671673118049
0.0016020884652235246
0.00158922463381478
0.0015769516093443493
0.0015652469313332566
0.001554089628178489
0.0015434601131322635
0.0015333400896104562
0.001523712464913042
0.0015145612715435986
0.0015058715954062384
0.0014976295102384865
0.0014898220177091098
0.0014824369926720838
0.0014754631331227697
0.0014688899144509827
0.0014627075476287559
0.0014569069410089329
0.0014514796654448822
0.0014464179224721325
0.001441714515320048
0.001437362822546175
0.0014333567741079882
0.0014296908297066506
0.0014263599592555104
0.001423359625342428
0.0014206857675700233
0.001418334788671665
0.0014163035423136626
0.0014145893225058347
0.0014131898545535332
0.0014121032874944133
0.0014113281879729047
0.0014108635355144946
0.001410708719170749
0.0014108635355144946
0.0014113281879729047
0.0014121032874944133
0.0014131898545535332
0.0014145893225058347
0.0014163035423136626
0.001418334788671665
0.0014206857675700233
0.001423359625342428
0.0014263599592555104
0.0014296908297066506
0.0014333567741079882
0.001437362822546175
0.001441714515320048
0.0014464179224721325
0.0014514796654448822
0.0014569069410089329
0.0014627075476287559
0.0014688899144509827
0.0014754631331227697
0.0014824369926720838
0.0014898220177091098
0.0014976295102384865
0.0015058715954062384
0.0015145612715435986
0.001523712464913042
0.0015333400896104562
0.0015434601131322635
0.001554089628178489
0.0015652469313332566
0.0015769516093443493
0.00158922463381478
0.0016020884652235246
0.0016155671673118049
0.0016296865330079728
0.001644474223221108
0.0016599599200142463
0.001676175495876891
0.0016931552010579008
0.0017109358711998844
0.0017295571578417595
0.001749061784735608
0.0017694958333673827
0.0017909090615906983
0.0018133552598935936
0.0018368926505378952
0.0018615843356616316
0.0018874988014438993
0.0019147104866318908
0.0019433004251626276
0.001973356974328221
0.002004976641996837
0.0020382650288914457
0.002073337904944888
0.002110322442419106
0.0021493586329588573
0.002190600921250409
0.00223422009473605
0.0022804054772341655
0.0023293674847713395
0.0023813406150209266
0.0024365869582148275
0.0024954003382484722
0.0025581112192600646
0.0026250925470147762
0.0026967667383704817
0.0027736140892260703
0.0028561829461692485
0.0029451020858089973
0.0030410958772677994
0.0031450029799269196
0.003257799568004252
0.0033806284015518856
0.0035148355175318776
0.003662016950406597
0.0038240787927553235
0.0040033152001970424
0.004202510828517491
0.004425076974532113
0.0046752348724570505
0.004958265984588343
0.005280859067704065
0.005651599589702665
0.006081672711865728
0.006585893681921906
0.007184252213670538
0.007904285060239668
0.008784821962077043
0.00988208246007064
0.011279940634100045
0.013107872749881882
0.015573693087855138
0.019026157015475734
0.024081208860770448
0.03189226015003524
0.04476974201238094
0.06772501249650834
0.11285411744394563
0.21653168336547235

0.067270363262939
0.15397631760170247
0.2774062289252766
0.3932854215543317
0.4389616357466835
0.38619942253405176
0.26848340238950125
0.14832776261180225
0.06668328525398352
0.028182518607603624
0.019658102176954132
0.028985756938191443
0.049343119408564826
0.07506765104250133
0.09832308573623871
0.11041356812698884
0.106258297469836
0.08763087854041243
0.06193033372678301
0.03750605832678013
0.01946485444532387
0.008656705160563714
0.003299178560249766
0.0010774837924779385
0.00030155560196458084
7.232289212574592e-05
1.4864006912070253e-05
2.6178679850840703e-06
3.951038985900283e-07
5.1100672737071365e-08
5.663614042596242e-09
5.379134602249192e-10
4.378072038058383e-11
3.0535506239680704e-12
1.825068104157975e-13
9.347699777666021e-15
4.102817182145281e-16
1.543161235713874e-17
4.973844167728327e-19
1.3738039902171427e-20
3.2516897496793342e-22
6.595461053224151e-24
1.1463914752498141e-25
1.7075462093682888e-27
2.179534321728044e-29
2.3840024041037606e-31
2.234608237132703e-33
1.7949313015592283e-35
1.2355092373377908e-37
7.287790706968045e-40
3.683812495962295e-42
1.595698626271232e-44
5.923193973547588e-47
1.884138261223647e-49
5.1359562096999426e-52
1.1997246582595016e-54
2.401560808736154e-57
4.119621536262676e-60
6.055817541922189e-63
7.628514447981383e-66
8.234910702874324e-69
7.617799622388244e-72
6.038817781390319e-75
4.1022869466044206e-78
2.3880965141161725e-81
1.1913227734274462e-84
5.092824877101757e-88
1.8656912346498377e-91
5.8569636572976064e-95
1.5756400704769115e-98
3.632396380509961e-102
7.175979365224325e-106
1.2148449642354193e-109
1.7624315715395988e-113
2.1910656979005146e-117
2.3342655752878914e-121
2.1310658046362526e-125
1.667228728377165e-129
1.1177514436190494e-133
6.421655795522222e-138
3.161553511976836e-142
1.3338462748665814e-146
4.822394697318132e-151
1.4940717548263537e-155
3.966723121709187e-160
9.0249343082466e-165
1.7595756395359926e-169
2.939839099960776e-174
4.2091161706688765e-179
5.164282515129856e-184
5.429762108112856e-189
4.8921902970262936e-194
3.777266361480288e-199
2.4992149482236685e-204
1.4170374828418867e-209
6.88510862078347e-215
2.866764275235759e-220
1.0228805038923646e-225
3.127588070277081e-231
8.194942759115827e-237
