0.08499256907392438
0.002979978163851311
0.00012239336328787452
5.888644242379423e-06
3.3188332315098396e-07
2.1911363805883097e-08
1.6915568733519178e-09
1.5229365760571785e-10
1.622390814919171e-11
2.0255428579555124e-12
2.9529395855908125e-13
5.0343088924458916e-14
1.0054669938884883e-14
2.353048496713735e-15
6.447702199536745e-16
2.0656313409947177e-16
7.712619076661291e-17
3.334928768474729e-17
1.652189815316411e-17
9.239047119009046e-18
5.729203819025843e-18
3.868450941845787e-18
2.7967164645135293e-18
2.134088995480307e-18
1.6991056756827676e-18
1.3988304581534388e-18
1.182631487845575e-18
1.0213787027925622e-18
8.974893412764059e-19
7.998937575112229e-19
7.213598362612557e-19
6.570060691784232e-19
6.034414314101421e-19
5.582495971005041e-19
5.196694616439335e-19
4.863913971717508e-19
4.574238472255261e-19
4.320038697499784e-19
4.095358388726736e-19
3.8954860750743547e-19
3.7166502934420743e-19
3.5557991587866624e-19
3.4104385265139714e-19
3.2785115207087215e-19
3.1583077071366207e-19
3.0483938072708236e-19
2.9475602668788074e-19
2.8547796336011962e-19
2.769173828216353e-19
2.689988183504306e-19
2.616570682773064e-19
2.548355229580312e-19
2.484848069302285e-19
2.425616694663813e-19
2.370280723543654e-19
2.3185043538289745e-19
2.2699900876890154e-19
2.2244734840734987e-19
2.181718749025176e-19
2.1415150125054182e-19
2.1036731707637976e-19
2.0680231969653502e-19
2.034411841398418e-19
2.0027006572974138e-19
1.9727643000123475e-19
1.9444890566093247e-19
1.9177715705030598e-19
1.8925177317944632e-19
1.8686417089149128e-19
1.8460651011977142e-19
1.8247161952889058e-19
1.8045293110170448e-19
1.78544422457763e-19
1.7674056587418458e-19
1.7503628313422825e-19
1.7342690545772036e-19
1.719081378755384e-19
1.7047602750123002e-19
1.6912693522954321e-19
1.6785751045657847e-19
1.666646684714253e-19
1.6554557021613243e-19
1.6449760415102055e-19
1.6351836999676126e-19
1.6260566415424656e-19
1.6175746662879228e-19
1.609719293073014e-19
1.602473654561761e-19
1.595822403244554e-19
1.5897516275123891e-19
1.5842487768924799e-19
1.5793025956764381e-19
1.5749030642718964e-19
1.5710413476970884e-19
1.567709750717147e-19
1.5649016791921908e-19
1.5626116072718922e-19
1.5608350501302267e-19
1.5595685419885299e-19
1.558809619225603e-19
1.5585568084213196e-19
1.558809619225603e-19
1.5595685419885299e-19
1.5608350501302267e-19
1.5626116072718922e-19
1.5649016791921908e-19
1.567709750717147e-19
1.5710413476970884e-19
1.5749030642718964e-19
1.5793025956764381e-19
1.5842487768924799e-19
1.5897516275123891e-19
1.595822403244554e-19
1.602473654561761e-19
1.609719293073014e-19
1.6175746662879228e-19
1.6260566415424656e-19
1.6351836999676126e-19
1.6449760415102055e-19
1.6554557021613243e-19
1.666646684714253e-19
1.6785751045657847e-19
1.6912693522954321e-19
1.7047602750123002e-19
1.719081378755384e-19
1.7342690545772036e-19
1.7503628313422825e-19
1.7674056587418458e-19
1.78544422457763e-19
1.8045293110170448e-19
1.8247161952889058e-19
1.8460651011977142e-19
1.8686417089149128e-19
1.8925177317944632e-19
1.9177715705030598e-19
1.9444890566093247e-19
1.9727643000123475e-19
2.0027006572974138e-19
2.034411841398418e-19
2.0680231969653502e-19
2.1036731707637976e-19
2.1415150125054182e-19
2.181718749025176e-19
2.2244734840734987e-19
2.2699900876890154e-19
2.3185043538289745e-19
2.370280723543654e-19
2.425616694663813e-19
2.484848069302285e-19
2.548355229580312e-19
2.616570682773064e-19
2.689988183504306e-19
2.769173828216353e-19
2.8547796336011962e-19
2.9475602668788074e-19
3.0483938072708236e-19
3.1583077071366207e-19
3.2785115207087215e-19
3.4104385265139714e-19
3.5557991587866624e-19
3.7166502934420743e-19
3.8954860750743547e-19
4.095358388726736e-19
4.320038697499784e-19
4.574238472255261e-19
4.863913971717508e-19
5.196694616439335e-19
5.582495971005041e-19
6.034414314101421e-19
6.570060691784232e-19
7.213598362612557e-19
7.998937575112229e-19
8.974893412764059e-19
1.0213787027925622e-18
1.182631487845575e-18
1.3988304581534388e-18
1.6991056756827676e-18
2.134088995480307e-18
2.7967164645135293e-18
3.868450941845787e-18
5.729203819025843e-18
9.239047119009046e-18
1.652189815316411e-17
3.334928768474729e-17
7.712619076661291e-17
2.0656313409947177e-16
6.447702199536745e-16
2.353048496713735e-15
1.0054669938884883e-14
5.0343088924458916e-14
2.9529395855908125e-13
2.0255428579555124e-12
1.622390814919171e-11
1.5229365760571785e-10
1.6915568733519178e-09
2.1911363805883097e-08
3.3188332315098396e-07
5.888644242379423e-06
0.00012239336328787452
0.002979978163851311

6.1097727180712965e-18
4.2847101678886965e-16
2.3216201788630545e-14
9.719282694132756e-13
3.143768680173526e-11
7.856701916600284e-10
1.5170618745801397e-08
2.2632870401228936e-07
2.6088511664725917e-06
2.3234444574606158e-05
0.00015987796474121468
0.0008499986805411223
0.0034915737247524065
0.011081473346670912
0.02717359637889241
0.051483736516968005
0.07536441323458197
0.08523852186397006
0.07448671511489074
0.05029155440826022
0.026235214556758334
0.010574199653536133
0.0032929392337125107
0.0007923065594636866
0.00014729096613937915
2.1155938451477593e-05
2.3478038117233417e-06
2.013096697658082e-07
1.333646697880045e-08
6.82637710568297e-10
2.6996849329309882e-11
8.249150249551691e-13
1.9475053956971292e-14
3.5523966334751635e-16
5.006538435043214e-18
5.451637671129762e-20
4.586588076421311e-22
2.9814382304992003e-24
1.4973910015421722e-26
5.810559415014028e-29
1.7421036806293746e-31
4.03555596796209e-34
7.22280808992472e-37
9.988082050424723e-40
1.0671647008423681e-42
8.809558138701978e-46
5.618884761449424e-49
2.7689776406024543e-52
1.0542948790352754e-55
3.101544879332495e-59
7.049646937161693e-63
1.2380266367644064e-66
1.679832329053007e-70
1.7610642708708338e-74
1.4264540993650423e-78
8.927168278203913e-83
4.316611523833621e-87
1.6126701032977038e-91
4.655018682423923e-96
1.0381751908094331e-100
1.788929348303341e-105
2.3817109648509876e-110
2.4499557911929683e-115
1.9471560747100422e-120
1.1956845142957777e-125
5.672908383364558e-131
2.0795446980862267e-136
5.889847821798946e-142
1.2888821608080653e-147
2.1791929042007568e-153
2.846763992602993e-159
2.873297377228359e-165
2.240696384454381e-171
1.3500777343368233e-177
6.285037321053238e-184
2.2606340850789874e-190
6.282406106034317e-197
1.34894755768438e-203
2.2378833767753716e-210
2.8684888031354543e-217
2.8408100270968477e-224
2.173724748400524e-231
1.2851097904779725e-238
5.870150542229676e-246
2.0717224410262674e-253
5.649203587604296e-261
1.1901897524091619e-268
1.9373965033670744e-276
2.436655550960106e-284
2.367789525632543e-292
1.777728248763131e-300
1.0312429121977274e-308
4.6219994e-317
0.0
0.0
0.0
0.0
0.0
0.0
0.0
