0.21032962585612164
0.007315659307853114
0.00034459325628307053
2.1981633003586432e-05
1.8989257852087468e-06
2.2213005186690952e-07
3.516204380803632e-08
7.509114265880374e-09
2.142066968161096e-09
7.974252920096686e-10
3.7275169549548686e-10
2.0865129341645343e-10
1.336021059420899e-10
9.427642641021704e-11
7.133158731559952e-11
5.677012840182204e-11
4.6900865704727835e-11
3.985626063445818e-11
3.461625396469553e-11
3.058688931146707e-11
2.7403256869276134e-11
2.4830779469417935e-11
2.2712744260328456e-11
2.0940948420195646e-11
1.94385284579758e-11
1.814951779942203e-11
1.7032275470463096e-11
1.6055224187305634e-11
1.5194011248086287e-11
1.442957153760175e-11
1.3746777423323634e-11
1.3133479419411791e-11
1.2579812542593835e-11
1.2077686785026843e-11
1.162040740362797e-11
1.1202388200152266e-11
1.0818932386789325e-11
1.046606323312357e-11
1.0140391835018832e-11
9.839012882626363e-12
9.559421771137104e-12
9.299448141096308e-12
9.057202182562289e-12
8.831030940519256e-12
8.619482519926885e-12
8.421276577478444e-12
8.235279851914381e-12
8.060485759473944e-12
7.895997289743954e-12
7.741012596933887e-12
7.59481280485686e-12
7.45675163965424e-12
7.32624657920458e-12
7.202771267123438e-12
7.085848985964565e-12
6.975047021438922e-12
6.86997177927213e-12
6.77026454032114e-12
6.675597758995033e-12
6.585671825820714e-12
6.500212227898822e-12
6.4189670515838655e-12
6.341704780447904e-12
6.268212348805753e-12
6.198293417075232e-12
6.131766840244237e-12
6.068465304897989e-12
6.008234113770628e-12
5.950930099742396e-12
5.896420653702611e-12
5.844582852816834e-12
5.795302677537611e-12
5.74847430723377e-12
5.703999485626338e-12
5.661786948345049e-12
5.621751905887341e-12
5.583815576096071e-12
5.547904760993237e-12
5.513951463431475e-12
5.481892539567736e-12
5.451669383635741e-12
5.423227641905933e-12
5.396516953082368e-12
5.371490712702088e-12
5.348105859380726e-12
5.326322680993089e-12
5.306104639094214e-12
5.287418210078369e-12
5.270232741744247e-12
5.254520324086853e-12
5.240255673272863e-12
5.2274160278786625e-12
5.215981056580724e-12
5.205932776588025e-12
5.197255482197457e-12
5.1899356829366044e-12
5.183962050835314e-12
5.1793253764390164e-12
5.176018533243532e-12
5.174036450294337e-12
5.1733760927533805e-12
5.174036450294337e-12
5.176018533243532e-12
5.1793253764390164e-12
5.183962050835314e-12
5.1899356829366044e-12
5.197255482197457e-12
5.205932776588025e-12
5.215981056580724e-12
5.2274160278786625e-12
5.240255673272863e-12
5.254520324086853e-12
5.270232741744247e-12
5.287418210078369e-12
5.306104639094214e-12
5.326322680993089e-12
5.348105859380726e-12
5.371490712702088e-12
5.396516953082368e-12
5.423227641905933e-12
5.451669383635741e-12
5.481892539567736e-12
5.513951463431475e-12
5.547904760993237e-12
5.583815576096071e-12
5.621751905887341e-12
5.661786948345049e-12
5.703999485626338e-12
5.74847430723377e-12
5.795302677537611e-12
5.844582852816834e-12
5.896420653702611e-12
5.950930099742396e-12
6.008234113770628e-12
6.068465304897989e-12
6.131766840244237e-12
6.198293417075232e-12
6.268212348805753e-12
6.341704780447904e-12
6.4189670515838655e-12
6.500212227898822e-12
6.585671825820714e-12
6.675597758995033e-12
6.77026454032114e-12
6.86997177927213e-12
6.975047021438922e-12
7.085848985964565e-12
7.202771267123438e-12
7.32624657920458e-12
7.45675163965424e-12
7.59481280485686e-12
7.741012596933887e-12
7.895997289743954e-12
8.060485759473944e-12
8.235279851914381e-12
8.421276577478444e-12
8.619482519926885e-12
8.831030940519256e-12
9.057202182562289e-12
9.299448141096308e-12
9.559421771137104e-12
9.839012882626363e-12
1.0140391835018832e-11
1.046606323312357e-11
1.0818932386789325e-11
1.1202388200152266e-11
1.162040740362797e-11
1.2077686785026843e-11
1.2579812542593835e-11
1.3133479419411791e-11
1.3746777423323634e-11
1.442957153760175e-11
1.5194011248086287e-11
1.6055224187305634e-11
1.7032275470463096e-11
1.814951779942203e-11
1.94385284579758e-11
2.0940948420195646e-11
2.2712744260328456e-11
2.4830779469417935e-11
2.7403256869276134e-11
3.058688931146707e-11
3.461625396469553e-11
3.985626063445818e-11
4.6900865704727835e-11
5.677012840182204e-11
7.133158731559952e-11
9.427642641021704e-11
1.336021059420899e-10
2.0865129341645343e-10
3.7275169549548686e-10
7.974252920096686e-10
2.142066968161096e-09
7.509114265880374e-09
3.516204380803632e-08
2.2213005186690952e-07
1.8989257852087468e-06
2.1981633003586432e-05
0.00034459325628307053
0.007315659307853114

2.2882293857185174e-10
2.21751554400731e-09
1.8783890417272384e-08
1.3907727671679342e-07
9.000747309319747e-07
5.091581730258175e-06
2.517553037384927e-05
0.00010880686484907361
0.00041104154931659954
0.0013572720629702597
0.00391741746417433
0.009882903600639759
0.021793200894633588
0.0420057984636365
0.07077000486138119
0.10421757547547977
0.1341480810325056
0.1509314424355668
0.1484317266948478
0.12759260831699987
0.09586852612381808
0.06296197529371633
0.036143682416617647
0.018135862295190878
0.007954186700345285
0.0030493348025251443
0.0010218007083144982
0.0002992809317839344
7.662026580084658e-05
1.7145889486130035e-05
3.3537303805666865e-06
5.733872464522581e-07
8.568793400376679e-08
1.1192911597382243e-08
1.2779628657061637e-09
1.275396304806906e-10
1.1125610030959217e-11
8.483093836831808e-13
5.653748269757213e-14
3.2935967363710705e-15
1.6770891081971995e-16
7.464377794167405e-18
2.9039079453021044e-19
9.874698326695954e-21
2.9350573220775107e-22
7.625373086136539e-24
1.7316390300104784e-25
3.4372046739737205e-27
5.963554332907738e-29
9.043920292453272e-31
1.1988367034048071e-32
1.3890410945166337e-34
1.4067661741537402e-36
1.245318668890449e-38
9.635867941520838e-41
6.5170783022230715e-43
3.852714236028105e-45
1.9908219262745879e-47
8.99186528814814e-50
3.549922954445513e-52
1.2250105305852523e-54
3.694983263773484e-57
9.741747936086933e-60
2.244983015754335e-62
4.5221086250138184e-65
7.961972620330335e-68
1.225327352809175e-70
1.6482964976283314e-73
1.9380737632652898e-76
1.9918518246755624e-79
1.7893508843399996e-82
1.40503051248453e-85
9.643346195765673e-89
5.7852418559294515e-92
3.033660941719971e-95
1.3904786326680625e-98
5.570746010224583e-102
1.9508063263326796e-105
5.971270038400939e-109
1.5976109447038711e-112
3.73617406526147e-116
7.637213556952488e-120
1.3645659406525102e-123
2.1311100565893304e-127
2.9091692527154874e-131
3.4712337376526296e-135
3.620349401017911e-139
3.300417443074728e-143
2.629898697761139e-147
1.8317277518437538e-151
1.1151533402277497e-155
5.934170398293397e-160
2.7601786676948375e-164
1.122189333282549e-168
3.9879236637801434e-173
1.2387375303713518e-177
3.3632837885032175e-182
7.981775182432109e-187
1.6557212676309386e-191
3.0021108387543925e-196
