1.2280484511508267
0.5989882319009499
0.36288716582191416
0.23664240224795285
0.16379089277116726
0.11948640459631409
0.09122143127878898
0.0723724975970413
0.05928442880478868
0.04986047838308589
0.042852765859020286
0.0374922852424613
0.0332893731573172
0.029922578303995973
0.02717482949667556
0.024895679468206634
0.022978342075384996
0.021345354722273634
0.019939402118705138
0.018717305644787505
0.017646000033619387
0.016699785354910686
0.01585841445404052
0.015105738407184127
0.01442873151097249
0.013816778832809623
0.013261148305574708
0.012754594469572401
0.012291057436613852
0.011865431626382806
0.011473386249008203
0.011111224601152587
0.010775772784647092
0.010464290950828636
0.01017440195122896
0.009904033556393969
0.009651371337864
0.009414819995051291
0.00919297141886654
0.00898457816630354
0.008788531309234605
0.008603841840940466
0.00842962499304673
0.008265086946374857
0.008109513521115583
0.007962260511617686
0.00782274539410177
0.007690440185615226
0.007564865272451364
0.007445584058274802
0.0073321983080183945
0.007224344084545804
0.007121688192115821
0.007023925054624448
0.006930773968052362
0.006841976675991951
0.006757295224951762
0.0066765100626403565
0.006599418347858877
0.006525832445176118
0.00645557858137829
0.006388495643904501
0.006324434104200746
0.00626325505123407
0.006204829322372429
0.006149036720511585
0.006095765307763568
0.006044910767250894
0.0059963758256081
0.0059500697297036826
0.00590590777188336
0.005863810858718192
0.005823705118833469
0.005785521545910236
0.005749195673400929
0.005714667277893848
0.005681880108405571
0.005650781639182665
0.005621322843860002
0.005593457989057386
0.005567144445703198
0.005542342516557069
0.00551901527856619
0.00549712843883431
0.005476650203111397
0.005457551155826787
0.005439804150791795
0.005423384211790057
0.005408268442357186
0.005394435944126417
0.005381867743184951
0.005370546723947636
0.005360457570111027
0.005351586712302679
0.005343922282088133
0.005337454072042277
0.0053321735016327474
0.005328073588701707
0.005325148926368571
0.00532339566521091
0.00532281150061392
0.00532339566521091
0.005325148926368571
0.005328073588701707
0.0053321735016327474
0.005337454072042277
0.005343922282088133
0.005351586712302679
0.005360457570111027
0.005370546723947636
0.005381867743184951
0.005394435944126417
0.005408268442357186
0.005423384211790057
0.005439804150791795
0.005457551155826787
0.005476650203111397
0.00549712843883431
0.00551901527856619
0.005542342516557069
0.005567144445703198
0.005593457989057386
0.005621322843860002
0.005650781639182665
0.005681880108405571
0.005714667277893848
0.005749195673400929
0.005785521545910236
0.005823705118833469
0.005863810858718192
0.00590590777188336
0.0059500697297036826
0.0059963758256081
0.006044910767250894
0.006095765307763568
0.006149036720511585
0.006204829322372429
0.00626325505123407
0.006324434104200746
0.006388495643904501
0.00645557858137829
0.006525832445176118
0.006599418347858877
0.0066765100626403565
0.006757295224951762
0.006841976675991951
0.006930773968052362
0.007023925054624448
0.007121688192115821
0.007224344084545804
0.0073321983080183945
0.007445584058274802
0.007564865272451364
0.007690440185615226
0.00782274539410177
0.007962260511617686
0.008109513521115583
0.008265086946374857
0.00842962499304673
0.008603841840940466
0.008788531309234605
0.00898457816630354
0.00919297141886654
0.009414819995051291
0.009651371337864
0.009904033556393969
0.01017440195122896
0.010464290950828636
0.010775772784647092
0.011111224601152587
0.011473386249008203
0.011865431626382806
0.012291057436613852
0.012754594469572401
0.013261148305574708
0.013816778832809623
0.01442873151097249
0.015105738407184127
0.01585841445404052
0.016699785354910686
0.017646000033619387
0.018717305644787505
0.019939402118705138
0.021345354722273634
0.022978342075384996
0.024895679468206634
0.02717482949667556
0.029922578303995973
0.0332893731573172
0.0374922852424613
0.042852765859020286
0.04986047838308589
0.05928442880478868
0.0723724975970413
0.09122143127878898
0.11948640459631409
0.16379089277116726
0.23664240224795285
0.36288716582191416
0.5989882319009499

0.2537698539624716
0.5827842065714915
1.117867815376832
1.5503874236512458
1.1864887147489644
0.4360803416846625
0.07542569703452855
0.0070320889806225985
0.0016246075483758223
0.0032446667957225558
0.007426261306805199
0.015345180071276188
0.028490063629703594
0.04752277499948114
0.07121913805114553
0.09589107289795688
0.11599684751309094
0.12606680283662655
0.12309540322045084
0.10798650255962139
0.08511060149740045
0.060267668102216676
0.03834172605962297
0.021915201892020668
0.01125397214218344
0.00519221586153488
0.002152217643025355
0.0008015048946393215
0.00026817155753037505
8.061313181655841e-05
2.1771352882244956e-05
5.282646919909271e-06
1.151606998716469e-06
2.2555037352689751e-07
3.968892625475301e-08
6.274537114828098e-09
8.912110844011807e-10
1.1372763556590162e-10
1.3038810837062995e-11
1.3430633662292552e-12
1.2429153906825305e-13
1.0334112193129914e-14
7.719538232722467e-16
5.180790332900952e-17
3.1238290178001706e-18
1.6922520032098985e-19
8.236247008590283e-21
3.6014735758147843e-22
1.414873610631151e-23
4.993920267407021e-25
1.5836241124809245e-26
4.511792845956602e-28
1.1548690449781806e-29
2.6558459101963343e-31
5.487310699872681e-33
1.0185978906200856e-34
1.6987619998595955e-36
2.5453578408810956e-38
3.4265076003243003e-40
4.144203720507571e-42
4.503156464561604e-44
4.396221052499703e-46
3.855924753125634e-48
3.0385341567482826e-50
2.1512269951253572e-52
1.368342762316768e-54
7.8197002119371e-57
4.0148733666425025e-59
1.851996423954127e-61
7.675293288058484e-64
2.857829793788575e-66
9.560140686027944e-69
2.8732853004966683e-71
7.758535696807903e-74
1.8822067136297894e-76
4.1024322500765135e-79
8.033449370111136e-82
1.4133484540308927e-84
2.2339990256448985e-87
3.172511860909142e-90
4.04771637237273e-93
4.639844612360176e-96
4.778409257974184e-99
4.421298062279381e-102
3.6753845768051885e-105
2.7449998629822652e-108
1.841910016280252e-111
1.1104040470386552e-114
6.014232404315927e-118
2.926617198788732e-121
1.279493778847567e-124
5.025704860602609e-128
1.7735454668861477e-131
5.623079406482861e-135
1.601742319664897e-138
4.099186029318907e-142
9.425169073086522e-146
1.9470056645412561e-149
3.6135313298700413e-153
6.025359691923582e-157
