0.398169118417332
0.005839891682558693
0.00011922791038085644
3.3883400914979496e-06
1.3403924089924895e-07
7.353556747851046e-09
5.667734689036549e-10
6.039129738786648e-11
8.953374886364185e-12
1.8406708655235206e-12
5.176739648478177e-13
1.9346868846771582e-13
9.171615755535905e-14
5.2235663441676384e-14
3.3988583256485986e-14
2.431430254444883e-14
1.8600881316425782e-14
1.4934364416751628e-14
1.2424854349357292e-14
1.0618391581492183e-14
9.264945628296148e-15
8.217757311363665e-15
7.385983448050161e-15
6.710822756586551e-15
6.152744564640836e-15
5.684298818768715e-15
5.285885079279374e-15
4.94316484484072e-15
4.645424511630252e-15
4.3845083980666465e-15
4.154104700758699e-15
3.9492562536478424e-15
3.7660181702058934e-15
3.6012136801724546e-15
3.4522569839262806e-15
3.3170227129163086e-15
3.193748360057521e-15
3.08096040083933e-15
2.9774176830713524e-15
2.8820675710277327e-15
2.794011625040814e-15
2.7124784906228622e-15
2.636802295711598e-15
2.566405297186726e-15
2.5007838352924797e-15
2.4394968849977435e-15
2.3821566623250447e-15
2.328420868896822e-15
2.2779862516042315e-15
2.2305832249795743e-15
2.1859713576348085e-15
2.1439355653781597e-15
2.104282885495318e-15
2.0668397314861713e-15
2.0314495469801186e-15
1.997970792873238e-15
1.9662752138819334e-15
1.936246340401171e-15
1.907778189330402e-15
1.8807741337991206e-15
1.855145916803605e-15
1.830812787901972e-15
1.8077007454970017e-15
1.7857418700145696e-15
1.7648737355772225e-15
1.7450388896704345e-15
1.7261843918769365e-15
1.7082614040711583e-15
1.6912248255683838e-15
1.6750329676496796e-15
1.6596472626647342e-15
1.6450320035753169e-15
1.6311541103625184e-15
1.6179829201977741e-15
1.6054899986846687e-15
1.593648969826735e-15
1.582435362675378e-15
1.5718264728691615e-15
1.561801237497585e-15
1.5523401219143482e-15
1.5434250172915118e-15
1.5350391478506248e-15
1.527166986832978e-15
1.5197941803813234e-15
1.5129074786019143e-15
1.506494673160529e-15
1.5005445408408077e-15
1.4950467925592205e-15
1.4899920273894408e-15
1.485371691200869e-15
1.4811780395624004e-15
1.4774041046040624e-15
1.474043665566462e-15
1.4710912228017296e-15
1.468541975020267e-15
1.4663917996056015e-15
1.4646372358453636e-15
1.4632754709502415e-15
1.4623043287550035e-15
1.4617222610166262e-15
1.461528341244475e-15
1.4617222610166262e-15
1.4623043287550035e-15
1.4632754709502415e-15
1.4646372358453636e-15
1.4663917996056015e-15
1.468541975020267e-15
1.4710912228017296e-15
1.474043665566462e-15
1.4774041046040624e-15
1.4811780395624004e-15
1.485371691200869e-15
1.4899920273894408e-15
1.4950467925592205e-15
1.5005445408408077e-15
1.506494673160529e-15
1.5129074786019143e-15
1.5197941803813234e-15
1.527166986832978e-15
1.5350391478506248e-15
1.5434250172915118e-15
1.5523401219143482e-15
1.561801237497585e-15
1.5718264728691615e-15
1.582435362675378e-15
1.593648969826735e-15
1.6054899986846687e-15
1.6179829201977741e-15
1.6311541103625184e-15
1.6450320035753169e-15
1.6596472626647342e-15
1.6750329676496796e-15
1.6912248255683838e-15
1.7082614040711583e-15
1.7261843918769365e-15
1.7450388896704345e-15
1.7648737355772225e-15
1.7857418700145696e-15
1.8077007454970017e-15
1.830812787901972e-15
1.855145916803605e-15
1.8807741337991206e-15
1.907778189330402e-15
1.936246340401171e-15
1.9662752138819334e-15
1.997970792873238e-15
2.0314495469801186e-15
2.0668397314861713e-15
2.104282885495318e-15
2.1439355653781597e-15
2.1859713576348085e-15
2.2305832249795743e-15
2.2779862516042315e-15
2.328420868896822e-15
2.3821566623250447e-15
2.4394968849977435e-15
2.5007838352924797e-15
2.566405297186726e-15
2.636802295711598e-15
2.7124784906228622e-15
2.794011625040814e-15
2.8820675710277327e-15
2.9774176830713524e-15
3.08096040083933e-15
3.193748360057521e-15
3.3170227129163086e-15
3.4522569839262806e-15
3.6012136801724546e-15
3.7660181702058934e-15
3.9492562536478424e-15
4.154104700758699e-15
4.3845083980666465e-15
4.645424511630252e-15
4.94316484484072e-15
5.285885079279374e-15
5.684298818768715e-15
6.152744564640836e-15
6.710822756586551e-15
7.385983448050161e-15
8.217757311363665e-15
9.264945628296148e-15
1.0618391581492183e-14
1.2424854349357292e-14
1.4934364416751628e-14
1.8600881316425782e-14
2.431430254444883e-14
3.3988583256485986e-14
5.2235663441676384e-14
9.171615755535905e-14
1.9346868846771582e-13
5.176739648478177e-13
1.8406708655235206e-12
8.953374886364185e-12
6.039129738786648e-11
5.667734689036549e-10
7.353556747851046e-09
1.3403924089924895e-07
3.3883400914979496e-06
0.00011922791038085644
0.005839891682558693

6.34075130412417e-14
8.694773218933523e-13
1.053863568668124e-11
1.1290654479533448e-10
1.0692085821335202e-09
8.949820972934642e-09
6.62178160735276e-08
4.330558917336279e-07
2.503350399864098e-06
1.2791100988097318e-05
5.777005827782507e-05
0.0002306249432810088
0.0008138012280998587
0.0025382769050945496
0.006997908326158148
0.017053208131407586
0.03673267272992962
0.06993709027123479
0.11769856904043396
0.17508276605127407
0.23021001269677352
0.2675553327935178
0.2748600413483133
0.24958483667193881
0.20032418238995628
0.14212063992675233
0.0891229437567359
0.0494004021916105
0.02420360405320827
0.010481855970330512
0.004012406535574346
0.0013576263658098395
0.0004060356732663337
0.00010733879415002057
2.5081749499936828e-05
5.180450558965416e-06
9.457706524306779e-07
1.526204490747403e-07
2.1769487942951836e-08
2.7446836398550736e-09
3.0587569324911107e-10
3.0130492662385416e-11
2.6234699391642206e-12
2.0190847321908834e-13
1.3735408826955352e-14
8.259185670496363e-16
4.3897669196849776e-17
2.0623116098634796e-18
8.563981196432675e-20
3.1434439187394556e-21
1.0198688361723159e-22
2.9247686522404886e-24
7.413910012129405e-26
1.661160878604983e-27
3.2899149594643624e-29
5.759254133557376e-31
8.911614807859487e-33
1.2188637568558936e-34
1.4735419816113742e-36
1.5746297658430745e-38
1.4873151210282744e-40
1.2417555876875776e-42
9.163847340830933e-45
5.977618051374729e-47
3.446569741292342e-49
1.7565259620111594e-51
7.912808742394651e-54
3.1507602469337016e-56
1.1089415070859255e-58
3.449931834910232e-61
9.486827031510058e-64
2.3058977404023175e-66
4.954133418313885e-69
9.408143781587334e-72
1.5792423682778756e-74
2.34316148892425e-77
3.0730119428803407e-80
3.5623359073604325e-83
3.650178326138004e-86
3.305992688585429e-89
2.6466608221221695e-92
1.8728512351487275e-95
1.1714314187682106e-98
6.476480278658551e-102
3.164971619290821e-105
1.3671280240074856e-108
5.219839442328041e-112
1.7616259404925227e-115
5.255074073729039e-119
1.3856469192486424e-122
3.229497198527232e-126
6.653127356413198e-130
1.2115054018388756e-133
1.9499948574580809e-137
2.7742792291035573e-141
3.4887951331595475e-145
3.8780138740147694e-149
3.8102357041830647e-153
3.3090468750641734e-157
2.5401688703865525e-161
