0.705908336883461
0.09931791619153424
0.015248100989666662
0.0025545405018764914
0.00046700195205720676
9.316085332349155e-05
2.027948991543544e-05
4.817139119090206e-06
1.2486166699655077e-06
3.5316205278598734e-07
1.0899712949898561e-07
3.670514993203364e-08
1.3484760457130764e-08
5.402770462396302e-09
2.358957094709297e-09
1.1208467388761317e-09
5.788869123017607e-10
3.2259491133394105e-10
1.9371004833867855e-10
1.2439325489565972e-10
8.481409041380312e-11
6.093786153676128e-11
4.579759007099205e-11
3.5756816975141936e-11
2.8826795796922837e-11
2.387192205967397e-11
2.0217458453194746e-11
1.7447618834997095e-11
1.5297508733256174e-11
1.359316070970697e-11
1.2217119648231774e-11
1.1088065663729032e-11
1.0148395210319422e-11
9.356447458054282e-12
8.681516751670936e-12
8.100578761130658e-12
7.596095708246425e-12
7.154516028644e-12
6.7652300758201535e-12
6.419831004574521e-12
6.111583487306598e-12
5.8350362964950944e-12
5.585736000218958e-12
5.360012738030182e-12
5.1548180660352166e-12
4.967600884471985e-12
4.796211543037378e-12
4.638827023151143e-12
4.493892047362466e-12
4.36007234024475e-12
4.236217244106944e-12
4.121329597895339e-12
4.0145413006384335e-12
3.915093357648906e-12
3.822319487106546e-12
3.735632573610239e-12
3.6545134128589825e-12
3.5785013113741794e-12
3.507186196864241e-12
3.4402019655331285e-12
3.3772208475194987e-12
3.317948614535129e-12
3.2621204874811325e-12
3.209497628475411e-12
3.1598641229195937e-12
3.113024374177107e-12
3.0688008470483264e-12
3.0270321072219886e-12
2.987571112800483e-12
2.950283721264777e-12
2.9150473811936302e-12
2.8817499829411575e-12
2.850288846511746e-12
2.8205698282138494e-12
2.7925065304536137e-12
2.7660196013487807e-12
2.741036112785752e-12
2.7174890071749252e-12
2.695316604535436e-12
2.6744621627043196e-12
2.6548734844524715e-12
2.6365025661301845e-12
2.61930528318237e-12
2.60324110848783e-12
2.5882728600044113e-12
2.574366474656347e-12
2.5614908057927207e-12
2.5496174418864188e-12
2.5387205444390007e-12
2.5287767033153574e-12
2.5197648079584195e-12
2.5116659331334016e-12
2.5044632380270464e-12
2.49814187768367e-12
2.4926889258993987e-12
2.4880933088214338e-12
2.4843457486127547e-12
2.4814387166462404e-12
2.479366395787596e-12
2.478124651415186e-12
2.477711010908348e-12
2.478124651415186e-12
2.479366395787596e-12
2.4814387166462404e-12
2.4843457486127547e-12
2.4880933088214338e-12
2.4926889258993987e-12
2.49814187768367e-12
2.5044632380270464e-12
2.5116659331334016e-12
2.5197648079584195e-12
2.5287767033153574e-12
2.5387205444390007e-12
2.5496174418864188e-12
2.5614908057927207e-12
2.574366474656347e-12
2.5882728600044113e-12
2.60324110848783e-12
2.61930528318237e-12
2.6365025661301845e-12
2.6548734844524715e-12
2.6744621627043196e-12
2.695316604535436e-12
2.7174890071749252e-12
2.741036112785752e-12
2.7660196013487807e-12
2.7925065304536137e-12
2.8205698282138494e-12
2.850288846511746e-12
2.8817499829411575e-12
2.9150473811936302e-12
2.950283721264777e-12
2.987571112800483e-12
3.0270321072219886e-12
3.0688008470483264e-12
3.113024374177107e-12
3.1598641229195937e-12
3.209497628475411e-12
3.2621204874811325e-12
3.317948614535129e-12
3.3772208475194987e-12
3.4402019655331285e-12
3.507186196864241e-12
3.5785013113741794e-12
3.6545134128589825e-12
3.735632573610239e-12
3.822319487106546e-12
3.915093357648906e-12
4.0145413006384335e-12
4.121329597895339e-12
4.236217244106944e-12
4.36007234024475e-12
4.493892047362466e-12
4.638827023151143e-12
4.796211543037378e-12
4.967600884471985e-12
5.1548180660352166e-12
5.360012738030182e-12
5.585736000218958e-12
5.8350362964950944e-12
6.111583487306598e-12
6.419831004574521e-12
6.7652300758201535e-12
7.154516028644e-12
7.596095708246425e-12
8.100578761130658e-12
8.681516751670936e-12
9.356447458054282e-12
1.0148395210319422e-11
1.1088065663729032e-11
1.2217119648231774e-11
1.359316070970697e-11
1.5297508733256174e-11
1.7447618834997095e-11
2.0217458453194746e-11
2.387192205967397e-11
2.8826795796922837e-11
3.5756816975141936e-11
4.579759007099205e-11
6.093786153676128e-11
8.481409041380312e-11
1.2439325489565972e-10
1.9371004833867855e-10
3.2259491133394105e-10
5.788869123017607e-10
1.1208467388761317e-09
2.358957094709297e-09
5.402770462396302e-09
1.3484760457130764e-08
3.670514993203364e-08
1.0899712949898561e-07
3.5316205278598734e-07
1.2486166699655077e-06
4.817139119090206e-06
2.027948991543544e-05
9.316085332349155e-05
0.00046700195205720676
0.0025545405018764914
0.015248100989666662
0.09931791619153424

9.561557262071418e-11
7.835920159464665e-09
4.023413424798789e-07
1.2943228116477295e-05
0.0002608758256038203
0.0032943395026254333
0.026064305522756924
0.12920140841421934
0.4012653178208576
0.780799069786267
0.9518976101396921
0.7270838062074475
0.3479541286286367
0.10432846131015015
0.019598683379665957
0.0023067167957778857
0.00017010024736490226
7.858848177587518e-06
2.2748676714360388e-07
4.12569069230189e-09
4.687923090232012e-11
3.33739474030619e-13
1.488599821662141e-15
4.159983752676065e-18
7.28364201794983e-21
7.990037859062057e-24
5.491517450491088e-27
2.364717063707858e-30
6.379832678892909e-34
1.0784069516400102e-37
1.1420874389444002e-41
7.57808230300582e-46
3.1503772795995743e-50
8.20557656257284e-55
1.339056567150455e-59
1.3690901055466983e-64
8.770178369683734e-70
3.5198820202308403e-75
8.850974185872326e-81
1.3944319582892646e-86
1.3764069834457117e-92
8.512158339981974e-99
3.2981910295121334e-105
8.006730394622934e-112
1.2178053854544116e-118
1.1604965718909181e-125
6.928721733347065e-133
2.591824937458954e-140
6.074373536174878e-148
8.919502094763809e-156
8.205839442459545e-164
4.7298645606370486e-172
1.7081172595246626e-180
3.864825975939323e-189
5.478800569312391e-198
4.866136950387829e-207
2.707861508049204e-216
9.440866504971647e-226
2.0622463846043507e-235
2.8223607994356125e-245
2.4200692774187127e-255
1.3001287188465843e-265
4.376109608515715e-276
9.228546762862709e-287
1.2193313206118294e-297
1.0093770550573136e-308
5.235e-320
0.0
0.0
0.0
0.0
0.0
0.0
0.0
0.0
0.0
0.0
0.0
0.0
0.0
0.0
0.0
0.0
0.0
0.0
0.0
0.0
0.0
0.0
0.0
0.0
0.0
0.0
0.0
0.0
0.0
0.0
0.0
0.0
0.0
