0.7661976930457551
0.05650204550911357
0.007694478707068319
0.0013777357391194082
0.0002732317020519264
5.732308781074812e-05
1.2584614126095145e-05
2.8833157161241554e-06
6.889220778942389e-07
1.7162454692768094e-07
4.4574781792802186e-08
1.2069478396516976e-08
3.408394998165471e-09
1.002888117340907e-09
3.076360833808278e-10
9.838525605845984e-11
3.280466204431162e-11
1.1403813313840368e-11
4.13307175668078e-12
1.5617649792807397e-12
6.153332076440767e-13
2.5282553234581104e-13
1.083583640345278e-13
4.8465376776109953e-14
2.263865595912379e-14
1.1056605138335393e-14
5.655631095128669e-15
3.0368718320823416e-15
1.7166432716640591e-15
1.0245605239253456e-15
6.472674837349651e-16
4.3332963671263083e-16
3.0713120219531047e-16
2.2968545149039897e-16
1.8025074791938558e-16
1.4744855244092889e-16
1.248470495059198e-16
1.0870288007304965e-16
9.67745513810781e-17
8.768226317254593e-17
8.055356983967405e-17
7.482232869991892e-17
7.011185358383794e-17
6.616541445207883e-17
6.280396357254853e-17
5.989986196078152e-17
5.736020756496661e-17
5.511604281029089e-17
5.3115232770578455e-17
5.131767819926965e-17
4.969204065006704e-17
4.821346388305374e-17
4.686196266040574e-17
4.562126576740674e-17
4.447797292038852e-17
4.34209317673988e-17
4.244077138225889e-17
4.152954852460449e-17
4.068047619857376e-17
3.98877130092029e-17
3.914619795648445e-17
3.8451519564697676e-17
3.7799811231548047e-17
3.718766680095354e-17
3.661207188343984e-17
3.607034754988865e-17
3.556010383098818e-17
3.5079201050945357e-17
3.4625717468794544e-17
3.4197922035391234e-17
3.379425132826944e-17
3.341328992098319e-17
3.305375359351077e-17
3.271447490682039e-17
3.239439075588524e-17
3.2092531587291977e-17
3.180801202458481e-17
3.154002268998365e-17
3.1287823047654274e-17
3.105073512322337e-17
3.082813797820853e-17
3.061946283761592e-17
3.0424188785036333e-17
3.0241838952838185e-17
3.007197714605847e-17
2.991420484776152e-17
2.976815856131172e-17
2.963350745146523e-17
2.950995125164357e-17
2.9397218409390177e-17
2.929506444596782e-17
2.920327050945225e-17
2.912164210360829e-17
2.9050007977378897e-17
2.898821916204171e-17
2.893614814504535e-17
2.889368817127529e-17
2.8860752664056816e-17
2.8837274759612075e-17
2.8823206949980774e-17
2.8818520830613915e-17
2.8823206949980774e-17
2.8837274759612075e-17
2.8860752664056816e-17
2.889368817127529e-17
2.893614814504535e-17
2.898821916204171e-17
2.9050007977378897e-17
2.912164210360829e-17
2.920327050945225e-17
2.929506444596782e-17
2.9397218409390177e-17
2.950995125164357e-17
2.963350745146523e-17
2.976815856131172e-17
2.991420484776152e-17
3.007197714605847e-17
3.0241838952838185e-17
3.0424188785036333e-17
3.061946283761592e-17
3.082813797820853e-17
3.105073512322337e-17
3.1287823047654274e-17
3.154002268998365e-17
3.180801202458481e-17
3.2092531587291977e-17
3.239439075588524e-17
3.271447490682039e-17
3.305375359351077e-17
3.341328992098319e-17
3.379425132826944e-17
3.4197922035391234e-17
3.4625717468794544e-17
3.5079201050945357e-17
3.556010383098818e-17
3.607034754988865e-17
3.661207188343984e-17
3.718766680095354e-17
3.7799811231548047e-17
3.8451519564697676e-17
3.914619795648445e-17
3.98877130092029e-17
4.068047619857376e-17
4.152954852460449e-17
4.244077138225889e-17
4.34209317673988e-17
4.447797292038852e-17
4.562126576740674e-17
4.686196266040574e-17
4.821346388305374e-17
4.969204065006704e-17
5.131767819926965e-17
5.3115232770578455e-17
5.511604281029089e-17
5.736020756496661e-17
5.989986196078152e-17
6.280396357254853e-17
6.616541445207883e-17
7.011185358383794e-17
7.482232869991892e-17
8.055356983967405e-17
8.768226317254593e-17
9.67745513810781e-17
1.0870288007304965e-16
1.248470495059198e-16
1.4744855244092889e-16
1.8025074791938558e-16
2.2968545149039897e-16
3.0713120219531047e-16
4.3332963671263083e-16
6.472674837349651e-16
1.0245605239253456e-15
1.7166432716640591e-15
3.0368718320823416e-15
5.655631095128669e-15
1.1056605138335393e-14
2.263865595912379e-14
4.8465376776109953e-14
1.083583640345278e-13
2.5282553234581104e-13
6.153332076440767e-13
1.5617649792807397e-12
4.13307175668078e-12
1.1403813313840368e-11
3.280466204431162e-11
9.838525605845984e-11
3.076360833808278e-10
1.002888117340907e-09
3.408394998165471e-09
1.2069478396516976e-08
4.4574781792802186e-08
1.7162454692768094e-07
6.889220778942389e-07
2.8833157161241554e-06
1.2584614126095145e-05
5.732308781074812e-05
0.0002732317020519264
0.0013777357391194082
0.007694478707068319
0.05650204550911357

1.1393853596587258e-15
2.1308339360708244e-13
1.792666831154148e-10
7.237066195429025e-08
1.105857388606502e-05
0.0006343554605116212
0.013653943424726762
0.11026999117890714
0.33415161454635306
0.38007841609744236
0.16326847150430787
0.03172606586993041
0.02371579256747065
0.06839430007955719
0.1681919107797274
0.32578957565234656
0.4907699507533734
0.5692415733064858
0.5047209991910412
0.3405048696528469
0.17437315543096343
0.06776030490719047
0.020014199750502688
0.00451067587284593
0.0007806144959407945
0.00010467886194951377
1.1003827762465407e-05
9.18590570020076e-07
6.162955162891094e-08
3.349914381727979e-09
1.478542134831798e-10
5.282822154179225e-12
1.518898426570994e-13
3.491831201485856e-15
6.385308125221198e-17
9.254645546244159e-19
1.0608171844032158e-20
9.605101253882561e-23
6.8656103344745465e-25
3.873001329411877e-27
1.724062102695881e-29
6.055815255691507e-32
1.6784106823709809e-34
3.6705123284974433e-37
6.333691981744501e-40
8.623601173718426e-43
9.264495211004358e-46
7.853372662525552e-49
5.2528136172159935e-52
2.7722290752998696e-55
1.1544299212236866e-58
3.7932142413705355e-62
9.834414472533231e-66
2.0118286125922694e-69
3.2473925547162896e-73
4.135994363555663e-77
4.1564869688315946e-81
3.2959016643396564e-85
2.0621649718226808e-89
1.0180612394776142e-93
3.965753696030993e-98
1.2189304039038102e-102
2.956197323344426e-107
5.657040219924884e-112
8.541742026043441e-117
1.0176653151282486e-121
9.566758966964983e-127
7.096202968348245e-132
4.153254679187017e-137
1.9180169226697045e-142
6.989041892638602e-148
2.009482322883358e-153
4.55881610672328e-159
8.160585048923428e-165
1.1526351358367493e-170
1.284587673195623e-176
1.1296319931082665e-182
7.838113624074833e-189
4.291286035056877e-195
1.8538078174053053e-201
6.318926336154027e-208
1.6995080001212616e-214
3.606653922437701e-221
6.039306445446643e-228
7.97941403152611e-235
8.318715478396506e-242
6.84294230669273e-249
4.4415118358397173e-256
2.2746789388017226e-263
9.192015048729161e-271
2.930911360601105e-278
7.373878532289114e-286
1.463829893365168e-293
2.292907747153262e-301
2.83389587465489e-309
2.7636466e-317
0.0
0.0
0.0
0.0
