0.18413839635665127
0.0036582967963640412
7.551155593720529e-05
1.6193763824536372e-06
3.608129219678519e-08
6.721190832523697e-10
1.1751472567597901e-11
2.0648013319964685e-13
3.67836827969559e-15
6.801873036383663e-17
1.3791139971312722e-18
3.36591325316905e-20
1.065427506808016e-21
4.2401351660637814e-23
1.9254499584055043e-24
9.262637788388771e-26
4.5551730050285976e-27
2.258055446643982e-28
1.1225122090854093e-29
5.585751203272388e-31
2.7805433156885227e-32
1.3843425414255917e-33
6.892894607432886e-35
3.432552526384252e-36
1.7097650226321666e-37
8.520362177764632e-39
4.249915614076689e-40
2.1237141481209412e-41
1.0650691895433121e-42
5.379299105691426e-44
2.7541251618011505e-45
1.4464350156789301e-46
7.946919037761713e-48
4.695383513022825e-49
3.070005636733563e-50
2.254465754650486e-51
1.8424339328072947e-52
1.6317556890733982e-53
1.522014272243639e-54
1.463579283941886e-55
1.432317718755322e-56
1.4171274966740874e-57
1.413928162019803e-58
1.422983557964868e-59
1.4480716598677564e-60
1.4968785071517714e-61
1.5824979907326117e-62
1.7263004100510594e-63
1.9628499564332268e-64
2.3481680647159143e-65
2.973703643736107e-66
3.990345080945938e-67
5.650632864224335e-68
8.384996283219894e-69
1.294367315153494e-69
2.066961459812544e-70
3.404103694953254e-71
5.778623236607718e-72
1.0124849010873642e-72
1.8355840753450956e-73
3.4528231366254045e-74
6.754135010348855e-75
1.3757087416799369e-75
2.9184889340819224e-76
6.445188376624716e-77
1.480381026382266e-77
3.5334868115739614e-78
8.759537711953268e-79
2.2548236202800988e-79
6.027274350763516e-80
1.6733585409197464e-80
4.826199832205151e-81
1.4462127201892595e-81
4.502949822089e-82
1.4568015768573804e-82
4.896986628467131e-83
1.7102822855465204e-83
6.205928783516882e-84
2.339599251010522e-84
9.163716393784093e-85
3.7290566058873907e-85
1.5766142989386677e-85
6.925526675419833e-86
3.1663323062656903e-86
1.4987128632681142e-86
7.38355701743586e-87
3.7795180162849927e-87
2.0102682888529921e-87
1.1111212063711848e-87
6.383150766649394e-88
3.8124631969156535e-88
2.3685779843701613e-88
1.5318612753123593e-88
1.032550495524542e-88
7.266031914426427e-89
5.350282915604432e-89
4.1345095667492124e-89
3.364628576610182e-89
2.8940044594807842e-89
2.6396704660572094e-89
2.5591317158232472e-89
2.6396704660572094e-89
2.8940044594807842e-89
3.364628576610182e-89
4.1345095667492124e-89
5.350282915604432e-89
7.266031914426427e-89
1.032550495524542e-88
1.5318612753123593e-88
2.3685779843701613e-88
3.8124631969156535e-88
6.383150766649394e-88
1.1111212063711848e-87
2.0102682888529921e-87
3.7795180162849927e-87
7.38355701743586e-87
1.4987128632681142e-86
3.1663323062656903e-86
6.925526675419833e-86
1.5766142989386677e-85
3.7290566058873907e-85
9.163716393784093e-85
2.339599251010522e-84
6.205928783516882e-84
1.7102822855465204e-83
4.896986628467131e-83
1.4568015768573804e-82
4.502949822089e-82
1.4462127201892595e-81
4.826199832205151e-81
1.6733585409197464e-80
6.027274350763516e-80
2.2548236202800988e-79
8.759537711953268e-79
3.5334868115739614e-78
1.480381026382266e-77
6.445188376624716e-77
2.9184889340819224e-76
1.3757087416799369e-75
6.754135010348855e-75
3.4528231366254045e-74
1.8355840753450956e-73
1.0124849010873642e-72
5.778623236607718e-72
3.404103694953254e-71
2.066961459812544e-70
1.294367315153494e-69
8.384996283219894e-69
5.650632864224335e-68
3.990345080945938e-67
2.973703643736107e-66
2.3481680647159143e-65
1.9628499564332268e-64
1.7263004100510594e-63
1.5824979907326117e-62
1.4968785071517714e-61
1.4480716598677564e-60
1.422983557964868e-59
1.413928162019803e-58
1.4171274966740874e-57
1.432317718755322e-56
1.463579283941886e-55
1.522014272243639e-54
1.6317556890733982e-53
1.8424339328072947e-52
2.254465754650486e-51
3.070005636733563e-50
4.695383513022825e-49
7.946919037761713e-48
1.4464350156789301e-46
2.7541251618011505e-45
5.379299105691426e-44
1.0650691895433121e-42
2.1237141481209412e-41
4.249915614076689e-40
8.520362177764632e-39
1.7097650226321666e-37
3.432552526384252e-36
6.892894607432886e-35
1.3843425414255917e-33
2.7805433156885227e-32
5.585751203272388e-31
1.1225122090854093e-29
2.258055446643982e-28
4.5551730050285976e-27
9.262637788388771e-26
1.9254499584055043e-24
4.2401351660637814e-23
1.065427506808016e-21
3.36591325316905e-20
1.3791139971312722e-18
6.801873036383663e-17
3.67836827969559e-15
2.0648013319964685e-13
1.1751472567597901e-11
6.721190832523697e-10
3.608129219678519e-08
1.6193763824536372e-06
7.551155593720529e-05
0.0036582967963640412

3.0340867137240967e-89
1.945313740456602e-80
4.2878009184943034e-72
3.249098401261864e-64
8.4639757198744e-57
7.580000707271325e-50
2.333712628651984e-43
2.4700673748248887e-37
8.987802394467966e-32
1.1242982233469693e-26
4.834959339928747e-22
7.148047353582191e-18
3.632999252692195e-14
6.347847562657372e-11
3.8130364994138934e-08
7.874060163803187e-06
0.0005589974001695802
0.013642819716622555
0.11446739124928662
0.330173887475319
0.32740624126184026
0.1116129219325874
0.013080528590675945
0.0005270106649141153
7.29956207968858e-06
3.4758217922329874e-08
5.6898588130183156e-11
3.202054881359047e-14
6.194971964013715e-18
4.120341497636793e-22
9.421289998959774e-27
7.405780313356879e-32
2.0013109453897364e-37
1.8592663495604457e-43
5.9381606214025e-50
6.519969513726582e-57
2.461061589686961e-64
3.193615978795352e-72
1.4247090913966548e-80
2.1850078000120798e-89
1.1520281215649411e-98
2.0881248527952973e-108
1.3011672901406616e-118
2.7873602649908696e-129
2.052751438857548e-140
5.197122081832633e-152
4.523480942495024e-164
1.35352382338727e-176
1.3923304985656011e-189
4.923818790400268e-203
5.986115322990187e-217
2.5019083130583213e-231
3.594851823687369e-246
1.775717564515115e-261
3.015435754944444e-277
1.7603927145205303e-293
3.53307077929123e-310
0.0
0.0
0.0
0.0
0.0
0.0
0.0
0.0
0.0
0.0
0.0
0.0
0.0
0.0
0.0
0.0
0.0
0.0
0.0
0.0
0.0
0.0
0.0
0.0
0.0
0.0
0.0
0.0
0.0
0.0
0.0
0.0
0.0
0.0
0.0
0.0
0.0
0.0
0.0
0.0
0.0
0.0
0.0
