0.3529472655682178
0.23023213332080744
0.1641432921043906
0.12488578036841452
0.09967885945814423
0.08246306065247845
0.07011203151470241
0.06089356256508654
0.05378839272328059
0.048165442444487366
0.043616680303575926
0.03986832884607423
0.03673073520239639
0.03406883822394915
0.031784106177198894
0.029803118913446624
0.028070135816026253
0.02654213035959332
0.02518539434688441
0.023973166427427604
0.02288394431946301
0.021900262865651478
0.021007795460385104
0.020194683811425137
0.019451031463895367
0.018768516469787784
0.018140091893199796
0.017559751863251465
0.017022347097348987
0.016523438154142523
0.016059177743876808
0.015626215621659178
0.01522162118163453
0.014842820036366524
0.01448754172857154
0.014153776366764598
0.013839738461956597
0.013543836611522319
0.01326464795896583
0.013000896576390723
0.012751435085965847
0.012515228969281507
0.012291343117903954
0.01207893026115144
0.01187722097302036
0.01168551501299077
0.011503173797965054
0.011329613837012552
0.011164300988586133
0.011006745422746721
0.01085649718969918
0.01071314231140797
0.010576299325856062
0.010445616224137652
0.010320767729434797
0.010201452874339616
0.010087392839206406
0.009978329019458665
0.009874021294204578
0.009774246472267876
0.009678796894931598
0.009587479177412418
0.009500113073408596
0.00941653044905778
0.009336574354353944
0.009260098181548555
0.00918696490133567
0.009117046368724154
0.009050222691457638
0.00898638165467557
0.008925418196234242
0.008867233927740742
0.008811736696907322
0.008758840187320266
0.008708463552144956
0.00866053107866511
0.008614971880886555
0.008571719617729172
0.008530712234590999
0.008491891726298948
0.008455203919665926
0.008420598274056784
0.008388027698528835
0.00835744838425848
0.008328819651096424
0.008302103807211473
0.008277266020888843
0.008254274203644453
0.008233098903903304
0.00821371321056856
0.008196092665879609
0.008180215187022829
0.008166060996018793
0.008153612557464992
0.008142854523764426
0.008133773687518005
0.00812635894080335
0.008120601241104532
0.008116493583697034
0.00811403098033029
0.00811321044408655
0.00811403098033029
0.008116493583697034
0.008120601241104532
0.00812635894080335
0.008133773687518005
0.008142854523764426
0.008153612557464992
0.008166060996018793
0.008180215187022829
0.008196092665879609
0.00821371321056856
0.008233098903903304
0.008254274203644453
0.008277266020888843
0.008302103807211473
0.008328819651096424
0.00835744838425848
0.008388027698528835
0.008420598274056784
0.008455203919665926
0.008491891726298948
0.008530712234590999
0.008571719617729172
0.008614971880886555
0.00866053107866511
0.008708463552144956
0.008758840187320266
0.008811736696907322
0.008867233927740742
0.008925418196234242
0.00898638165467557
0.009050222691457638
0.009117046368724154
0.00918696490133567
0.009260098181548555
0.009336574354353944
0.00941653044905778
0.009500113073408596
0.009587479177412418
0.009678796894931598
0.009774246472267876
0.009874021294204578
0.009978329019458665
0.010087392839206406
0.010201452874339616
0.010320767729434797
0.010445616224137652
0.010576299325856062
0.01071314231140797
0.01085649718969918
0.011006745422746721
0.011164300988586133
0.011329613837012552
0.011503173797965054
0.01168551501299077
0.01187722097302036
0.01207893026115144
0.012291343117903954
0.012515228969281507
0.012751435085965847
0.013000896576390723
0.01326464795896583
0.013543836611522319
0.013839738461956597
0.014153776366764598
0.01448754172857154
0.014842820036366524
0.01522162118163453
0.015626215621659178
0.016059177743876808
0.016523438154142523
0.017022347097348987
0.017559751863251465
0.018140091893199796
0.018768516469787784
0.019451031463895367
0.020194683811425137
0.021007795460385104
0.021900262865651478
0.02288394431946301
0.023973166427427604
0.02518539434688441
0.02654213035959332
0.028070135816026253
0.029803118913446624
0.031784106177198894
0.03406883822394915
0.03673073520239639
0.03986832884607423
0.043616680303575926
0.048165442444487366
0.05378839272328059
0.06089356256508654
0.07011203151470241
0.08246306065247845
0.09967885945814423
0.12488578036841452
0.1641432921043906
0.23023213332080744

0.40316929376996785
0.42629378476957036
0.38730527318684416
0.302357450988578
0.20282000871631112
0.11690249358209101
0.057897473032454454
0.02463872892822652
0.009009482502982231
0.002830767814620058
0.0007642430681395584
0.0001772889319483044
3.53390276157499e-05
6.05271776210764e-06
8.907772306781577e-07
1.1264467020058825e-07
1.2239820378347295e-08
1.1427791219438607e-09
9.167953599349502e-11
6.319829648583681e-12
3.743356537802405e-13
1.905196923703986e-14
8.331849292192403e-16
3.1308754858751484e-17
1.0109112807244462e-18
2.804678890414301e-20
6.686149837154271e-22
1.3695942384356972e-23
2.410630194448007e-25
3.6457939503594786e-27
4.7377976057056603e-29
5.290341953248209e-31
5.075909159970728e-33
4.1847237533983564e-35
2.964439581131168e-37
1.8044351096136043e-39
9.437626598974199e-42
4.241379845628563e-44
1.6378510464610294e-46
5.43456131429941e-49
1.5494495479773955e-51
3.795886712898966e-54
7.990462207066407e-57
1.4452847398385497e-59
2.2462484417779717e-62
2.9997496876048713e-65
3.4421920795322687e-68
3.3939703298550195e-71
2.875436876186456e-74
2.0932567050592842e-77
1.3093748659498708e-80
7.037661361768743e-84
3.250241171455951e-87
1.2898097787443295e-90
4.3980341718462e-94
1.2885889114895715e-97
3.244091063003311e-101
7.017695812839085e-105
1.3044243541251466e-108
2.0833685990365425e-112
2.859145031983598e-116
3.371546188906251e-120
3.4162126609821825e-124
2.974291557403342e-128
2.2250769511523308e-132
1.4303074079657658e-136
7.900172917846301e-141
3.749442196063318e-145
1.5290425965785961e-149
5.357909358624801e-154
1.6132214816416161e-158
4.173644813564661e-163
9.278116759924535e-168
1.772258371652678e-172
2.908821661751578e-177
4.102324503961352e-182
4.971252047295353e-187
5.176359263766766e-192
4.631331788872153e-197
3.5604938129571616e-202
2.3520006213364492e-207
1.3350191182072098e-212
6.511190386839645e-218
2.7287023174330208e-223
9.825955239021573e-229
3.0402987390135447e-234
8.083149170761839e-240
1.8465785396695186e-245
3.624748098681183e-251
6.113793046800498e-257
8.860668583100448e-263
1.1034308155099075e-268
1.180719076450142e-274
1.0856026830079997e-280
8.576657991180116e-287
5.822213576619884e-293
3.396104375616684e-299
1.7021458971263434e-305
7.330530271515e-312
2.712667e-318
