1.5728109178322445
0.33110049228633937
0.20553148166535942
0.1446239261594426
0.10911256084901234
0.08658604173152282
0.07133803306163367
0.06047223929802893
0.05240408945708783
0.04621053302238873
0.041324668009237675
0.03738236182441622
0.034140609063376674
0.03143182717483989
0.02913712062105035
0.027170026947520652
0.02546629446547287
0.023977257523577378
0.02266542722855101
0.021501485988700407
0.020462194687562656
0.01952890702871706
0.01868649636479222
0.017922568121591313
0.017226873414869136
0.01659086666284039
0.016007367766141516
0.015470301245189586
0.014974492718371406
0.014515508595581303
0.01408952868833592
0.013693244140385257
0.013323775015473346
0.012978603277176806
0.012655517918408793
0.012352569753773324
0.0120680339515935
0.011800378806679859
0.011548239576941576
0.011310396453357614
0.011085755922803564
0.010873334930748744
0.010672247366164664
0.010481692481726734
0.010300944934224374
0.010129346187291359
0.009966297064363227
0.009811251276628444
0.009663709780557828
0.009523215843834188
0.00938935071829605
0.009261729834742848
0.009139999447819794
0.009023833670258054
0.008912931844926374
0.00880701621080006
0.008705829825351098
0.008609134711232098
0.00851671019964743
0.008428351446623288
0.008343868101623906
0.008263083110710619
0.008185831638783714
0.008111960097449833
0.008041325266773808
0.007973793500648385
0.007909240006785325
0.007847548193428132
0.0077886090758358395
0.007732320736410647
0.0076785878330583235
0.007627321150994124
0.0075784371937518006
0.007531857809630131
0.00748750985022942
0.007445324858097954
0.007405238780831709
0.007367191709256118
0.0073311276375709195
0.0072969942435625375
0.0072647426871867826
0.007234327426000949
0.007205706046081595
0.007178839107204535
0.007153690001189259
0.007130224822422503
0.007108412249677147
0.007088223438433783
0.007069631922994883
0.007052613527756331
0.007037146287069116
0.007023210373186081
0.007010788031845529
0.006999863525095903
0.006990423081014027
0.006982454850014502
0.006975948867489798
0.006970897022560069
0.006967293032749207
0.00696513242443921
0.006964412518989277
0.00696513242443921
0.006967293032749207
0.006970897022560069
0.006975948867489798
0.006982454850014502
0.006990423081014027
0.006999863525095903
0.007010788031845529
0.007023210373186081
0.007037146287069116
0.007052613527756331
0.007069631922994883
0.007088223438433783
0.007108412249677147
0.007130224822422503
0.007153690001189259
0.007178839107204535
0.007205706046081595
0.007234327426000949
0.0072647426871867826
0.0072969942435625375
0.0073311276375709195
0.007367191709256118
0.007405238780831709
0.007445324858097954
0.00748750985022942
0.007531857809630131
0.0075784371937518006
0.007627321150994124
0.0076785878330583235
0.007732320736410647
0.0077886090758358395
0.007847548193428132
0.007909240006785325
0.007973793500648385
0.008041325266773808
0.008111960097449833
0.008185831638783714
0.008263083110710619
0.008343868101623906
0.008428351446623288
0.00851671019964743
0.008609134711232098
0.008705829825351098
0.00880701621080006
0.008912931844926374
0.009023833670258054
0.009139999447819794
0.009261729834742848
0.00938935071829605
0.009523215843834188
0.009663709780557828
0.009811251276628444
0.009966297064363227
0.010129346187291359
0.010300944934224374
0.010481692481726734
0.010672247366164664
0.010873334930748744
0.011085755922803564
0.011310396453357614
0.011548239576941576
0.011800378806679859
0.0120680339515935
0.012352569753773324
0.012655517918408793
0.012978603277176806
0.013323775015473346
0.013693244140385257
0.01408952868833592
0.014515508595581303
0.014974492718371406
0.015470301245189586
0.016007367766141516
0.01659086666284039
0.017226873414869136
0.017922568121591313
0.01868649636479222
0.01952890702871706
0.020462194687562656
0.021501485988700407
0.02266542722855101
0.023977257523577378
0.02546629446547287
0.027170026947520652
0.02913712062105035
0.03143182717483989
0.034140609063376674
0.03738236182441622
0.041324668009237675
0.04621053302238873
0.05240408945708783
0.06047223929802893
0.07133803306163367
0.08658604173152282
0.10911256084901234
0.1446239261594426
0.20553148166535942
0.33110049228633937

0.34232793234345377
0.4514365327324705
0.5149688086650194
0.5081535999726432
0.4337494598080944
0.32026740858876046
0.2045579692303559
0.11301860194290257
0.05401490000474804
0.02233125555743695
0.007988771706684883
0.0024894206161636375
0.0007702017016831667
0.0006822943475469777
0.0021919865949611766
0.007435457657061709
0.02150352946239472
0.052387013432474504
0.1074775423321463
0.18619723567779187
0.27710491470464466
0.3790043292729461
0.538493084467851
0.7914924568981454
0.9832908521265595
0.8666764924330607
0.5026645259961057
0.18856969648193372
0.04681947086043935
0.008387894912210338
0.0013087077763815303
0.00021445105033269867
3.5972082919375685e-05
5.471509790311133e-06
7.119809262547423e-07
7.817472091425069e-08
7.227541170843625e-09
5.625283389048873e-10
3.6857044254465387e-11
2.032911474015443e-12
9.439267182689413e-14
3.689605558262948e-15
1.214069221372117e-16
3.3630150210137744e-18
7.842165685981713e-20
1.5394481597607867e-21
2.5439933549768235e-23
3.539066514213311e-25
4.144606711863146e-27
4.086013296711976e-29
3.3910802993398427e-31
2.3691808884784096e-33
1.393414148918293e-35
6.898966882397408e-38
2.8754760379181885e-40
1.008921307788221e-42
2.9800714997796626e-45
7.409995130790123e-48
1.5510686132496821e-50
2.733165596848846e-53
4.054363933554529e-56
5.062923471234797e-59
5.322330562101299e-62
4.710035437016398e-65
3.5088786864647253e-68
2.200565910520783e-71
1.1617756158736122e-74
5.163354954737501e-78
1.931806197103485e-81
6.08438906047311e-85
1.6132149844504403e-88
3.600720128272233e-92
6.7656314154905265e-96
1.0701610755435983e-99
1.4249899962368196e-103
1.5973361816680014e-107
1.5073103847911914e-111
1.197376973564831e-115
8.007205259600047e-120
4.507677837219984e-124
2.1362231944913156e-128
8.522406229515e-133
2.862198075317485e-137
8.092058016973413e-142
1.9259284069456337e-146
3.8587188682804565e-151
6.508306346163162e-156
9.24090879584681e-161
1.1045445306532936e-165
1.11140826907571e-170
9.414253023003619e-176
6.71305117455903e-181
4.029729530430362e-186
2.0363559154702927e-191
8.662700983043472e-197
3.102235830910629e-202
9.352293853947539e-208
2.3734677073287427e-213
5.070728511771651e-219
9.119672431645913e-225
