0.5333819395576072
0.047797132075900584
0.0050277648865289844
0.0006208084237963332
8.998067985313394e-05
1.530900858455369e-05
3.0572892709375496e-06
7.165675080441655e-07
1.9701373966185482e-07
6.345049202889658e-08
2.3854781053609156e-08
1.0397299899423222e-08
5.194430058656093e-09
2.928455065387573e-09
1.8293746527114074e-09
1.2430440003890149e-09
9.033571212684725e-10
6.922187571631405e-10
5.529596378460701e-10
4.564267849470015e-10
3.8667034138901366e-10
3.344776616463692e-10
2.9426780568966814e-10
2.6251545653773554e-10
2.369104348671179e-10
2.1588912494679884e-10
1.9836261685602268e-10
1.8355323050865946e-10
1.7089299685471713e-10
1.5995875986417034e-10
1.5042958899196555e-10
1.420581626522569e-10
1.3465112203068275e-10
1.2805531733039075e-10
1.2214800616220372e-10
1.1682975379412374e-10
1.1201921317546586e-10
1.0764923405242289e-10
1.0366392590278972e-10
1.000164148571798e-10
9.666711203170656e-11
9.358236321462596e-11
9.073338607194621e-11
8.809542636157049e-11
8.564708257675858e-11
8.336976128757446e-11
8.124723475763435e-11
7.92652792287155e-11
7.741137730482233e-11
7.567447162773699e-11
7.404475986697663e-11
7.251352319588772e-11
7.107298206946563e-11
6.971617438640126e-11
6.84368521011348e-11
6.722939311994911e-11
6.608872591919701e-11
6.501026480159523e-11
6.398985408668466e-11
6.302371983568049e-11
6.210842795550229e-11
6.124084772443513e-11
6.041811994238687e-11
5.96376290396577e-11
5.889697858543714e-11
5.8193969725537284e-11
5.752658215181598e-11
5.689295726624832e-11
5.629138325297256e-11
5.5720281813721935e-11
5.517819635733921e-11
5.4663781463752936e-11
5.4175793467847114e-11
5.371308202986428e-11
5.3274582576993376e-11
5.285930951613301e-11
5.2466350130923634e-11
5.209485908736456e-11
5.1744053481971706e-11
5.1413208374732253e-11
5.1101652756282303e-11
5.0808765904938105e-11
5.053397409460015e-11
5.0276747619236954e-11
5.00365981037481e-11
4.981307607458562e-11
4.9605768766655436e-11
4.9414298145785006e-11
4.923831912848454e-11
4.907751798289172e-11
4.8931610896710486e-11
4.880034269967033e-11
4.8683485729568934e-11
4.85808388323441e-11
4.849222648787435e-11
4.841749805434689e-11
4.8356527125077153e-11
4.830921099262949e-11
4.827547021598616e-11
4.82552482873567e-11
4.824851139601959e-11
4.82552482873567e-11
4.827547021598616e-11
4.830921099262949e-11
4.8356527125077153e-11
4.841749805434689e-11
4.849222648787435e-11
4.85808388323441e-11
4.8683485729568934e-11
4.880034269967033e-11
4.8931610896710486e-11
4.907751798289172e-11
4.923831912848454e-11
4.9414298145785006e-11
4.9605768766655436e-11
4.981307607458562e-11
5.00365981037481e-11
5.0276747619236954e-11
5.053397409460015e-11
5.0808765904938105e-11
5.1101652756282303e-11
5.1413208374732253e-11
5.1744053481971706e-11
5.209485908736456e-11
5.2466350130923634e-11
5.285930951613301e-11
5.3274582576993376e-11
5.371308202986428e-11
5.4175793467847114e-11
5.4663781463752936e-11
5.517819635733921e-11
5.5720281813721935e-11
5.629138325297256e-11
5.689295726624832e-11
5.752658215181598e-11
5.8193969725537284e-11
5.889697858543714e-11
5.96376290396577e-11
6.041811994238687e-11
6.124084772443513e-11
6.210842795550229e-11
6.302371983568049e-11
6.398985408668466e-11
6.501026480159523e-11
6.608872591919701e-11
6.722939311994911e-11
6.84368521011348e-11
6.971617438640126e-11
7.107298206946563e-11
7.251352319588772e-11
7.404475986697663e-11
7.567447162773699e-11
7.741137730482233e-11
7.92652792287155e-11
8.124723475763435e-11
8.336976128757446e-11
8.564708257675858e-11
8.809542636157049e-11
9.073338607194621e-11
9.358236321462596e-11
9.666711203170656e-11
1.000164148571798e-10
1.0366392590278972e-10
1.0764923405242289e-10
1.1201921317546586e-10
1.1682975379412374e-10
1.2214800616220372e-10
1.2805531733039075e-10
1.3465112203068275e-10
1.420581626522569e-10
1.5042958899196555e-10
1.5995875986417034e-10
1.7089299685471713e-10
1.8355323050865946e-10
1.9836261685602268e-10
2.1588912494679884e-10
2.369104348671179e-10
2.6251545653773554e-10
2.9426780568966814e-10
3.344776616463692e-10
3.8667034138901366e-10
4.564267849470015e-10
5.529596378460701e-10
6.922187571631405e-10
9.033571212684725e-10
1.2430440003890149e-09
1.8293746527114074e-09
2.928455065387573e-09
5.194430058656093e-09
1.0397299899423222e-08
2.3854781053609156e-08
6.345049202889658e-08
1.9701373966185482e-07
7.165675080441655e-07
3.0572892709375496e-06
1.530900858455369e-05
8.998067985313394e-05
0.0006208084237963332
0.0050277648865289844
0.047797132075900584

2.0390682550155765e-09
4.1538817774630493e-08
6.559841037285517e-07
8.030624389550562e-06
7.62117837109938e-05
0.0005606757256561268
0.003197556271843979
0.014136485534857884
0.048448632681970916
0.12871774162839675
0.26510145578689326
0.42325551788734495
0.523853632014439
0.5026134483817889
0.3738307869588884
0.21554246234884314
0.09634017471499519
0.03338096089388673
0.008966171739015918
0.0018669474208550764
0.00030135190113113764
3.7707921907499684e-05
3.6576999560459964e-06
2.750428565790862e-07
1.6032803782790837e-08
7.24495012027769e-10
2.5379212193374666e-11
6.891879708698346e-13
1.4508217415747357e-14
2.36759403118285e-16
2.995140725946867e-18
2.9372711737493013e-20
2.2329945784465997e-22
1.3159764239416865e-24
6.0120884844319405e-27
2.1292145903250158e-29
5.845616469394355e-32
1.2441078119087429e-34
2.0525915230254087e-37
2.6252088497677445e-40
2.602807221431088e-43
2.0004926547986913e-46
1.1919244648377452e-49
5.505253498395351e-53
1.9711638411445846e-56
5.471229608190881e-60
1.1772371882865545e-63
1.9636307268722754e-67
2.539057175491372e-71
2.5450830383555077e-75
1.9776445982373847e-79
1.1912731486365106e-83
5.562772168097278e-88
2.0136686468249618e-92
5.65069098198674e-97
1.2292265223887726e-101
2.0729035791941872e-106
2.7098365446660073e-111
2.746147777094277e-116
2.157354561900608e-121
1.3138202927966081e-126
6.202506362123086e-132
2.26994474658653e-137
6.439915492372666e-143
1.4163215574066536e-148
2.4146844051212268e-154
3.191359312916195e-160
3.269699532157286e-166
2.5969094168079343e-172
1.598904673667704e-178
7.631416513963366e-185
2.8236090016249376e-191
8.098801837842375e-198
1.8007515715771254e-204
3.1038708834658015e-211
4.1473463576477145e-218
4.295896209430345e-225
3.4494834750251284e-232
2.1471934426471863e-239
1.0361081511527661e-246
3.8757506027323984e-254
1.1238888713173426e-261
2.5264326965625563e-269
4.402596767262042e-277
5.947396626964156e-285
6.228187933565996e-293
5.056072934964267e-301
3.181865122321796e-309
1.5522693e-317
0.0
0.0
0.0
0.0
0.0
0.0
0.0
0.0
0.0
0.0
0.0
