0.46491918832619
0.047210047367083174
0.004944441312272792
0.0005341040151542701
5.950593490672075e-05
6.837865402386162e-06
8.104134457383305e-07
9.906461431271782e-08
1.2489823329667605e-08
1.4045406415720627e-09
1.9091029852617374e-10
2.721332629662737e-11
4.034124149151872e-12
6.169664768645681e-13
9.675501338325414e-14
1.5502084654179378e-14
2.534097183457649e-15
4.2289143381751973e-16
7.219358916806212e-17
1.2645124326084887e-17
2.2799637436779148e-18
4.244252986289607e-19
8.174491170718007e-20
1.6305059604674983e-20
3.367518670596766e-21
7.1943335251606015e-22
1.5877194924490327e-22
3.614938312941217e-23
8.483412707939303e-24
2.0510951643626578e-24
5.108975043789816e-25
1.3113721410670923e-25
3.469972458411646e-26
9.46866688826528e-27
2.6651583276723134e-27
7.738911376165078e-28
2.3182623788362405e-28
7.163834017039847e-29
2.2834631215432183e-29
7.507207708104148e-30
2.545543856533198e-30
8.902124060994705e-31
3.2108402007785e-31
1.1944292464072182e-31
4.5827255413385713e-32
1.8134789073625278e-32
7.401643413401966e-33
3.1158112524854784e-33
1.3528231352584192e-33
6.058108745404997e-34
2.7980690563714347e-34
1.3329198924016922e-34
6.548958444501742e-35
3.3186383778664414e-35
1.7344490385623595e-35
9.349041591143415e-36
5.197080046075798e-36
2.9792712052269574e-36
1.7610576950768882e-36
1.0731989141721043e-36
6.741035056346457e-37
4.36280024445823e-37
2.907999697422277e-37
1.9950184578099626e-37
1.4076157866985655e-37
1.0204492095998043e-37
7.59241237164323e-38
5.790189531631416e-38
4.5197854447604785e-38
3.605762763230345e-38
2.93539966874529e-38
2.434623254947483e-38
2.0541021070391726e-38
1.7603062995436614e-38
1.5300808248417814e-38
1.3471789757316503e-38
1.200026997411551e-38
1.0802601264669643e-38
9.817493853737477e-39
8.999420515614177e-39
8.314273363252098e-39
7.736009059652455e-39
7.244652685184183e-39
6.824697292257774e-39
6.463989458836205e-39
6.152919999789788e-39
5.883830128190026e-39
5.650571367624644e-39
5.448176337746386e-39
5.2726103153055215e-39
5.120582238943007e-39
4.989399898387066e-39
4.876858296357609e-39
4.7811531719401785e-39
4.700813814864777e-39
4.634650843331607e-39
4.581715743048952e-39
4.541269795743749e-39
4.512760647954744e-39
4.495805246530101e-39
4.4901782399190354e-39
4.495805246530101e-39
4.512760647954744e-39
4.541269795743749e-39
4.581715743048952e-39
4.634650843331607e-39
4.700813814864777e-39
4.7811531719401785e-39
4.876858296357609e-39
4.989399898387066e-39
5.120582238943007e-39
5.2726103153055215e-39
5.448176337746386e-39
5.650571367624644e-39
5.883830128190026e-39
6.152919999789788e-39
6.463989458836205e-39
6.824697292257774e-39
7.244652685184183e-39
7.736009059652455e-39
8.314273363252098e-39
8.999420515614177e-39
9.817493853737477e-39
1.0802601264669643e-38
1.200026997411551e-38
1.3471789757316503e-38
1.5300808248417814e-38
1.7603062995436614e-38
2.0541021070391726e-38
2.434623254947483e-38
2.93539966874529e-38
3.605762763230345e-38
4.5197854447604785e-38
5.790189531631416e-38
7.59241237164323e-38
1.0204492095998043e-37
1.4076157866985655e-37
1.9950184578099626e-37
2.907999697422277e-37
4.36280024445823e-37
6.741035056346457e-37
1.0731989141721043e-36
1.7610576950768882e-36
2.9792712052269574e-36
5.197080046075798e-36
9.349041591143415e-36
1.7344490385623595e-35
3.3186383778664414e-35
6.548958444501742e-35
1.3329198924016922e-34
2.7980690563714347e-34
6.058108745404997e-34
1.3528231352584192e-33
3.1158112524854784e-33
7.401643413401966e-33
1.8134789073625278e-32
4.5827255413385713e-32
1.1944292464072182e-31
3.2108402007785e-31
8.902124060994705e-31
2.545543856533198e-30
7.507207708104148e-30
2.2834631215432183e-29
7.163834017039847e-29
2.3182623788362405e-28
7.738911376165078e-28
2.6651583276723134e-27
9.46866688826528e-27
3.469972458411646e-26
1.3113721410670923e-25
5.108975043789816e-25
2.0510951643626578e-24
8.483412707939303e-24
3.614938312941217e-23
1.5877194924490327e-22
7.1943335251606015e-22
3.367518670596766e-21
1.6305059604674983e-20
8.174491170718007e-20
4.244252986289607e-19
2.2799637436779148e-18
1.2645124326084887e-17
7.219358916806212e-17
4.2289143381751973e-16
2.534097183457649e-15
1.5502084654179378e-14
9.675501338325414e-14
6.169664768645681e-13
4.034124149151872e-12
2.721332629662737e-11
1.9091029852617374e-10
1.4045406415720627e-09
1.2489823329667605e-08
9.906461431271782e-08
8.104134457383305e-07
6.837865402386162e-06
5.950593490672075e-05
0.0005341040151542701
0.004944441312272792
0.047210047367083174

5.989391647228188e-38
1.0616044717721075e-31
5.025695418221906e-26
6.354523482756519e-21
2.1459678538139728e-16
1.935605439610496e-12
4.662983241725751e-09
3.000297182636647e-06
0.0005156061543712337
0.023666024495661808
0.29012551587140917
0.9499482356916387
0.8307442693374619
0.19403861520314789
0.012104932659643693
0.00020169261086241816
8.975755145767276e-07
1.0668550183748768e-09
3.3868285410586673e-13
2.8716692402616285e-17
6.503228598998747e-22
3.933480698119982e-27
6.354456706809503e-33
2.7417839245734303e-39
3.1596678063211043e-46
9.725300366686055e-54
7.99499175990615e-62
1.7554417228735013e-70
1.0294569999817737e-79
1.6124394108120138e-89
6.745466609381882e-100
7.536921430922045e-111
2.2492067486187213e-122
1.7927435418473074e-134
3.816456830490541e-147
2.169981047002735e-160
3.2953756314880453e-174
1.3366180138865197e-188
1.4479817653306798e-203
4.189597236410277e-219
3.237686950930156e-235
6.682682596775074e-252
3.6840050114924516e-269
5.424291111389188e-287
2.1331390444104268e-305
0.0
0.0
0.0
0.0
0.0
0.0
0.0
0.0
0.0
0.0
0.0
0.0
0.0
0.0
0.0
0.0
0.0
0.0
0.0
0.0
0.0
0.0
0.0
0.0
0.0
0.0
0.0
0.0
0.0
0.0
0.0
0.0
0.0
0.0
0.0
0.0
0.0
0.0
0.0
0.0
0.0
0.0
0.0
0.0
0.0
0.0
0.0
0.0
0.0
0.0
0.0
0.0
0.0
0.0
0.0
