0.6842017564379783
0.05935383794778832
0.006495729596166123
0.0009407551074833828
0.00020261674346981813
6.798233198518025e-05
3.223601696109493e-05
1.902989941634895e-05
1.2868803196909508e-05
9.506469373763964e-06
7.4587554494725895e-06
6.107424087945484e-06
5.159933988043827e-06
4.463776601892497e-06
3.933081675253338e-06
3.5163873953994112e-06
3.1812259021275618e-06
2.906215271816015e-06
2.6767557541115277e-06
2.4825666803997093e-06
2.3162144742739962e-06
2.1721993402108073e-06
2.046369722132592e-06
1.9355359341662582e-06
1.8372086360020142e-06
1.7494177527712455e-06
1.670584524576781e-06
1.5994294319346636e-06
1.5349048360272093e-06
1.476144956538815e-06
1.4224282143767916e-06
1.3731485268738414e-06
1.3277931750977844e-06
1.2859255576065386e-06
1.2471716202586844e-06
1.2112090817310004e-06
1.1777588067764294e-06
1.1465778449921166e-06
1.1174537724935478e-06
1.0902000612046883e-06
1.0646522648719995e-06
1.040664858873313e-06
1.018108606944616e-06
9.968683552817484e-07
9.768411753673528e-07
9.579347929668188e-07
9.40066253223417e-07
9.231607815375178e-07
9.071508075851662e-07
8.919751259000912e-07
8.77578171273184e-07
8.639093910889945e-07
8.509226998290013e-07
8.385760034866171e-07
8.268307836828201e-07
8.156517329399735e-07
8.050064339397767e-07
7.948650767181683e-07
7.852002086818145e-07
7.759865131043333e-07
7.672006124049275e-07
7.588208930510865e-07
7.50827349379324e-07
7.43201444008722e-07
7.359259828437394e-07
7.289850029352936e-07
7.223636717007553e-07
7.160481962009296e-07
7.100257413408311e-07
7.042843560056896e-07
6.988129062678891e-07
6.936010149076e-07
6.886390065823346e-07
6.839178580606949e-07
6.794291530050536e-07
6.751650408483256e-07
6.711181993626633e-07
6.672818005639375e-07
6.63649479636159e-07
6.60215306595373e-07
6.569737604436671e-07
6.539197055913529e-07
6.510483703496089e-07
6.483553273173226e-07
6.458364755049157e-07
6.434880240548619e-07
6.413064774337279e-07
6.392886219840711e-07
6.374315137366537e-07
6.357324673943223e-07
6.341890464087604e-07
6.327990540802197e-07
6.315605256184543e-07
6.304717211104845e-07
6.29531119347622e-07
6.2873741247046e-07
6.280895013963663e-07
6.27586491999459e-07
6.272276920181834e-07
6.270126086704684e-07
6.26940946961101e-07
6.270126086704684e-07
6.272276920181834e-07
6.27586491999459e-07
6.280895013963663e-07
6.2873741247046e-07
6.29531119347622e-07
6.304717211104845e-07
6.315605256184543e-07
6.327990540802197e-07
6.341890464087604e-07
6.357324673943223e-07
6.374315137366537e-07
6.392886219840711e-07
6.413064774337279e-07
6.434880240548619e-07
6.458364755049157e-07
6.483553273173226e-07
6.510483703496089e-07
6.539197055913529e-07
6.569737604436671e-07
6.60215306595373e-07
6.63649479636159e-07
6.672818005639375e-07
6.711181993626633e-07
6.751650408483256e-07
6.794291530050536e-07
6.839178580606949e-07
6.886390065823346e-07
6.936010149076e-07
6.988129062678891e-07
7.042843560056896e-07
7.100257413408311e-07
7.160481962009296e-07
7.223636717007553e-07
7.289850029352936e-07
7.359259828437394e-07
7.43201444008722e-07
7.50827349379324e-07
7.588208930510865e-07
7.672006124049275e-07
7.759865131043333e-07
7.852002086818145e-07
7.948650767181683e-07
8.050064339397767e-07
8.156517329399735e-07
8.268307836828201e-07
8.385760034866171e-07
8.509226998290013e-07
8.639093910889945e-07
8.77578171273184e-07
8.919751259000912e-07
9.071508075851662e-07
9.231607815375178e-07
9.40066253223417e-07
9.579347929668188e-07
9.768411753673528e-07
9.968683552817484e-07
1.018108606944616e-06
1.040664858873313e-06
1.0646522648719995e-06
1.0902000612046883e-06
1.1174537724935478e-06
1.1465778449921166e-06
1.1777588067764294e-06
1.2112090817310004e-06
1.2471716202586844e-06
1.2859255576065386e-06
1.3277931750977844e-06
1.3731485268738414e-06
1.4224282143767916e-06
1.476144956538815e-06
1.5349048360272093e-06
1.5994294319346636e-06
1.670584524576781e-06
1.7494177527712455e-06
1.8372086360020142e-06
1.9355359341662582e-06
2.046369722132592e-06
2.1721993402108073e-06
2.3162144742739962e-06
2.4825666803997093e-06
2.6767557541115277e-06
2.906215271816015e-06
3.1812259021275618e-06
3.5163873953994112e-06
3.933081675253338e-06
4.463776601892497e-06
5.159933988043827e-06
6.107424087945484e-06
7.4587554494725895e-06
9.506469373763964e-06
1.2868803196909508e-05
1.902989941634895e-05
3.223601696109493e-05
6.798233198518025e-05
0.00020261674346981813
0.0009407551074833828
0.006495729596166123
0.05935383794778832

2.9309688811824534e-05
0.00010425109902473979
0.0003359709643103724
0.0009810919093759867
0.002596594938866525
0.006232105753598655
0.01358148532775496
0.026938102353894967
0.04880874765490685
0.08147451109857572
0.1847118334047909
0.8931207141983704
0.7708603994031111
0.28972236736696233
0.274412495551238
0.25264088511303384
0.2043893541568751
0.14526760901609204
0.09126233732356223
0.051232505241052766
0.026031781650921213
0.012103986356272953
0.005180676001404758
0.002041616345230816
0.0007381990219392092
0.0002438037809814637
7.32798840467552e-05
1.9998333619848138e-05
4.949149846391394e-06
1.1100701980323864e-06
2.2560869019171834e-07
4.1544395723514965e-08
6.9312185597656905e-09
1.0477176967562738e-09
1.434880588330504e-10
1.78042576162251e-11
2.001559819367022e-12
2.038683780819253e-13
1.881341994376242e-14
1.5729764467014856e-15
1.1915527619934868e-16
8.177883581366418e-18
5.085166272262399e-19
2.864876994616718e-20
1.4623232672451757e-21
6.762657431581346e-23
2.8335310412715304e-24
1.0756603219086513e-25
3.699635272565338e-27
1.1528671428444934e-28
3.254889132294934e-30
8.325871940678465e-32
1.9295669032306778e-33
4.051599826945275e-35
7.707789304832619e-37
1.328524944690217e-38
2.074656399296468e-40
2.9353455556427445e-42
3.7627804381552933e-44
4.370137568394039e-46
4.598518386996124e-48
4.384068530421692e-50
3.786808378004408e-52
2.963506692407413e-54
2.1012372122643975e-56
1.3498354902751715e-58
7.856392813995968e-61
4.1428778152275077e-63
1.979327452629269e-65
8.567808669074541e-68
3.3601484045889235e-70
1.1939434196732436e-72
3.843665819971766e-75
1.1210993099207172e-77
2.9626417370086776e-80
7.093339988430387e-83
1.5387178929327334e-85
3.024153418927894e-88
5.384993995606181e-91
8.687667983775494e-94
1.2698657064789384e-96
1.6817016984804587e-99
2.0177935000805106e-102
2.1935172932760923e-105
2.1604389309681074e-108
1.927877854676548e-111
1.5586680124482782e-114
1.1417323822896558e-117
7.577249767195641e-121
4.5561233692152114e-124
2.4820809164870195e-127
1.2251040732267219e-130
5.478562495802856e-134
2.219713097135101e-137
8.148237085628194e-141
2.709986063561723e-144
8.16595619698634e-148
2.2293775455305668e-151
5.514381229450865e-155
1.2357953019320722e-158
