0.19858186775946343
0.05149493181296041
0.01429257979004383
0.004245976439361669
0.0013500941300229733
0.0004594797001132416
0.00016736885625374387
6.524768412167067e-05
2.7219718116216636e-05
1.2148345144577643e-05
5.7975865293048556e-06
2.955883726873577e-06
1.6076957431653353e-06
9.307785180236722e-07
5.718745674269033e-07
3.714424896216483e-07
2.5388616648927325e-07
1.8170297938665037e-07
1.3548321458076166e-07
1.0465098221154522e-07
8.338792276544937e-08
6.82330764447614e-08
5.711555509451908e-08
4.8746450358877745e-08
4.229947729750945e-08
3.723023157508956e-08
3.3170850849520456e-08
2.986690912815484e-08
2.7138624428098378e-08
2.485643021555066e-08
2.2925241470996035e-08
2.127410527263727e-08
1.9849258171420434e-08
1.860938278990893e-08
1.7522311107623963e-08
1.6562696358009625e-08
1.5710344276635892e-08
1.4949000206645255e-08
1.4265455997124557e-08
1.3648884331862507e-08
1.3090336893041578e-08
1.2582361980694653e-08
1.2118710224535459e-08
1.1694105957223591e-08
1.1304068024870054e-08
1.0944768174362321e-08
1.0612918259476284e-08
1.0305679736760613e-08
1.0020590539806543e-08
9.755505605656646e-09
9.508548203259897e-09
9.27813064295691e-09
9.06267325767625e-09
8.860955997326314e-09
8.671837395451494e-09
8.49430100091106e-09
8.327439001775707e-09
8.170438341306427e-09
8.022568898340643e-09
7.883173385678419e-09
7.75165868448192e-09
7.627488384041758e-09
7.510176337392e-09
7.399281076365813e-09
7.29440095646608e-09
7.1951699236880445e-09
7.1012538131924745e-09
7.012347104284908e-09
6.928170068135899e-09
6.8484662545736355e-09
6.773000272487094e-09
6.701555825208153e-09
6.6339339679457286e-09
6.569951559125714e-09
6.509439881510209e-09
6.452243412359958e-09
6.39821872477281e-09
6.347233504765563e-09
6.299165670738797e-09
6.2539025837333945e-09
6.211340338401707e-09
6.171383125916297e-09
6.133942661158439e-09
6.0989376674945016e-09
6.066293413284737e-09
6.0359412949949615e-09
6.007818462413856e-09
5.981867482030529e-09
5.95803603511078e-09
5.936276647435559e-09
5.916546448040263e-09
5.898806954625749e-09
5.883023883607508e-09
5.869166983033691e-09
5.857209886840122e-09
5.8471299891252205e-09
5.838908337323295e-09
5.832529543334065e-09
5.827981711832351e-09
5.825256385137077e-09
5.8243485041653035e-09
5.825256385137077e-09
5.827981711832351e-09
5.832529543334065e-09
5.838908337323295e-09
5.8471299891252205e-09
5.857209886840122e-09
5.869166983033691e-09
5.883023883607508e-09
5.898806954625749e-09
5.916546448040263e-09
5.936276647435559e-09
5.95803603511078e-09
5.981867482030529e-09
6.007818462413856e-09
6.0359412949949615e-09
6.066293413284737e-09
6.0989376674945016e-09
6.133942661158439e-09
6.171383125916297e-09
6.211340338401707e-09
6.2539025837333945e-09
6.299165670738797e-09
6.347233504765563e-09
6.39821872477281e-09
6.452243412359958e-09
6.509439881510209e-09
6.569951559125714e-09
6.6339339679457286e-09
6.701555825208153e-09
6.773000272487094e-09
6.8484662545736355e-09
6.928170068135899e-09
7.012347104284908e-09
7.1012538131924745e-09
7.1951699236880445e-09
7.29440095646608e-09
7.399281076365813e-09
7.510176337392e-09
7.627488384041758e-09
7.75165868448192e-09
7.883173385678419e-09
8.022568898340643e-09
8.170438341306427e-09
8.327439001775707e-09
8.49430100091106e-09
8.671837395451494e-09
8.860955997326314e-09
9.06267325767625e-09
9.27813064295691e-09
9.508548203259897e-09
9.755505605656646e-09
1.0020590539806543e-08
1.0305679736760613e-08
1.0612918259476284e-08
1.0944768174362321e-08
1.1304068024870054e-08
1.1694105957223591e-08
1.2118710224535459e-08
1.2582361980694653e-08
1.3090336893041578e-08
1.3648884331862507e-08
1.4265455997124557e-08
1.4949000206645255e-08
1.5710344276635892e-08
1.6562696358009625e-08
1.7522311107623963e-08
1.860938278990893e-08
1.9849258171420434e-08
2.127410527263727e-08
2.2925241470996035e-08
2.485643021555066e-08
2.7138624428098378e-08
2.986690912815484e-08
3.3170850849520456e-08
3.723023157508956e-08
4.229947729750945e-08
4.8746450358877745e-08
5.711555509451908e-08
6.82330764447614e-08
8.338792276544937e-08
1.0465098221154522e-07
1.3548321458076166e-07
1.8170297938665037e-07
2.5388616648927325e-07
3.714424896216483e-07
5.718745674269033e-07
9.307785180236722e-07
1.6076957431653353e-06
2.955883726873577e-06
5.7975865293048556e-06
1.2148345144577643e-05
2.7219718116216636e-05
6.524768412167067e-05
0.00016736885625374387
0.0004594797001132416
0.0013500941300229733
0.004245976439361669
0.01429257979004383
0.05149493181296041

2.3247287206004188e-07
1.0518427557323635e-05
0.00026108466219740056
0.0035551988628980628
0.02655818778649226
0.10883910863114225
0.24469410980275663
0.3017963994607396
0.20420040214867763
0.07579684554403823
0.015434681448851911
0.0017242340188642568
0.00010566879333658315
3.5526243386966538e-06
6.552451656253699e-08
6.629951692224597e-10
3.680178659084004e-12
1.120674373707282e-14
1.8721557649891084e-17
1.7157599180334916e-20
8.626270180987254e-24
2.3792583098299827e-27
3.600079846586658e-31
2.9883720885412426e-35
1.3608467163115515e-39
3.3996620547744193e-44
4.659231463750997e-49
3.5030378046898823e-54
1.4448653039841129e-59
3.269353643390573e-65
4.058340092087039e-71
2.7636750411980586e-77
1.032470173471522e-83
2.1160213842145497e-90
2.3791103710795237e-97
1.4674426185558023e-104
4.965462036403188e-112
9.217437544422462e-120
9.386695749314736e-128
5.244055495773657e-136
1.6072144066563957e-144
2.7022924899845094e-153
2.4925443349072425e-162
1.2612623430586304e-171
3.5012245651945034e-181
5.331955354857114e-191
4.454562346869517e-201
2.0416231388323197e-211
5.1333173811550687e-222
7.080642276872435e-233
5.357956595610215e-244
2.224219932223639e-255
5.065336078556459e-267
6.328354548617339e-279
4.3373586998612086e-291
1.630841959990055e-303
3.3639568e-316
0.0
0.0
0.0
0.0
0.0
0.0
0.0
0.0
0.0
0.0
0.0
0.0
0.0
0.0
0.0
0.0
0.0
0.0
0.0
0.0
0.0
0.0
0.0
0.0
0.0
0.0
0.0
0.0
0.0
0.0
0.0
0.0
0.0
0.0
0.0
0.0
0.0
0.0
0.0
0.0
0.0
0.0
0.0
