0.44834112055523917
0.01835355028553181
0.0008313931318438147
4.1674232681501394e-05
2.3115516996551773e-06
1.418778078977806e-07
9.52575019953176e-09
6.948187195975323e-10
5.792286581149049e-11
5.438358594120089e-12
5.645501109554672e-13
6.417747523174377e-14
7.995113186807534e-15
1.0978483071488543e-15
1.6699556233597862e-16
2.818279504522464e-17
5.271655520151675e-18
1.091399129064822e-18
2.4993019912584646e-19
6.331067362491928e-20
1.774413135665066e-20
5.5027360532480586e-21
1.887856645705304e-21
7.161557013266787e-22
3.000781256226522e-22
1.3860201436392496e-22
7.032423341014554e-23
3.898984162360184e-23
2.3454428811216678e-23
1.5177810386341224e-23
1.0467719403622347e-23
7.62247100412772e-24
5.8096252994181275e-24
4.598851720277071e-24
3.756096375435238e-24
3.148000393522681e-24
2.6952916276458465e-24
2.3490023125332824e-24
2.0778136615873815e-24
1.8610554913033406e-24
1.6846932855582176e-24
1.5389510585634899e-24
1.4168601099363884e-24
1.3133481611798262e-24
1.224652933592294e-24
1.1479356803192437e-24
1.081020964667427e-24
1.02221794764392e-24
9.701953993811102e-25
9.238928045359727e-25
8.824561508160108e-25
8.451908771454613e-25
8.115269348247132e-25
7.809925216422504e-25
7.531941086104026e-25
7.278010890154787e-25
7.045338622310942e-25
6.831544975356882e-25
6.634593555759435e-25
6.45273209399002e-25
6.284445244430846e-25
6.128416417809998e-25
5.983496709088822e-25
5.84867944081577e-25
5.723079182041911e-25
5.605914358108891e-25
5.4964927597190765e-25
5.394199406936003e-25
5.298486336862371e-25
5.208863971229124e-25
5.124893788255311e-25
5.046182076527034e-25
4.972374590736892e-25
4.903151962505539e-25
4.8382257461245525e-25
4.777335000397179e-25
4.720243324945765e-25
4.666736283273923e-25
4.616619156194291e-25
4.569714978484842e-25
4.525862819229691e-25
4.484916272558311e-25
4.446742130675619e-25
4.411219215378167e-25
4.378237347840527e-25
4.347696439461227e-25
4.319505689083692e-25
4.293582874039346e-25
4.269853724265916e-25
4.248251370290247e-25
4.228715857177164e-25
4.211193717672227e-25
4.195637598737321e-25
4.182005936520297e-25
4.1702626755344395e-25
4.160377028468925e-25
4.152323273622723e-25
4.146080587464874e-25
4.141632910284779e-25
4.1389688433171015e-25
4.138081576115683e-25
4.1389688433171015e-25
4.141632910284779e-25
4.146080587464874e-25
4.152323273622723e-25
4.160377028468925e-25
4.1702626755344395e-25
4.182005936520297e-25
4.195637598737321e-25
4.211193717672227e-25
4.228715857177164e-25
4.248251370290247e-25
4.269853724265916e-25
4.293582874039346e-25
4.319505689083692e-25
4.347696439461227e-25
4.378237347840527e-25
4.411219215378167e-25
4.446742130675619e-25
4.484916272558311e-25
4.525862819229691e-25
4.569714978484842e-25
4.616619156194291e-25
4.666736283273923e-25
4.720243324945765e-25
4.777335000397179e-25
4.8382257461245525e-25
4.903151962505539e-25
4.972374590736892e-25
5.046182076527034e-25
5.124893788255311e-25
5.208863971229124e-25
5.298486336862371e-25
5.394199406936003e-25
5.4964927597190765e-25
5.605914358108891e-25
5.723079182041911e-25
5.84867944081577e-25
5.983496709088822e-25
6.128416417809998e-25
6.284445244430846e-25
6.45273209399002e-25
6.634593555759435e-25
6.831544975356882e-25
7.045338622310942e-25
7.278010890154787e-25
7.531941086104026e-25
7.809925216422504e-25
8.115269348247132e-25
8.451908771454613e-25
8.824561508160108e-25
9.238928045359727e-25
9.701953993811102e-25
1.02221794764392e-24
1.081020964667427e-24
1.1479356803192437e-24
1.224652933592294e-24
1.3133481611798262e-24
1.4168601099363884e-24
1.5389510585634899e-24
1.6846932855582176e-24
1.8610554913033406e-24
2.0778136615873815e-24
2.3490023125332824e-24
2.6952916276458465e-24
3.148000393522681e-24
3.756096375435238e-24
4.598851720277071e-24
5.8096252994181275e-24
7.62247100412772e-24
1.0467719403622347e-23
1.5177810386341224e-23
2.3454428811216678e-23
3.898984162360184e-23
7.032423341014554e-23
1.3860201436392496e-22
3.000781256226522e-22
7.161557013266787e-22
1.887856645705304e-21
5.5027360532480586e-21
1.774413135665066e-20
6.331067362491928e-20
2.4993019912584646e-19
1.091399129064822e-18
5.271655520151675e-18
2.818279504522464e-17
1.6699556233597862e-16
1.0978483071488543e-15
7.995113186807534e-15
6.417747523174377e-14
5.645501109554672e-13
5.438358594120089e-12
5.792286581149049e-11
6.948187195975323e-10
9.52575019953176e-09
1.418778078977806e-07
2.3115516996551773e-06
4.1674232681501394e-05
0.0008313931318438147
0.01835355028553181

1.408681130971416e-23
7.485125359500088e-21
2.657900512089807e-18
6.30712771370939e-16
1.0001791369317584e-13
1.0599300842022668e-11
7.506368978224779e-10
3.5525145041409984e-08
1.123556903920515e-06
2.374693411827483e-05
0.00033540789712278114
0.0031658642006278056
0.019969378182232777
0.08417634479261639
0.2371203605553575
0.44637605711549305
0.561547112553813
0.47208996285139837
0.26522630634855154
0.09957760786912141
0.02498388906053448
0.004189012517942102
0.00046937130475839425
3.514590041297577e-05
1.7586769625867144e-06
5.8809940087715466e-08
1.3142217821321344e-09
1.9626363887367458e-11
1.958683632420678e-13
1.3062972223483922e-15
5.822010365279292e-18
1.7340323961626653e-20
3.451395283777678e-23
4.5907691806101163e-26
4.080651208163394e-29
2.4239672888362537e-32
9.622264617182571e-36
2.5525902088331044e-39
4.5252040148686654e-43
5.361033119386583e-47
4.2443586847352443e-51
2.245582050885186e-55
7.939607620759963e-60
1.875954986427824e-64
2.962095445270322e-69
3.1255679515559736e-74
2.204002605898668e-79
1.0386004918294316e-84
3.2706811343452535e-90
6.883053569519766e-96
9.680044527326214e-102
9.09759966843046e-108
5.713859419687362e-114
2.3982007897804504e-120
6.726587470442844e-127
1.2608322477706937e-133
1.5793307229017144e-140
1.3220324684731363e-147
7.39544685632303e-155
2.7646488755117077e-162
6.90667156265298e-170
1.153057297277144e-177
1.2864302231548758e-185
9.59124185981615e-194
4.778776421374403e-202
1.591152639274849e-210
3.540464438441082e-219
5.264557716496186e-228
5.231386505821974e-237
3.4739613793959476e-246
1.541652267239738e-255
4.5719463725207307e-265
9.060853133124429e-275
1.2000250618013491e-284
1.0620985182815934e-294
6.281922171910628e-305
2.482981947e-315
0.0
0.0
0.0
0.0
0.0
0.0
0.0
0.0
0.0
0.0
0.0
0.0
0.0
0.0
0.0
0.0
0.0
0.0
0.0
0.0
0.0
0.0
0.0
