0.5879111349322127
0.005808767135034198
8.723600189562632e-05
1.9913474348448677e-06
6.909356694937638e-08
3.6292046683936204e-09
2.920852193507076e-10
3.554382961701287e-11
6.549070552939954e-12
1.7626620416224186e-12
6.674534849699959e-13
3.2889686112935344e-13
1.956632138549092e-13
1.323716061159187e-13
9.774496065578425e-14
7.66659999734053e-14
6.27678566381728e-14
5.3030708777519024e-14
4.588077875501837e-14
4.0432808296330964e-14
3.615675112695021e-14
3.2718449303860714e-14
2.989797627136933e-14
2.7545239038989976e-14
2.555458976509993e-14
2.38496637427008e-14
2.2373977484627594e-14
2.1084903952912524e-14
1.9949698778749438e-14
1.894281145744874e-14
1.804402418253754e-14
1.7237137099067493e-14
1.6509022413068708e-14
1.5848932536144628e-14
1.5247986394920352e-14
1.469878277826578e-14
1.419510564601065e-14
1.373169693644029e-14
1.3304079552643026e-14
1.2908418093279671e-14
1.2541408285286431e-14
1.2200188463862773e-14
1.1882268147842381e-14
1.1585469987386797e-14
1.130788225773914e-14
1.1047819734123866e-14
1.0803791275391529e-14
1.0574472814173041e-14
1.0358684731933747e-14
1.0155372811802149e-14
9.963592127244605e-15
9.78249335281981e-15
9.61131108336336e-15
9.449353826671974e-15
9.295995397036215e-15
9.150667486533634e-15
9.012853230658716e-15
8.882081616778969e-15
8.757922609712609e-15
8.639982889694171e-15
8.527902115113704e-15
8.421349636453843e-15
8.320021599409582e-15
8.223638384734753e-15
8.131942340294502e-15
8.044695767414699e-15
7.961679129148739e-15
7.882689452721847e-15
7.807538902320021e-15
7.736053501690683e-15
7.668071988818639e-15
7.603444787317414e-15
7.54203308120224e-15
7.483707981442437e-15
7.428349774175697e-15
7.375847241742462e-15
7.326097048798231e-15
7.279003186711393e-15
7.234476470277101e-15
7.192434081491914e-15
7.152799155755874e-15
7.115500406411194e-15
7.080471784001333e-15
7.047652167050389e-15
7.016985081528589e-15
6.988418446492091e-15
6.961904343670282e-15
6.937398809026284e-15
6.9148616445408934e-15
6.894256248670376e-15
6.875549464107618e-15
6.8587114416371525e-15
6.8437155190196036e-15
6.8305381139727164e-15
6.819158630435807e-15
6.809559377414326e-15
6.801725499802235e-15
6.79564492067395e-15
6.791308294625284e-15
6.7887089718259345e-15
6.787842972524854e-15
6.7887089718259345e-15
6.791308294625284e-15
6.79564492067395e-15
6.801725499802235e-15
6.809559377414326e-15
6.819158630435807e-15
6.8305381139727164e-15
6.8437155190196036e-15
6.8587114416371525e-15
6.875549464107618e-15
6.894256248670376e-15
6.9148616445408934e-15
6.937398809026284e-15
6.961904343670282e-15
6.988418446492091e-15
7.016985081528589e-15
7.047652167050389e-15
7.080471784001333e-15
7.115500406411194e-15
7.152799155755874e-15
7.192434081491914e-15
7.234476470277101e-15
7.279003186711393e-15
7.326097048798231e-15
7.375847241742462e-15
7.428349774175697e-15
7.483707981442437e-15
7.54203308120224e-15
7.603444787317414e-15
7.668071988818639e-15
7.736053501690683e-15
7.807538902320021e-15
7.882689452721847e-15
7.961679129148739e-15
8.044695767414699e-15
8.131942340294502e-15
8.223638384734753e-15
8.320021599409582e-15
8.421349636453843e-15
8.527902115113704e-15
8.639982889694171e-15
8.757922609712609e-15
8.882081616778969e-15
9.012853230658716e-15
9.150667486533634e-15
9.295995397036215e-15
9.449353826671974e-15
9.61131108336336e-15
9.78249335281981e-15
9.963592127244605e-15
1.0155372811802149e-14
1.0358684731933747e-14
1.0574472814173041e-14
1.0803791275391529e-14
1.1047819734123866e-14
1.130788225773914e-14
1.1585469987386797e-14
1.1882268147842381e-14
1.2200188463862773e-14
1.2541408285286431e-14
1.2908418093279671e-14
1.3304079552643026e-14
1.373169693644029e-14
1.419510564601065e-14
1.469878277826578e-14
1.5247986394920352e-14
1.5848932536144628e-14
1.6509022413068708e-14
1.7237137099067493e-14
1.804402418253754e-14
1.894281145744874e-14
1.9949698778749438e-14
2.1084903952912524e-14
2.2373977484627594e-14
2.38496637427008e-14
2.555458976509993e-14
2.7545239038989976e-14
2.989797627136933e-14
3.2718449303860714e-14
3.615675112695021e-14
4.0432808296330964e-14
4.588077875501837e-14
5.3030708777519024e-14
6.27678566381728e-14
7.66659999734053e-14
9.774496065578425e-14
1.323716061159187e-13
1.956632138549092e-13
3.2889686112935344e-13
6.674534849699959e-13
1.7626620416224186e-12
6.549070552939954e-12
3.554382961701287e-11
2.920852193507076e-10
3.6292046683936204e-09
6.909356694937638e-08
1.9913474348448677e-06
8.723600189562632e-05
0.005808767135034198

3.003603713146559e-13
2.93665354707349e-12
2.6045378790098953e-11
2.0954462535118882e-10
1.5292914399828232e-09
1.0124460091018107e-08
6.080249091776285e-08
3.312369322985078e-07
1.6369070519826633e-06
7.33799090462299e-06
2.9839957626981683e-05
0.00011007460068213328
0.00036833578902562166
0.0011180689901875173
0.0030786560342079086
0.007689916435256046
0.017424083946961384
0.035813451071607334
0.0667744430225537
0.11293856342380078
0.17327748179551514
0.24116255701186481
0.30447070701043855
0.34869766161716975
0.362260045918539
0.34139701868888384
0.29185483619875585
0.22632990844353676
0.15921533128500348
0.10160046731075088
0.05881314581606191
0.030883107807269116
0.01471077214732465
0.006356496668679461
0.002491541137726655
0.0008859030241444677
0.00028574075623742174
8.360381179905617e-05
2.2189517133784553e-05
5.342413607878141e-06
1.1667963120421333e-06
2.3116414391245243e-07
4.154452311384958e-08
6.772904759726041e-09
1.001622432946893e-09
1.343695925773392e-10
1.635181035192725e-11
1.8050887781596862e-12
1.807586855855993e-13
1.641979257418045e-14
1.353019456952521e-15
1.0113658870665811e-16
6.857730968220096e-18
4.218134947642295e-19
2.3535768268958556e-20
1.1912534533605554e-21
5.469502805786532e-23
2.2780298463810716e-24
8.606743372314495e-26
2.9497565983578134e-27
9.170676892295354e-29
2.586333272750032e-30
6.616608906091732e-32
1.5355159320624001e-33
3.232518895676194e-35
6.172991814715242e-37
1.0693459120666271e-38
1.6803842779638927e-40
2.3953384679123832e-42
3.097369747488397e-44
3.633181539986535e-46
3.865885875740967e-48
3.7314604506689376e-50
3.2672061681363024e-52
2.595028436490305e-54
1.8697157469560004e-56
1.222016116961134e-58
7.245129715268861e-61
3.8965771600995995e-63
1.901026974510858e-65
8.413199001255246e-68
3.377551093361972e-70
1.2300154792229652e-72
4.0633769236885043e-75
1.2176753834341725e-77
3.3101206723629135e-80
8.162515334846276e-83
1.8258793519978667e-85
3.7049984293902416e-88
6.81980351755762e-91
1.13873738922501e-93
1.7248176273850763e-96
2.3699035253333337e-99
2.9538336631764403e-102
3.3397140817179604e-105
3.425314267091097e-108
3.1868340058903435e-111
2.689591636413433e-114
2.0591175114984908e-117
1.4300255664478305e-120
