0.9165952619224268
0.13073695709182992
0.028524885696024092
0.00827318180462189
0.0030367711404279026
0.001365339569905276
0.0007269379377109985
0.00044273370910506417
0.0002988662238498832
0.0002179199006812053
0.0001682993530704738
0.00013570791230377438
0.00011307902343003926
9.66464913336008e-05
8.427002216522767e-05
7.466488720248406e-05
6.70229804531168e-05
6.0815168506993494e-05
5.568277406045855e-05
5.137525197548509e-05
4.771294609908935e-05
4.456403902500859e-05
4.182983477832338e-05
3.943509753622823e-05
3.732154995041415e-05
3.544339905536577e-05
3.3764194875528574e-05
3.225458421799178e-05
3.0890677754694615e-05
2.9652844900060312e-05
2.8524812049876713e-05
2.7492979218322402e-05
2.6545896108623568e-05
2.5673856076486446e-05
2.4868578310914666e-05
2.412295675827012e-05
2.3430860062814978e-05
2.278697087681063e-05
2.2186655824329228e-05
2.1625859532451863e-05
2.1101017707122173e-05
2.0608985390192667e-05
2.0146977401975026e-05
1.9712518628627525e-05
1.930340231239921e-05
1.8917654885315022e-05
1.85535061825552e-05
1.8209364101892118e-05
1.7883792955824244e-05
1.757549490517364e-05
1.7283293975635044e-05
1.7006122248675815e-05
1.6743007890292473e-05
1.649306473925763e-05
1.6255483223582445e-05
1.6029522412251186e-05
1.581450304062636e-05
1.5609801373661575e-05
1.5414843792284154e-05
1.5229102005882224e-05
1.505208880843555e-05
1.4883354308012318e-05
1.4722482569552305e-05
1.45690886194236e-05
1.4422815767459279e-05
1.4283333208283965e-05
1.4150333868916e-05
1.4023532474032907e-05
1.390266380404274e-05
1.3787481124315484e-05
1.3677754766682743e-05
1.3573270846682522e-05
1.3473830102067206e-05
1.337924683985727e-05
1.3289347980751408e-05
1.3203972191030864e-05
1.3122969093250589e-05
1.304619854801729e-05
1.29735300000352e-05
1.290484188237201e-05
1.284002107357524e-05
1.277896240286559e-05
1.2721568199160161e-05
1.266774788014337e-05
1.2617417578015844e-05
1.257049979891775e-05
1.2526923113349088e-05
1.2486621875201008e-05
1.2449535967272953e-05
1.2415610571384836e-05
1.2384795961404816e-05
1.235704731770428e-05
1.2332324561725365e-05
1.2310592209504638e-05
1.2291819243141893e-05
1.2275978999336905e-05
1.2263049074241125e-05
1.2253011243987239e-05
1.2245851400368767e-05
1.2241559501244985e-05
1.22401295353456e-05
1.2241559501244985e-05
1.2245851400368767e-05
1.2253011243987239e-05
1.2263049074241125e-05
1.2275978999336905e-05
1.2291819243141893e-05
1.2310592209504638e-05
1.2332324561725365e-05
1.235704731770428e-05
1.2384795961404816e-05
1.2415610571384836e-05
1.2449535967272953e-05
1.2486621875201008e-05
1.2526923113349088e-05
1.257049979891775e-05
1.2617417578015844e-05
1.266774788014337e-05
1.2721568199160161e-05
1.277896240286559e-05
1.284002107357524e-05
1.290484188237201e-05
1.29735300000352e-05
1.304619854801729e-05
1.3122969093250589e-05
1.3203972191030864e-05
1.3289347980751408e-05
1.337924683985727e-05
1.3473830102067206e-05
1.3573270846682522e-05
1.3677754766682743e-05
1.3787481124315484e-05
1.390266380404274e-05
1.4023532474032907e-05
1.4150333868916e-05
1.4283333208283965e-05
1.4422815767459279e-05
1.45690886194236e-05
1.4722482569552305e-05
1.4883354308012318e-05
1.505208880843555e-05
1.5229102005882224e-05
1.5414843792284154e-05
1.5609801373661575e-05
1.581450304062636e-05
1.6029522412251186e-05
1.6255483223582445e-05
1.649306473925763e-05
1.6743007890292473e-05
1.7006122248675815e-05
1.7283293975635044e-05
1.757549490517364e-05
1.7883792955824244e-05
1.8209364101892118e-05
1.85535061825552e-05
1.8917654885315022e-05
1.930340231239921e-05
1.9712518628627525e-05
2.0146977401975026e-05
2.0608985390192667e-05
2.1101017707122173e-05
2.1625859532451863e-05
2.2186655824329228e-05
2.278697087681063e-05
2.3430860062814978e-05
2.412295675827012e-05
2.4868578310914666e-05
2.5673856076486446e-05
2.6545896108623568e-05
2.7492979218322402e-05
2.8524812049876713e-05
2.9652844900060312e-05
3.0890677754694615e-05
3.225458421799178e-05
3.3764194875528574e-05
3.544339905536577e-05
3.732154995041415e-05
3.943509753622823e-05
4.182983477832338e-05
4.456403902500859e-05
4.771294609908935e-05
5.137525197548509e-05
5.568277406045855e-05
6.0815168506993494e-05
6.70229804531168e-05
7.466488720248406e-05
8.427002216522767e-05
9.66464913336008e-05
0.00011307902343003926
0.00013570791230377438
0.0001682993530704738
0.0002179199006812053
0.0002988662238498832
0.00044273370910506417
0.0007269379377109985
0.001365339569905276
0.0030367711404279026
0.00827318180462189
0.028524885696024092
0.13073695709182992

0.0005658336073524812
0.002404500581452247
0.008592755302010934
0.025824245297483072
0.06527622140827359
0.13881389295329521
0.24852253107284386
0.3752392687170977
0.4797938297655794
0.524363890949804
0.4992320343007967
0.4280388174588222
0.3449497612662679
0.268843273991591
0.2002868526451147
0.13651466034276397
0.08130882286489743
0.04100069054913665
0.028072391478973654
0.6391004947714074
0.05004341136227329
0.00039602121976478643
7.424217787105346e-05
1.1514831754785859e-05
1.4590299023935404e-06
1.5100902248545205e-07
1.2765479279874978e-08
8.813464005054189e-10
4.969583307985584e-11
2.28849794288275e-12
8.606654725461718e-14
2.6434383333625765e-15
6.630610059113858e-17
1.358270876080718e-18
2.2723085812930494e-20
3.104530104738942e-22
3.463951854709041e-24
3.156422026043849e-26
2.3489048736183814e-28
1.4275222221408581e-30
7.085122791806508e-33
2.871831381945782e-35
9.506432455100327e-38
2.5699420040421824e-40
5.673829665919405e-43
1.0230023245605014e-45
1.50634524160921e-48
1.8114248604687577e-51
1.7789532908340448e-54
1.4267831977126515e-57
9.345486684663659e-61
4.999175936095797e-64
2.183991233574475e-67
7.792289459033402e-71
2.270653478162757e-74
5.404127875953732e-78
1.0505592442836735e-81
1.6683723271174224e-85
2.16496336552474e-89
2.296676828527731e-93
1.993635943202112e-97
1.4187185469739778e-101
8.307741507672246e-106
4.0337136055171864e-110
1.6484512691336823e-114
5.82851829342113e-119
1.86102214227822e-123
5.625363236826775e-128
1.6465200816320163e-132
4.576669705628053e-137
1.158317400613874e-141
2.5726572583907977e-146
4.902832176381896e-151
7.926796489710908e-156
1.0816745136689833e-160
1.2430539860480117e-165
1.2019580673413216e-170
9.775568806575811e-176
6.686367796150823e-181
3.846030499047523e-186
1.860380816797285e-191
7.567545447751439e-197
2.5886385045970386e-202
7.44647398740689e-208
1.8013278303650575e-213
3.6643557173528514e-219
6.26852367774686e-225
9.017698065321706e-231
1.0909099013638425e-236
1.1098003339591398e-242
9.494314044281754e-249
6.830383816648933e-255
4.132276735004105e-261
2.1023085754364013e-267
8.994277847890541e-274
3.235928456557136e-280
9.790261608746206e-287
2.4908779983207063e-293
5.3293395354081424e-300
9.588641863379334e-307
