0.7375732585271012
0.2683036556435009
0.17072461176247064
0.12185852182071057
0.09224643635655673
0.07278224894186389
0.059307294285524136
0.04960248511660523
0.04238179716110228
0.036858926463095756
0.03253313835751249
0.029074577234942327
0.026259470934554326
0.023932008045877237
0.021981140259320284
0.020326046129579056
0.018906780091696017
0.01767811238721342
0.01660538208829196
0.0156616493324018
0.014825703715482244
0.014080647836238407
0.013412874147910547
0.01281131523412661
0.012266887095516923
0.011772070633632569
0.01132059340368895
0.010907185020763417
0.010527387296228827
0.010177405483951078
0.009853990718962674
0.009554346349114156
0.009276052732047336
0.009017006422816855
0.00877537066544623
0.008549534830096711
0.008338080979457574
0.008139756154656713
0.007953449278692022
0.00777817181000212
0.007613041459008849
0.007457268419861024
0.007310143678154047
0.007171029040459217
0.007039348598555777
0.006914581394433022
0.006796255094527244
0.006683940515641378
0.006577246872371978
0.006475817638029135
0.00637932692905746
0.00628747633768801
0.0061999921496280665
0.00611662289354363
0.006037137177316008
0.005961321772882634
0.005888979917161405
0.005819929801314193
0.00575400322459516
0.0056910443923876225
0.0056309088408681915
0.005573462473137838
0.005518580693698577
0.00546614762989129
0.005416055430393594
0.0053682036321469045
0.005322498588172607
0.005278852949675969
0.005237185196646449
0.005197419211863649
0.005159483893825418
0.005123312804642334
0.005088843849402172
0.005056018983908906
0.005024783948051408
0.004995088022364209
0.0049668838056124145
0.004940127011470278
0.004914776282572119
0.004890793020399228
0.004868141229629891
0.004846787375724997
0.0048267002546505434
0.004807850873753387
0.004790212342909151
0.004773759775152951
0.004758470196086071
0.0047443224614255874
0.004731297182130923
0.004719376656601501
0.0047085448094946174
0.004698787136762449
0.004690090656552783
0.004682443865659894
0.0046758367012505984
0.0046702605076263965
0.004665708007815892
0.004662173279823128
0.004659651737387034
0.004658140115135353
0.004657636458043559
0.004658140115135353
0.004659651737387034
0.004662173279823128
0.004665708007815892
0.0046702605076263965
0.0046758367012505984
0.004682443865659894
0.004690090656552783
0.004698787136762449
0.0047085448094946174
0.004719376656601501
0.004731297182130923
0.0047443224614255874
0.004758470196086071
0.004773759775152951
0.004790212342909151
0.004807850873753387
0.0048267002546505434
0.004846787375724997
0.004868141229629891
0.004890793020399228
0.004914776282572119
0.004940127011470278
0.0049668838056124145
0.004995088022364209
0.005024783948051408
0.005056018983908906
0.005088843849402172
0.005123312804642334
0.005159483893825418
0.005197419211863649
0.005237185196646449
0.005278852949675969
0.005322498588172607
0.0053682036321469045
0.005416055430393594
0.00546614762989129
0.005518580693698577
0.005573462473137838
0.0056309088408681915
0.0056910443923876225
0.00575400322459516
0.005819929801314193
0.005888979917161405
0.005961321772882634
0.006037137177316008
0.00611662289354363
0.0061999921496280665
0.00628747633768801
0.00637932692905746
0.006475817638029135
0.006577246872371978
0.006683940515641378
0.006796255094527244
0.006914581394433022
0.007039348598555777
0.007171029040459217
0.007310143678154047
0.007457268419861024
0.007613041459008849
0.00777817181000212
0.007953449278692022
0.008139756154656713
0.008338080979457574
0.008549534830096711
0.00877537066544623
0.009017006422816855
0.009276052732047336
0.009554346349114156
0.009853990718962674
0.010177405483951078
0.010527387296228827
0.010907185020763417
0.01132059340368895
0.011772070633632569
0.012266887095516923
0.01281131523412661
0.013412874147910547
0.014080647836238407
0.014825703715482244
0.0156616493324018
0.01660538208829196
0.01767811238721342
0.018906780091696017
0.020326046129579056
0.021981140259320284
0.023932008045877237
0.026259470934554326
0.029074577234942327
0.03253313835751249
0.036858926463095756
0.04238179716110228
0.04960248511660523
0.059307294285524136
0.07278224894186389
0.09224643635655673
0.12185852182071057
0.17072461176247064
0.2683036556435009

0.22360069466153193
0.4167545567728001
0.5172262960102779
0.42816529852689617
0.23955096572424958
0.10107860218819609
0.058545151934005155
0.07699687698676312
0.11409788581175359
0.138824891421014
0.13378799739023
0.10185110058775534
0.06124102959610585
0.029083310083059883
0.010908615229255746
0.0032316167269619157
0.0007561265803201284
0.0001397312669817194
2.039499550549114e-05
0.00044420502288714
0.5018040542839429
0.44651526377244244
0.00031130558244799094
2.0927159280826406e-10
1.3895411475798158e-12
3.8883553920938345e-14
8.593794201110892e-16
1.5001282175575567e-17
2.0682176744684715e-19
2.252104529378762e-21
1.9368914265789564e-23
1.315668398998713e-25
7.058493906637829e-28
2.990901280578041e-30
1.0009595954287246e-32
2.645790480745914e-35
5.523556311554808e-38
9.107654687288883e-41
1.186093047878515e-43
1.219987549310633e-46
9.910977050548826e-50
6.359192568756982e-53
3.2226409128601295e-56
1.2898710341295573e-59
4.0776044816733463e-63
1.0180950820614727e-66
2.0076870382613523e-70
3.1270017528685857e-74
3.846667676711608e-78
3.737366130332854e-82
2.8679465743740928e-86
1.7382046284854956e-90
8.320610282598921e-95
3.145820181491455e-99
9.393707677312554e-104
2.21546361631577e-108
4.1268305515819665e-113
6.071459268408795e-118
7.054950460654492e-123
6.474694552615679e-128
4.6931997158514726e-133
2.6868487542148203e-138
1.2149036549249788e-143
4.338752639988395e-149
1.2238054338718162e-154
2.726366880552503e-160
4.797120762305977e-166
6.666554586833534e-172
7.317229245552157e-178
6.343315569819258e-184
4.3432057859598323e-190
2.3487074802995857e-196
1.0031638848424792e-202
3.3840695504797645e-209
9.016357136995319e-216
1.897349622342965e-222
3.1534653151068936e-229
4.139550507340621e-236
4.2918323314100725e-243
3.5144449280487903e-250
2.2729776811432297e-257
1.1610690122015192e-264
4.684306796511274e-272
1.492646827039744e-279
3.7565850592208254e-287
7.467131947901876e-295
1.1723002516882583e-302
1.45361141507446e-310
1.42358e-318
0.0
0.0
0.0
0.0
0.0
0.0
0.0
0.0
0.0
0.0
0.0
