0.6779669080694524
0.38737926604774936
0.22573856061751393
0.13415693224141617
0.08131167960368395
0.050259325473008785
0.03168045728123074
0.0203637801710057
0.013347207366768655
0.008919683450090149
0.0060769193962353545
0.0042201029019271405
0.002986603935986849
0.0021534372548732443
0.0015814088610047762
0.0011823359169775096
0.0008995359983734431
0.0006960527019348203
0.0005474529183888058
0.0004373616491322736
0.0003546575256866542
0.00029168870418280074
0.00024312358716186103
0.0002052013686099759
0.00017523742864345018
0.00015129308549970138
0.00013195256534212388
0.00011617070159037992
0.00010316780496447086
9.235632887207791e-05
8.328918964156333e-05
7.562298476488216e-05
6.909156171171809e-05
6.34868468845211e-05
5.864481445333354e-05
5.4435126927392916e-05
5.075342170012844e-05
4.751552060120826e-05
4.465304856051468e-05
4.21100930759175e-05
3.984063839707166e-05
3.780658068784887e-05
3.597618204033549e-05
3.432285830956002e-05
3.2824222599437746e-05
3.146132582058645e-05
3.0218050127739488e-05
2.9080621682062017e-05
2.8037217100730415e-05
2.7077643886089945e-05
2.6193079595850888e-05
2.537585790425199e-05
2.461929228823085e-05
2.39175300544959e-05
2.3265430951709876e-05
2.265846579684375e-05
2.2092631468081917e-05
2.1564379339789522e-05
2.1070554804151927e-05
2.0608345974088842e-05
2.0175240019488045e-05
1.9768985873993758e-05
1.9387562278107354e-05
1.9029150308240467e-05
1.869210968992315e-05
1.8374958313870374e-05
1.807635447172344e-05
1.7795081408465674e-05
1.7530033854276607e-05
1.728020625271919e-05
1.704468244685917e-05
1.6822626621959747e-05
1.661327533418907e-05
1.641593048045869e-05
1.6229953085991744e-05
1.6054757804242272e-05
1.588980803895103e-05
1.5734611610920464e-05
1.5588716902919303e-05
1.5451709425316572e-05
1.5323208752862648e-05
1.5202865789705409e-05
1.5090360325435597e-05
1.4985398849849639e-05
1.4887712598328086e-05
1.4797055803357851e-05
1.4713204130866734e-05
1.4635953282762334e-05
1.456511774943734e-05
1.4500529698072238e-05
1.4442037984378997e-05
1.4389507277023509e-05
1.4342817285372567e-05
1.4301862082461152e-05
1.4266549516190857e-05
1.4236800702771907e-05
1.4212549597326593e-05
1.419374263739742e-05
1.4180338455862317e-05
1.4172307660464773e-05
1.4169632677829439e-05
1.4172307660464773e-05
1.4180338455862317e-05
1.419374263739742e-05
1.4212549597326593e-05
1.4236800702771907e-05
1.4266549516190857e-05
1.4301862082461152e-05
1.4342817285372567e-05
1.4389507277023509e-05
1.4442037984378997e-05
1.4500529698072238e-05
1.456511774943734e-05
1.4635953282762334e-05
1.4713204130866734e-05
1.4797055803357851e-05
1.4887712598328086e-05
1.4985398849849639e-05
1.5090360325435597e-05
1.5202865789705409e-05
1.5323208752862648e-05
1.5451709425316572e-05
1.5588716902919303e-05
1.5734611610920464e-05
1.588980803895103e-05
1.6054757804242272e-05
1.6229953085991744e-05
1.641593048045869e-05
1.661327533418907e-05
1.6822626621959747e-05
1.704468244685917e-05
1.728020625271919e-05
1.7530033854276607e-05
1.7795081408465674e-05
1.807635447172344e-05
1.8374958313870374e-05
1.869210968992315e-05
1.9029150308240467e-05
1.9387562278107354e-05
1.9768985873993758e-05
2.0175240019488045e-05
2.0608345974088842e-05
2.1070554804151927e-05
2.1564379339789522e-05
2.2092631468081917e-05
2.265846579684375e-05
2.3265430951709876e-05
2.39175300544959e-05
2.461929228823085e-05
2.537585790425199e-05
2.6193079595850888e-05
2.7077643886089945e-05
2.8037217100730415e-05
2.9080621682062017e-05
3.0218050127739488e-05
3.146132582058645e-05
3.2824222599437746e-05
3.432285830956002e-05
3.597618204033549e-05
3.780658068784887e-05
3.984063839707166e-05
4.21100930759175e-05
4.465304856051468e-05
4.751552060120826e-05
5.075342170012844e-05
5.4435126927392916e-05
5.864481445333354e-05
6.34868468845211e-05
6.909156171171809e-05
7.562298476488216e-05
8.328918964156333e-05
9.235632887207791e-05
0.00010316780496447086
0.00011617070159037992
0.00013195256534212388
0.00015129308549970138
0.00017523742864345018
0.0002052013686099759
0.00024312358716186103
0.00029168870418280074
0.0003546575256866542
0.0004373616491322736
0.0005474529183888058
0.0006960527019348203
0.0008995359983734431
0.0011823359169775096
0.0015814088610047762
0.0021534372548732443
0.002986603935986849
0.0042201029019271405
0.0060769193962353545
0.008919683450090149
0.013347207366768655
0.0203637801710057
0.03168045728123074
0.050259325473008785
0.08131167960368395
0.13415693224141617
0.22573856061751393
0.38737926604774936

0.0005084213366444541
0.062362354561629245
0.9615579632338193
1.863728568183653
0.4540922444568143
0.01390784159118615
5.3546318279274706e-05
2.59151497936116e-08
1.5766382572810799e-12
1.2057704222741032e-17
1.1591814452629011e-23
1.400852611601539e-30
2.1280787548599704e-38
4.063845389999133e-47
9.755305763071683e-57
2.943735764342795e-67
1.1166343694934026e-78
5.324482287738003e-91
3.191523237961925e-104
2.4047662268246617e-118
2.2777284461460606e-133
2.7119723421252127e-149
4.059034991671879e-166
7.636855322515234e-184
1.806178048399716e-202
5.3698330685372046e-222
2.0068515077379826e-242
9.428094389787745e-264
5.567841110398919e-286
4.13336705403224e-309
0.0
0.0
0.0
0.0
0.0
0.0
0.0
0.0
0.0
0.0
0.0
0.0
0.0
0.0
0.0
0.0
0.0
0.0
0.0
0.0
0.0
0.0
0.0
0.0
0.0
0.0
0.0
0.0
0.0
0.0
0.0
0.0
0.0
0.0
0.0
0.0
0.0
0.0
0.0
0.0
0.0
0.0
0.0
0.0
0.0
0.0
0.0
0.0
0.0
0.0
0.0
0.0
0.0
0.0
0.0
0.0
0.0
0.0
0.0
0.0
0.0
0.0
0.0
0.0
0.0
0.0
0.0
0.0
0.0
0.0
