0.2001110862184864
0.01267976911995938
0.0009058389107024435
7.296087408305391e-05
6.625650364092986e-06
6.783697477683091e-07
7.830757674505537e-08
1.0234620829347189e-08
1.4982194630301383e-09
2.473825800159914e-10
4.612045726379175e-11
9.701615734839151e-12
2.3008501907931207e-12
6.150556734837171e-13
1.8530637708635122e-13
6.290005243179004e-14
2.4027267817053506e-14
1.030370582372339e-14
4.938595734395244e-15
2.627434977969529e-15
1.537022628012779e-15
9.775329583926036e-16
6.677623055520207e-16
4.842017826629517e-16
3.687321556610577e-16
2.922194319991563e-16
2.3919400211501154e-16
2.010025790081203e-16
1.7257227302982141e-16
1.5080130699471183e-16
1.337202935446596e-16
1.2003597756160277e-16
1.088731393211841e-16
9.962329567912596e-17
9.185307938708172e-17
8.524709065748817e-17
7.95712759573904e-17
7.464887591736971e-17
7.034426907508807e-17
6.655189378622077e-17
6.318850756905832e-17
6.018768400156484e-17
5.749583759729698e-17
5.5069309979054925e-17
5.287220488134672e-17
5.0874759263692116e-17
4.905210347002889e-17
4.738330728625311e-17
4.585063857266743e-17
4.443898169144195e-17
4.3135377288359235e-17
4.192865512206446e-17
4.0809138880191846e-17
3.976840716025079e-17
3.879909861966179e-17
3.789475212183835e-17
3.704967480641586e-17
3.625883258964512e-17
3.551775879572595e-17
3.4822477531589284e-17
3.416943911856394e-17
3.3555465437034205e-17
3.2977703463157783e-17
3.2433585608483064e-17
3.192079573512539e-17
3.143723992698091e-17
3.098102126332507e-17
3.055041797423007e-17
3.014386446456074e-17
2.9759934780277415e-17
2.9397328161575956e-17
2.9054856385291524e-17
2.8731432646538366e-17
2.842606176876494e-17
2.8137831563861767e-17
2.7865905190933627e-17
2.760951438484674e-17
2.736795344449582e-17
2.71405738865554e-17
2.6926779683813996e-17
2.6726023018463894e-17
2.6537800490284014e-17
2.6361649727792562e-17
2.619714635739478e-17
2.6043901291501248e-17
2.5901558301703656e-17
2.5769791847500446e-17
2.5648305134873033e-17
2.5536828382318008e-17
2.5435117274817533e-17
2.5342951588744938e-17
2.5260133972909274e-17
2.5186488872888468e-17
2.5121861587524615e-17
2.5066117447991592e-17
2.5019141111222605e-17
2.4980835960730076e-17
2.4951123608983417e-17
2.492994349655205e-17
2.4917252584188072e-17
2.4913025134931895e-17
2.4917252584188072e-17
2.492994349655205e-17
2.4951123608983417e-17
2.4980835960730076e-17
2.5019141111222605e-17
2.5066117447991592e-17
2.5121861587524615e-17
2.5186488872888468e-17
2.5260133972909274e-17
2.5342951588744938e-17
2.5435117274817533e-17
2.5536828382318008e-17
2.5648305134873033e-17
2.5769791847500446e-17
2.5901558301703656e-17
2.6043901291501248e-17
2.619714635739478e-17
2.6361649727792562e-17
2.6537800490284014e-17
2.6726023018463894e-17
2.6926779683813996e-17
2.71405738865554e-17
2.736795344449582e-17
2.760951438484674e-17
2.7865905190933627e-17
2.8137831563861767e-17
2.842606176876494e-17
2.8731432646538366e-17
2.9054856385291524e-17
2.9397328161575956e-17
2.9759934780277415e-17
3.014386446456074e-17
3.055041797423007e-17
3.098102126332507e-17
3.143723992698091e-17
3.192079573512539e-17
3.2433585608483064e-17
3.2977703463157783e-17
3.3555465437034205e-17
3.416943911856394e-17
3.4822477531589284e-17
3.551775879572595e-17
3.625883258964512e-17
3.704967480641586e-17
3.789475212183835e-17
3.879909861966179e-17
3.976840716025079e-17
4.0809138880191846e-17
4.192865512206446e-17
4.3135377288359235e-17
4.443898169144195e-17
4.585063857266743e-17
4.738330728625311e-17
4.905210347002889e-17
5.0874759263692116e-17
5.287220488134672e-17
5.5069309979054925e-17
5.749583759729698e-17
6.018768400156484e-17
6.318850756905832e-17
6.655189378622077e-17
7.034426907508807e-17
7.464887591736971e-17
7.95712759573904e-17
8.524709065748817e-17
9.185307938708172e-17
9.962329567912596e-17
1.088731393211841e-16
1.2003597756160277e-16
1.337202935446596e-16
1.5080130699471183e-16
1.7257227302982141e-16
2.010025790081203e-16
2.3919400211501154e-16
2.922194319991563e-16
3.687321556610577e-16
4.842017826629517e-16
6.677623055520207e-16
9.775329583926036e-16
1.537022628012779e-15
2.627434977969529e-15
4.938595734395244e-15
1.030370582372339e-14
2.4027267817053506e-14
6.290005243179004e-14
1.8530637708635122e-13
6.150556734837171e-13
2.3008501907931207e-12
9.701615734839151e-12
4.612045726379175e-11
2.473825800159914e-10
1.4982194630301383e-09
1.0234620829347189e-08
7.830757674505537e-08
6.783697477683091e-07
6.625650364092986e-06
7.296087408305391e-05
0.0009058389107024435
0.01267976911995938

9.543070408371828e-16
9.276872380891508e-14
6.417498812783908e-12
3.159226564303612e-10
1.1067422988922018e-08
2.7590718201637366e-07
4.894747160293198e-06
6.17942807026693e-05
0.000555158585115874
0.0035492500722003216
0.016147559746400243
0.052279082980353664
0.12044805259743316
0.19747965737374779
0.23040702058251328
0.19130213271506674
0.11303024686336012
0.04752480036000453
0.014219904735957535
0.0030277766355478186
0.0004587771090963344
4.946868982138949e-05
3.7958569445282356e-06
2.072717078412414e-07
8.054173405290294e-09
2.227166503413693e-10
4.382633533470657e-12
6.137173332635536e-14
6.115787427961196e-16
4.33697716063504e-18
2.188631517460182e-20
7.859753460850783e-23
2.0086115650030665e-25
3.6528661163118117e-28
4.727399571934014e-31
4.353731367908497e-34
2.853328057213051e-37
1.3307379602124611e-40
4.4165601035887655e-44
1.0431013442020912e-47
1.7531522193126306e-51
2.096831379290295e-55
1.7846709290219157e-59
1.0809448883982391e-63
4.659075150567762e-68
1.429047418717773e-72
3.119207918242612e-77
4.844988719027679e-82
5.355400766307454e-87
4.21251968461035e-92
2.3579938652686204e-97
9.392780190824804e-103
2.6625416372631375e-108
5.370929078581425e-114
7.709978873110535e-120
7.876036479344773e-126
5.725494616590595e-132
2.9618909380979945e-138
1.0903749763106641e-144
2.856494878698164e-151
5.325271864424032e-158
7.064816389227891e-165
6.669768111479285e-172
4.480962933702452e-179
2.142312040092736e-186
7.288612582043881e-194
1.764646686177132e-201
3.0403348950129385e-209
3.727656141585341e-217
3.2523780732087476e-225
2.0193749551382543e-233
8.922440646102788e-242
2.8054409388486643e-250
6.277248961094504e-259
9.995127476917488e-268
1.1325518193735968e-276
9.132266725195113e-286
5.240224018753398e-295
2.1397935795596573e-304
6.217913376e-314
1e-323
0.0
0.0
0.0
0.0
0.0
0.0
0.0
0.0
0.0
0.0
0.0
0.0
0.0
0.0
0.0
0.0
0.0
0.0
0.0
