0.908214201427688
0.04344518249562388
0.006687560165071906
0.001445712370214365
0.00036227770816866926
0.00010279826407502698
3.2933168552965454e-05
1.1899308658649952e-05
4.83980686692514e-06
2.2079607719770804e-06
1.1230741829068746e-06
6.314198515708838e-07
3.881300246228846e-07
2.576853616135891e-07
1.8252617901446212e-07
1.3637804710317705e-07
1.0642610891507886e-07
8.603088976578963e-08
7.155883527843979e-08
6.092083390880043e-08
5.286134590391364e-08
4.6595278292482506e-08
4.1613999919885603e-08
3.7577390666153626e-08
3.425148870639746e-08
3.1471233087492894e-08
2.911750327248833e-08
2.7102565762657522e-08
2.53606099141107e-08
2.384144757218933e-08
2.250622821046128e-08
2.1324467195622868e-08
2.027194742782575e-08
1.932921303804254e-08
1.8480471552714533e-08
1.771278248011571e-08
1.701544978294294e-08
1.637956152467635e-08
1.5797637138850796e-08
1.5263354354859523e-08
1.4771335748454655e-08
1.4316980394316211e-08
1.3896329972481961e-08
1.3505961438047995e-08
1.3142900348537339e-08
1.280455038740796e-08
1.2488635683289736e-08
1.2193153311649532e-08
1.191633395466869e-08
1.1656609139729825e-08
1.1412583815172478e-08
1.1183013281283536e-08
1.0966783694701828e-08
1.0762895520062728e-08
1.0570449424496683e-08
1.0388634206482198e-08
1.0216716426493565e-08
1.0054031467365426e-08
9.899975800726167e-09
9.754000274830996e-09
9.615604270652457e-09
9.484330598705987e-09
9.359761030001564e-09
9.241512371658307e-09
9.129233011834197e-09
9.02259987029007e-09
8.92131570058726e-09
8.825106697980042e-09
8.73372037380162e-09
8.646923662792822e-09
8.564526117625168e-09
8.48627639777059e-09
8.412017827348289e-09
8.341579826750547e-09
8.274804391363644e-09
8.211545112803416e-09
8.151666297503877e-09
8.095042172060852e-09
8.041556166062829e-09
7.99110026428973e-09
7.943574421154406e-09
7.898886031124294e-09
7.856949449611409e-09
7.8176855594734e-09
7.781021378841217e-09
7.746889706490798e-09
7.71522880141794e-09
7.685982093664638e-09
7.659097923789791e-09
7.63452930868266e-09
7.61223373168963e-09
7.592172955268355e-09
7.574312854601487e-09
7.558623270799528e-09
7.545077882500841e-09
7.533654094839798e-09
7.52433294490368e-09
7.51709902293719e-09
7.511940408682427e-09
7.50884862236347e-09
7.507818589939788e-09
7.50884862236347e-09
7.511940408682427e-09
7.51709902293719e-09
7.52433294490368e-09
7.533654094839798e-09
7.545077882500841e-09
7.558623270799528e-09
7.574312854601487e-09
7.592172955268355e-09
7.61223373168963e-09
7.63452930868266e-09
7.659097923789791e-09
7.685982093664638e-09
7.71522880141794e-09
7.746889706490798e-09
7.781021378841217e-09
7.8176855594734e-09
7.856949449611409e-09
7.898886031124294e-09
7.943574421154406e-09
7.99110026428973e-09
8.041556166062829e-09
8.095042172060852e-09
8.151666297503877e-09
8.211545112803416e-09
8.274804391363644e-09
8.341579826750547e-09
8.412017827348289e-09
8.48627639777059e-09
8.564526117625168e-09
8.646923662792822e-09
8.73372037380162e-09
8.825106697980042e-09
8.92131570058726e-09
9.02259987029007e-09
9.129233011834197e-09
9.241512371658307e-09
9.359761030001564e-09
9.484330598705987e-09
9.615604270652457e-09
9.754000274830996e-09
9.899975800726167e-09
1.0054031467365426e-08
1.0216716426493565e-08
1.0388634206482198e-08
1.0570449424496683e-08
1.0762895520062728e-08
1.0966783694701828e-08
1.1183013281283536e-08
1.1412583815172478e-08
1.1656609139729825e-08
1.191633395466869e-08
1.2193153311649532e-08
1.2488635683289736e-08
1.280455038740796e-08
1.3142900348537339e-08
1.3505961438047995e-08
1.3896329972481961e-08
1.4316980394316211e-08
1.4771335748454655e-08
1.5263354354859523e-08
1.5797637138850796e-08
1.637956152467635e-08
1.701544978294294e-08
1.771278248011571e-08
1.8480471552714533e-08
1.932921303804254e-08
2.027194742782575e-08
2.1324467195622868e-08
2.250622821046128e-08
2.384144757218933e-08
2.53606099141107e-08
2.7102565762657522e-08
2.911750327248833e-08
3.1471233087492894e-08
3.425148870639746e-08
3.7577390666153626e-08
4.1613999919885603e-08
4.6595278292482506e-08
5.286134590391364e-08
6.092083390880043e-08
7.155883527843979e-08
8.603088976578963e-08
1.0642610891507886e-07
1.3637804710317705e-07
1.8252617901446212e-07
2.576853616135891e-07
3.881300246228846e-07
6.314198515708838e-07
1.1230741829068746e-06
2.2079607719770804e-06
4.83980686692514e-06
1.1899308658649952e-05
3.2933168552965454e-05
0.00010279826407502698
0.00036227770816866926
0.001445712370214365
0.006687560165071906
0.04344518249562388

3.1997295700896056e-07
5.443601476326221e-06
6.619635404179806e-05
0.0005753823232658356
0.0035748157248591686
0.01587543020842739
0.050393212862047905
0.11433871448263602
0.1854339854880632
0.21496141748941414
0.17811887552919126
0.10550363683470591
0.0447077876443965
0.013710076692771979
0.0036351144606371314
0.00274069750174468
0.006587893120413406
0.06654419192115515
0.9806973850389401
0.28833793866640545
0.12473846287599906
0.1907706835116315
0.25926198963133
0.31157264195703294
0.3311105283284323
0.3111572106744868
0.25857108341875307
0.19000859502351883
0.12346951558748236
0.07094788410349753
0.03605058841371987
0.016198637003458926
0.006436322475741381
0.0022614673556986204
0.0007026451566724304
0.00019305230750882234
4.690370428320467e-05
1.0077028693224714e-05
1.914480967923059e-06
3.216346411205674e-07
4.7782381104750457e-08
6.27719997249292e-09
7.292179434753424e-10
7.491036876815087e-11
6.804868380700955e-12
5.466265604012472e-13
3.882888652675469e-14
2.439003083655352e-15
1.3547618802360591e-16
6.654367668592527e-18
2.890305995602959e-19
1.1101305663632689e-20
3.7704874853828896e-22
1.1324372662310813e-23
3.00762722755247e-25
7.063615793216272e-27
1.4669771057042557e-28
2.6940944012265482e-30
4.375175603234361e-32
6.283062416220119e-34
7.97885302992426e-36
8.959891754830162e-38
8.897300657435769e-40
7.812804841842378e-42
6.066649323824083e-44
4.16566185495331e-46
2.529369871817646e-48
1.3581066478069397e-50
6.448350194538835e-53
2.7074257859027325e-55
1.0052121120584828e-57
3.300289752726927e-60
9.581635266911575e-63
2.459916724657083e-65
5.584629697465812e-68
1.1211444302659637e-70
1.9903156232782295e-73
3.124464153790698e-76
4.337328809647953e-79
5.324297982647762e-82
5.779570504509953e-85
5.547815181338206e-88
4.7091400800622026e-91
3.534715302813111e-94
2.346175400284052e-97
1.3770817404155882e-100
7.147467160879685e-104
3.280483242647636e-107
1.331424930357834e-110
4.778468767399892e-114
1.5165405420518622e-117
4.256106670413388e-121
1.0562438404899758e-124
2.317976777428088e-128
4.4982871780657196e-132
7.719309988755165e-136
1.1713939886325959e-139
1.5718847715983006e-143
1.8652267195386344e-147
1.957202472820063e-151
