0.4722089421343233
0.03487434319393336
0.0026620283820093004
0.000210016850015467
1.7124993427796257e-05
1.4432495408150108e-06
1.2571506028922243e-07
1.1317957009017568e-08
1.2753474061785794e-09
1.2715117100597667e-10
1.2743290986160985e-11
1.2865782657111264e-12
1.3131822489432227e-13
1.3622108569772262e-14
1.4466167783233799e-15
1.5870916736477287e-16
1.816716846917275e-17
2.188559763426696e-18
2.788195783776419e-19
3.754622924896603e-20
5.315796179764908e-21
7.850278082983458e-22
1.1996874396167945e-22
1.8855128233325723e-23
3.0363231508917508e-24
5.003303348584678e-25
8.442488374300732e-26
1.461973668203061e-26
2.6059546076476232e-27
4.796274230584442e-28
9.138364450967329e-29
1.8052694010157185e-29
3.699178620259115e-30
7.858107364362492e-31
1.728609544839653e-31
3.932918821702997e-32
9.245975244672787e-33
2.2447698573186272e-33
5.627482703986172e-34
1.456973822269934e-34
3.8968902577062807e-35
1.077079519732785e-35
3.077069387641854e-36
9.087274265439393e-37
2.774223887304294e-37
8.754690657572875e-38
2.8556447845921015e-38
9.627398967014246e-39
3.354609816827776e-39
1.2080895010043266e-39
4.496574012140914e-40
1.7297908576615994e-40
6.877618866217795e-41
2.826294508966994e-41
1.2004174888406198e-41
5.269660176817542e-42
2.3909334534390273e-42
1.1212064540380519e-42
5.4341880051153766e-43
2.7221415434605805e-43
1.409309767483403e-43
7.540653358782097e-44
4.1696143083840174e-44
2.382484251588281e-44
1.40654015356535e-44
8.577706932967677e-45
5.4019832336990684e-45
3.5116293634358333e-45
2.3549418221500343e-45
1.6279173991900112e-45
1.1588985092798155e-45
8.486218634851615e-46
6.383427786777419e-46
4.925061523544742e-46
3.891194672959808e-46
3.1428640981469838e-46
2.5906595263337584e-46
2.1756013965260445e-46
1.858332069371546e-46
1.6119962851609499e-46
1.4179767716044946e-46
1.2631571514243033e-46
1.1381515249107458e-46
1.0361530018264395e-46
9.521507056508393e-47
8.824088255234397e-47
8.241102421383402e-47
7.75107179315778e-47
7.337456749922481e-47
6.987405621225887e-47
6.6908543815221395e-47
6.439871628311672e-47
6.228177551517048e-47
6.050787791405354e-47
5.903748037078996e-47
5.783935413315125e-47
5.688909737809557e-47
5.616802647053758e-47
5.566236077103351e-47
5.536264107880043e-47
5.526334051645631e-47
5.536264107880043e-47
5.566236077103351e-47
5.616802647053758e-47
5.688909737809557e-47
5.783935413315125e-47
5.903748037078996e-47
6.050787791405354e-47
6.228177551517048e-47
6.439871628311672e-47
6.6908543815221395e-47
6.987405621225887e-47
7.337456749922481e-47
7.75107179315778e-47
8.241102421383402e-47
8.824088255234397e-47
9.521507056508393e-47
1.0361530018264395e-46
1.1381515249107458e-46
1.2631571514243033e-46
1.4179767716044946e-46
1.6119962851609499e-46
1.858332069371546e-46
2.1756013965260445e-46
2.5906595263337584e-46
3.1428640981469838e-46
3.891194672959808e-46
4.925061523544742e-46
6.383427786777419e-46
8.486218634851615e-46
1.1588985092798155e-45
1.6279173991900112e-45
2.3549418221500343e-45
3.5116293634358333e-45
5.4019832336990684e-45
8.577706932967677e-45
1.40654015356535e-44
2.382484251588281e-44
4.1696143083840174e-44
7.540653358782097e-44
1.409309767483403e-43
2.7221415434605805e-43
5.4341880051153766e-43
1.1212064540380519e-42
2.3909334534390273e-42
5.269660176817542e-42
1.2004174888406198e-41
2.826294508966994e-41
6.877618866217795e-41
1.7297908576615994e-40
4.496574012140914e-40
1.2080895010043266e-39
3.354609816827776e-39
9.627398967014246e-39
2.8556447845921015e-38
8.754690657572875e-38
2.774223887304294e-37
9.087274265439393e-37
3.077069387641854e-36
1.077079519732785e-35
3.8968902577062807e-35
1.456973822269934e-34
5.627482703986172e-34
2.2447698573186272e-33
9.245975244672787e-33
3.932918821702997e-32
1.728609544839653e-31
7.858107364362492e-31
3.699178620259115e-30
1.8052694010157185e-29
9.138364450967329e-29
4.796274230584442e-28
2.6059546076476232e-27
1.461973668203061e-26
8.442488374300732e-26
5.003303348584678e-25
3.0363231508917508e-24
1.8855128233325723e-23
1.1996874396167945e-22
7.850278082983458e-22
5.315796179764908e-21
3.754622924896603e-20
2.788195783776419e-19
2.188559763426696e-18
1.816716846917275e-17
1.5870916736477287e-16
1.4466167783233799e-15
1.3622108569772262e-14
1.3131822489432227e-13
1.2865782657111264e-12
1.2743290986160985e-11
1.2715117100597667e-10
1.2753474061785794e-09
1.1317957009017568e-08
1.2571506028922243e-07
1.4432495408150108e-06
1.7124993427796257e-05
0.000210016850015467
0.0026620283820093004
0.03487434319393336

6.043292997835127e-46
3.039339471697292e-39
4.439098964140908e-33
1.8828707181793307e-27
2.319296289268834e-22
8.29663572434623e-18
8.619019605793017e-14
2.600301894531374e-10
2.2782413685905267e-07
5.796765769050796e-05
0.0042833328902996265
0.09191533223319409
0.5728015071145164
1.0366458180347253
0.5448371411395969
0.08315972954500274
0.003686120161452536
4.744997259559085e-05
1.7738320634403138e-07
1.9257463932706487e-10
6.071496413473396e-14
5.559073931254477e-18
1.4781524047725662e-22
1.1414214666712563e-27
2.5596637335581765e-33
1.6669779366746877e-39
3.152730481525294e-46
1.7316251982557637e-53
2.7620466260083226e-61
1.2794348368585442e-69
1.7211368182949335e-78
6.723922139806243e-88
7.628515166615977e-98
2.513433559725949e-108
2.4049434148689345e-119
6.682706271072219e-131
5.392745690017297e-143
1.2637977139260443e-155
8.60112477303957e-169
1.6999767731283315e-182
9.757549986578735e-197
1.6264796703246412e-211
7.873476783665769e-227
1.106864657481027e-242
4.5188980891910095e-259
5.357727624277225e-276
1.8447553249002564e-293
1.844620247618e-311
0.0
0.0
0.0
0.0
0.0
0.0
0.0
0.0
0.0
0.0
0.0
0.0
0.0
0.0
0.0
0.0
0.0
0.0
0.0
0.0
0.0
0.0
0.0
0.0
0.0
0.0
0.0
0.0
0.0
0.0
0.0
0.0
0.0
0.0
0.0
0.0
0.0
0.0
0.0
0.0
0.0
0.0
0.0
0.0
0.0
0.0
0.0
0.0
0.0
0.0
0.0
0.0
