1.0224323802495563
0.08802377774738677
0.01748442870233812
0.004928364937038519
0.0018402776139547995
0.0008689890855151206
0.0004924020886905827
0.00031891049798350404
0.0002271992961591149
0.0001732183666380553
0.00013868355008640854
0.00011511045315830121
9.818076946273856e-05
8.552158008291735e-05
7.57431806302415e-05
6.798715522586416e-05
6.169893893532077e-05
5.65063682746262e-05
5.215142677240806e-05
4.845014729276413e-05
4.526812716479163e-05
4.250506131545307e-05
4.0084675389824136e-05
3.794799745883777e-05
3.604875353108277e-05
3.4350149044743135e-05
3.282257586460464e-05
3.144195026230759e-05
3.0188489263363442e-05
2.904579681275274e-05
2.8000172366825277e-05
2.704008148278818e-05
2.6155745965068897e-05
2.5338823329844376e-05
2.4582153754679723e-05
2.387955855391233e-05
2.3225678379608823e-05
2.2615842329638785e-05
2.2045961306754688e-05
2.1512440557677006e-05
2.1012107494931462e-05
2.0542151781574435e-05
2.010007532074241e-05
1.968365029517455e-05
1.929088378777765e-05
1.891998781224686e-05
1.856935381456799e-05
1.823753088773588e-05
1.792320708506551e-05
1.7625193330882944e-05
1.734240951781829e-05
1.7073872452432877e-05
1.6818685369355236e-05
1.6576028781439717e-05
1.634515247199013e-05
1.612536846659133e-05
1.591604484795944e-05
1.571660029855126e-05
1.5526499273333685e-05
1.5345247719790725e-05
1.5172389274489387e-05
1.5007501875774985e-05
1.4850194740776702e-05
1.4700105662160246e-05
1.455689858619973e-05
1.4420261438943727e-05
1.4289904171676105e-05
1.4165557000647268e-05
1.4046968819280658e-05
1.3933905763829027e-05
1.3826149915836565e-05
1.3723498126816348e-05
1.3625760952326962e-05
1.3532761684169408e-05
1.344433547076029e-05
1.3360328516898972e-05
1.3280597355159873e-05
1.320500818202695e-05
1.313343625266377e-05
1.3065765328894025e-05
1.3001887175567305e-05
1.2941701101013856e-05
1.288511353775965e-05
1.283203766008721e-05
1.2782393035395644e-05
1.2736105306640462e-05
1.2693105903426088e-05
1.2653331779585222e-05
1.2616725175313795e-05
1.2583233402141303e-05
1.2552808649206976e-05
1.2525407809484781e-05
1.2500992324757732e-05
1.2479528048285372e-05
1.2460985124240325e-05
1.2445337883111655e-05
1.2432564752385806e-05
1.2422648181921869e-05
1.2415574583537415e-05
1.2411334284415772e-05
1.2409921494036187e-05
1.2411334284415772e-05
1.2415574583537415e-05
1.2422648181921869e-05
1.2432564752385806e-05
1.2445337883111655e-05
1.2460985124240325e-05
1.2479528048285372e-05
1.2500992324757732e-05
1.2525407809484781e-05
1.2552808649206976e-05
1.2583233402141303e-05
1.2616725175313795e-05
1.2653331779585222e-05
1.2693105903426088e-05
1.2736105306640462e-05
1.2782393035395644e-05
1.283203766008721e-05
1.288511353775965e-05
1.2941701101013856e-05
1.3001887175567305e-05
1.3065765328894025e-05
1.313343625266377e-05
1.320500818202695e-05
1.3280597355159873e-05
1.3360328516898972e-05
1.344433547076029e-05
1.3532761684169408e-05
1.3625760952326962e-05
1.3723498126816348e-05
1.3826149915836565e-05
1.3933905763829027e-05
1.4046968819280658e-05
1.4165557000647268e-05
1.4289904171676105e-05
1.4420261438943727e-05
1.455689858619973e-05
1.4700105662160246e-05
1.4850194740776702e-05
1.5007501875774985e-05
1.5172389274489387e-05
1.5345247719790725e-05
1.5526499273333685e-05
1.571660029855126e-05
1.591604484795944e-05
1.612536846659133e-05
1.634515247199013e-05
1.6576028781439717e-05
1.6818685369355236e-05
1.7073872452432877e-05
1.734240951781829e-05
1.7625193330882944e-05
1.792320708506551e-05
1.823753088773588e-05
1.856935381456799e-05
1.891998781224686e-05
1.929088378777765e-05
1.968365029517455e-05
2.010007532074241e-05
2.0542151781574435e-05
2.1012107494931462e-05
2.1512440557677006e-05
2.2045961306754688e-05
2.2615842329638785e-05
2.3225678379608823e-05
2.387955855391233e-05
2.4582153754679723e-05
2.5338823329844376e-05
2.6155745965068897e-05
2.704008148278818e-05
2.8000172366825277e-05
2.904579681275274e-05
3.0188489263363442e-05
3.144195026230759e-05
3.282257586460464e-05
3.4350149044743135e-05
3.604875353108277e-05
3.794799745883777e-05
4.0084675389824136e-05
4.250506131545307e-05
4.526812716479163e-05
4.845014729276413e-05
5.215142677240806e-05
5.65063682746262e-05
6.169893893532077e-05
6.798715522586416e-05
7.57431806302415e-05
8.552158008291735e-05
9.818076946273856e-05
0.00011511045315830121
0.00013868355008640854
0.0001732183666380553
0.0002271992961591149
0.00031891049798350404
0.0004924020886905827
0.0008689890855151206
0.0018402776139547995
0.004928364937038519
0.01748442870233812
0.08802377774738677

0.000581271945459805
0.0019696928412232997
0.0058804457880178174
0.015467303055001418
0.03584359317217527
0.07318146245792259
0.13163859222241256
0.20862097677719557
0.2912898288674321
0.35833173417938996
0.38836302623596297
0.37083749803995414
0.3119804810043979
0.23126638446304218
0.1511811633667775
0.08770676168226448
0.047160862513775416
0.029299565222614985
0.03213482095778848
0.05365133972938662
0.09051238682152823
0.14272991626821768
0.2280502219010628
0.3634542633653992
0.484778417938386
0.4639394779719256
0.2966109327406138
0.12377434341571023
0.03380948229064498
0.006241550318390729
0.0008513683989279221
0.00010191168436738578
1.2428863097392347e-05
1.490551784214111e-06
1.5770759612535337e-07
1.394176167484349e-08
1.0150032158939757e-09
6.069819522435927e-11
2.980541058093552e-12
1.201741156320843e-13
3.978525853942477e-15
1.0815056632992021e-16
2.4139639066612815e-18
4.4241323182094884e-20
6.657647601030866e-22
8.22638177360379e-24
8.346267088637198e-26
6.952981233450361e-28
4.756036696098738e-30
2.6712509976494966e-32
1.231911640051075e-34
4.6648725318785574e-37
1.450425292299787e-39
3.702936873902765e-42
7.762339143429975e-45
1.336085588784018e-47
1.8883013650011662e-50
2.191309373506275e-53
2.0880045937765635e-56
1.6336332842993952e-59
1.049477392387051e-62
5.535885065892883e-66
2.3977106751914603e-69
8.52713833621203e-73
2.4900684332124747e-76
5.970926232955739e-80
1.1759705426008093e-83
1.9045936197390277e-87
2.5535877817868567e-91
2.9429607370119574e-95
3.513836078555883e-99
6.846532788169432e-103
2.23153332261966e-106
7.9304701698689e-110
2.5773873651683248e-113
7.418631058271921e-117
1.882563385230626e-120
4.209225504732935e-124
8.29184416306895e-128
1.439106893364406e-131
2.2005316144993262e-135
2.96452266252373e-139
3.518637586258794e-143
3.6794838464586287e-147
3.389938848468668e-151
2.751626146536152e-155
1.9677938157499283e-159
1.239830612933157e-163
6.882365291246243e-168
3.365934683775315e-172
1.4503280581759248e-176
5.505787100375325e-181
1.841472252125885e-185
5.426296801286093e-190
1.4087518854280222e-194
3.2222414220491176e-199
6.493431184764294e-204
1.1528770895182944e-208
1.8033680679814876e-213
2.485297267166217e-218
