0.14433860896674042
0.0030463188446284446
9.185664462702047e-05
3.957200459770375e-06
2.435597875090663e-07
2.1415917211740348e-08
2.68924505756083e-09
4.805871708454743e-10
1.2096191446068498e-10
4.165720421040557e-11
1.8685438891412588e-11
1.0272092592711607e-11
6.5396895157998574e-12
4.615501941202265e-12
3.500698946361824e-12
2.7947228692407886e-12
2.316026429514016e-12
1.973755000932845e-12
1.718589317932385e-12
1.5219015038519849e-12
1.3661240440245296e-12
1.239963332938877e-12
1.1358684257702249e-12
1.048619197461262e-12
9.745018452308508e-13
9.108077997965039e-13
8.555183894197935e-13
8.071002257505147e-13
7.643687889822979e-13
7.26395263823022e-13
6.924415286324525e-13
6.619139041116075e-13
6.343296688206539e-13
6.092924308505798e-13
5.864737505955354e-13
5.655992464208021e-13
5.464379622456758e-13
5.287941405258596e-13
5.125007909986474e-13
4.974146154108021e-13
4.834119670118723e-13
4.703856074702501e-13
4.582420839480996e-13
4.468995926080747e-13
4.3628622671837795e-13
4.263385311255514e-13
4.170003024989181e-13
4.082215880445681e-13
3.99957845493446e-13
3.921692349130191e-13
3.848200188718192e-13
3.778780521360932e-13
3.7131434571802675e-13
3.651026929630635e-13
3.5921934763726166e-13
3.536427457881253e-13
3.483532646053484e-13
3.43333012678813e-13
3.385656469995084e-13
3.3403621282075584e-13
3.2973100312801027e-13
3.2563743498352013e-13
3.2174394043924146e-13
3.18039870064993e-13
3.145154074326922e-13
3.111614931426252e-13
3.079697571828933e-13
3.049324585855434e-13
3.0204243148814813e-13
2.992930368324236e-13
2.9667811903563296e-13
2.9419196705912767e-13
2.918292793739665e-13
2.8958513238821627e-13
2.874549519560114e-13
2.854344876361583e-13
2.8351978940921713e-13
2.8170718659756434e-13
2.799932687637639e-13
2.783748683893679e-13
2.7684904515959036e-13
2.754130716996663e-13
2.7406442062654143e-13
2.728007527951683e-13
2.716199066324502e-13
2.705198884640014e-13
2.6949886374962117e-13
2.685551491528903e-13
2.676872053787601e-13
2.668936307205469e-13
2.661731552645093e-13
2.655246357062514e-13
2.649470507386793e-13
2.6443949697620376e-13
2.640011853844105e-13
2.636314381885663e-13
2.6332968623815574e-13
2.6309546680819636e-13
2.629284218214041e-13
2.628282964784224e-13
2.627949382863179e-13
2.628282964784224e-13
2.629284218214041e-13
2.6309546680819636e-13
2.6332968623815574e-13
2.636314381885663e-13
2.640011853844105e-13
2.6443949697620376e-13
2.649470507386793e-13
2.655246357062514e-13
2.661731552645093e-13
2.668936307205469e-13
2.676872053787601e-13
2.685551491528903e-13
2.6949886374962117e-13
2.705198884640014e-13
2.716199066324502e-13
2.728007527951683e-13
2.7406442062654143e-13
2.754130716996663e-13
2.7684904515959036e-13
2.783748683893679e-13
2.799932687637639e-13
2.8170718659756434e-13
2.8351978940921713e-13
2.854344876361583e-13
2.874549519560114e-13
2.8958513238821627e-13
2.918292793739665e-13
2.9419196705912767e-13
2.9667811903563296e-13
2.992930368324236e-13
3.0204243148814813e-13
3.049324585855434e-13
3.079697571828933e-13
3.111614931426252e-13
3.145154074326922e-13
3.18039870064993e-13
3.2174394043924146e-13
3.2563743498352013e-13
3.2973100312801027e-13
3.3403621282075584e-13
3.385656469995084e-13
3.43333012678813e-13
3.483532646053484e-13
3.536427457881253e-13
3.5921934763726166e-13
3.651026929630635e-13
3.7131434571802675e-13
3.778780521360932e-13
3.848200188718192e-13
3.921692349130191e-13
3.99957845493446e-13
4.082215880445681e-13
4.170003024989181e-13
4.263385311255514e-13
4.3628622671837795e-13
4.468995926080747e-13
4.582420839480996e-13
4.703856074702501e-13
4.834119670118723e-13
4.974146154108021e-13
5.125007909986474e-13
5.287941405258596e-13
5.464379622456758e-13
5.655992464208021e-13
5.864737505955354e-13
6.092924308505798e-13
6.343296688206539e-13
6.619139041116075e-13
6.924415286324525e-13
7.26395263823022e-13
7.643687889822979e-13
8.071002257505147e-13
8.555183894197935e-13
9.108077997965039e-13
9.745018452308508e-13
1.048619197461262e-12
1.1358684257702249e-12
1.239963332938877e-12
1.3661240440245296e-12
1.5219015038519849e-12
1.718589317932385e-12
1.973755000932845e-12
2.316026429514016e-12
2.7947228692407886e-12
3.500698946361824e-12
4.615501941202265e-12
6.5396895157998574e-12
1.0272092592711607e-11
1.8685438891412588e-11
4.165720421040557e-11
1.2096191446068498e-10
4.805871708454743e-10
2.68924505756083e-09
2.1415917211740348e-08
2.435597875090663e-07
3.957200459770375e-06
9.185664462702047e-05
0.0030463188446284446

1.1657212774301806e-11
1.0825213990294135e-10
8.965975012359566e-10
6.623351836548455e-09
4.3639261708539386e-08
2.5644617803257636e-07
1.3441085221352536e-06
6.283356570019124e-06
2.6198012472008214e-05
9.742361728448915e-05
0.00032313159488775743
0.000955903089225945
0.0025221306130215207
0.005935270946208133
0.012457554408590064
0.02332084612141529
0.03893812917076903
0.05798626381244423
0.07701839075030117
0.09123952602704319
0.09640307088465715
0.0908485465802593
0.0763597269042522
0.05724400575281736
0.03827497664110898
0.022825437967295234
0.012140667689275117
0.005759506753171526
0.002436953706537158
0.0009196626183612863
0.00030954875118222546
9.292848264394586e-05
2.4882149954807008e-05
5.94218580617706e-06
1.265679714673703e-06
2.404477287139278e-07
4.074148042397121e-08
6.1570431922383375e-09
8.2990209698117e-10
9.977018812767146e-11
1.0697788014446563e-11
1.0230725959166062e-12
8.726461626381201e-14
6.6387938374840016e-15
4.504633357635293e-16
2.7261451925350356e-17
1.471491587386644e-18
7.084119070101324e-20
3.0418177394787513e-21
1.164929898652939e-22
3.97910741356809e-24
1.212246115725092e-25
3.293936381796565e-27
7.982866754739257e-29
1.7255272455588697e-30
3.3266263959227913e-32
5.72012480782789e-34
8.772557991453444e-36
1.1999585879900515e-37
1.4639476140034178e-39
1.5929571057072757e-41
1.5459729624985072e-43
1.3381936800398361e-45
1.0331308310895538e-47
7.113952109025877e-50
4.369037976655435e-52
2.3932053754847867e-54
1.1692123312257961e-56
5.0947874678738255e-59
1.9800585119522655e-61
6.86355698549419e-64
2.121972400529798e-66
5.851261201102024e-69
1.439058693704373e-71
3.156652657867032e-74
6.175816078372779e-77
1.0776585480862764e-79
1.6772093309259373e-82
2.3281589583366372e-85
2.882419954535005e-88
3.182886481959265e-91
3.134760106476784e-94
2.753637327217667e-97
2.1573888831095154e-100
1.5075419302915213e-103
9.395710601337804e-107
5.222868966507081e-110
2.5894521866066894e-113
1.1450538989163627e-116
4.516096681795629e-120
1.588619171267875e-123
4.984201999925096e-127
1.3947319137922077e-130
3.4810087033260377e-134
7.748876643277344e-138
1.5384792844845576e-141
2.7243558015331763e-145
4.3028406848614915e-149
6.061302716318606e-153
7.615456638096326e-157
