1.5489869445503999
0.21187674856208144
0.040109809289033946
0.008393248063355781
0.00191070957077771
0.0004733780222683615
0.0001275468599832497
3.728868554923306e-05
1.1792435137305567e-05
4.022013091982868e-06
1.4757357999389145e-06
5.814064834352927e-07
2.45620139604448e-07
1.1114535486018964e-07
5.381923300571291e-08
2.7850742710166246e-08
1.5375268072315206e-08
9.032696811693655e-09
5.628382117511956e-09
3.7045380502517895e-09
2.5633100470407435e-09
1.8552759779978795e-09
1.3969301433972705e-09
1.0887340501167105e-09
8.74002740884204e-10
7.199332716035584e-10
6.061187443518692e-10
5.199025145016834e-10
4.5311370231718497e-10
4.003335598646823e-10
3.5787822368094973e-10
3.2318538540516213e-10
2.9443497295476607e-10
2.7030891382234983e-10
2.4983556820167983e-10
2.3228688117451521e-10
2.1710906090052792e-10
2.0387500376652932e-10
1.9225109028471035e-10
1.8197364415310537e-10
1.728319959020763e-10
1.6465613025192166e-10
1.573075606492909e-10
1.50672506731166e-10
1.4465673609479216e-10
1.3918162323717286e-10
1.3418110866970046e-10
1.2959933081717487e-10
1.2538876576411153e-10
1.2150875394942418e-10
1.179243243066183e-10
1.1460524896419446e-10
1.115252780763954e-10
1.0866151643944811e-10
1.0599391250325592e-10
1.0350483708031554e-10
1.0117873409482386e-10
9.900182954190452e-11
9.696188775340364e-11
9.504800632029859e-11
9.32504427687516e-11
9.156046744973337e-11
8.997023817186652e-11
8.847269295164239e-11
8.706145792558609e-11
8.573076800400304e-11
8.447539827515489e-11
8.329060451470977e-11
8.217207143553573e-11
8.111586754089379e-11
8.011840563037495e-11
7.917640816078508e-11
7.828687679011098e-11
7.744706553685281e-11
7.66544570734699e-11
7.590674174472252e-11
7.52017989619233e-11
7.453768067464092e-11
7.391259666393055e-11
7.33249014370825e-11
7.277308253430529e-11
7.22557500836137e-11
7.177162746222826e-11
7.131954294163363e-11
7.089842220959857e-11
7.050728167635785e-11
7.01452224841473e-11
6.981142514966271e-11
6.950514477802839e-11
6.922570679471896e-11
6.897250314875076e-11
6.874498894649918e-11
6.854267948082567e-11
6.836514762492446e-11
6.821202156451203e-11
6.808298284576573e-11
6.79777647198347e-11
6.789615076786281e-11
6.783797379332686e-11
6.780311497115498e-11
6.77915032455917e-11
6.780311497115498e-11
6.783797379332686e-11
6.789615076786281e-11
6.79777647198347e-11
6.808298284576573e-11
6.821202156451203e-11
6.836514762492446e-11
6.854267948082567e-11
6.874498894649918e-11
6.897250314875076e-11
6.922570679471896e-11
6.950514477802839e-11
6.981142514966271e-11
7.01452224841473e-11
7.050728167635785e-11
7.089842220959857e-11
7.131954294163363e-11
7.177162746222826e-11
7.22557500836137e-11
7.277308253430529e-11
7.33249014370825e-11
7.391259666393055e-11
7.453768067464092e-11
7.52017989619233e-11
7.590674174472252e-11
7.66544570734699e-11
7.744706553685281e-11
7.828687679011098e-11
7.917640816078508e-11
8.011840563037495e-11
8.111586754089379e-11
8.217207143553573e-11
8.329060451470977e-11
8.447539827515489e-11
8.573076800400304e-11
8.706145792558609e-11
8.847269295164239e-11
8.997023817186652e-11
9.156046744973337e-11
9.32504427687516e-11
9.504800632029859e-11
9.696188775340364e-11
9.900182954190452e-11
1.0117873409482386e-10
1.0350483708031554e-10
1.0599391250325592e-10
1.0866151643944811e-10
1.115252780763954e-10
1.1460524896419446e-10
1.179243243066183e-10
1.2150875394942418e-10
1.2538876576411153e-10
1.2959933081717487e-10
1.3418110866970046e-10
1.3918162323717286e-10
1.4465673609479216e-10
1.50672506731166e-10
1.573075606492909e-10
1.6465613025192166e-10
1.728319959020763e-10
1.8197364415310537e-10
1.9225109028471035e-10
2.0387500376652932e-10
2.1710906090052792e-10
2.3228688117451521e-10
2.4983556820167983e-10
2.7030891382234983e-10
2.9443497295476607e-10
3.2318538540516213e-10
3.5787822368094973e-10
4.003335598646823e-10
4.5311370231718497e-10
5.199025145016834e-10
6.061187443518692e-10
7.199332716035584e-10
8.74002740884204e-10
1.0887340501167105e-09
1.3969301433972705e-09
1.8552759779978795e-09
2.5633100470407435e-09
3.7045380502517895e-09
5.628382117511956e-09
9.032696811693655e-09
1.5375268072315206e-08
2.7850742710166246e-08
5.381923300571291e-08
1.1114535486018964e-07
2.45620139604448e-07
5.814064834352927e-07
1.4757357999389145e-06
4.022013091982868e-06
1.1792435137305567e-05
3.728868554923306e-05
0.0001275468599832497
0.0004733780222683615
0.00191070957077771
0.008393248063355781
0.040109809289033946
0.21187674856208144

2.5804589113629342e-09
2.473382272337249e-07
1.3056028535454207e-05
0.00037953906983227004
0.006076135416572641
0.053570501949643266
0.2602214873668336
0.7080008066717961
1.2842653329509635
1.8930789884310246
1.2234346058461705
0.22557598401824058
0.01651537519844796
0.0009470359163451659
3.789556155196598e-05
8.566390483701035e-07
1.0716976823578545e-08
1.1329793356702116e-07
6.0705773318520896e-05
0.006833326235400052
0.16149076261650877
0.8012657596652804
0.8346777803737385
0.18254691139974924
0.008381919682685156
8.080269939598586e-05
1.6353910364464355e-07
6.949134626358566e-11
6.1994506415199165e-15
1.1611519522457476e-19
4.566024901533887e-25
3.769648561496826e-31
6.533965246877841e-38
2.377749756051218e-45
1.8166398649184125e-53
2.9139688412133954e-62
9.813283280022184e-72
6.938364908394453e-82
1.0299432764920576e-92
3.209836015601747e-104
2.1002246596303906e-116
2.8851077010363892e-129
8.320930064451447e-143
5.512692538940033e-157
3.2917436601321874e-167
1.2581606940221627e-176
2.648379521053089e-186
3.0700813258732683e-196
1.9599504429023432e-206
6.890739820529131e-217
1.3341730549650135e-227
1.4226040145050639e-238
8.353749455912869e-250
2.701496524520021e-261
4.811194694525381e-273
4.718750357924367e-285
2.5487463882778817e-297
7.5814416393564e-310
1.24e-322
0.0
0.0
0.0
0.0
0.0
0.0
0.0
0.0
0.0
0.0
0.0
0.0
0.0
0.0
0.0
0.0
0.0
0.0
0.0
0.0
0.0
0.0
0.0
0.0
0.0
0.0
0.0
0.0
0.0
0.0
0.0
0.0
0.0
0.0
0.0
0.0
0.0
0.0
0.0
0.0
0.0
