0.9075682851064443
0.15790116552574332
0.040392783369055656
0.011086002987137925
0.003329730242821445
0.0011618260465290837
0.0005024747300870151
0.0002738270447928056
0.0001791661745790051
0.00013177223479162096
0.00010394213385836367
8.566403694298959e-05
7.27435870582783e-05
6.314660186050196e-05
5.575935960100275e-05
4.991465136850793e-05
4.5187127659553446e-05
4.129235196280283e-05
3.803335978766661e-05
3.5269763050483466e-05
3.289903552342056e-05
3.084471185079059e-05
2.9048701620673886e-05
2.7466145900417596e-05
2.6061893366236416e-05
2.480803533677325e-05
2.3682149086350458e-05
2.2666024650347166e-05
2.174472780048765e-05
2.0905900704357792e-05
2.013923323272048e-05
1.94360585244191e-05
1.8789040213835414e-05
1.819192809432163e-05
1.7639365449589168e-05
1.7126735800107155e-05
1.6650040009219582e-05
1.6205796986044944e-05
1.579096288409535e-05
1.5402864912523457e-05
1.5039146778188194e-05
1.4697723450137365e-05
1.4376743445633273e-05
1.4074557222572603e-05
1.3789690558618675e-05
1.3520822025381798e-05
1.3266763843193639e-05
1.302644554066886e-05
1.2798899952413803e-05
1.2583251174716645e-05
1.2378704167947766e-05
1.2184535749588296e-05
1.2000086766246693e-05
1.1824755268989916e-05
1.1657990545562163e-05
1.1499287886955114e-05
1.1348183985394782e-05
1.1204252876959676e-05
1.1067102355403984e-05
1.0936370794853e-05
1.0811724328284433e-05
1.0692854336443655e-05
1.0579475208332731e-05
1.0471322339880201e-05
1.0368150342017122e-05
1.0269731433298936e-05
1.0175853995539432e-05
1.008632127375866e-05
1.0000950204170652e-05
9.91957035601412e-06
9.842022974814647e-06
9.768160116204802e-06
9.697843860756939e-06
9.630945601433392e-06
9.567345396256721e-06
9.506931379670479e-06
9.449599226817846e-06
9.395251665626361e-06
9.343798032165976e-06
9.295153865255533e-06
9.249240536739688e-06
9.205984914251923e-06
9.165319053627272e-06
9.1271799184363e-06
9.091509124385274e-06
9.05825270657052e-06
9.02736090779192e-06
8.99878798632433e-06
8.97249204171964e-06
8.948434857368574e-06
8.926581758692664e-06
8.906901485964408e-06
8.889366080870274e-06
8.87395078603715e-06
8.860633956840553e-06
8.849396984902812e-06
8.84022423277296e-06
8.83310297935832e-06
8.828023375751124e-06
8.824978411163348e-06
8.823963888749722e-06
8.824978411163348e-06
8.828023375751124e-06
8.83310297935832e-06
8.84022423277296e-06
8.849396984902812e-06
8.860633956840553e-06
8.87395078603715e-06
8.889366080870274e-06
8.906901485964408e-06
8.926581758692664e-06
8.948434857368574e-06
8.97249204171964e-06
8.99878798632433e-06
9.02736090779192e-06
9.05825270657052e-06
9.091509124385274e-06
9.1271799184363e-06
9.165319053627272e-06
9.205984914251923e-06
9.249240536739688e-06
9.295153865255533e-06
9.343798032165976e-06
9.395251665626361e-06
9.449599226817846e-06
9.506931379670479e-06
9.567345396256721e-06
9.630945601433392e-06
9.697843860756939e-06
9.768160116204802e-06
9.842022974814647e-06
9.91957035601412e-06
1.0000950204170652e-05
1.008632127375866e-05
1.0175853995539432e-05
1.0269731433298936e-05
1.0368150342017122e-05
1.0471322339880201e-05
1.0579475208332731e-05
1.0692854336443655e-05
1.0811724328284433e-05
1.0936370794853e-05
1.1067102355403984e-05
1.1204252876959676e-05
1.1348183985394782e-05
1.1499287886955114e-05
1.1657990545562163e-05
1.1824755268989916e-05
1.2000086766246693e-05
1.2184535749588296e-05
1.2378704167947766e-05
1.2583251174716645e-05
1.2798899952413803e-05
1.302644554066886e-05
1.3266763843193639e-05
1.3520822025381798e-05
1.3789690558618675e-05
1.4074557222572603e-05
1.4376743445633273e-05
1.4697723450137365e-05
1.5039146778188194e-05
1.5402864912523457e-05
1.579096288409535e-05
1.6205796986044944e-05
1.6650040009219582e-05
1.7126735800107155e-05
1.7639365449589168e-05
1.819192809432163e-05
1.8789040213835414e-05
1.94360585244191e-05
2.013923323272048e-05
2.0905900704357792e-05
2.174472780048765e-05
2.2666024650347166e-05
2.3682149086350458e-05
2.480803533677325e-05
2.6061893366236416e-05
2.7466145900417596e-05
2.9048701620673886e-05
3.084471185079059e-05
3.289903552342056e-05
3.5269763050483466e-05
3.803335978766661e-05
4.129235196280283e-05
4.5187127659553446e-05
4.991465136850793e-05
5.575935960100275e-05
6.314660186050196e-05
7.27435870582783e-05
8.566403694298959e-05
0.00010394213385836367
0.00013177223479162096
0.0001791661745790051
0.0002738270447928056
0.0005024747300870151
0.0011618260465290837
0.003329730242821445
0.011086002987137925
0.040392783369055656
0.15790116552574332

0.0004111750326513877
0.0014990680946027081
0.004557816685072806
0.01155668336493418
0.02443718123517162
0.044211006839873196
0.49006385235315436
2.1656523801978818
0.21046646632677518
0.06790842868534243
0.048229420943910674
0.028609846850896372
0.014153528629777045
0.005840853103383609
0.002023884031119574
0.0006783393259776255
0.0007017804773717139
0.0025550849211165446
0.00918516465970207
0.02701985842600536
0.06443322795515431
0.12450304660548228
0.19493262723091062
0.24729944152525807
0.2542118295077815
0.21173975037017076
0.14290356302617024
0.0781479765739256
0.03462792258998477
0.012432806035460368
0.003616978260310603
0.0008526222437082176
0.00016285512815464176
2.5204624902944398e-05
3.1607711926977887e-06
3.2117364337903924e-07
2.6443610896150803e-08
1.7641505231147922e-09
9.536401720599256e-11
4.177028677761202e-12
1.4824648213823323e-13
4.26319655044715e-15
9.933912610429065e-17
1.8755961577506906e-18
2.8694083222298434e-20
3.5569633689764716e-22
3.572732097438382e-24
2.90773973108414e-26
1.9175408716407762e-28
1.0246316066194955e-30
4.436340654881495e-33
1.5563814492748574e-35
4.424265940730696e-38
1.019061566963695e-40
1.901926113272323e-43
2.87621190578361e-46
3.524375211253415e-49
3.499269699510833e-52
2.815183538484766e-55
1.835143511063956e-58
9.693204392120584e-62
4.1485729219928945e-65
1.438679668621643e-68
4.0426254338355786e-72
9.204430476037512e-76
1.6981042907353374e-79
2.5384336540048742e-83
3.0746897099730935e-87
3.017663374319278e-91
2.3997959119160955e-95
1.5463644125452932e-99
8.073900697693985e-104
3.4157728383363446e-108
1.1709236499244157e-112
3.2523868375782935e-117
7.319978942392669e-122
1.3349084696209358e-126
1.972546115865724e-131
2.361765977099062e-136
2.2912927377356432e-141
1.8011849733929387e-146
1.1472817140028325e-151
5.9212834076372e-157
2.4762565900642744e-162
8.390917683207322e-168
2.3038664307051732e-173
5.125534402762369e-179
9.239639544008382e-185
1.349599550236117e-190
1.5973086397200578e-196
1.5318166175080446e-202
1.1903063001665072e-208
7.494535272918061e-215
3.823531773603533e-221
1.5805881406531934e-227
5.294278150378403e-234
1.4369074942458314e-240
3.1599840109886515e-247
5.630863251383668e-254
8.130160056704735e-261
