0.7494754302719927
0.05588956456656758
0.0063532422725021895
0.0009205141366640977
0.00016308198643892027
3.602953250118149e-05
1.0374263240669672e-05
3.993120699844442e-06
1.993981430701359e-06
1.206995013614353e-06
8.303852785917386e-07
6.212113737096039e-07
4.917983975245342e-07
4.0522846033923284e-07
3.438631730458706e-07
2.983931974639536e-07
2.6350698401299245e-07
2.3598085103703934e-07
2.137580692964693e-07
1.9547123852666246e-07
1.8017927431429637e-07
1.672151552851529e-07
1.5609397983868835e-07
1.4645538990652812e-07
1.380263601943717e-07
1.3059647416956902e-07
1.240010891303264e-07
1.1810961997267388e-07
1.1281722406795307e-07
1.0803879485169285e-07
1.0370455318456899e-07
9.975676405923767e-08
9.61472587090292e-08
9.283554165092975e-08
8.97873283063986e-08
8.69734035356651e-08
8.436872211229133e-08
8.195169354979681e-08
7.970360879512901e-08
7.76081771047331e-08
7.565114923417841e-08
7.38200087892069e-08
7.210371781104205e-08
7.049250582127531e-08
6.897769392519034e-08
6.755154737468753e-08
6.620715137151398e-08
6.493830595547041e-08
6.373943664872937e-08
6.260551817374872e-08
6.153200907100508e-08
6.051479544565926e-08
5.955014239317758e-08
5.8634651910971117e-08
5.776522631007484e-08
5.693903630837246e-08
5.6153493123059324e-08
5.540622399128487e-08
5.469505063919497e-08
5.401797029480288e-08
5.337313890233694e-08
5.275885624738636e-08
5.217355274524088e-08
5.16157776808562e-08
5.108418876362904e-08
5.0577542568338135e-08
5.009468642516285e-08
4.9634550691852756e-08
4.9196142037385697e-08
4.877853735081055e-08
4.838087825033395e-08
4.8002366126338616e-08
4.764225766035523e-08
4.729986076919077e-08
4.69745309296214e-08
4.6665667844430444e-08
4.637271241523744e-08
4.609514399162248e-08
4.583247786959083e-08
4.558426301551708e-08
4.535007999441963e-08
4.512953908379794e-08
4.492227855636053e-08
4.47279631168213e-08
4.4546282479577135e-08
4.4376950075529734e-08
4.421970187760387e-08
4.40742953356628e-08
4.3940508412548474e-08
4.381813871389583e-08
4.370700270519761e-08
4.3606935010345995e-08
4.351778778655455e-08
4.343943017118238e-08
4.337174779654807e-08
4.331464236934134e-08
4.326803131172277e-08
4.3231847461650916e-08
4.320603883039917e-08
4.319056841562352e-08
4.3185414068725744e-08
4.319056841562352e-08
4.320603883039917e-08
4.3231847461650916e-08
4.326803131172277e-08
4.331464236934134e-08
4.337174779654807e-08
4.343943017118238e-08
4.351778778655455e-08
4.3606935010345995e-08
4.370700270519761e-08
4.381813871389583e-08
4.3940508412548474e-08
4.40742953356628e-08
4.421970187760387e-08
4.4376950075529734e-08
4.4546282479577135e-08
4.47279631168213e-08
4.492227855636053e-08
4.512953908379794e-08
4.535007999441963e-08
4.558426301551708e-08
4.583247786959083e-08
4.609514399162248e-08
4.637271241523744e-08
4.6665667844430444e-08
4.69745309296214e-08
4.729986076919077e-08
4.764225766035523e-08
4.8002366126338616e-08
4.838087825033395e-08
4.877853735081055e-08
4.9196142037385697e-08
4.9634550691852756e-08
5.009468642516285e-08
5.0577542568338135e-08
5.108418876362904e-08
5.16157776808562e-08
5.217355274524088e-08
5.275885624738636e-08
5.337313890233694e-08
5.401797029480288e-08
5.469505063919497e-08
5.540622399128487e-08
5.6153493123059324e-08
5.693903630837246e-08
5.776522631007484e-08
5.8634651910971117e-08
5.955014239317758e-08
6.051479544565926e-08
6.153200907100508e-08
6.260551817374872e-08
6.373943664872937e-08
6.493830595547041e-08
6.620715137151398e-08
6.755154737468753e-08
6.897769392519034e-08
7.049250582127531e-08
7.210371781104205e-08
7.38200087892069e-08
7.565114923417841e-08
7.76081771047331e-08
7.970360879512901e-08
8.195169354979681e-08
8.436872211229133e-08
8.69734035356651e-08
8.97873283063986e-08
9.283554165092975e-08
9.61472587090292e-08
9.975676405923767e-08
1.0370455318456899e-07
1.0803879485169285e-07
1.1281722406795307e-07
1.1810961997267388e-07
1.240010891303264e-07
1.3059647416956902e-07
1.380263601943717e-07
1.4645538990652812e-07
1.5609397983868835e-07
1.672151552851529e-07
1.8017927431429637e-07
1.9547123852666246e-07
2.137580692964693e-07
2.3598085103703934e-07
2.6350698401299245e-07
2.983931974639536e-07
3.438631730458706e-07
4.0522846033923284e-07
4.917983975245342e-07
6.212113737096039e-07
8.303852785917386e-07
1.206995013614353e-06
1.993981430701359e-06
3.993120699844442e-06
1.0374263240669672e-05
3.602953250118149e-05
0.00016308198643892027
0.0009205141366640977
0.0063532422725021895
0.05588956456656758

1.9754900340369925e-06
1.0423797201242477e-05
4.850368873775795e-05
0.00019947390571650736
0.0007346475808082432
0.0025417794579386055
0.00895251097375277
0.03185429142963621
0.098213834621041
0.22614573909677865
0.36531134692045447
0.4207559531734283
0.38188230207228613
0.32369849625471425
0.28387010568862486
0.24516384900895452
0.1938637407075777
0.13824247269047438
0.10517098397137399
0.1437659495139413
0.2504699662460913
0.275930074172056
0.15901779835085972
0.04650233921365747
0.006945389875433467
0.0005679319057651602
3.712397061994206e-05
4.2274791158801396e-06
6.898696700520311e-07
1.0645459903106874e-07
1.4539935826979033e-08
1.7510240368698092e-09
1.8590977774160464e-10
1.740171267082332e-11
1.436022964461648e-12
1.0447452525177024e-13
6.700991348768251e-15
3.78919833543898e-16
1.8890143111179304e-17
8.302383459060412e-19
3.216991828473593e-20
1.0989470235052571e-21
3.3096585131712284e-23
8.787579048957461e-25
2.057003038051477e-26
4.2450249892984725e-28
7.723340799104144e-30
1.238824473049918e-31
1.751838164391473e-33
2.1840260802032519e-35
2.4004976578233733e-37
2.3260785833616772e-39
1.9871337906896023e-41
1.4966128299388318e-43
9.93736974428929e-46
5.817187523011091e-48
3.002163278277379e-50
1.3659511957724535e-52
5.479181496160001e-55
1.9376521746782813e-57
6.041093859297922e-60
1.6604850745341512e-62
4.023777879904323e-65
8.59632152964012e-68
1.6190897860381378e-70
2.688492595451706e-73
3.9357398672229714e-76
5.079530320044904e-79
5.779634271869716e-82
5.797714001711138e-85
5.127348631156455e-88
3.99768469739088e-91
2.7479185583968733e-94
1.6652475609093926e-97
8.896790929462406e-101
4.19051687032967e-104
1.7401289467757274e-107
6.370520231578766e-111
2.056117818592288e-114
5.8506042714941975e-118
1.4676857604986954e-121
3.24597422712836e-125
6.329023138232886e-129
1.0879474767631916e-132
1.6487651714354428e-136
2.202872239699288e-140
2.594773446475206e-144
2.6945683823079704e-148
2.466940096096226e-152
1.9911667327689052e-156
1.416890476864407e-160
8.888829269414444e-165
4.916233226022819e-169
2.3971765481050412e-173
1.0304980934648294e-177
3.905476191772937e-182
1.304909600501499e-186
3.8438504958625076e-191
9.982335882306679e-196
2.2854803911729403e-200
