0.5360364562394523
0.01439151316679571
0.0004899422557805335
2.11499644387153e-05
1.1577124128816062e-06
8.035584685205783e-08
7.082146988660476e-09
7.883903312269802e-10
1.1163198803122528e-10
2.0033807869672236e-11
4.5492181352921164e-12
1.3023448659530405e-12
4.652472727277507e-13
2.0335058981651683e-13
1.0566251811448133e-13
6.31366382353132e-14
4.20148489247516e-14
3.031836136220461e-14
2.3238833907889044e-14
1.8635839833035334e-14
1.54657236007299e-14
1.3178670671751678e-14
1.1465281461284557e-14
1.0141376177781029e-14
9.091920884436986e-15
8.24204707574618e-15
7.541267107272358e-15
6.954471771261656e-15
6.456583509886281e-15
6.029265006820371e-15
5.658827643678098e-15
5.334864284477188e-15
5.049332652915783e-15
4.795926689751078e-15
4.56963650235642e-15
4.366434574665926e-15
4.183048218634536e-15
4.01679201880607e-15
3.865442713727057e-15
3.7271445591823946e-15
3.600336896986876e-15
3.4836981119449533e-15
3.3761018299803395e-15
3.2765823623714134e-15
3.184307206599741e-15
3.098554985045059e-15
3.0186976120405086e-15
2.944185776653787e-15
2.874537046166973e-15
2.8093260563425755e-15
2.7481763749746376e-15
2.690753716012362e-15
2.63676025056896e-15
2.585929814021449e-15
2.538023849240555e-15
2.492827957735978e-15
2.4501489553488276e-15
2.4098123486931044e-15
2.371660164055513e-15
2.3355490728216995e-15
2.3013487674004852e-15
2.2689405495951846e-15
2.2382160998292323e-15
2.2090764008864776e-15
2.1814307941189523e-15
2.1551961495978153e-15
2.1302961345864557e-15
2.1066605671171975e-15
2.0842248434486396e-15
2.0629294298445146e-15
2.0427194105072035e-15
2.023544084667976e-15
2.0053566068208433e-15
1.988113664919184e-15
1.9717751920599177e-15
1.9563041077800325e-15
1.941666085602004e-15
1.9278293439023373e-15
1.9147644575528844e-15
1.902444188107454e-15
1.8908433305847017e-15
1.8799385751390468e-15
1.8697083821201474e-15
1.8601328692029176e-15
1.851193709428314e-15
1.8428740391333448e-15
1.8351583748700446e-15
1.828032538519649e-15
1.8214835899022715e-15
1.8154997662654986e-15
1.810070428109195e-15
1.8051860108696667e-15
1.800837982045257e-15
1.7970188033985043e-15
1.793721897917945e-15
1.790941621266275e-15
1.788673237481565e-15
1.786912898735068e-15
1.785657628983492e-15
1.7849053113857995e-15
1.7846546793851384e-15
1.7849053113857995e-15
1.785657628983492e-15
1.786912898735068e-15
1.788673237481565e-15
1.790941621266275e-15
1.793721897917945e-15
1.7970188033985043e-15
1.800837982045257e-15
1.8051860108696667e-15
1.810070428109195e-15
1.8154997662654986e-15
1.8214835899022715e-15
1.828032538519649e-15
1.8351583748700446e-15
1.8428740391333448e-15
1.851193709428314e-15
1.8601328692029176e-15
1.8697083821201474e-15
1.8799385751390468e-15
1.8908433305847017e-15
1.902444188107454e-15
1.9147644575528844e-15
1.9278293439023373e-15
1.941666085602004e-15
1.9563041077800325e-15
1.9717751920599177e-15
1.988113664919184e-15
2.0053566068208433e-15
2.023544084667976e-15
2.0427194105072035e-15
2.0629294298445146e-15
2.0842248434486396e-15
2.1066605671171975e-15
2.1302961345864557e-15
2.1551961495978153e-15
2.1814307941189523e-15
2.2090764008864776e-15
2.2382160998292323e-15
2.2689405495951846e-15
2.3013487674004852e-15
2.3355490728216995e-15
2.371660164055513e-15
2.4098123486931044e-15
2.4501489553488276e-15
2.492827957735978e-15
2.538023849240555e-15
2.585929814021449e-15
2.63676025056896e-15
2.690753716012362e-15
2.7481763749746376e-15
2.8093260563425755e-15
2.874537046166973e-15
2.944185776653787e-15
3.0186976120405086e-15
3.098554985045059e-15
3.184307206599741e-15
3.2765823623714134e-15
3.3761018299803395e-15
3.4836981119449533e-15
3.600336896986876e-15
3.7271445591823946e-15
3.865442713727057e-15
4.01679201880607e-15
4.183048218634536e-15
4.366434574665926e-15
4.56963650235642e-15
4.795926689751078e-15
5.049332652915783e-15
5.334864284477188e-15
5.658827643678098e-15
6.029265006820371e-15
6.456583509886281e-15
6.954471771261656e-15
7.541267107272358e-15
8.24204707574618e-15
9.091920884436986e-15
1.0141376177781029e-14
1.1465281461284557e-14
1.3178670671751678e-14
1.54657236007299e-14
1.8635839833035334e-14
2.3238833907889044e-14
3.031836136220461e-14
4.20148489247516e-14
6.31366382353132e-14
1.0566251811448133e-13
2.0335058981651683e-13
4.652472727277507e-13
1.3023448659530405e-12
4.5492181352921164e-12
2.0033807869672236e-11
1.1163198803122528e-10
7.883903312269802e-10
7.082146988660476e-09
8.035584685205783e-08
1.1577124128816062e-06
2.11499644387153e-05
0.0004899422557805335
0.01439151316679571

7.523685939715412e-14
1.6580743270785024e-12
3.0770488205615165e-11
4.808635234066602e-10
6.327998059272196e-09
7.012419614575676e-08
6.543747151069417e-07
5.142119670538917e-06
3.4026313949647233e-05
0.0001896027733392465
0.0008896752761500109
0.0035154053848110594
0.011697050395150795
0.032774370878937115
0.07733025145987915
0.15364609836857784
0.25706959064476975
0.3621903967567121
0.42971470113214527
0.4293194338259422
0.3611918478814365
0.2558894536283647
0.15265951905989958
0.07669242110349926
0.0324442741267807
0.01155794787850936
0.003467212475890715
0.0008758651314660365
0.00018631639536350643
3.33750530772512e-05
5.034425427631135e-06
6.39491704273197e-07
6.840328729086316e-08
6.161352940578729e-09
4.673392492776614e-10
2.985007877169989e-11
1.6055201555370732e-12
7.271819629102316e-14
2.77349565379008e-15
8.907768806911608e-17
2.4091699609113e-18
5.486848864438964e-20
1.0522904075154748e-21
1.6994378270151693e-23
2.311170607282018e-25
2.6467674562531682e-27
2.5524463478295326e-29
2.072786223631254e-31
1.4174555886837914e-33
8.162467464351635e-36
3.9581342593923877e-38
1.6162801342019669e-40
5.557760198316358e-43
1.6093111825185885e-45
3.9240750905042036e-48
8.057339166347182e-51
1.3931665442435898e-53
2.0284835197104318e-56
2.4871214105584365e-59
2.5679084964248773e-62
2.23264234705861e-65
1.6346163064871652e-68
1.0077888560897506e-71
5.232151755583726e-75
2.2874318703724756e-78
8.421182108659778e-82
2.6106881986854654e-85
6.815441720139442e-89
1.498269940418029e-92
2.773595857098024e-96
4.3236780599740485e-100
5.675714920922754e-104
6.274004903897608e-108
5.8401794195677635e-112
4.57788186017954e-116
3.021760414677334e-120
1.6796257726762542e-124
7.861801746134911e-129
3.0987654228915556e-133
1.0285191217511588e-137
2.874703745657156e-142
6.765982574375038e-147
1.3409905289953328e-151
2.238090283378623e-156
3.145477250236658e-161
3.7226529535887456e-166
3.710014513591793e-171
3.1135491222680045e-176
2.2003556908533077e-181
1.309444558724932e-186
6.562032776974294e-192
2.769151591067484e-197
9.840385717683287e-203
2.944656010901872e-208
7.4201736822641925e-214
1.5745288716424332e-219
2.8134826534633033e-225
4.2334546387319914e-231
5.364171261237151e-237
5.723575486801106e-243
