0.4987332962819952
0.11078908188303552
0.02608191040919002
0.006507222674113867
0.0017205439345219407
0.0004821139261525323
0.00014316845477680229
4.505661540854289e-05
1.5027364357068786e-05
5.311517398236712e-06
1.989583224946054e-06
7.897762684237379e-07
3.3221834096193006e-07
1.480730059686573e-07
6.991572943679586e-08
3.495890412885117e-08
1.8498937690251264e-08
1.0348959548965219e-08
6.111445007812157e-09
3.801611182767627e-09
2.4841463840057453e-09
1.6995443365748773e-09
1.2130785686983607e-09
8.99136355762824e-10
6.897718917503903e-10
5.45185327274922e-10
4.422934837421999e-10
3.67170277016057e-10
3.1089285548741447e-10
2.6777997358168295e-10
2.3408051367023954e-10
2.0725831519558467e-10
1.855604482792216e-10
1.67750299888519e-10
1.5293880389651885e-10
1.404754472059841e-10
1.2987646731143322e-10
1.2077665968130254e-10
1.1289646016650203e-10
1.0601908838763436e-10
9.997443051948807e-11
9.46275087962099e-11
8.987011974998519e-11
8.561469267237372e-11
8.178972453452136e-11
7.83363483872723e-11
7.520572643225701e-11
7.235704982066824e-11
6.975598956202454e-11
6.73734861941009e-11
6.51847962504996e-11
6.316873513385764e-11
6.130707147636446e-11
5.958403927862184e-11
5.7985942314502665e-11
5.6500831336953134e-11
5.511823911928277e-11
5.382896174170128e-11
5.262487708427433e-11
5.1498793430402265e-11
5.0444322574934065e-11
4.945577298139776e-11
4.85280594266998e-11
4.7656626270491716e-11
4.6837382035997515e-11
4.606664342375715e-11
4.5341087225366356e-11
4.4657708880549665e-11
4.4013786642812154e-11
4.3406850498024935e-11
4.2834655125528213e-11
4.229515630961399e-11
4.1786490305993226e-11
4.1306955747301446e-11
4.0854997737207094e-11
4.042919383690734e-11
4.002824169284127e-11
3.9650948092005113e-11
3.929621926267535e-11
3.8963052264722726e-11
3.865052733591715e-11
3.835780107939718e-11
3.808410039339185e-11
3.7828717057817375e-11
3.759100290391513e-11
3.737036550297898e-11
3.7166264318701556e-11
3.6978207274976514e-11
3.6805747697307764e-11
3.664848159145585e-11
3.650604522772035e-11
3.6378113003428086e-11
3.626439555986053e-11
3.616463813308703e-11
3.607861912104206e-11
3.600614885175018e-11
3.59470685399113e-11
3.5901249421155155e-11
3.586859205519312e-11
3.5849025790874257e-11
3.58425083878177e-11
3.5849025790874257e-11
3.586859205519312e-11
3.5901249421155155e-11
3.59470685399113e-11
3.600614885175018e-11
3.607861912104206e-11
3.616463813308703e-11
3.626439555986053e-11
3.6378113003428086e-11
3.650604522772035e-11
3.664848159145585e-11
3.6805747697307764e-11
3.6978207274976514e-11
3.7166264318701556e-11
3.737036550297898e-11
3.759100290391513e-11
3.7828717057817375e-11
3.808410039339185e-11
3.835780107939718e-11
3.865052733591715e-11
3.8963052264722726e-11
3.929621926267535e-11
3.9650948092005113e-11
4.002824169284127e-11
4.042919383690734e-11
4.0854997737207094e-11
4.1306955747301446e-11
4.1786490305993226e-11
4.229515630961399e-11
4.2834655125528213e-11
4.3406850498024935e-11
4.4013786642812154e-11
4.4657708880549665e-11
4.5341087225366356e-11
4.606664342375715e-11
4.6837382035997515e-11
4.7656626270491716e-11
4.85280594266998e-11
4.945577298139776e-11
5.0444322574934065e-11
5.1498793430402265e-11
5.262487708427433e-11
5.382896174170128e-11
5.511823911928277e-11
5.6500831336953134e-11
5.7985942314502665e-11
5.958403927862184e-11
6.130707147636446e-11
6.316873513385764e-11
6.51847962504996e-11
6.73734861941009e-11
6.975598956202454e-11
7.235704982066824e-11
7.520572643225701e-11
7.83363483872723e-11
8.178972453452136e-11
8.561469267237372e-11
8.987011974998519e-11
9.46275087962099e-11
9.997443051948807e-11
1.0601908838763436e-10
1.1289646016650203e-10
1.2077665968130254e-10
1.2987646731143322e-10
1.404754472059841e-10
1.5293880389651885e-10
1.67750299888519e-10
1.855604482792216e-10
2.0725831519558467e-10
2.3408051367023954e-10
2.6777997358168295e-10
3.1089285548741447e-10
3.67170277016057e-10
4.422934837421999e-10
5.45185327274922e-10
6.897718917503903e-10
8.99136355762824e-10
1.2130785686983607e-09
1.6995443365748773e-09
2.4841463840057453e-09
3.801611182767627e-09
6.111445007812157e-09
1.0348959548965219e-08
1.8498937690251264e-08
3.495890412885117e-08
6.991572943679586e-08
1.480730059686573e-07
3.3221834096193006e-07
7.897762684237379e-07
1.989583224946054e-06
5.311517398236712e-06
1.5027364357068786e-05
4.505661540854289e-05
0.00014316845477680229
0.0004821139261525323
0.0017205439345219407
0.006507222674113867
0.02608191040919002
0.11078908188303552

1.3229361401381734e-09
1.9332484062257061e-07
1.3987552023810245e-05
0.000501073047318037
0.008887214134999375
0.07804328118343905
0.33932094654651024
0.7304510089921833
0.7785325784046503
0.41083530931719303
0.10734059721785678
0.01388562800618001
0.0008893492014019403
2.8202290798155438e-05
4.427939997678254e-07
3.4421068051727475e-09
1.3248058298515545e-11
2.52455823457122e-14
2.3819016736097464e-17
1.1126729751196853e-20
2.573454678222048e-24
2.9469365304150087e-28
1.6708224976234018e-32
4.690240585395797e-37
6.518763125906752e-42
4.485806687210498e-47
1.5283442300320787e-52
2.5781434802763207e-58
2.1532688549551662e-64
8.904195938567671e-71
1.8230409809394343e-77
1.8480062201244573e-84
9.275038046099373e-92
2.3047999973205244e-99
2.835672449023401e-107
1.7273651624645054e-115
5.209757675865699e-124
7.779580227034231e-133
5.75175102230425e-142
2.105471013566438e-151
3.815959257151774e-161
3.424234237989037e-171
1.5213476762904806e-181
3.3465611074327e-192
3.6448051620081565e-203
1.965418996376731e-214
5.247364768758596e-226
6.93637612518691e-238
4.53972230959862e-250
1.4710628085064024e-262
2.360143541583198e-275
1.8747825061408816e-288
7.373414379801098e-302
1.43579245e-315
0.0
0.0
0.0
0.0
0.0
0.0
0.0
0.0
0.0
0.0
0.0
0.0
0.0
0.0
0.0
0.0
0.0
0.0
0.0
0.0
0.0
0.0
0.0
0.0
0.0
0.0
0.0
0.0
0.0
0.0
0.0
0.0
0.0
0.0
0.0
0.0
0.0
0.0
0.0
0.0
0.0
0.0
0.0
0.0
0.0
0.0
