1.836034798279671
0.05901370925797352
0.0032597216763111127
0.00030412135573157394
5.1010515009688996e-05
1.4613021221477662e-05
6.167791862034148e-06
3.361501522526004e-06
2.161091299348256e-06
1.546905563994091e-06
1.189451594741263e-06
9.609258855141848e-07
8.042718472185555e-07
6.910536789243549e-07
6.058052745760815e-07
5.395024548591551e-07
4.865698591355681e-07
4.4339657845945385e-07
4.0755012196329387e-07
3.77336484951711e-07
3.5154203064930125e-07
3.2927577753878763e-07
3.0986958695822904e-07
2.9281302381491133e-07
2.7770968087768714e-07
2.6424718480419204e-07
2.521761538508561e-07
2.412951507224363e-07
2.3143973561684413e-07
2.224743771376302e-07
2.1428638972876825e-07
2.0678133083047537e-07
1.998794646739261e-07
1.9351301581471392e-07
1.876240145228672e-07
1.821625907276056e-07
1.7708561145894876e-07
1.7235558388327067e-07
1.6793976555038843e-07
1.6380943766427977e-07
1.5993930762248508e-07
1.56307014814833e-07
1.5289271947693456e-07
1.4967875878285424e-07
1.4664935770755606e-07
1.4379038476098934e-07
1.4108914468617956e-07
1.3853420176543816e-07
1.3611522859657164e-07
1.338228761626766e-07
1.3164866178314806e-07
1.2958487214399914e-07
1.2762447909600213e-07
1.2576106630516925e-07
1.2398876516144523e-07
1.2230219861348983e-07
1.2069643181200677e-07
1.1916692862057772e-07
1.177095131987339e-07
1.163203359828791e-07
1.1499584349129426e-07
1.1373275146351059e-07
1.1252802091480786e-07
1.113788367458737e-07
1.1028258859768659e-07
1.0923685368403962e-07
1.0823938137008689e-07
1.0728807929592371e-07
1.0638100087037287e-07
1.0551633398255322e-07
1.0469239079804511e-07
1.0390759852303018e-07
1.031604910340783e-07
1.0244970128362301e-07
1.017739544018924e-07
1.0113206142538818e-07
1.0052291359012944e-07
9.994547713497257e-08
9.93987885665278e-08
9.888195035556846e-08
9.839412694704596e-08
9.793454125428632e-08
9.750247132649349e-08
9.709724737918337e-08
9.671824907417761e-08
9.636490304303148e-08
9.603668063473721e-08
9.573309587061686e-08
9.545370359117719e-08
9.519809778136983e-08
9.496591006220868e-08
9.475680833806098e-08
9.457049559017068e-08
9.440670880810553e-08
9.42652180518612e-08
9.414582563831392e-08
9.404836544660582e-08
9.397270233787845e-08
9.391873168555535e-08
9.388637901311675e-08
9.387559973702102e-08
9.388637901311675e-08
9.391873168555535e-08
9.397270233787845e-08
9.404836544660582e-08
9.414582563831392e-08
9.42652180518612e-08
9.440670880810553e-08
9.457049559017068e-08
9.475680833806098e-08
9.496591006220868e-08
9.519809778136983e-08
9.545370359117719e-08
9.573309587061686e-08
9.603668063473721e-08
9.636490304303148e-08
9.671824907417761e-08
9.709724737918337e-08
9.750247132649349e-08
9.793454125428632e-08
9.839412694704596e-08
9.888195035556846e-08
9.93987885665278e-08
9.994547713497257e-08
1.0052291359012944e-07
1.0113206142538818e-07
1.017739544018924e-07
1.0244970128362301e-07
1.031604910340783e-07
1.0390759852303018e-07
1.0469239079804511e-07
1.0551633398255322e-07
1.0638100087037287e-07
1.0728807929592371e-07
1.0823938137008689e-07
1.0923685368403962e-07
1.1028258859768659e-07
1.113788367458737e-07
1.1252802091480786e-07
1.1373275146351059e-07
1.1499584349129426e-07
1.163203359828791e-07
1.177095131987339e-07
1.1916692862057772e-07
1.2069643181200677e-07
1.2230219861348983e-07
1.2398876516144523e-07
1.2576106630516925e-07
1.2762447909600213e-07
1.2958487214399914e-07
1.3164866178314806e-07
1.338228761626766e-07
1.3611522859657164e-07
1.3853420176543816e-07
1.4108914468617956e-07
1.4379038476098934e-07
1.4664935770755606e-07
1.4967875878285424e-07
1.5289271947693456e-07
1.56307014814833e-07
1.5993930762248508e-07
1.6380943766427977e-07
1.6793976555038843e-07
1.7235558388327067e-07
1.7708561145894876e-07
1.821625907276056e-07
1.876240145228672e-07
1.9351301581471392e-07
1.998794646739261e-07
2.0678133083047537e-07
2.1428638972876825e-07
2.224743771376302e-07
2.3143973561684413e-07
2.412951507224363e-07
2.521761538508561e-07
2.6424718480419204e-07
2.7770968087768714e-07
2.9281302381491133e-07
3.0986958695822904e-07
3.2927577753878763e-07
3.5154203064930125e-07
3.77336484951711e-07
4.0755012196329387e-07
4.4339657845945385e-07
4.865698591355681e-07
5.395024548591551e-07
6.058052745760815e-07
6.910536789243549e-07
8.042718472185555e-07
9.609258855141848e-07
1.189451594741263e-06
1.546905563994091e-06
2.161091299348256e-06
3.361501522526004e-06
6.167791862034148e-06
1.4613021221477662e-05
5.1010515009688996e-05
0.00030412135573157394
0.0032597216763111127
0.05901370925797352

4.379035105014092e-06
1.635779516770881e-05
5.6276595364942975e-05
0.00017831487617500985
0.0005203601714690497
0.0013985475313550992
0.0034618411094740503
0.007892125758869394
0.016570844136158693
0.03205378842963328
0.05730025020700706
0.09673305116116429
0.16707052874996126
0.3251050665897741
0.643376139807023
1.024327425801954
1.1461075465330413
0.8912510639029696
0.537030847172795
0.3145430831180477
0.20815212511829764
0.20752654838012527
1.131905972831582
1.8668158005136684
0.3714496088297441
0.02368729063347969
0.008065082667241605
0.003538633200637633
0.0014325594801302465
0.000534129923500929
0.00018341627375287754
5.800768505951448e-05
1.689623391040277e-05
4.532637664008596e-06
1.1198730779346504e-06
2.548257529667777e-07
5.340409245124477e-08
1.0307716680457796e-08
1.8323444531092277e-09
2.999911712789932e-10
4.523416110310886e-11
6.2817596882049815e-12
8.03438811009067e-13
9.464136745546034e-14
1.0267528509079557e-14
1.025905927427965e-15
9.440736401774326e-17
8.00130665480478e-18
6.245578479546771e-19
4.4899461822965523e-20
2.972804241794057e-21
1.812792933123843e-22
1.0180914681553375e-23
5.266015188913604e-25
2.5086156531809998e-26
1.1006338343441918e-27
4.447421606144663e-29
1.6551236903792825e-30
5.672954747273936e-32
1.7907909647415958e-33
5.206395798448647e-35
1.3940751250627853e-36
3.4378892834645334e-38
7.808260706828908e-40
1.6333281065255663e-41
3.146656067041255e-43
5.5831825600653705e-45
9.123701999258899e-47
1.3731471056735322e-48
1.9033547963509824e-50
2.42984822276147e-52
2.856901412487324e-54
3.09362787087473e-56
3.0853014309614942e-58
2.8338955579458733e-60
2.3973243207346334e-62
1.8677831498918624e-64
1.3402407727998378e-66
8.857188952141134e-69
5.390954972030938e-71
3.021984344303718e-73
1.5601825880510137e-75
7.418487246890218e-78
3.248717837961827e-80
1.3102837127852187e-82
4.867157534523978e-85
1.6651071080852154e-87
5.246451437351572e-90
1.5224598584749561e-92
4.0689537664641126e-95
1.0015586143189516e-97
2.2705271377620384e-100
4.740604608917459e-103
9.115856558198212e-106
1.6144252524551797e-108
2.633268308214185e-111
3.955751428919274e-114
5.47292612385292e-117
6.973758264242714e-120
8.184099546981522e-123
