0.4276094576553059
0.005407331773896892
7.396959847945626e-05
1.094606529613889e-06
1.752255117402818e-08
5.593682275867458e-10
9.77026452621214e-12
1.7118018102042864e-13
3.025352609663297e-15
5.476616387164613e-17
1.055147517115027e-18
2.3386863454484598e-20
6.562204552906262e-22
2.381915682603706e-23
1.0323784134516539e-24
4.880668612686098e-26
2.393101907558915e-27
1.193327942245295e-28
6.0268327192452345e-30
3.0973039904875483e-31
1.6403036244176892e-32
9.149634065540068e-34
5.539600719503367e-35
3.748691888985393e-36
2.8724978254378895e-37
2.46635518641091e-38
2.3180208266230505e-39
2.337092375513338e-40
2.50459409514715e-41
2.8566085868612987e-42
3.4932808404252684e-43
4.618560699199112e-44
6.635998824269098e-45
1.0368528345141066e-45
1.757748056761497e-46
3.2246874527301893e-47
6.393017547474818e-48
1.3695703402334602e-48
3.172241063423019e-49
7.948248000455427e-50
2.1546917132175324e-50
6.319638901620396e-51
2.0051569979486506e-51
6.882017956263663e-52
2.5547881179885573e-52
1.0256219145931889e-52
4.45082482721338e-53
2.0862727830734218e-53
1.0566754725085978e-53
5.738927943028077e-54
3.348967142728801e-54
2.0866981490031297e-54
1.380700458160393e-54
9.641734317013249e-55
7.060386201251703e-55
5.387446365776424e-55
4.2581752475796176e-55
3.467739689954325e-55
2.8965128652298006e-55
2.4716711552988873e-55
2.1476389664292013e-55
1.8949511640515012e-55
1.6940154595762052e-55
1.5314650948204331e-55
1.3979638579952038e-55
1.2868492830877912e-55
1.193272841737449e-55
1.1136423543253298e-55
1.04525255995088e-55
9.860354354738095e-56
9.343883045126526e-56
8.890534553184647e-56
8.490324797289505e-56
8.135244102606452e-56
7.8188042465027715e-56
7.535702532493116e-56
7.281569664531566e-56
7.052778398991068e-56
6.846296807749951e-56
6.659574656410245e-56
6.490454625584597e-56
6.337102356317315e-56
6.1979508939577585e-56
6.071656244014289e-56
5.957061576686704e-56
5.853168217544409e-56
5.759112004452935e-56
5.674143919940037e-56
5.597614154990391e-56
5.528958946891077e-56
5.467689676031834e-56
5.4133838158979725e-56
5.365677415175649e-56
5.324258857007269e-56
5.288863692493508e-56
5.259270386901459e-56
5.235296850238805e-56
5.216797650819384e-56
5.203661832659401e-56
5.195811276164078e-56
5.193199557511666e-56
5.195811276164078e-56
5.203661832659401e-56
5.216797650819384e-56
5.235296850238805e-56
5.259270386901459e-56
5.288863692493508e-56
5.324258857007269e-56
5.365677415175649e-56
5.4133838158979725e-56
5.467689676031834e-56
5.528958946891077e-56
5.597614154990391e-56
5.674143919940037e-56
5.759112004452935e-56
5.853168217544409e-56
5.957061576686704e-56
6.071656244014289e-56
6.1979508939577585e-56
6.337102356317315e-56
6.490454625584597e-56
6.659574656410245e-56
6.846296807749951e-56
7.052778398991068e-56
7.281569664531566e-56
7.535702532493116e-56
7.8188042465027715e-56
8.135244102606452e-56
8.490324797289505e-56
8.890534553184647e-56
9.343883045126526e-56
9.860354354738095e-56
1.04525255995088e-55
1.1136423543253298e-55
1.193272841737449e-55
1.2868492830877912e-55
1.3979638579952038e-55
1.5314650948204331e-55
1.6940154595762052e-55
1.8949511640515012e-55
2.1476389664292013e-55
2.4716711552988873e-55
2.8965128652298006e-55
3.467739689954325e-55
4.2581752475796176e-55
5.387446365776424e-55
7.060386201251703e-55
9.641734317013249e-55
1.380700458160393e-54
2.0866981490031297e-54
3.348967142728801e-54
5.738927943028077e-54
1.0566754725085978e-53
2.0862727830734218e-53
4.45082482721338e-53
1.0256219145931889e-52
2.5547881179885573e-52
6.882017956263663e-52
2.0051569979486506e-51
6.319638901620396e-51
2.1546917132175324e-50
7.948248000455427e-50
3.172241063423019e-49
1.3695703402334602e-48
6.393017547474818e-48
3.2246874527301893e-47
1.757748056761497e-46
1.0368528345141066e-45
6.635998824269098e-45
4.618560699199112e-44
3.4932808404252684e-43
2.8566085868612987e-42
2.50459409514715e-41
2.337092375513338e-40
2.3180208266230505e-39
2.46635518641091e-38
2.8724978254378895e-37
3.748691888985393e-36
5.539600719503367e-35
9.149634065540068e-34
1.6403036244176892e-32
3.0973039904875483e-31
6.0268327192452345e-30
1.193327942245295e-28
2.393101907558915e-27
4.880668612686098e-26
1.0323784134516539e-24
2.381915682603706e-23
6.562204552906262e-22
2.3386863454484598e-20
1.055147517115027e-18
5.476616387164613e-17
3.025352609663297e-15
1.7118018102042864e-13
9.77026452621214e-12
5.593682275867458e-10
1.752255117402818e-08
1.094606529613889e-06
7.396959847945626e-05
0.005407331773896892

1.1471970665614551e-54
7.402214415800713e-50
2.841685896814755e-45
6.490546426989809e-41
8.820175519158598e-37
7.131222257589215e-33
3.4303741800511256e-29
9.81770086081215e-26
1.6717405374829566e-22
1.69363074870188e-19
1.0208439612357058e-16
3.660924531166801e-14
7.811113817910788e-12
9.91575834054974e-10
7.489100862577968e-08
3.365303237459284e-06
8.997244132386303e-05
0.0014311514149179905
0.013544171416095796
0.07626233121680688
0.2554809309056013
0.5092108877063909
0.6038480245498069
0.42603805829237545
0.17883804818331114
0.04466447401902907
0.006636747646435002
0.0005867311729994283
3.08612703570103e-05
9.657822367877536e-07
1.7981892848111135e-08
1.9919680825298317e-10
1.3128651595086108e-12
5.1481198520730134e-15
1.2010689858656293e-17
1.667162888744346e-20
1.3768254772738546e-23
6.76504252773467e-27
1.9776659959984704e-30
3.4397441402385373e-34
3.5595091243084627e-38
2.191517078526625e-42
8.027686174189285e-47
1.7495513391937524e-51
2.2685783006307003e-56
1.7501353387930502e-61
8.033046346089183e-67
2.1937123939647565e-72
3.564264155880714e-78
3.4454889008568736e-84
1.981630167939676e-90
6.780865546945818e-97
1.380506446331776e-103
1.6721780665584474e-110
1.2050841772844203e-117
5.167054278332047e-125
1.3181336318322391e-132
2.0006293526516023e-140
1.8066108307627114e-148
9.70629218532267e-157
3.10265073288735e-165
5.900695399172568e-174
6.676737179713168e-183
4.494859734961266e-192
1.800357633229407e-201
4.2903448643846265e-211
6.082980148604785e-221
5.131346872643651e-231
2.5753551345404e-241
7.690129540647217e-252
1.3662210219296125e-262
1.4441059232537558e-273
9.08171592389941e-285
3.3980327062367325e-296
7.564460756789815e-308
1.00187e-319
0.0
0.0
0.0
0.0
0.0
0.0
0.0
0.0
0.0
0.0
0.0
0.0
0.0
0.0
0.0
0.0
0.0
0.0
0.0
0.0
0.0
0.0
0.0
0.0
