0.6726497752722402
0.2851771756963381
0.1255941588501061
0.05745794404639901
0.027305538317547236
0.013479071464252009
0.0069112510624652615
0.0036804725952544444
0.00203534464608826
0.0011685807086763127
0.0006963226656395322
0.0004303935326639651
0.00027574398575659555
0.0001829393621446557
0.0001255247450511027
8.894403776146413e-05
6.496916249179567e-05
4.882593769969466e-05
3.767342860104019e-05
2.977948767965692e-05
2.4063038058753336e-05
1.983407271579418e-05
1.6642660185289216e-05
1.4189365327517772e-05
1.227100361342273e-05
1.074713806017644e-05
9.518992206025258e-06
8.51593525904939e-06
7.686668964769725e-06
6.993384601569478e-06
6.407827478116319e-06
5.908606006839218e-06
5.479325194208842e-06
5.107274184354016e-06
4.782491335529237e-06
4.49708996276877e-06
4.244766335537528e-06
4.020436644869229e-06
3.819966284049941e-06
3.6399659303367665e-06
3.4776364715348295e-06
3.3306500038197256e-06
3.1970577206699368e-06
3.0752180305964617e-06
2.963740023270362e-06
2.8614386769128355e-06
2.7672991180338662e-06
2.680447912653983e-06
2.6001298583081535e-06
2.525689108705823e-06
2.456553733212265e-06
2.3922230163211036e-06
2.3322569558520134e-06
2.2762675355729617e-06
2.2239114376253868e-06
2.1748839293257314e-06
2.128913712632791e-06
2.0857585665146626e-06
2.0452016453861634e-06
2.007048322792075e-06
1.971123490149677e-06
1.9372692368255864e-06
1.9053428510155743e-06
1.8752150915198576e-06
1.8467686890993e-06
1.8198970430783579e-06
1.7945030845547836e-06
1.7704982822397653e-06
1.7478017707867374e-06
1.7263395846318325e-06
1.706043982990305e-06
1.6868528538322896e-06
1.6687091864787041e-06
1.6515606039790154e-06
1.6353589477094366e-06
1.6200599077054329e-06
1.6056226931506998e-06
1.5920097382143393e-06
1.5791864390817966e-06
1.5671209185822692e-06
1.5557838152913828e-06
1.5451480943958147e-06
1.5351888779570574e-06
1.5258832925134682e-06
1.5172103322206348e-06
1.5091507359561187e-06
1.5016868770112728e-06
1.49480266416223e-06
1.4884834530673715e-06
1.482715967060033e-06
1.4774882265311556e-06
1.4727894861921065e-06
1.4686101796008934e-06
1.4649418704155402e-06
1.4617772099108693e-06
1.45910990036043e-06
1.45693466394474e-06
1.4552472169014705e-06
1.4540442486835092e-06
1.453323405937763e-06
1.453083281161809e-06
1.453323405937763e-06
1.4540442486835092e-06
1.4552472169014705e-06
1.45693466394474e-06
1.45910990036043e-06
1.4617772099108693e-06
1.4649418704155402e-06
1.4686101796008934e-06
1.4727894861921065e-06
1.4774882265311556e-06
1.482715967060033e-06
1.4884834530673715e-06
1.49480266416223e-06
1.5016868770112728e-06
1.5091507359561187e-06
1.5172103322206348e-06
1.5258832925134682e-06
1.5351888779570574e-06
1.5451480943958147e-06
1.5557838152913828e-06
1.5671209185822692e-06
1.5791864390817966e-06
1.5920097382143393e-06
1.6056226931506998e-06
1.6200599077054329e-06
1.6353589477094366e-06
1.6515606039790154e-06
1.6687091864787041e-06
1.6868528538322896e-06
1.706043982990305e-06
1.7263395846318325e-06
1.7478017707867374e-06
1.7704982822397653e-06
1.7945030845547836e-06
1.8198970430783579e-06
1.8467686890993e-06
1.8752150915198576e-06
1.9053428510155743e-06
1.9372692368255864e-06
1.971123490149677e-06
2.007048322792075e-06
2.0452016453861634e-06
2.0857585665146626e-06
2.128913712632791e-06
2.1748839293257314e-06
2.2239114376253868e-06
2.2762675355729617e-06
2.3322569558520134e-06
2.3922230163211036e-06
2.456553733212265e-06
2.525689108705823e-06
2.6001298583081535e-06
2.680447912653983e-06
2.7672991180338662e-06
2.8614386769128355e-06
2.963740023270362e-06
3.0752180305964617e-06
3.1970577206699368e-06
3.3306500038197256e-06
3.4776364715348295e-06
3.6399659303367665e-06
3.819966284049941e-06
4.020436644869229e-06
4.244766335537528e-06
4.49708996276877e-06
4.782491335529237e-06
5.107274184354016e-06
5.479325194208842e-06
5.908606006839218e-06
6.407827478116319e-06
6.993384601569478e-06
7.686668964769725e-06
8.51593525904939e-06
9.518992206025258e-06
1.074713806017644e-05
1.227100361342273e-05
1.4189365327517772e-05
1.6642660185289216e-05
1.983407271579418e-05
2.4063038058753336e-05
2.977948767965692e-05
3.767342860104019e-05
4.882593769969466e-05
6.496916249179567e-05
8.894403776146413e-05
0.0001255247450511027
0.0001829393621446557
0.00027574398575659555
0.0004303935326639651
0.0006963226656395322
0.0011685807086763127
0.00203534464608826
0.0036804725952544444
0.0069112510624652615
0.013479071464252009
0.027305538317547236
0.05745794404639901
0.1255941588501061
0.2851771756963381

5.6158154435980483e-05
0.0034540005863454367
0.07271013660631828
0.5238783943146399
1.2919002681925433
1.090411599014272
0.31500315981794186
0.031146003742499137
0.001054029403288746
1.220860645295361e-05
4.83996739660433e-08
6.567222814165711e-11
3.049889046018733e-14
4.8478514377252155e-18
2.637409330080323e-22
4.910986581791061e-27
3.129845720084559e-32
6.827160088920289e-38
5.09706552318105e-44
1.302456777148205e-50
1.1391197894642402e-57
3.40987490827123e-65
3.49357821702248e-73
1.2250828732682143e-81
1.4703591868087046e-90
6.040103545692063e-100
8.49235815566698e-110
4.086722917217265e-120
6.731084742020211e-131
3.79452917819046e-142
7.32139281513958e-154
4.8349556441966205e-166
1.0928341385050985e-178
8.454325913062906e-192
2.2385494468545533e-205
2.028697861669845e-219
6.292613019772574e-234
6.680479738228386e-249
2.427432997379791e-264
3.018907628730419e-280
1.2850362293275872e-296
1.8721640119e-313
0.0
0.0
0.0
0.0
0.0
0.0
0.0
0.0
0.0
0.0
0.0
0.0
0.0
0.0
0.0
0.0
0.0
0.0
0.0
0.0
0.0
0.0
0.0
0.0
0.0
0.0
0.0
0.0
0.0
0.0
0.0
0.0
0.0
0.0
0.0
0.0
0.0
0.0
0.0
0.0
0.0
0.0
0.0
0.0
0.0
0.0
0.0
0.0
0.0
0.0
0.0
0.0
0.0
0.0
0.0
0.0
0.0
0.0
