1.0552810319048591
0.03923822497936465
0.003556039585186667
0.0004429133931922136
6.922620782445276e-05
1.3562876673659262e-05
3.337443261832058e-06
1.0247970093713102e-06
3.869001743447468e-07
1.7574826207868985e-07
9.348407496679604e-08
5.6547497880931205e-08
3.7826503087443224e-08
2.7329522508565163e-08
2.093162373127654e-08
1.675744230287638e-08
1.387895680235579e-08
1.1802283191786076e-08
1.0247610498855326e-08
9.047649479379577e-09
8.097641938954998e-09
7.329310460269512e-09
6.696584914196063e-09
6.16742727047614e-09
5.71896182753366e-09
5.334471545965723e-09
5.001486987460978e-09
4.710536211736991e-09
4.454306428474431e-09
4.227069045292231e-09
4.024277295846241e-09
3.8422794320140275e-09
3.6781108493626214e-09
3.5293411106142092e-09
3.3939597887570873e-09
3.2702901815798503e-09
3.156923319723888e-09
3.0526669432984153e-09
2.9565056525287722e-09
2.867569493150303e-09
2.7851089750227717e-09
2.708475044952911e-09
2.6371029092725057e-09
2.570498873270482e-09
2.5082295635445668e-09
2.4499130465789473e-09
2.395211466840422e-09
2.3438249105697778e-09
2.2954862644271312e-09
2.2499568863859788e-09
2.2070229434887285e-09
2.1664922999960646e-09
2.1281918620846385e-09
2.091965303056038e-09
2.0576711071240144e-09
2.02518088108144e-09
1.994377892146296e-09
1.965155797530309e-09
1.937417537135473e-09
1.911074365549232e-09
1.8860450034012614e-09
1.8622548913375154e-09
1.839635532497274e-09
1.8181239115541257e-09
1.797661980187903e-09
1.7781962003596562e-09
1.7596771380205526e-09
1.7420591009420371e-09
1.7252998152440974e-09
1.7093601359499347e-09
1.6942037875320468e-09
1.6797971309558888e-09
1.666108954188538e-09
1.6531102835340505e-09
1.640774213495147e-09
1.6290757531512852e-09
1.6179916872934133e-09
1.6075004507718948e-09
1.5975820147012713e-09
1.5882177833280915e-09
1.5793905005094597e-09
1.5710841648733617e-09
1.5632839528397528e-09
1.5559761487760008e-09
1.5491480816434413e-09
1.5427880675650813e-09
1.5368853578092472e-09
1.531430091741327e-09
1.5264132543467654e-09
1.5218266379739196e-09
1.5176628079860479e-09
1.513915072048245e-09
1.510577452808048e-09
1.5076446637583e-09
1.5051120880980088e-09
1.5029757604318311e-09
1.5012323511717393e-09
1.4998791535257088e-09
1.4989140729781927e-09
1.4983356191859103e-09
1.4981429002303918e-09
1.4983356191859103e-09
1.4989140729781927e-09
1.4998791535257088e-09
1.5012323511717393e-09
1.5029757604318311e-09
1.5051120880980088e-09
1.5076446637583e-09
1.510577452808048e-09
1.513915072048245e-09
1.5176628079860479e-09
1.5218266379739196e-09
1.5264132543467654e-09
1.531430091741327e-09
1.5368853578092472e-09
1.5427880675650813e-09
1.5491480816434413e-09
1.5559761487760008e-09
1.5632839528397528e-09
1.5710841648733617e-09
1.5793905005094597e-09
1.5882177833280915e-09
1.5975820147012713e-09
1.6075004507718948e-09
1.6179916872934133e-09
1.6290757531512852e-09
1.640774213495147e-09
1.6531102835340505e-09
1.666108954188538e-09
1.6797971309558888e-09
1.6942037875320468e-09
1.7093601359499347e-09
1.7252998152440974e-09
1.7420591009420371e-09
1.7596771380205526e-09
1.7781962003596562e-09
1.797661980187903e-09
1.8181239115541257e-09
1.839635532497274e-09
1.8622548913375154e-09
1.8860450034012614e-09
1.911074365549232e-09
1.937417537135473e-09
1.965155797530309e-09
1.994377892146296e-09
2.02518088108144e-09
2.0576711071240144e-09
2.091965303056038e-09
2.1281918620846385e-09
2.1664922999960646e-09
2.2070229434887285e-09
2.2499568863859788e-09
2.2954862644271312e-09
2.3438249105697778e-09
2.395211466840422e-09
2.4499130465789473e-09
2.5082295635445668e-09
2.570498873270482e-09
2.6371029092725057e-09
2.708475044952911e-09
2.7851089750227717e-09
2.867569493150303e-09
2.9565056525287722e-09
3.0526669432984153e-09
3.156923319723888e-09
3.2702901815798503e-09
3.3939597887570873e-09
3.5293411106142092e-09
3.6781108493626214e-09
3.8422794320140275e-09
4.024277295846241e-09
4.227069045292231e-09
4.454306428474431e-09
4.710536211736991e-09
5.001486987460978e-09
5.334471545965723e-09
5.71896182753366e-09
6.16742727047614e-09
6.696584914196063e-09
7.329310460269512e-09
8.097641938954998e-09
9.047649479379577e-09
1.0247610498855326e-08
1.1802283191786076e-08
1.387895680235579e-08
1.675744230287638e-08
2.093162373127654e-08
2.7329522508565163e-08
3.7826503087443224e-08
5.6547497880931205e-08
9.348407496679604e-08
1.7574826207868985e-07
3.869001743447468e-07
1.0247970093713102e-06
3.337443261832058e-06
1.3562876673659262e-05
6.922620782445276e-05
0.0004429133931922136
0.003556039585186667
0.03923822497936465

6.598927673818019e-08
6.710552875314285e-07
5.625390762326895e-06
3.887375788311693e-05
0.00022144760591805778
0.0010399501989511479
0.004027559297395608
0.012895251721350571
0.03449851570820671
0.07919647261889046
0.15998495030592924
0.27607768759580004
0.37365437286028547
0.3716756351172458
0.27442835291608464
0.1651754392914105
0.09551825953530547
0.0684723473609733
0.07599277312987296
0.11143590775306349
0.16834104439357034
0.23836606924299425
0.3097203301030426
0.3678724332632075
0.3991737558856525
0.3956637771095901
0.35824933199521225
0.2963048241586888
0.22386501850394663
0.15449980056723744
0.09740108288881862
0.056091082533801045
0.029506522768789255
0.014178700132740005
0.00622370468316754
0.002495489292516812
0.0009140219362235121
0.0003058100129246288
9.346326701558032e-05
2.609302249628301e-05
6.654294137947045e-06
1.5501501745094565e-06
3.2986765066251585e-07
6.412093633771085e-08
1.1385553755138609e-08
1.8467267281934487e-09
2.736183918179515e-10
3.703242154596514e-11
4.5783934457789775e-12
5.170568371080159e-13
5.334056770561645e-14
5.026563302552001e-15
4.326919876373344e-16
3.4023636083749895e-17
2.4438625154514717e-18
1.6034927107563438e-19
9.610619523860408e-21
5.261746886801052e-22
2.6314958873405248e-23
1.2021803160721024e-24
5.0168452415015355e-26
1.9124318591526627e-27
6.659404727162357e-29
2.1182588251319038e-30
6.154840645752454e-32
1.6336114779293755e-33
3.960727041377667e-35
8.771931368375309e-37
1.7746377314631238e-38
3.279581072380023e-40
5.5363202726387093e-42
8.537254235504991e-44
1.2025673206858406e-45
1.5473720763133478e-47
1.8187553639180512e-49
1.9527560556912678e-51
1.9152076760136298e-53
1.7158445057577646e-55
1.4042167768353154e-57
1.0497468033035734e-59
7.168514011612741e-62
4.4716508939508244e-64
2.5480081729028895e-66
1.326257696736995e-68
6.3059306779802475e-71
2.73882725722226e-73
1.0866114196356675e-75
3.9380213172163177e-78
1.30369510493856e-80
3.942468039444094e-83
1.0890667578753745e-85
2.7481155979343425e-88
6.334460998170964e-91
1.3337625231339245e-93
2.5653198885013943e-96
4.507115842247167e-99
7.233526670928096e-102
1.0604632628012917e-104
1.4201536791740952e-107
1.7372776511829447e-110
