0.5676601832346592
0.2538575745093095
0.18013072115505624
0.13798523382433225
0.11101142077918721
0.09250351367626333
0.07910761222650967
0.06900142034497841
0.06112509800076698
0.05482568626457737
0.04968083002715663
0.04540586996023235
0.041802162958484615
0.038726938887182746
0.036074968962007084
0.03376699967564796
0.031742214893750245
0.029953180612241795
0.028362367811130468
0.026939706506959038
0.025660830514738574
0.02450579524317867
0.023458125982336507
0.022504101290773366
0.021632206368451933
0.020832711163625957
0.02009734124585294
0.01941901852099119
0.018791655122396264
0.01820998820889619
0.017669446531507007
0.017166041889900122
0.01669628024873606
0.016257088501081502
0.01584575377358449
0.015459872851114984
0.015097309817254477
0.014756160404156867
0.014434721851749542
0.014131467314435101
0.013845024039866502
0.013574154691202125
0.013317741300613853
0.01307477143457641
0.01284432622580669
0.012625569986614463
0.012417741166917174
0.012220144459618231
0.012032143888280956
0.011853156738482527
0.011682648216029396
0.011520126733248051
0.011365139739539105
0.011217270024862284
0.011076132435256989
0.010941370948260963
0.010812656063462222
0.010689682469645384
0.010572166955266592
0.010459846533470504
0.010352476756678199
0.010249830199033657
0.010151695087787179
0.010057874067089835
0.009968183079735075
0.009882450354162277
0.009800515485575255
0.009722228601361427
0.009647449602155325
0.009576047470897488
0.00950789964311884
0.009442891432448607
0.009380915506016576
0.009321871405010675
0.00926566510616965
0.009212208620447809
0.009161419625491982
0.009113221128927465
0.009067541159765657
0.009024312485526313
0.008983472352916608
0.008944962250131288
0.008908727689036305
0.008874718005675646
0.008842886177699927
0.00881318865745807
0.008785585219621878
0.008760038822329366
0.008736515480937578
0.008714984153571064
0.008695416637738863
0.008677787477372132
0.008662073879707279
0.00864825564150644
0.00863631508416909
0.008626236997346126
0.008618008590721829
0.008611619453679536
0.008607061522615176
0.008604329055708388
0.008603418615005135
0.008604329055708388
0.008607061522615176
0.008611619453679536
0.008618008590721829
0.008626236997346126
0.00863631508416909
0.00864825564150644
0.008662073879707279
0.008677787477372132
0.008695416637738863
0.008714984153571064
0.008736515480937578
0.008760038822329366
0.008785585219621878
0.00881318865745807
0.008842886177699927
0.008874718005675646
0.008908727689036305
0.008944962250131288
0.008983472352916608
0.009024312485526313
0.009067541159765657
0.009113221128927465
0.009161419625491982
0.009212208620447809
0.00926566510616965
0.009321871405010675
0.009380915506016576
0.009442891432448607
0.00950789964311884
0.009576047470897488
0.009647449602155325
0.009722228601361427
0.009800515485575255
0.009882450354162277
0.009968183079735075
0.010057874067089835
0.010151695087787179
0.010249830199033657
0.010352476756678199
0.010459846533470504
0.010572166955266592
0.010689682469645384
0.010812656063462222
0.010941370948260963
0.011076132435256989
0.011217270024862284
0.011365139739539105
0.011520126733248051
0.011682648216029396
0.011853156738482527
0.012032143888280956
0.012220144459618231
0.012417741166917174
0.012625569986614463
0.01284432622580669
0.01307477143457641
0.013317741300613853
0.013574154691202125
0.013845024039866502
0.014131467314435101
0.014434721851749542
0.014756160404156867
0.015097309817254477
0.015459872851114984
0.01584575377358449
0.016257088501081502
0.01669628024873606
0.017166041889900122
0.017669446531507007
0.01820998820889619
0.018791655122396264
0.01941901852099119
0.02009734124585294
0.020832711163625957
0.021632206368451933
0.022504101290773366
0.023458125982336507
0.02450579524317867
0.025660830514738574
0.026939706506959038
0.028362367811130468
0.029953180612241795
0.031742214893750245
0.03376699967564796
0.036074968962007084
0.038726938887182746
0.041802162958484615
0.04540586996023235
0.04968083002715663
0.05482568626457737
0.06112509800076698
0.06900142034497841
0.07910761222650967
0.09250351367626333
0.11101142077918721
0.13798523382433225
0.18013072115505624
0.2538575745093095

0.4166767517466347
0.49935509517255194
0.3616831099136732
0.307017398304493
0.23214573349356732
0.14780135996169788
0.07917126040383456
0.03568021882076211
0.01352876897857205
0.0043157857370605054
0.001158330405885164
0.00026157087182529786
4.981470296854469e-05
9.363350937983006e-06
1.4130840464830134e-05
9.525545018275132e-05
0.0005487547677140134
0.00250683135396665
0.009069968047039955
0.02599031775436078
0.058985119467729885
0.10602258208796587
0.15093130588500783
0.1701709101571038
0.15195547517821736
0.10746633139221183
0.06019404564902304
0.026702977039855504
0.009381901535215457
0.00261064066267055
0.0005753450288279064
0.00010042334219560614
1.3882446752844385e-05
1.5199258488302018e-06
1.3179648407746543e-07
9.051286000711329e-09
4.923135512758512e-10
2.120793246686772e-11
7.235689343676243e-13
1.9551790395098793e-14
4.184255465590693e-16
7.092100654680446e-18
9.520431411314027e-20
1.0121931774566182e-21
8.523053647153556e-24
5.683973934590237e-26
3.0021609562771134e-28
1.255859070663988e-30
4.160762054591287e-33
1.09176682317204e-35
2.268882182623857e-38
3.734384534578049e-41
4.868006687875002e-44
5.025836266389584e-47
4.1095147615987855e-50
2.6613242603736754e-53
1.3649919193663956e-56
5.544819422316074e-60
1.7838969912970353e-63
4.545453070079173e-67
9.172962596935082e-71
1.4661118580038851e-74
1.8558788792322753e-78
1.86061788619208e-82
1.4773717592612503e-86
9.290678541877843e-91
4.627326176977326e-95
1.825315042788876e-99
5.702569558649245e-104
1.4110044685809859e-108
2.7651024444337466e-113
4.291598673552685e-118
5.275358978163698e-123
5.135822110345345e-128
3.959979764262099e-133
2.4182489057396256e-138
1.1695911473555586e-143
4.480146176499795e-149
1.3591748670548133e-154
3.265754436745781e-160
6.214651148261469e-166
9.366450102712869e-172
1.1180425496363199e-177
1.0569797797170504e-183
7.914073252784764e-190
4.69308577242333e-196
2.2041541121916906e-202
8.198803181863366e-209
2.415371872604006e-215
5.635631493146143e-222
1.0414207089160974e-228
1.5241751295328855e-235
1.7667234413794412e-242
1.621912090555396e-249
1.179264134577439e-256
6.790783874961894e-264
3.097089575034127e-271
1.118697488839773e-278
3.2003435347826166e-286
7.251128052891578e-294
