1.4957412646192598
0.7171731730252999
0.39486029981610615
0.244610746433072
0.16671264548330456
0.12241268231207036
0.09515741295922003
0.07724584727198233
0.06481240200363968
0.05578219464108862
0.04897404720029751
0.0436800015512178
0.03945615422523295
0.03601294634608977
0.03315483063629026
0.03074565841651754
0.028688054780051923
0.02691070311488048
0.025360261714502827
0.02399608085919655
0.022786662633797007
0.021707234146474342
0.020738049344204677
0.019863178180155695
0.01906962837642634
0.018346698387083728
0.017685493821723634
0.017078561252752242
0.01651960753898568
0.016003282283211746
0.015525007476760921
0.01508084281713696
0.01466737828190827
0.014281647734679407
0.01392105891051195
0.01358333626767252
0.013266474027839752
0.012968697345408252
0.012688430008940333
0.012424267426662037
0.012174953913317096
0.011939363499261677
0.011716483640004403
0.011505401326853276
0.011305291195300583
0.0111154053034749
0.010935064313064586
0.010763649853072613
0.010600597885256116
0.010445392921165971
0.010297562965893608
0.0101566750841617
0.01002233150120253
0.009894166164687765
0.009771841705385793
0.009655046743683934
0.009543493496987937
0.009436915649589725
0.009335066452109554
0.009237717022258788
0.009144654822585408
0.00905568229418046
0.008970615628139783
0.008889283658974454
0.008811526866212572
0.008737196472190702
0.008666153625541073
0.008598268661179099
0.00853342042871672
0.008471495682197218
0.008412388524888521
0.008355999903603736
0.008302237147655184
0.008251013548104856
0.008202247973461694
0.008155864518403269
0.00811179218247517
0.008069964576052106
0.008030319651136738
0.007992799454830285
0.007957349903537761
0.007923920576173795
0.007892464524815672
0.00786293810141146
0.007835300799295043
0.007809515108388987
0.007785546383091948
0.007763362721951718
0.00774293485831915
0.007724236061263471
0.007707242046106987
0.0076919308940078136
0.0076782829800838845
0.007666280909630942
0.007655909462042017
0.007647155542086941
0.0076400081382578585
0.007634458287931493
0.007630499049141098
0.007628125478791319
0.007627334617187861
0.007628125478791319
0.007630499049141098
0.007634458287931493
0.0076400081382578585
0.007647155542086941
0.007655909462042017
0.007666280909630942
0.0076782829800838845
0.0076919308940078136
0.007707242046106987
0.007724236061263471
0.00774293485831915
0.007763362721951718
0.007785546383091948
0.007809515108388987
0.007835300799295043
0.00786293810141146
0.007892464524815672
0.007923920576173795
0.007957349903537761
0.007992799454830285
0.008030319651136738
0.008069964576052106
0.00811179218247517
0.008155864518403269
0.008202247973461694
0.008251013548104856
0.008302237147655184
0.008355999903603736
0.008412388524888521
0.008471495682197218
0.00853342042871672
0.008598268661179099
0.008666153625541073
0.008737196472190702
0.008811526866212572
0.008889283658974454
0.008970615628139783
0.00905568229418046
0.009144654822585408
0.009237717022258788
0.009335066452109554
0.009436915649589725
0.009543493496987937
0.009655046743683934
0.009771841705385793
0.009894166164687765
0.01002233150120253
0.0101566750841617
0.010297562965893608
0.010445392921165971
0.010600597885256116
0.010763649853072613
0.010935064313064586
0.0111154053034749
0.011305291195300583
0.011505401326853276
0.011716483640004403
0.011939363499261677
0.012174953913317096
0.012424267426662037
0.012688430008940333
0.012968697345408252
0.013266474027839752
0.01358333626767252
0.01392105891051195
0.014281647734679407
0.01466737828190827
0.01508084281713696
0.015525007476760921
0.016003282283211746
0.01651960753898568
0.017078561252752242
0.017685493821723634
0.018346698387083728
0.01906962837642634
0.019863178180155695
0.020738049344204677
0.021707234146474342
0.022786662633797007
0.02399608085919655
0.025360261714502827
0.02691070311488048
0.028688054780051923
0.03074565841651754
0.03315483063629026
0.03601294634608977
0.03945615422523295
0.0436800015512178
0.04897404720029751
0.05578219464108862
0.06481240200363968
0.07724584727198233
0.09515741295922003
0.12241268231207036
0.16671264548330456
0.244610746433072
0.39486029981610615
0.7171731730252999

0.37469654782253525
0.5658682223306843
0.9290568894226241
1.3270537413828598
1.4498308407698806
1.2525605702818434
0.8940865955014107
0.5020566715702593
0.20481193267538153
0.05809435351703913
0.011353238104364064
0.001556203179662813
0.00015951565773064788
1.4349934523333343e-05
1.4104972325937741e-06
1.5611729935771146e-07
1.6836381497282722e-08
1.6118263064886503e-09
1.3336678429040546e-10
9.48984276167695e-12
5.802979101029476e-13
3.0492420106936556e-14
1.3768261412851955e-15
5.342105619913684e-17
1.7811151102537263e-18
5.102907031423734e-20
1.2562887609253422e-21
2.6577090984543045e-23
4.831384060786018e-25
7.547130012201936e-27
1.013067192304452e-28
1.1685325681870976e-30
1.1582159500389683e-32
9.864712032595388e-35
7.219804418977781e-37
4.540593301553007e-39
2.453838214860051e-41
1.139529040553017e-43
4.547272910053079e-46
1.5592752740110047e-48
4.5945260156908376e-51
1.1633349830369253e-53
2.531133265192345e-56
4.732290375622035e-59
7.602806010132823e-62
1.049597007319669e-64
1.245137773545777e-67
1.2692827663193032e-70
1.1118482293794524e-73
8.369100525857543e-77
5.413251568485911e-80
3.0087339508586063e-83
1.4369958479193617e-86
5.89757388150083e-90
2.0798758748073285e-93
6.303004177407889e-97
1.6413602924309783e-100
3.6728771385198725e-104
7.062444199738271e-108
1.1669434436054673e-111
1.6568787858790932e-115
2.0215189501465988e-119
2.119390808905965e-123
1.909371459772078e-127
1.478141318733436e-131
9.833036194756292e-136
5.62089495050286e-140
2.7610193488614614e-144
1.165412258053945e-148
4.227035193974542e-153
1.3174626020625796e-157
3.5284736506432926e-162
8.120478326175365e-167
1.6059147786479268e-171
2.7290376566163934e-176
3.985132009424915e-181
5.000599191889295e-186
5.391970790433792e-191
4.9959624516432625e-196
3.977745112569083e-201
2.7214532999594764e-206
1.5999668038543872e-211
8.082900041772263e-217
3.508888713003099e-222
1.3089351524449392e-227
4.195781059954338e-233
1.1557227319966838e-238
2.7355247167533596e-244
5.563829094010494e-250
9.724181794940527e-256
1.4604224756488912e-261
1.8847341380213303e-267
2.0901037102768407e-273
1.9917357825064305e-279
1.6309542005272013e-285
1.1476195971438399e-291
6.939054464882197e-298
3.6053612536107862e-304
1.6096943816934e-310
6.175672e-317
