0.5579478001335705
0.20530412059967765
0.08058690876539899
0.033740593724926646
0.015065227079958995
0.007170758957262167
0.003635957979700529
0.001961713237429464
0.0011242096363693955
0.000682603288449962
0.0004377019144553116
0.00029522511210337924
0.00020851640849896014
0.00015348374586641778
0.00011717336802113799
9.23486709406028e-05
7.481853606852765e-05
6.207215172464686e-05
5.25570330403846e-05
4.528456211850813e-05
3.960773727921234e-05
3.5092264497445615e-05
3.143971990035597e-05
2.8440560669628338e-05
2.5944690232874018e-05
2.3842599865919466e-05
2.2053029110831937e-05
2.0514730931319763e-05
1.9180873982552406e-05
1.801517139606545e-05
1.6989160128548763e-05
1.608025992727709e-05
1.5270368884469362e-05
1.4544833775622774e-05
1.3891685806167768e-05
1.3301066765405115e-05
1.2764793458651669e-05
1.2276023720683437e-05
1.1828997864332967e-05
1.1418836722277052e-05
1.1041382556907601e-05
1.069307273821049e-05
1.0370838685225959e-05
1.0072024444120108e-05
9.794320646976264e-06
9.535710605869931e-06
9.294426047961453e-06
9.06891056038797e-06
8.857789239104714e-06
8.659843359596852e-06
8.473989135589979e-06
8.299259823466874e-06
8.134790578935467e-06
7.979805588845365e-06
7.83360709255086e-06
7.695565979585656e-06
7.5651137079625094e-06
7.441735333414225e-06
7.324963476851019e-06
7.2143730871452765e-06
7.109576880551623e-06
7.010221357781479e-06
6.915983315876778e-06
6.826566785274008e-06
6.741700333374173e-06
6.661134684978136e-06
6.58464061746129e-06
6.512007094827471e-06
6.443039610024708e-06
6.377558709306549e-06
6.3153986761291314e-06
6.256406355205252e-06
6.200440099989712e-06
6.147368829124689e-06
6.097071179295211e-06
6.04943474358652e-06
6.0043553858420286e-06
5.961736622729112e-06
5.921489066261065e-06
5.883529920422449e-06
5.847782526323496e-06
5.814175950984433e-06
5.782644615438618e-06
5.753127958355732e-06
5.72557013183482e-06
5.699919726409975e-06
5.67612952265714e-06
5.654156267095236e-06
5.6339604703443965e-06
5.6155062257432145e-06
5.5987610468398535e-06
5.583695722362158e-06
5.570284187442781e-06
5.558503410029283e-06
5.5483332915488685e-06
5.53975658102468e-06
5.53275880195737e-06
5.527328191393783e-06
5.52345565070509e-06
5.521134707691488e-06
5.520361489720418e-06
5.521134707691488e-06
5.52345565070509e-06
5.527328191393783e-06
5.53275880195737e-06
5.53975658102468e-06
5.5483332915488685e-06
5.558503410029283e-06
5.570284187442781e-06
5.583695722362158e-06
5.5987610468398535e-06
5.6155062257432145e-06
5.6339604703443965e-06
5.654156267095236e-06
5.67612952265714e-06
5.699919726409975e-06
5.72557013183482e-06
5.753127958355732e-06
5.782644615438618e-06
5.814175950984433e-06
5.847782526323496e-06
5.883529920422449e-06
5.921489066261065e-06
5.961736622729112e-06
6.0043553858420286e-06
6.04943474358652e-06
6.097071179295211e-06
6.147368829124689e-06
6.200440099989712e-06
6.256406355205252e-06
6.3153986761291314e-06
6.377558709306549e-06
6.443039610024708e-06
6.512007094827471e-06
6.58464061746129e-06
6.661134684978136e-06
6.741700333374173e-06
6.826566785274008e-06
6.915983315876778e-06
7.010221357781479e-06
7.109576880551623e-06
7.2143730871452765e-06
7.324963476851019e-06
7.441735333414225e-06
7.5651137079625094e-06
7.695565979585656e-06
7.83360709255086e-06
7.979805588845365e-06
8.134790578935467e-06
8.299259823466874e-06
8.473989135589979e-06
8.659843359596852e-06
8.857789239104714e-06
9.06891056038797e-06
9.294426047961453e-06
9.535710605869931e-06
9.794320646976264e-06
1.0072024444120108e-05
1.0370838685225959e-05
1.069307273821049e-05
1.1041382556907601e-05
1.1418836722277052e-05
1.1828997864332967e-05
1.2276023720683437e-05
1.2764793458651669e-05
1.3301066765405115e-05
1.3891685806167768e-05
1.4544833775622774e-05
1.5270368884469362e-05
1.608025992727709e-05
1.6989160128548763e-05
1.801517139606545e-05
1.9180873982552406e-05
2.0514730931319763e-05
2.2053029110831937e-05
2.3842599865919466e-05
2.5944690232874018e-05
2.8440560669628338e-05
3.143971990035597e-05
3.5092264497445615e-05
3.960773727921234e-05
4.528456211850813e-05
5.25570330403846e-05
6.207215172464686e-05
7.481853606852765e-05
9.23486709406028e-05
0.00011717336802113799
0.00015348374586641778
0.00020851640849896014
0.00029522511210337924
0.0004377019144553116
0.000682603288449962
0.0011242096363693955
0.001961713237429464
0.003635957979700529
0.007170758957262167
0.015065227079958995
0.033740593724926646
0.08058690876539899
0.20530412059967765

0.00023248482019825353
0.004258198199888863
0.04150024525207263
0.2152132347268052
0.5938555336762443
0.871939115840821
0.681216305658563
0.28318968423467206
0.06264167246566932
0.007372975320977795
0.0004617593910669336
1.5388001282512266e-05
2.728614681906814e-07
2.5745167994181634e-09
1.2925363605909302e-11
3.4528946576501266e-14
4.9081452806770723e-17
3.7123166259399475e-20
1.4940534410552e-23
3.199490127950169e-27
3.645767234716603e-31
2.2105005190007924e-35
7.131581103385354e-40
1.2242625101318753e-44
1.1182960636589136e-49
5.4354131722706235e-55
1.4057297934200433e-60
1.9344818399235858e-66
1.4165143724619645e-72
5.519132676005748e-79
1.1442323021339586e-85
1.2622666097818892e-92
7.409373795449527e-100
2.3142242313881123e-107
3.8461205189789798e-115
3.401213245419323e-123
1.600436160056351e-131
4.0071571016167133e-140
5.338606417998336e-149
3.784538779347028e-158
1.4275506820510124e-167
2.8652573328667687e-177
3.060055125165441e-187
1.7389551785427283e-197
5.258247778258967e-208
8.460328502992623e-219
7.243140782306649e-230
3.299591280319057e-241
7.998101083468188e-253
1.0315900644831718e-264
7.07979908828364e-277
2.5854029305341286e-289
5.023762048322926e-302
5.19425666e-315
0.0
0.0
0.0
0.0
0.0
0.0
0.0
0.0
0.0
0.0
0.0
0.0
0.0
0.0
0.0
0.0
0.0
0.0
0.0
0.0
0.0
0.0
0.0
0.0
0.0
0.0
0.0
0.0
0.0
0.0
0.0
0.0
0.0
0.0
0.0
0.0
0.0
0.0
0.0
0.0
0.0
0.0
0.0
0.0
0.0
0.0
