0.2955072810050287
0.009121799738030404
0.0002860642527760711
9.114182153131694e-06
2.7745881782051585e-09
1.3797684187645036e-10
6.86664161030734e-12
3.4182076684158956e-13
1.701739616599537e-14
8.472313098549718e-16
4.21809023435912e-17
2.1000589210454054e-18
1.0455569777735683e-19
5.205520290679926e-21
2.5916757048988914e-22
1.2903193130274956e-23
6.424121512116006e-25
3.1983817565137503e-26
1.5923805095779789e-27
7.927995726176921e-29
3.947116651975818e-30
1.9651536662185898e-31
9.783923995690923e-33
4.87112893129365e-34
2.425192293815436e-35
1.207432147861541e-36
6.011450714168335e-38
2.9929251013920755e-39
1.4900896906327154e-40
7.418719969983736e-42
3.693563421070967e-43
1.8389171810632e-44
9.155431873980947e-46
4.558223437305617e-47
2.2694081086190136e-48
1.1298740350022549e-49
5.625334057807933e-51
2.800711181096875e-52
1.3944140530255042e-53
6.942597370013377e-55
3.4567322746136186e-56
1.7212202395327048e-57
8.571576976824154e-59
4.269643290592024e-60
2.1278172041040814e-61
1.0614455441816982e-62
5.3051129228947334e-64
2.6615580457566513e-65
1.3452224259272856e-66
6.896720906277196e-68
3.6310908630669674e-69
2.0034092324283763e-70
1.1912308805244903e-71
7.85084332018612e-73
5.811055909685056e-74
4.777965996060452e-75
4.2462430185928996e-76
3.9642962434292836e-77
3.8068645883047908e-78
3.7115828410615827e-79
3.647399854723658e-80
3.598854916821869e-81
3.5582494528397376e-82
3.521749607281326e-83
3.4874459285738667e-84
3.4543874940613385e-85
3.422101267774622e-86
3.3903531798074836e-87
3.3590297704927787e-88
3.3280802057632493e-89
3.2974888954024344e-90
3.267264209922102e-91
3.2374365748469377e-92
3.2080633860653296e-93
3.1792407215403857e-94
3.1511238087704024e-95
3.123960338514433e-96
3.098143582626316e-97
3.074296555170377e-98
3.0534050963265515e-99
3.0370281883575296e-100
3.027630261239109e-101
3.029106219670553e-102
3.0476109585305787e-103
3.092869976922691e-104
3.1802501791706662e-105
3.334031933396233e-106
3.592579547510718e-107
4.016512303294469e-108
4.7016188702121e-109
5.799272007441252e-110
7.548706736042409e-111
1.032807194251525e-111
1.473520880217352e-112
2.171554088587929e-113
3.276471676582294e-114
5.025007240846316e-115
7.792240907501194e-116
2.4769468461727844e-118
1.9584949103212404e-117
6.02092830688735e-118
1.9584949103212404e-117
2.4769468461727844e-118
7.792240907501194e-116
5.025007240846316e-115
3.276471676582294e-114
2.171554088587929e-113
1.473520880217352e-112
1.032807194251525e-111
7.548706736042409e-111
5.799272007441252e-110
4.7016188702121e-109
4.016512303294469e-108
3.592579547510718e-107
3.334031933396233e-106
3.1802501791706662e-105
3.092869976922691e-104
3.0476109585305787e-103
3.029106219670553e-102
3.027630261239109e-101
3.0370281883575296e-100
3.0534050963265515e-99
3.074296555170377e-98
3.098143582626316e-97
3.123960338514433e-96
3.1511238087704024e-95
3.1792407215403857e-94
3.2080633860653296e-93
3.2374365748469377e-92
3.267264209922102e-91
3.2974888954024344e-90
3.3280802057632493e-89
3.3590297704927787e-88
3.3903531798074836e-87
3.422101267774622e-86
3.4543874940613385e-85
3.4874459285738667e-84
3.521749607281326e-83
3.5582494528397376e-82
3.598854916821869e-81
3.647399854723658e-80
3.7115828410615827e-79
3.8068645883047908e-78
3.9642962434292836e-77
4.2462430185928996e-76
4.777965996060452e-75
5.811055909685056e-74
7.85084332018612e-73
1.1912308805244903e-71
2.0034092324283763e-70
3.6310908630669674e-69
6.896720906277196e-68
1.3452224259272856e-66
2.6615580457566513e-65
5.3051129228947334e-64
1.0614455441816982e-62
2.1278172041040814e-61
4.269643290592024e-60
8.571576976824154e-59
1.7212202395327048e-57
3.4567322746136186e-56
6.942597370013377e-55
1.3944140530255042e-53
2.800711181096875e-52
5.625334057807933e-51
1.1298740350022549e-49
2.2694081086190136e-48
4.558223437305617e-47
9.155431873980947e-46
1.8389171810632e-44
3.693563421070967e-43
7.418719969983736e-42
1.4900896906327154e-40
2.9929251013920755e-39
6.011450714168335e-38
1.207432147861541e-36
2.425192293815436e-35
4.87112893129365e-34
9.783923995690923e-33
1.9651536662185898e-31
3.947116651975818e-30
7.927995726176921e-29
1.5923805095779789e-27
3.1983817565137503e-26
6.424121512116006e-25
1.2903193130274956e-23
2.5916757048988914e-22
5.205520290679926e-21
1.0455569777735683e-19
2.1000589210454054e-18
4.21809023435912e-17
8.472313098549718e-16
1.701739616599537e-14
3.4182076684158956e-13
6.86664161030734e-12
1.3797684187645036e-10
2.7745881782051585e-09
9.114182153131694e-06
0.0002860642527760711
0.009121799738030404

1.5120975516277429e-167
8.94543650787636e-149
4.0111213197397015e-131
1.3632408482516907e-114
3.511736461241711e-99
6.85667832703154e-85
1.0147245486575524e-71
1.1382170624178786e-59
9.677084847581118e-49
6.236006210972258e-39
3.045867886794659e-30
1.1276079209175477e-22
3.1640818289874407e-16
6.729453990332892e-11
1.0848120048307076e-06
0.001325475393621392
0.12275279511467876
0.8616554570793488
0.4584356982351775
0.01848697046043711
5.6506134485334955e-05
1.3090854115245322e-08
2.298703199367217e-13
3.0594287979006415e-19
3.0863155941236695e-26
2.3598415792581975e-34
1.367627728520052e-43
6.007523508015747e-54
2.00016393936613e-65
5.0475222298958485e-78
9.65458077173159e-92
1.3996876578016865e-106
1.538053274850374e-122
1.281014829309206e-139
8.086851508362215e-158
3.869432836629393e-177
1.4033231508160652e-197
3.8575414362676247e-219
8.03722344700779e-242
1.2692407824808117e-265
1.5192334940675886e-290
1.37831213e-316
0.0
0.0
0.0
0.0
0.0
0.0
0.0
0.0
0.0
0.0
0.0
0.0
0.0
0.0
0.0
0.0
0.0
0.0
0.0
0.0
0.0
0.0
0.0
0.0
0.0
0.0
0.0
0.0
0.0
0.0
0.0
0.0
0.0
0.0
0.0
0.0
0.0
0.0
0.0
0.0
0.0
0.0
0.0
0.0
0.0
0.0
0.0
0.0
0.0
0.0
0.0
0.0
0.0
0.0
0.0
0.0
0.0
0.0
