0.6514052034730703
0.008058593056447577
0.0001552133073007329
4.654363039963354e-06
2.1729491961596796e-07
1.579222986000902e-08
1.7851844172563768e-09
3.1141374489064217e-10
8.183720491581339e-11
3.062349650079243e-11
1.5055307825011793e-11
8.974665760665514e-12
6.090035378369973e-12
4.510295736595568e-12
3.5466410177033046e-12
2.909775933464571e-12
2.462565028804353e-12
2.133495666244488e-12
1.8822918520523574e-12
1.6848019074130044e-12
1.5257754216718574e-12
1.3951593323291432e-12
1.2860822582906315e-12
1.1937005974852318e-12
1.1145085904818006e-12
1.045909968167022e-12
9.85943127767077e-13
9.33099650881626e-13
8.862013658458255e-13
8.443151586727812e-13
8.066927323567845e-13
7.727272244516869e-13
7.419214464045869e-13
7.13864281247317e-13
6.882129036234273e-13
6.646792180928762e-13
6.430193960806155e-13
6.230257181152149e-13
6.045201513497268e-13
5.873492475425371e-13
5.713800560033036e-13
5.564968240247001e-13
5.425983136614805e-13
5.295956048622284e-13
5.174102853199226e-13
5.059729500309914e-13
4.952219505658354e-13
4.851023469588651e-13
4.755650249947656e-13
4.665659492724408e-13
4.580655283308586e-13
4.5002807273424966e-13
4.424213306430127e-13
4.352160882689612e-13
4.2838582490030506e-13
4.2190641401256853e-13
4.1575586345520026e-13
4.09914088895693e-13
4.0436271567203864e-13
3.9908490499569547e-13
3.9406520109637606e-13
3.8928939643470006e-13
3.847444125510456e-13
3.8041819448619426e-13
3.7629961701546936e-13
3.723784011941151e-13
3.6864503992658927e-13
3.650907314534575e-13
3.617073198025087e-13
3.58487241380344e-13
3.5542347699087374e-13
3.525095086611149e-13
3.4973928073500083e-13
3.4710716476478033e-13
3.446079277887833e-13
3.4223670363534593e-13
3.3998896693677507e-13
3.3786050957541386e-13
3.3584741931702716e-13
3.3394606041558463e-13
3.321530559987026e-13
3.304652720650225e-13
3.2887980294411724e-13
3.273939580864791e-13
3.260052500660952e-13
3.247113836913192e-13
3.2351024613144066e-13
3.2239989797673926e-13
3.2137856515906085e-13
3.2044463166821694e-13
3.1959663300692207e-13
3.188332503336488e-13
3.18153305248813e-13
3.175557551851691e-13
3.170396893682912e-13
3.166043253175947e-13
3.162490058625853e-13
3.159731966529554e-13
3.1577648414483294e-13
3.1565857404897163e-13
3.156192902299905e-13
3.1565857404897163e-13
3.1577648414483294e-13
3.159731966529554e-13
3.162490058625853e-13
3.166043253175947e-13
3.170396893682912e-13
3.175557551851691e-13
3.18153305248813e-13
3.188332503336488e-13
3.1959663300692207e-13
3.2044463166821694e-13
3.2137856515906085e-13
3.2239989797673926e-13
3.2351024613144066e-13
3.247113836913192e-13
3.260052500660952e-13
3.273939580864791e-13
3.2887980294411724e-13
3.304652720650225e-13
3.321530559987026e-13
3.3394606041558463e-13
3.3584741931702716e-13
3.3786050957541386e-13
3.3998896693677507e-13
3.4223670363534593e-13
3.446079277887833e-13
3.4710716476478033e-13
3.4973928073500083e-13
3.525095086611149e-13
3.5542347699087374e-13
3.58487241380344e-13
3.617073198025087e-13
3.650907314534575e-13
3.6864503992658927e-13
3.723784011941151e-13
3.7629961701546936e-13
3.8041819448619426e-13
3.847444125510456e-13
3.8928939643470006e-13
3.9406520109637606e-13
3.9908490499569547e-13
4.0436271567203864e-13
4.09914088895693e-13
4.1575586345520026e-13
4.2190641401256853e-13
4.2838582490030506e-13
4.352160882689612e-13
4.424213306430127e-13
4.5002807273424966e-13
4.580655283308586e-13
4.665659492724408e-13
4.755650249947656e-13
4.851023469588651e-13
4.952219505658354e-13
5.059729500309914e-13
5.174102853199226e-13
5.295956048622284e-13
5.425983136614805e-13
5.564968240247001e-13
5.713800560033036e-13
5.873492475425371e-13
6.045201513497268e-13
6.230257181152149e-13
6.430193960806155e-13
6.646792180928762e-13
6.882129036234273e-13
7.13864281247317e-13
7.419214464045869e-13
7.727272244516869e-13
8.066927323567845e-13
8.443151586727812e-13
8.862013658458255e-13
9.33099650881626e-13
9.85943127767077e-13
1.045909968167022e-12
1.1145085904818006e-12
1.1937005974852318e-12
1.2860822582906315e-12
1.3951593323291432e-12
1.5257754216718574e-12
1.6848019074130044e-12
1.8822918520523574e-12
2.133495666244488e-12
2.462565028804353e-12
2.909775933464571e-12
3.5466410177033046e-12
4.510295736595568e-12
6.090035378369973e-12
8.974665760665514e-12
1.5055307825011793e-11
3.062349650079243e-11
8.183720491581339e-11
3.1141374489064217e-10
1.7851844172563768e-09
1.579222986000902e-08
2.1729491961596796e-07
4.654363039963354e-06
0.0001552133073007329
0.008058593056447577

1.4140270356805257e-11
1.1086976937089883e-10
7.927408174184676e-10
5.1690643788822995e-09
3.0736563331816126e-08
1.6667149013713366e-07
8.241949976983057e-07
3.7167322443235615e-06
1.5284640254175853e-05
5.73207431789858e-05
0.00019603384064192388
0.0006113823960788735
0.0017388313263658956
0.004509876267877491
0.010666807139012295
0.02300736614439367
0.04525452492560193
0.08117452597500766
0.132782290911285
0.19807205090376295
0.2694442279515333
0.33425446373832296
0.3781361445100234
0.39010526607346463
0.3670101532544749
0.3148741370140674
0.24635339199360115
0.17576918844559397
0.11436406763177148
0.06785769210390585
0.036717340841669666
0.01811782256762062
0.008152736920541784
0.003345518991252356
0.0012519477838732465
0.0004272396758867749
0.00013295956425088932
3.7733773160842694e-05
9.765703413594416e-06
2.3048330441340658e-06
4.960643964597238e-07
9.736419762315728e-08
1.7427021436674175e-08
2.8445245519449066e-09
4.2340779860726025e-10
5.7473899486302343e-11
7.1145120678291185e-12
8.031232924104857e-13
8.267647807212705e-14
7.761476719123011e-15
6.644608469110075e-16
5.187487660643824e-17
3.693238914613987e-18
2.397840958200433e-19
1.4196980653617953e-20
7.665389929461734e-22
3.7742890587648766e-23
1.6947229448282264e-24
6.939447679365636e-26
2.5912764434821008e-27
8.823994593368171e-29
2.7401817191710436e-30
7.759900291815103e-32
2.0039900565410265e-33
4.719517802581013e-35
1.0135900532060473e-36
1.9851333993796797e-38
3.5455180254282533e-40
5.774738784042454e-42
8.577241444292454e-44
1.1617844832201705e-45
1.4350470925179435e-47
1.6164764411102721e-49
1.6604861245265042e-51
1.5554776211818487e-53
1.328785647736628e-55
1.0351629868595762e-57
7.354026431018131e-60
4.764356851920075e-62
2.8147901606197878e-64
1.516527921265455e-66
7.451049388246139e-69
3.3384672367863727e-71
1.3640787390074808e-73
5.082699175818396e-76
1.7270782614285278e-78
5.351706334026808e-81
1.5122903317592224e-83
3.897092571345262e-86
9.158174484329943e-89
1.9626359518121965e-91
3.835599307169999e-94
6.835800160801406e-97
1.1109848314589965e-99
1.6466054401910266e-102
2.2255307917413914e-105
2.7430916232354284e-108
3.083256568663578e-111
3.1603971530800088e-114
2.9541755771873817e-117
