0.3095284004113498
0.09880243081934054
0.03725993232640002
0.016447891653670662
0.008375639195212215
0.004826813000951627
0.0030822257278667656
0.0021369402214267883
0.0015803673346899173
0.0012289315926985438
0.0009937066834905996
0.0008284590123347208
0.0007076128592982948
0.0006162316294751461
0.000545169253764264
0.0004885890594980985
0.0004426292650094397
0.00040465255069705493
0.0003728069651242963
0.00034575970265457554
0.0003225304671886989
0.0003023841411156701
0.0002847598476528386
0.00026922296212482475
0.00025543195622516337
0.00024311504753770307
0.0002320534651563464
0.00022206926413420906
0.000213016321770664
0.00020477359508197106
0.00019724000882676728
0.00019033053530892002
0.00018397315620826126
0.0001781064848118262
0.00017267788807101336
0.00016764199077748713
0.00016295947462742627
0.0001585961068659379
0.00015452194914596822
0.0001507107089498032
0.00014713920461162855
0.00014378692148599587
0.00014063564172036642
0.00013766913383049246
0.00013487289114714384
0.00013223391042041963
0.00012974050359362694
0.00012738213711043463
0.0001251492941844141
0.00012303335630479815
0.00012102650092584219
0.00011912161282714463
0.000117312207067402
0.00011559236180643398
0.00011395665955699774
0.00011240013566221811
0.00011091823298678607
0.00010950676196860463
0.00010816186530874195
0.00010687998668652912
0.0001056578429774956
0.00010449239952786003
0.00010338084810311605
0.00010232058718202639
0.00010130920431274871
0.00010034446028634223
9.94242749156258e-05
9.854671423526814e-05
9.770997896284758e-05
9.691239408106918e-05
9.615239941890164e-05
9.542854112454015e-05
9.473946393617992e-05
9.408390416791018e-05
9.346068333786506e-05
9.286870237431717e-05
9.230693634285099e-05
9.177442964426523e-05
9.127029163855585e-05
9.079369265533363e-05
9.03438603554328e-05
8.992007641234537e-05
8.952167348554252e-05
8.914803246077888e-05
8.879857993516783e-05
8.84727859272109e-05
8.817016179410115e-05
8.789025834052974e-05
8.763266410493916e-05
8.73970038107057e-05
8.71829369711265e-05
8.699015663834394e-05
8.681838828748739e-05
8.666738882835759e-05
8.653694573794007e-05
8.64268763079196e-05
8.633702700219141e-05
8.626727292013382e-05
8.621751736212991e-05
8.618769149451511e-05
8.617775411178261e-05
8.618769149451511e-05
8.621751736212991e-05
8.626727292013382e-05
8.633702700219141e-05
8.64268763079196e-05
8.653694573794007e-05
8.666738882835759e-05
8.681838828748739e-05
8.699015663834394e-05
8.71829369711265e-05
8.73970038107057e-05
8.763266410493916e-05
8.789025834052974e-05
8.817016179410115e-05
8.84727859272109e-05
8.879857993516783e-05
8.914803246077888e-05
8.952167348554252e-05
8.992007641234537e-05
9.03438603554328e-05
9.079369265533363e-05
9.127029163855585e-05
9.177442964426523e-05
9.230693634285099e-05
9.286870237431717e-05
9.346068333786506e-05
9.408390416791018e-05
9.473946393617992e-05
9.542854112454015e-05
9.615239941890164e-05
9.691239408106918e-05
9.770997896284758e-05
9.854671423526814e-05
9.94242749156258e-05
0.00010034446028634223
0.00010130920431274871
0.00010232058718202639
0.00010338084810311605
0.00010449239952786003
0.0001056578429774956
0.00010687998668652912
0.00010816186530874195
0.00010950676196860463
0.00011091823298678607
0.00011240013566221811
0.00011395665955699774
0.00011559236180643398
0.000117312207067402
0.00011912161282714463
0.00012102650092584219
0.00012303335630479815
0.0001251492941844141
0.00012738213711043463
0.00012974050359362694
0.00013223391042041963
0.00013487289114714384
0.00013766913383049246
0.00014063564172036642
0.00014378692148599587
0.00014713920461162855
0.0001507107089498032
0.00015452194914596822
0.0001585961068659379
0.00016295947462742627
0.00016764199077748713
0.00017267788807101336
0.0001781064848118262
0.00018397315620826126
0.00019033053530892002
0.00019724000882676728
0.00020477359508197106
0.000213016321770664
0.00022206926413420906
0.0002320534651563464
0.00024311504753770307
0.00025543195622516337
0.00026922296212482475
0.0002847598476528386
0.0003023841411156701
0.0003225304671886989
0.00034575970265457554
0.0003728069651242963
0.00040465255069705493
0.0004426292650094397
0.0004885890594980985
0.000545169253764264
0.0006162316294751461
0.0007076128592982948
0.0008284590123347208
0.0009937066834905996
0.0012289315926985438
0.0015803673346899173
0.0021369402214267883
0.0030822257278667656
0.004826813000951627
0.008375639195212215
0.016447891653670662
0.03725993232640002
0.09880243081934054

0.004008865098059906
0.014740201299992655
0.04288915469476652
0.09875376425936808
0.17993760300613496
0.25944918011676643
0.2960361682329794
0.26730023816679904
0.19099236963260788
0.10799279667192392
0.04832097171225544
0.017109551683054343
0.004794062599839601
0.0010629941419254825
0.0001865177386975999
2.5898315169342486e-05
2.8456729244479404e-06
2.474346698112465e-07
1.7025435171209855e-08
9.270389697402949e-10
3.994476405920734e-11
1.3620210809200693e-12
3.675106243221405e-14
7.847260457831089e-16
1.3259536289018286e-17
1.7729672148207157e-19
1.876010104650464e-21
1.570839240036736e-23
1.0408554238866024e-25
5.457719076610664e-28
2.2646132573660626e-30
7.43599369813268e-33
1.932173318074387e-35
3.9729696536373373e-38
6.464672299916904e-41
8.324149702091634e-44
8.481942984855183e-47
6.839319864721316e-50
4.364078781924786e-53
2.20360804067281e-56
8.805179515887828e-60
2.784224050387551e-63
6.966782407771431e-67
1.379502247038515e-70
2.1615967454213987e-74
2.68033478858264e-78
2.6300591049124932e-82
2.0422272815482332e-86
1.2548873414984013e-90
6.101933962106276e-95
2.347969049397226e-99
7.14956028122697e-104
1.722774348039054e-108
3.285031668773158e-113
4.956930440849467e-118
5.918997934583666e-123
5.593010724379419e-128
4.1822040240368355e-133
2.4747246195727215e-138
1.1588057514472357e-143
4.293945273723921e-149
1.2591123041263999e-154
2.921692667344701e-160
5.3649625301355095e-166
7.795804786629321e-172
8.964319308874359e-178
8.157099873790747e-184
5.873761950634723e-190
3.347025363101098e-196
1.5092589674194141e-202
5.385556994861652e-209
1.5207561715637833e-215
3.398213404750007e-222
6.0090222156592014e-229
8.408510491488159e-236
9.311002237449488e-243
8.158980430456094e-250
5.657667907577441e-257
3.104567536502053e-264
1.3481147855050027e-271
4.6324925726418255e-279
1.2596929283716865e-286
2.7106706336897158e-294
4.615841741071461e-302
6.2199539496854e-310
6.63263e-318
0.0
0.0
0.0
0.0
0.0
0.0
0.0
0.0
0.0
0.0
0.0
0.0
0.0
0.0
