0.7673152110838745
0.18194767498822717
0.09120767042552554
0.05565821512712896
0.03819609952331222
0.028396940468881346
0.02233866340131051
0.018307081976009675
0.015466993708155952
0.013374779682990575
0.01177758555955028
0.010522621009467149
0.009512944177509045
0.008684466087099309
0.007993310142065252
0.007408524102240936
0.006907700496267215
0.006474247967592524
0.006095636407720479
0.005762236276113159
0.005466531565981503
0.005202574134366764
0.004965597752090119
0.004751740168213538
0.004557839672648935
0.004381283966799268
0.004219896365069131
0.004071849038752173
0.003935596119466875
0.0038098215723241487
0.0036933981822483593
0.0035853549929077957
0.003484851239447787
0.0033911553169460595
0.003303627688066195
0.003221706897358478
0.003144898054392862
0.0030727632929694526
0.003004913822700134
0.0029410032719384784
0.0028807220842377063
0.002823792779199038
0.0027699659263430874
0.0027190167101423923
0.002670741987552372
0.002624957757731634
0.0025814969782479986
0.0025402076737544286
0.002500951292521877
0.002463601273819104
0.0024280417953071046
0.00239416667465851
0.0023618784037468666
0.002331087297155124
0.0023017107395672744
0.002273672518943184
0.002246902234322871
0.0022213347687337947
0.0021969098190399577
0.0021735714757210567
0.0021512678465404967
0.0021299507188834387
0.002109575256244735
0.0020900997249420094
0.002071485247637928
0.0020536955806916774
0.0020366969127341766
0.0020204576821841328
0.002004948411700563
0.001990141557808413
0.0019760113741430522
0.001962533786941169
0.00194968628156405
0.001937447798977535
0.0019257986412340295
0.0019147203851081099
0.0019041958031305532
0.0018942087913477806
0.0018847443032061909
0.0018757882890249428
0.0018673276405775164
0.0018593501403528006
0.001851844415111282
0.0018447998933918764
0.0018382067666606846
0.0018320559538249088
0.0018263390688639063
0.0018210483913551842
0.0018161768396964724
0.0018117179468461267
0.0018076658384232776
0.0018040152130266343
0.0018007613246468226
0.0017978999670618396
0.0017954274601187574
0.0017933406378174044
0.0017916368381234843
0.0017903138944496307
0.0017893701287533322
0.0017888043462105767
0.001788615831433628
0.0017888043462105767
0.0017893701287533322
0.0017903138944496307
0.0017916368381234843
0.0017933406378174044
0.0017954274601187574
0.0017978999670618396
0.0018007613246468226
0.0018040152130266343
0.0018076658384232776
0.0018117179468461267
0.0018161768396964724
0.0018210483913551842
0.0018263390688639063
0.0018320559538249088
0.0018382067666606846
0.0018447998933918764
0.001851844415111282
0.0018593501403528006
0.0018673276405775164
0.0018757882890249428
0.0018847443032061909
0.0018942087913477806
0.0019041958031305532
0.0019147203851081099
0.0019257986412340295
0.001937447798977535
0.00194968628156405
0.001962533786941169
0.0019760113741430522
0.001990141557808413
0.002004948411700563
0.0020204576821841328
0.0020366969127341766
0.0020536955806916774
0.002071485247637928
0.0020900997249420094
0.002109575256244735
0.0021299507188834387
0.0021512678465404967
0.0021735714757210567
0.0021969098190399577
0.0022213347687337947
0.002246902234322871
0.002273672518943184
0.0023017107395672744
0.002331087297155124
0.0023618784037468666
0.00239416667465851
0.0024280417953071046
0.002463601273819104
0.002500951292521877
0.0025402076737544286
0.0025814969782479986
0.002624957757731634
0.002670741987552372
0.0027190167101423923
0.0027699659263430874
0.002823792779199038
0.0028807220842377063
0.0029410032719384784
0.003004913822700134
0.0030727632929694526
0.003144898054392862
0.003221706897358478
0.003303627688066195
0.0033911553169460595
0.003484851239447787
0.0035853549929077957
0.0036933981822483593
0.0038098215723241487
0.003935596119466875
0.004071849038752173
0.004219896365069131
0.004381283966799268
0.004557839672648935
0.004751740168213538
0.004965597752090119
0.005202574134366764
0.005466531565981503
0.005762236276113159
0.006095636407720479
0.006474247967592524
0.006907700496267215
0.007408524102240936
0.007993310142065252
0.008684466087099309
0.009512944177509045
0.010522621009467149
0.01177758555955028
0.013374779682990575
0.015466993708155952
0.018307081976009675
0.02233866340131051
0.028396940468881346
0.03819609952331222
0.05565821512712896
0.09120767042552554
0.18194767498822717

0.0870757687568424
0.1405766229681557
0.20168343388247192
0.25713943301102565
0.29134563340329506
0.293352974506987
0.262498039561576
0.20881023705283855
0.14810902485781044
0.09584931462925608
0.06401566324185867
0.05985335534011452
0.08030518964141338
0.10551274352135
0.109104504850016
0.08361502730978453
0.04680785243555539
0.019067548824705866
0.0056458364910169576
0.0012146905488025245
0.0001898756415266049
2.2206513740306983e-05
0.0007249291717312181
0.07261199672665297
0.6484040689585298
0.514922230385185
0.03636599540297803
0.00022840586004949632
1.2757833785746832e-07
6.3374549605918735e-12
3.5669502272896306e-17
3.5754832097363375e-19
1.4863486479901857e-20
5.493420034490135e-22
1.804352800512828e-23
5.2667472274168235e-25
1.3661704325056523e-26
3.1492607678281984e-28
6.45139593430041e-30
1.1744650606823162e-31
1.900062289789065e-33
2.7317245641841396e-35
3.490175850677358e-37
3.962771605677712e-39
3.998454034315467e-41
3.585308288337536e-43
2.8569473333631943e-45
2.0231090636246458e-47
1.2731444732154621e-49
7.119957715763207e-52
3.5384940673800316e-54
1.5627908549517774e-56
6.133728978340827e-59
2.139388396467147e-61
6.631259468752604e-64
1.8266012007072975e-66
4.471289483856036e-69
9.726647334694683e-72
1.880333498355119e-74
3.230337719850057e-77
4.931764226662807e-80
6.691107626247457e-83
8.06742723717851e-86
8.643973574998362e-89
8.230631084750385e-92
6.964567848335168e-95
5.237168452850321e-98
3.499775968514324e-101
2.078381549051776e-104
1.0968611234288012e-107
5.144217724496352e-111
2.1440177230589068e-114
7.941064666871801e-118
2.6137884002277356e-121
7.645457032286669e-125
1.9873657892261384e-128
4.5908541882311373e-132
9.424330781464552e-136
1.7192889603072832e-139
2.787331098182658e-143
4.015776906831701e-147
5.141524713514465e-151
5.849996542061218e-155
5.915080005103483e-159
5.3150452815587264e-163
4.244188327367618e-167
3.0117828528709073e-171
1.8993018801313456e-175
1.0644019755585848e-179
5.301010662164962e-184
2.3461350925134304e-188
9.227598406743953e-193
3.225267105371441e-197
1.0018069056976862e-201
2.765309126162214e-206
6.783357167423065e-211
1.4787236358293753e-215
2.8646441206876944e-220
4.9316888746342504e-225
7.5450478152061995e-230
