1.392099839931832
0.26545954364443897
0.0676971529017395
0.02333023868802601
0.010564471755129186
0.005904282955439708
0.003822122833555671
0.00273424528193677
0.0020954306148468042
0.0016860787764894293
0.0014057730476113445
0.0012037247488489648
0.0010520774224804473
0.0009345175688146542
0.0008409557381104162
0.0007648622062294394
0.0007018456188970937
0.0006488545012408322
0.0006037079691521408
0.0005648089150482435
0.0005309626127055296
0.0005012584853828728
0.00047499096041650707
0.0004516052160768414
0.0004306591937114882
0.0004117964863261525
0.00039472665327765005
0.00037921070195397996
0.00036505022686740606
0.00035207917854796026
0.0003401575507211409
0.00032916648536751656
0.0003190044386385899
0.00030958414949197214
0.000300830222095798
0.00029267718210506153
0.00028506790212240235
0.00027795231722196645
0.0002712863701794251
0.0002650311399630216
0.0002591521174524995
0.0002536186002149451
0.0002484031841532227
0.00024348133443732778
0.00023883102168165151
0.00023443241209759072
0.00023026760251957146
0.00022632039291337904
0.0002225760903334867
0.0002190213393798919
0.00021564397507480547
0.000212432894781294
0.00020937794635492434
0.00020646983018294293
0.000203700013144796
0.00020106065283950742
0.00019854453068269233
0.00019614499268914091
0.0001938558969342078
0.00019167156683525823
0.00018958674951842473
0.00018759657864017153
0.00018569654112108377
0.00018388244732367887
0.00018215040426916712
0.00018049679154181486
0.00017891823957542647
0.00017741161005571483
0.0001759739782060174
0.00017460261675280144
0.00017329498139240275
0.00017204869760206788
0.00017086154865709883
0.00016973146473218888
0.00016865651297920828
0.00016763488848607012
0.00016666490603212646
0.0001657449925650271
0.00016487368033230244
0.00016404960060826417
0.0001632714779632844
0.00016253812502822935
0.0001618484377118927
0.00016120139083376488
0.00016059603413848172
0.00016003148866186275
0.0001595069434216433
0.0001590216524088659
0.00015857493185847125
0.00015816615777994975
0.00015779476373101438
0.00015746023881916431
0.00015716212591774614
0.0001569000200847128
0.00015667356717374473
0.0001564824626287541
0.00015632645045405205
0.0001562053223536416
0.00015611891703421263
0.00015606711966747154
0.00015604986150845727
0.00015606711966747154
0.00015611891703421263
0.0001562053223536416
0.00015632645045405205
0.0001564824626287541
0.00015667356717374473
0.0001569000200847128
0.00015716212591774614
0.00015746023881916431
0.00015779476373101438
0.00015816615777994975
0.00015857493185847125
0.0001590216524088659
0.0001595069434216433
0.00016003148866186275
0.00016059603413848172
0.00016120139083376488
0.0001618484377118927
0.00016253812502822935
0.0001632714779632844
0.00016404960060826417
0.00016487368033230244
0.0001657449925650271
0.00016666490603212646
0.00016763488848607012
0.00016865651297920828
0.00016973146473218888
0.00017086154865709883
0.00017204869760206788
0.00017329498139240275
0.00017460261675280144
0.0001759739782060174
0.00017741161005571483
0.00017891823957542647
0.00018049679154181486
0.00018215040426916712
0.00018388244732367887
0.00018569654112108377
0.00018759657864017153
0.00018958674951842473
0.00019167156683525823
0.0001938558969342078
0.00019614499268914091
0.00019854453068269233
0.00020106065283950742
0.000203700013144796
0.00020646983018294293
0.00020937794635492434
0.000212432894781294
0.00021564397507480547
0.0002190213393798919
0.0002225760903334867
0.00022632039291337904
0.00023026760251957146
0.00023443241209759072
0.00023883102168165151
0.00024348133443732778
0.0002484031841532227
0.0002536186002149451
0.0002591521174524995
0.0002650311399630216
0.0002712863701794251
0.00027795231722196645
0.00028506790212240235
0.00029267718210506153
0.000300830222095798
0.00030958414949197214
0.0003190044386385899
0.00032916648536751656
0.0003401575507211409
0.00035207917854796026
0.00036505022686740606
0.00037921070195397996
0.00039472665327765005
0.0004117964863261525
0.0004306591937114882
0.0004516052160768414
0.00047499096041650707
0.0005012584853828728
0.0005309626127055296
0.0005648089150482435
0.0006037079691521408
0.0006488545012408322
0.0007018456188970937
0.0007648622062294394
0.0008409557381104162
0.0009345175688146542
0.0010520774224804473
0.0012037247488489648
0.0014057730476113445
0.0016860787764894293
0.0020954306148468042
0.00273424528193677
0.003822122833555671
0.005904282955439708
0.010564471755129186
0.02333023868802601
0.0676971529017395
0.26545954364443897

0.007417181947742638
0.01933114368622654
0.04584191647994593
0.0979565186851126
0.18688915938347014
0.31602072134760295
0.4712868946064567
0.6233965497689087
0.9584105860275365
1.685157159033957
0.9606254608866029
0.5404476399465552
0.3892531439973877
0.25925400525276976
0.15867115810659116
0.08963996671430513
0.0467746158015703
0.02248881120440355
0.00992372104106278
0.004003387293643457
0.0014718373734748974
0.0004920781099733115
0.0001494096752398568
4.1169709406859054e-05
1.0291316998487103e-05
2.3333669533673428e-06
4.798233544171711e-07
8.948551600949286e-08
1.5135338620506305e-08
2.3216556588400803e-09
3.229751892840105e-10
4.074797454661867e-11
4.66238732456508e-12
4.838114218047359e-13
4.553122398646383e-14
3.886046326626288e-15
3.0079600347997953e-16
2.111551068866794e-17
1.3443011093119051e-18
7.761701993693358e-20
4.064272429464572e-21
1.9300746105654793e-22
8.312484033425913e-24
3.2467809576793227e-25
1.150113221183535e-26
3.6948230254409156e-28
1.0764952716271103e-29
2.8444352461920256e-31
6.816248514740834e-33
1.4813586588341186e-34
2.9197150224142602e-36
5.218986195278728e-38
8.460524190321749e-40
1.2438666809794137e-41
1.6585013811869493e-43
2.0055028343156308e-45
2.19935919040369e-47
2.1874316132344267e-49
1.9730507040673123e-51
1.6140145572469834e-53
1.1974078156845816e-55
8.056421306452385e-58
4.9159526355398837e-60
2.7204368569235552e-62
1.3653218799077323e-64
6.214366885912402e-67
2.5652173525468564e-69
9.603220219149514e-72
3.2604312490918913e-74
1.0039189346003949e-76
2.8034168774330535e-79
7.099735370646176e-82
1.6306549724609734e-84
3.396623706819429e-87
6.416500515339049e-90
1.0992955507530744e-92
1.708032565303259e-95
2.4068180666551085e-98
3.0757838957141966e-101
3.564788878937099e-104
3.746944407167327e-107
3.571791706921545e-110
3.0878801754845644e-113
2.4210301265698602e-116
1.721493502349428e-119
1.1101355789555599e-122
6.492502046734539e-126
3.4436072101606854e-129
1.6564585062854024e-132
7.226249529380134e-136
2.858977822457711e-139
1.0258268416493957e-142
3.3381263455402875e-146
9.851376604810045e-150
2.636674463964413e-153
6.400023136990922e-157
1.4088735462351065e-160
2.8127292208654187e-164
5.092713854522178e-168
8.362498730030503e-172
