0.5257519890228893
0.01683554882394891
0.0005712741933370209
2.054153557075084e-05
7.826943144134173e-07
3.160256249290064e-08
1.6554029835903964e-09
8.257380748136196e-11
4.131265467958975e-12
2.077631052465509e-13
1.0551479486990234e-14
5.459338126114089e-16
2.922518733330516e-17
1.6580523202220041e-18
1.0273044095814557e-19
7.124630446446588e-21
5.555227923407534e-22
4.7817263926970534e-23
4.419911894175394e-24
4.287596927932786e-25
4.3087586853221643e-26
4.469417381860134e-27
4.801818029925667e-28
5.387289350345841e-29
6.376941217801603e-30
8.037724200004642e-31
1.0844145958811014e-31
1.5661521981809818e-32
2.4123761337795465e-33
3.944307196924203e-34
6.821743832182452e-35
1.246339473213711e-35
2.406531148836779e-36
4.917293404028315e-37
1.0645747622638154e-37
2.4436194261705325e-38
5.947535617311957e-39
1.534559604916401e-39
4.196157074905305e-40
1.215814330423892e-40
3.7326035576082353e-41
1.2142218813983282e-41
4.18546260192895e-42
1.5288229000092874e-42
5.9174771028672416e-43
2.4269843285969328e-43
1.0546702652804661e-43
4.855385515765213e-44
2.3673969359596403e-44
1.2219420675631117e-44
6.671385183271755e-45
3.847962461417071e-45
2.340570246102538e-45
1.4977871592017882e-45
1.0053435500971057e-45
7.054087463420064e-46
5.152028996880271e-46
3.902313725775306e-46
3.0525779452330663e-46
2.4563545743875545e-46
2.0261003249594838e-46
1.707485119519856e-46
1.4659904537023478e-46
1.2790831958341699e-46
1.1316873929365762e-46
1.0134841877821564e-46
9.172599472015527e-47
8.378720797323818e-47
7.715873509788836e-47
7.156497935875291e-47
6.679930806354562e-47
6.270455837425003e-47
5.915959976366911e-47
5.606992339680355e-47
5.336095296207104e-47
5.09732231929171e-47
4.885885886870285e-47
4.697897180091246e-47
4.530171421310835e-47
4.3800807209348e-47
4.2454417077015937e-47
4.124428903590647e-47
4.0155073502717654e-47
3.917379772707233e-47
3.8289448222421863e-47
3.7492638389333687e-47
3.677534220224226e-47
3.613067954588878e-47
3.5552742253986247e-47
3.5036452473675054e-47
3.457744690281633e-47
3.417198189836004e-47
3.3816855558040773e-47
3.350934372463941e-47
3.3247147517514624e-47
3.3028350508101497e-47
3.2851384060156635e-47
3.2714999678291327e-47
3.261824746988712e-47
3.256046004126151e-47
3.254124133099277e-47
3.256046004126151e-47
3.261824746988712e-47
3.2714999678291327e-47
3.2851384060156635e-47
3.3028350508101497e-47
3.3247147517514624e-47
3.350934372463941e-47
3.3816855558040773e-47
3.417198189836004e-47
3.457744690281633e-47
3.5036452473675054e-47
3.5552742253986247e-47
3.613067954588878e-47
3.677534220224226e-47
3.7492638389333687e-47
3.8289448222421863e-47
3.917379772707233e-47
4.0155073502717654e-47
4.124428903590647e-47
4.2454417077015937e-47
4.3800807209348e-47
4.530171421310835e-47
4.697897180091246e-47
4.885885886870285e-47
5.09732231929171e-47
5.336095296207104e-47
5.606992339680355e-47
5.915959976366911e-47
6.270455837425003e-47
6.679930806354562e-47
7.156497935875291e-47
7.715873509788836e-47
8.378720797323818e-47
9.172599472015527e-47
1.0134841877821564e-46
1.1316873929365762e-46
1.2790831958341699e-46
1.4659904537023478e-46
1.707485119519856e-46
2.0261003249594838e-46
2.4563545743875545e-46
3.0525779452330663e-46
3.902313725775306e-46
5.152028996880271e-46
7.054087463420064e-46
1.0053435500971057e-45
1.4977871592017882e-45
2.340570246102538e-45
3.847962461417071e-45
6.671385183271755e-45
1.2219420675631117e-44
2.3673969359596403e-44
4.855385515765213e-44
1.0546702652804661e-43
2.4269843285969328e-43
5.9174771028672416e-43
1.5288229000092874e-42
4.18546260192895e-42
1.2142218813983282e-41
3.7326035576082353e-41
1.215814330423892e-40
4.196157074905305e-40
1.534559604916401e-39
5.947535617311957e-39
2.4436194261705325e-38
1.0645747622638154e-37
4.917293404028315e-37
2.406531148836779e-36
1.246339473213711e-35
6.821743832182452e-35
3.944307196924203e-34
2.4123761337795465e-33
1.5661521981809818e-32
1.0844145958811014e-31
8.037724200004642e-31
6.376941217801603e-30
5.387289350345841e-29
4.801818029925667e-28
4.469417381860134e-27
4.3087586853221643e-26
4.287596927932786e-25
4.419911894175394e-24
4.7817263926970534e-23
5.555227923407534e-22
7.124630446446588e-21
1.0273044095814557e-19
1.6580523202220041e-18
2.922518733330516e-17
5.459338126114089e-16
1.0551479486990234e-14
2.077631052465509e-13
4.131265467958975e-12
8.257380748136196e-11
1.6554029835903964e-09
3.160256249290064e-08
7.826943144134173e-07
2.054153557075084e-05
0.0005712741933370209
0.01683554882394891

6.596951793436922e-46
8.312641681119131e-41
5.179886055124798e-36
1.5961979484219792e-31
2.4324206744530983e-27
1.833057210843719e-23
6.831227508736933e-20
1.2589453410662546e-16
1.1473618264624575e-13
5.1710568686061474e-11
1.1525071471942163e-08
1.2702620886175794e-06
6.923543765897536e-05
0.0018661602865037616
0.024874527511764773
0.16396310467068415
0.5344693711488617
0.8615587689252151
0.6868033231491584
0.2707480046269375
0.05278171985790926
0.0050884698540646384
0.0002425918857924517
5.719403423447273e-06
6.668230251109603e-08
3.8446414137536827e-10
1.0961916460929729e-12
1.5456193006336342e-15
1.077715111351786e-18
3.7161292312749025e-22
6.336698450883887e-26
5.343436693898323e-30
2.228248856661533e-34
4.595069793403382e-39
4.686039314823346e-44
2.3632253661867907e-49
5.8937233619891934e-55
7.268750312340128e-61
4.4331778046181614e-67
1.3370755448224529e-73
1.9942616461991746e-80
1.470935820846889e-87
5.365259193717101e-95
9.677720753015593e-103
8.632584966790058e-111
3.807974509918058e-119
8.306777914153041e-128
8.961001755464635e-137
4.780418530452979e-146
1.261132378346398e-155
1.6452838191572146e-165
1.0614666975627952e-175
3.3865486248680306e-186
5.34310432754071e-197
4.168841548317764e-208
1.608505383757395e-219
3.069128309194044e-231
2.8959627228902534e-243
1.3513140286004326e-255
3.118207411376949e-268
3.558271723391169e-281
2.007976451534374e-294
5.603553428423674e-308
7.76e-322
0.0
0.0
0.0
0.0
0.0
0.0
0.0
0.0
0.0
0.0
0.0
0.0
0.0
0.0
0.0
0.0
0.0
0.0
0.0
0.0
0.0
0.0
0.0
0.0
0.0
0.0
0.0
0.0
0.0
0.0
0.0
0.0
0.0
0.0
0.0
0.0
