0.6372546566330353
0.39671811950151054
0.2609822703025673
0.1805427675385046
0.130648104047909
0.09836909476103195
0.07666674700614831
0.06155673542018153
0.05070005744975746
0.042676113270263626
0.03659440568712589
0.031880155447554084
0.028152201232555536
0.025151400752925858
0.022697482077681474
0.0206623668452386
0.01895327846489697
0.017501804962428168
0.016256668472381518
0.015178851530110237
0.014238251989831283
0.013411348062065426
0.012679542596975235
0.012027971655691498
0.011444635343715197
0.010919755567067833
0.010445295748768652
0.010014597614602364
0.009622103613350764
0.00926314268268025
0.008933763369542377
0.00863060270390113
0.008350782320512042
0.008091825530961503
0.007851590638686368
0.007628216947066533
0.0074200807608170586
0.007225759310956153
0.00704400100454129
0.006873700755190592
0.006713879419819227
0.0065636665730823595
0.0064222860097262685
0.006289043488104553
0.006163316324134693
0.006044544520347878
0.005932223174203732
0.005825895957099129
0.005725149493223143
0.0056296084976753865
0.00553893155766615
0.005452807460382339
0.005370951987186158
0.005293105106956636
0.005219028512169584
0.005148503450197811
0.005081328809663075
0.005017319427772694
0.004956304589657027
0.004898126694973714
0.004842640070609268
0.004789709911308249
0.004739211332592363
0.004691028522475591
0.004645053980301894
0.004601187832582055
0.004559337217029759
0.004519415727130137
0.00448134291054645
0.004445043815507496
0.004410448580040048
0.004377492059534776
0.004346113488674803
0.004316256174225886
0.004287867215595977
0.004260897250428709
0.0042353002228070905
0.004211033171916971
0.0041880560392596146
0.004166331492713744
0.004145824765933465
0.004126503511732776
0.004108337668252898
0.0040912993368377925
0.004075362670657977
0.00406050377322517
0.004046700606031708
0.0040339329046306365
0.004022182102545964
0.004011431262468952
0.004001665014256262
0.003992869499300176
0.0039850323208907605
0.003978142500235088
0.003972190437840418
0.003967167880006734
0.003963067890209836
0.003959884825189795
0.003957614315591074
0.003956253251030728
0.0039557997694997845
0.003956253251030728
0.003957614315591074
0.003959884825189795
0.003963067890209836
0.003967167880006734
0.003972190437840418
0.003978142500235088
0.0039850323208907605
0.003992869499300176
0.004001665014256262
0.004011431262468952
0.004022182102545964
0.0040339329046306365
0.004046700606031708
0.00406050377322517
0.004075362670657977
0.0040912993368377925
0.004108337668252898
0.004126503511732776
0.004145824765933465
0.004166331492713744
0.0041880560392596146
0.004211033171916971
0.0042353002228070905
0.004260897250428709
0.004287867215595977
0.004316256174225886
0.004346113488674803
0.004377492059534776
0.004410448580040048
0.004445043815507496
0.00448134291054645
0.004519415727130137
0.004559337217029759
0.004601187832582055
0.004645053980301894
0.004691028522475591
0.004739211332592363
0.004789709911308249
0.004842640070609268
0.004898126694973714
0.004956304589657027
0.005017319427772694
0.005081328809663075
0.005148503450197811
0.005219028512169584
0.005293105106956636
0.005370951987186158
0.005452807460382339
0.00553893155766615
0.0056296084976753865
0.005725149493223143
0.005825895957099129
0.005932223174203732
0.006044544520347878
0.006163316324134693
0.006289043488104553
0.0064222860097262685
0.0065636665730823595
0.006713879419819227
0.006873700755190592
0.00704400100454129
0.007225759310956153
0.0074200807608170586
0.007628216947066533
0.007851590638686368
0.008091825530961503
0.008350782320512042
0.00863060270390113
0.008933763369542377
0.00926314268268025
0.009622103613350764
0.010014597614602364
0.010445295748768652
0.010919755567067833
0.011444635343715197
0.012027971655691498
0.012679542596975235
0.013411348062065426
0.014238251989831283
0.015178851530110237
0.016256668472381518
0.017501804962428168
0.01895327846489697
0.0206623668452386
0.022697482077681474
0.025151400752925858
0.028152201232555536
0.031880155447554084
0.03659440568712589
0.042676113270263626
0.05070005744975746
0.06155673542018153
0.07666674700614831
0.09836909476103195
0.130648104047909
0.1805427675385046
0.2609822703025673
0.39671811950151054

0.18428548627606994
0.5625604337014655
0.9527715679454388
0.8952615804626407
0.46671596821587547
0.13498854823158665
0.021661211712829
0.0019284577188209515
9.525308488635657e-05
2.610294641869101e-06
3.968638744927727e-08
3.3476123237008565e-10
1.5666439354637967e-12
4.067682056408748e-15
5.8595633154115495e-18
4.683009696235111e-21
2.0764736124126675e-24
5.108216904507169e-28
6.971942509647646e-32
5.279342263328407e-36
2.217927744694007e-40
5.1695950248979855e-45
6.685089187603368e-50
4.796223830057961e-55
1.909120026246309e-60
4.2160774272867226e-66
5.165655941058899e-72
3.5114293034467375e-78
1.324292548778449e-84
2.770929624337314e-91
3.216685563762483e-98
2.0717305874442984e-105
7.402859384222011e-113
1.4675985569602133e-120
1.614197260402066e-128
9.85025536580036e-137
3.334877819997376e-145
6.264031295842083e-154
6.527839446283793e-163
3.7742143685701134e-172
1.2106684279650284e-181
2.1545938909467324e-191
2.1273903514677403e-201
1.1653878882757132e-211
3.5418924456251214e-222
5.972302432406649e-233
5.587142763168538e-244
2.8998751425412034e-255
8.350459687549253e-267
1.3340835288219188e-278
1.1824892861894422e-290
5.8150434054471014e-303
1.586537204e-315
0.0
0.0
0.0
0.0
0.0
0.0
0.0
0.0
0.0
0.0
0.0
0.0
0.0
0.0
0.0
0.0
0.0
0.0
0.0
0.0
0.0
0.0
0.0
0.0
0.0
0.0
0.0
0.0
0.0
0.0
0.0
0.0
0.0
0.0
0.0
0.0
0.0
0.0
0.0
0.0
0.0
0.0
0.0
0.0
0.0
0.0
0.0
