0.31914742562421883
0.007864123760422427
0.0002269080833157555
7.666378004100203e-06
3.0329910254023025e-07
1.4050179749871337e-08
7.92169537497284e-10
4.9610924191325364e-11
3.6081907654340317e-12
3.1113516869922923e-13
3.180471483309502e-14
3.816402257721578e-15
5.346435386480129e-16
8.75033816013406e-17
1.6765806503543694e-17
3.7628969525789696e-18
9.88718115710814e-19
3.0377405979506367e-19
1.0885777937703092e-19
4.525827152190248e-20
2.162668277165763e-20
1.1715083249661402e-20
7.072067700403254e-21
4.671597392582118e-21
3.3187890028880003e-21
2.4977995242564083e-21
1.9672730309332946e-21
1.6058574170620572e-21
1.3485127384963034e-21
1.1583567728625952e-21
1.0134096110087587e-21
8.999878050954408e-22
8.092395998837237e-22
7.352422231035106e-22
6.739129826706354e-22
6.223625661964113e-22
5.784979465465133e-22
5.407711219482156e-22
5.080157661162367e-22
4.793383964645421e-22
4.540442363068016e-22
4.31585681177542e-22
4.1152581239607096e-22
3.935121264646626e-22
3.7725732657530475e-22
3.6252507785639687e-22
3.491193053142489e-22
3.368760562723966e-22
3.2565724368416855e-22
3.1534578579759474e-22
3.0584179424735134e-22
2.9705955767143595e-22
2.889251349169381e-22
2.81374419670325e-22
2.743515728157155e-22
2.678077439615625e-22
2.6170002209332625e-22
2.5599056908019357e-22
2.5064590009629903e-22
2.4563628283527626e-22
2.4093523336038247e-22
2.3651909101548487e-22
2.323666583696936e-22
2.2845889493309563e-22
2.247786555495908e-22
2.213104660842851e-22
2.1804033038153073e-22
2.1495556355430058e-22
2.1204464753603673e-22
2.0929710552827767e-22
2.067033925465431e-22
2.042547997304919e-22
2.019433704635651e-22
1.997618266588623e-22
1.97703503825015e-22
1.9576229373869372e-22
1.93932593727384e-22
1.9220926171377624e-22
1.9058757629682874e-22
1.8906320124854358e-22
1.8763215389318262e-22
1.8629077690984792e-22
1.8503571316233829e-22
1.8386388321383445e-22
1.8277246522979756e-22
1.8175887701175014e-22
1.808207599383894e-22
1.7995596461963166e-22
1.7916253809442315e-22
1.7843871242508128e-22
1.7778289456006145e-22
1.7719365735380246e-22
1.7666973164704966e-22
1.7620999932410145e-22
1.75813487275026e-22
1.7547936220128506e-22
1.752069262125688e-22
1.749956131711654e-22
1.7484498574800571e-22
1.7475473316177487e-22
1.7472466957928596e-22
1.7475473316177487e-22
1.7484498574800571e-22
1.749956131711654e-22
1.752069262125688e-22
1.7547936220128506e-22
1.75813487275026e-22
1.7620999932410145e-22
1.7666973164704966e-22
1.7719365735380246e-22
1.7778289456006145e-22
1.7843871242508128e-22
1.7916253809442315e-22
1.7995596461963166e-22
1.808207599383894e-22
1.8175887701175014e-22
1.8277246522979756e-22
1.8386388321383445e-22
1.8503571316233829e-22
1.8629077690984792e-22
1.8763215389318262e-22
1.8906320124854358e-22
1.9058757629682874e-22
1.9220926171377624e-22
1.93932593727384e-22
1.9576229373869372e-22
1.97703503825015e-22
1.997618266588623e-22
2.019433704635651e-22
2.042547997304919e-22
2.067033925465431e-22
2.0929710552827767e-22
2.1204464753603673e-22
2.1495556355430058e-22
2.1804033038153073e-22
2.213104660842851e-22
2.247786555495908e-22
2.2845889493309563e-22
2.323666583696936e-22
2.3651909101548487e-22
2.4093523336038247e-22
2.4563628283527626e-22
2.5064590009629903e-22
2.5599056908019357e-22
2.6170002209332625e-22
2.678077439615625e-22
2.743515728157155e-22
2.81374419670325e-22
2.889251349169381e-22
2.9705955767143595e-22
3.0584179424735134e-22
3.1534578579759474e-22
3.2565724368416855e-22
3.368760562723966e-22
3.491193053142489e-22
3.6252507785639687e-22
3.7725732657530475e-22
3.935121264646626e-22
4.1152581239607096e-22
4.31585681177542e-22
4.540442363068016e-22
4.793383964645421e-22
5.080157661162367e-22
5.407711219482156e-22
5.784979465465133e-22
6.223625661964113e-22
6.739129826706354e-22
7.352422231035106e-22
8.092395998837237e-22
8.999878050954408e-22
1.0134096110087587e-21
1.1583567728625952e-21
1.3485127384963034e-21
1.6058574170620572e-21
1.9672730309332946e-21
2.4977995242564083e-21
3.3187890028880003e-21
4.671597392582118e-21
7.072067700403254e-21
1.1715083249661402e-20
2.162668277165763e-20
4.525827152190248e-20
1.0885777937703092e-19
3.0377405979506367e-19
9.88718115710814e-19
3.7628969525789696e-18
1.6765806503543694e-17
8.75033816013406e-17
5.346435386480129e-16
3.816402257721578e-15
3.180471483309502e-14
3.1113516869922923e-13
3.6081907654340317e-12
4.9610924191325364e-11
7.92169537497284e-10
1.4050179749871337e-08
3.0329910254023025e-07
7.666378004100203e-06
0.0002269080833157555
0.007864123760422427

6.649814873333425e-21
7.401162157248796e-19
6.360370806120782e-17
4.22043390022218e-15
2.162339697627982e-13
8.554268770609027e-12
2.612967528632673e-10
6.1627888119853135e-09
1.1223096819628972e-07
1.5781209487467668e-06
1.7134049279573646e-05
0.00014363884018331056
0.0009297708351085378
0.004646993874202191
0.01793330901908889
0.053436858148519506
0.12294575845347047
0.21841292583698615
0.2995954919569277
0.3173104413228312
0.25949297394451826
0.16385473462193986
0.07988854985813537
0.030074764285229906
0.008742025678478484
0.001962068090579137
0.0003400229439327033
4.549823220880034e-05
4.7008129868419154e-06
3.7501062825021154e-07
2.3099699489911328e-08
1.0986547435847096e-09
4.03467253184879e-11
1.1440565698515224e-12
2.5048334747096515e-14
4.234502260877118e-16
5.527363558407e-18
5.570906174804612e-20
4.335366412722095e-22
2.605061164431259e-24
1.2086545515252123e-26
4.329907418687142e-29
1.1976976030366354e-31
2.5580433600489347e-34
4.218526429555846e-37
5.371626384778039e-40
5.281325972502656e-43
4.0093345862128685e-46
2.3501402387162594e-49
1.0636712182615615e-52
3.7171765493350897e-56
1.003023528756268e-59
2.0897830589592946e-63
3.361889532873018e-67
4.175974376191846e-71
4.0052014311469734e-75
2.966081304846829e-79
1.6960314129010647e-83
7.48819048198275e-88
2.5527719914512335e-92
6.719536548537146e-97
1.3657108700359361e-101
2.1432378137197018e-106
2.597012926733594e-111
2.4297971090905054e-116
1.7553271169459459e-121
9.79125281444848e-127
4.217068136443083e-132
1.4024103981295359e-137
3.601071791143947e-143
7.139710252029518e-149
1.0930034844129972e-154
1.2919766268661698e-160
1.1791794955028954e-166
8.309929357861475e-173
4.5217536352505786e-179
1.8998031886891153e-185
6.163146334144142e-192
1.5437909761969307e-198
2.985840936216982e-205
4.4589950397619413e-212
5.141613910218655e-219
4.577771234372716e-226
3.147029841758897e-233
1.6704742589798552e-240
6.8465355230478005e-248
2.1666766109726764e-255
5.294311325963542e-263
9.98888487959948e-271
1.4551799137105818e-278
1.636848656098339e-286
1.4216494203064976e-294
9.533857355155985e-303
4.9367023001147e-311
1.9738e-319
0.0
0.0
0.0
0.0
0.0
