1.5887807153720537
0.33384800059253733
0.11950503048556317
0.05412795069890655
0.029403286953315903
0.01858875927635385
0.013181569098863977
0.010130583942479558
0.0082247454373184
0.006934338229820151
0.006005073679801965
0.005303901264027941
0.0047556531799453515
0.004314958908142794
0.003952864649811063
0.003650017359857525
0.0033929752082745503
0.0031720993135471052
0.0029802904147086936
0.002812199911491191
0.002663719197641217
0.002531638718438764
0.002413414131261229
0.0023070021091179532
0.002210742639697013
0.002123273098116848
0.002043464486892005
0.001970373429318362
0.001903205545338068
0.0018412871756468452
0.0017840433122989093
0.0017309802009716504
0.0016816714996827644
0.0016357471733375786
0.0015928845131861554
0.0015528008214719603
0.0015152474118732369
0.0014800046577159239
0.0014468778805803418
0.0014156939175470366
0.0013862982399564145
0.00135855252306088
0.001332332586392676
0.0013075266405573511
0.0012840337885937749
0.001261762739832554
0.0012406307019443331
0.0012205624230554638
0.0012014893607677375
0.0011833489589157292
0.0011660840161329242
0.001149642132933124
0.001133975226168567
0.0011190391014961403
0.001104793075942914
0.0010911996438711946
0.0010782241806483652
0.001065834679165478
0.0010540015150508986
0.0010426972370154947
0.00103189637926345
0.0010215752933236226
0.0010117119970134043
0.0010022860385508444
0.0009932783740900333
0.0009846712571765655
0.0009764481388102444
0.0009685935769658799
0.0009610931545642442
0.0009539334050072763
0.0009471017444973973
0.000940586410452651
0.0009343764054093366
0.0009284614458735604
0.0009228319156441179
0.0009174788231825457
0.0009123937626531023
0.0009075688782966957
0.0009029968318391761
0.0008986707726665433
0.0008945843105280731
0.0008907314905536091
0.0008871067703936998
0.0008837049993112482
0.0008805213990711795
0.0008775515464906169
0.0008747913575263614
0.0008722370727893726
0.0008698852443875627
0.0008677327240087277
0.0008657766521649803
0.000864014448528745
0.000862443803298312
0.0008610626695382499
0.0008598692564467003
0.0008588620235078297
0.0008580396754935293
0.0008574011582839236
0.0008569456554814089
0.0008566725857978754
0.0008565816011994751
0.0008566725857978754
0.0008569456554814089
0.0008574011582839236
0.0008580396754935293
0.0008588620235078297
0.0008598692564467003
0.0008610626695382499
0.000862443803298312
0.000864014448528745
0.0008657766521649803
0.0008677327240087277
0.0008698852443875627
0.0008722370727893726
0.0008747913575263614
0.0008775515464906169
0.0008805213990711795
0.0008837049993112482
0.0008871067703936998
0.0008907314905536091
0.0008945843105280731
0.0008986707726665433
0.0009029968318391761
0.0009075688782966957
0.0009123937626531023
0.0009174788231825457
0.0009228319156441179
0.0009284614458735604
0.0009343764054093366
0.000940586410452651
0.0009471017444973973
0.0009539334050072763
0.0009610931545642442
0.0009685935769658799
0.0009764481388102444
0.0009846712571765655
0.0009932783740900333
0.0010022860385508444
0.0010117119970134043
0.0010215752933236226
0.00103189637926345
0.0010426972370154947
0.0010540015150508986
0.001065834679165478
0.0010782241806483652
0.0010911996438711946
0.001104793075942914
0.0011190391014961403
0.001133975226168567
0.001149642132933124
0.0011660840161329242
0.0011833489589157292
0.0012014893607677375
0.0012205624230554638
0.0012406307019443331
0.001261762739832554
0.0012840337885937749
0.0013075266405573511
0.001332332586392676
0.00135855252306088
0.0013862982399564145
0.0014156939175470366
0.0014468778805803418
0.0014800046577159239
0.0015152474118732369
0.0015528008214719603
0.0015928845131861554
0.0016357471733375786
0.0016816714996827644
0.0017309802009716504
0.0017840433122989093
0.0018412871756468452
0.001903205545338068
0.001970373429318362
0.002043464486892005
0.002123273098116848
0.002210742639697013
0.0023070021091179532
0.002413414131261229
0.002531638718438764
0.002663719197641217
0.002812199911491191
0.0029802904147086936
0.0031720993135471052
0.0033929752082745503
0.003650017359857525
0.003952864649811063
0.004314958908142794
0.0047556531799453515
0.005303901264027941
0.006005073679801965
0.006934338229820151
0.0082247454373184
0.010130583942479558
0.013181569098863977
0.01858875927635385
0.029403286953315903
0.05412795069890655
0.11950503048556317
0.33384800059253733

0.041542274756327185
0.0731438923962654
0.12353267751391292
0.2292341278566969
0.4740885852486231
0.8611493226540547
1.1147592992389035
0.9507026340571885
0.5375276353546901
0.22206795153667497
0.08435968880088672
0.036416899265167876
0.017654326120826437
0.02100106226550706
0.1169668496513947
0.47107810856487736
0.9544666984497094
0.954089622092361
0.4698638797073907
0.11398379412229265
0.01362066166926625
0.0008018149230056246
2.3269182928943027e-05
3.3584017069284405e-07
2.830829028924826e-09
6.388167617823863e-11
5.612037239333635e-12
5.012165157059645e-13
4.003745284801007e-14
2.853671681304958e-15
1.8147974804997764e-16
1.029766774079048e-17
5.213581025014834e-19
2.3551573323811348e-20
9.492711173656473e-22
3.413871379160133e-23
1.0954450244234698e-24
3.1363214234086097e-26
8.011928910351856e-28
1.8261655879142012e-29
3.713896250214989e-31
6.739162443898008e-33
1.09111022985972e-34
1.576223779913375e-36
2.0316723399453733e-38
2.336554985990287e-40
2.3976450410350516e-42
2.1952314513343854e-44
1.7933385698411937e-46
1.3071661920135268e-48
8.501310328925227e-51
4.933185856578688e-53
2.554204293810097e-55
1.1799682688078467e-57
4.863753670920188e-60
1.788790005226671e-62
5.869940413090976e-65
1.7186782094855825e-67
4.4899550566303834e-70
1.0465885086940754e-72
2.1766894640866945e-75
4.0392760390589602e-78
6.688013430253149e-81
9.880462741053995e-84
1.3023987720085054e-86
1.5317828978139781e-89
1.607448248151837e-92
1.5050929728071477e-95
1.2574079487872598e-98
9.37293531500023e-102
6.23392514792413e-105
3.69942384719418e-108
1.958813756175514e-111
9.254197073378556e-115
3.9009545229587046e-118
1.467200870361674e-121
4.923736573788341e-125
1.4743024532746375e-128
3.938808911967495e-132
9.389225737765125e-136
1.9970143900542495e-139
3.789824971564907e-143
6.417171659825733e-147
9.695153860924051e-151
1.306929916934674e-154
1.57194171247665e-158
1.6869690787817963e-162
1.6153415017256044e-166
1.380092275716453e-170
1.0520549985842117e-174
7.155752453742367e-179
4.342688885600925e-183
2.351519969898822e-187
1.1361225250844325e-191
4.89765528359879e-196
1.8838130609769336e-200
6.46508051433079e-205
1.9796873912621494e-209
5.408861254655059e-214
1.3185652031412622e-218
