0.22617959742443708
0.003981828917485656
9.598289808425772e-05
3.1680148818866217e-06
1.4317349628351186e-07
8.862432969544306e-09
7.521760640616305e-10
8.708834332903928e-11
1.3814572768188723e-11
2.9878643071740355e-12
8.699814214178341e-13
3.319628541593709e-13
1.5902244452648388e-13
9.093881341715514e-14
5.922131684563162e-14
4.2339605466781564e-14
3.2355001292308595e-14
2.5946434905361894e-14
2.1562301848383756e-14
1.8408884371967395e-14
1.6048385024259327e-14
1.4223676101205814e-14
1.2775584923137915e-14
1.1601107533449414e-14
1.063102769837301e-14
9.8173083940285e-15
9.125670176587659e-15
8.531052096700645e-15
8.014740648038498e-15
7.56249906356209e-15
7.163315876609287e-15
6.808547845231735e-15
6.491320471168431e-15
6.206100665577265e-15
5.948386858744627e-15
5.714480750019704e-15
5.5013167868719155e-15
5.306333107558066e-15
5.127372694420204e-15
4.9626068308562345e-15
4.81047522598028e-15
4.669638736161176e-15
4.538941706807609e-15
4.417381732861604e-15
4.304085192318271e-15
4.1982873103236195e-15
4.099315807077162e-15
4.0065774017646915e-15
3.91954660849208e-15
3.837756383716179e-15
3.760790278635718e-15
3.688275822053349e-15
3.619878914875984e-15
3.555299060718528e-15
3.494265290986161e-15
3.4365326695372985e-15
3.381879283222174e-15
3.33010364149342e-15
3.2810224218379806e-15
3.2344685087042338e-15
3.1902892824482375e-15
3.148345122026463e-15
3.108508091052498e-15
3.0706607816723484e-15
3.034695294702103e-15
3.000512337774664e-15
2.9680204259875974e-15
2.9371351718345255e-15
2.9077786531200478e-15
2.8798788491691752e-15
2.8533691370001854e-15
2.8281878402780446e-15
2.8042778248395385e-15
2.7815861354098375e-15
2.76006366883727e-15
2.739664879778001e-15
2.7203475152813616e-15
2.7020723751731425e-15
2.6848030955193205e-15
2.668505952785826e-15
2.6531496865987526e-15
2.638705339260499e-15
2.6251461103960997e-15
2.6124472252951478e-15
2.600585815682184e-15
2.5895408117954617e-15
2.5792928447835417e-15
2.5698241585435644e-15
2.5611185302264074e-15
2.5531611987240294e-15
2.5459388005346394e-15
2.5394393124733135e-15
2.53365200076034e-15
2.528567376078043e-15
2.524177154239899e-15
2.520474222164231e-15
2.5174526088893338e-15
2.5151074614081487e-15
2.5134350251391146e-15
2.5124326288861e-15
2.5120986741747996e-15
2.5124326288861e-15
2.5134350251391146e-15
2.5151074614081487e-15
2.5174526088893338e-15
2.520474222164231e-15
2.524177154239899e-15
2.528567376078043e-15
2.53365200076034e-15
2.5394393124733135e-15
2.5459388005346394e-15
2.5531611987240294e-15
2.5611185302264074e-15
2.5698241585435644e-15
2.5792928447835417e-15
2.5895408117954617e-15
2.600585815682184e-15
2.6124472252951478e-15
2.6251461103960997e-15
2.638705339260499e-15
2.6531496865987526e-15
2.668505952785826e-15
2.6848030955193205e-15
2.7020723751731425e-15
2.7203475152813616e-15
2.739664879778001e-15
2.76006366883727e-15
2.7815861354098375e-15
2.8042778248395385e-15
2.8281878402780446e-15
2.8533691370001854e-15
2.8798788491691752e-15
2.9077786531200478e-15
2.9371351718345255e-15
2.9680204259875974e-15
3.000512337774664e-15
3.034695294702103e-15
3.0706607816723484e-15
3.108508091052498e-15
3.148345122026463e-15
3.1902892824482375e-15
3.2344685087042338e-15
3.2810224218379806e-15
3.33010364149342e-15
3.381879283222174e-15
3.4365326695372985e-15
3.494265290986161e-15
3.555299060718528e-15
3.619878914875984e-15
3.688275822053349e-15
3.760790278635718e-15
3.837756383716179e-15
3.91954660849208e-15
4.0065774017646915e-15
4.099315807077162e-15
4.1982873103236195e-15
4.304085192318271e-15
4.417381732861604e-15
4.538941706807609e-15
4.669638736161176e-15
4.81047522598028e-15
4.9626068308562345e-15
5.127372694420204e-15
5.306333107558066e-15
5.5013167868719155e-15
5.714480750019704e-15
5.948386858744627e-15
6.206100665577265e-15
6.491320471168431e-15
6.808547845231735e-15
7.163315876609287e-15
7.56249906356209e-15
8.014740648038498e-15
8.531052096700645e-15
9.125670176587659e-15
9.8173083940285e-15
1.063102769837301e-14
1.1601107533449414e-14
1.2775584923137915e-14
1.4223676101205814e-14
1.6048385024259327e-14
1.8408884371967395e-14
2.1562301848383756e-14
2.5946434905361894e-14
3.2355001292308595e-14
4.2339605466781564e-14
5.922131684563162e-14
9.093881341715514e-14
1.5902244452648388e-13
3.319628541593709e-13
8.699814214178341e-13
2.9878643071740355e-12
1.3814572768188723e-11
8.708834332903928e-11
7.521760640616305e-10
8.862432969544306e-09
1.4317349628351186e-07
3.1680148818866217e-06
9.598289808425772e-05
0.003981828917485656

1.0887745188139815e-13
1.5149106422860743e-12
1.851124535485271e-11
1.9864782309178952e-10
1.8721107432406505e-09
1.5494544486979075e-08
1.1262262441275859e-07
7.189058635889697e-07
4.030119841432009e-06
1.9840995012437156e-05
8.578443348179201e-05
0.00032572649009644344
0.001086168550559031
0.0031808333823413427
0.008180581386609292
0.018476809074442657
0.03664960725417127
0.06384269787478408
0.0976680888928109
0.13121808663185633
0.15482256707048195
0.1604258613664394
0.14598695424312216
0.1166684070865944
0.08188267860261261
0.050469658528659755
0.027319216756072982
0.01298690530574609
0.005421789550300392
0.0019878297723845586
0.0006400520279618932
0.00018098847361604185
4.494548893270125e-05
9.802138923516749e-06
1.877392808499544e-06
3.1578318364050693e-07
4.6646858423190156e-08
6.0513929343494254e-09
6.894263209212908e-10
6.897948034613515e-11
6.061101113069791e-12
4.67716501228407e-13
3.169665317372056e-14
1.8864429498190347e-15
9.859922378433816e-17
4.5258782685140225e-18
1.824449276983231e-19
6.458925438422371e-21
2.0081137084053576e-22
5.482970168763049e-24
1.3147495097492398e-25
2.7686604980407897e-27
5.120306325716659e-29
8.316138916129573e-31
1.186170391881741e-32
1.4858397606051948e-34
1.634543280169961e-36
1.5791392407247688e-38
1.3398123576484657e-40
9.983138241155192e-43
6.532655305025317e-45
3.7541528759637297e-47
1.894670603390475e-49
8.397597062551344e-52
3.2687062995891004e-54
1.117368233051238e-56
3.3544111472741856e-59
8.843736973295096e-62
2.0476460820186886e-64
4.163643376574124e-67
7.435183756177206e-70
1.1660292386765268e-72
1.6059304299557654e-75
1.9424219026557917e-78
2.0632885018582467e-81
1.9247569737250755e-84
1.5768536875000141e-87
1.1345050846084439e-90
7.168380464440857e-94
3.977729085537804e-97
1.9384245731442076e-100
8.295874334153854e-104
3.1179918466271523e-107
1.0291705210177811e-110
2.9833159719675877e-114
7.594701703951161e-118
1.6979376589686255e-121
3.333744506758965e-125
5.7483398691963775e-129
8.704666061124229e-133
1.1576075331182742e-136
1.3519795611147112e-140
1.3866870516222714e-144
1.2490687609622952e-148
9.88083815579726e-153
6.864371461756388e-157
4.188006246503996e-161
2.243951245923834e-165
1.0558909443360098e-169
4.363392351617498e-174
