0.1488017052542022
0.0014313075272843717
2.0047658657862033e-05
4.0888390870311637e-07
1.2143355528226097e-08
5.210025918873458e-10
3.3021353787234075e-11
3.0347978105840824e-12
4.0439497623844256e-13
7.803241191807671e-14
2.1418531908896648e-14
8.0368689798152e-15
3.883019200218618e-15
2.262145731786803e-15
1.5031156669313209e-15
1.094138499305703e-15
8.487003119116516e-16
6.888827415283881e-16
5.780986291724522e-16
4.974777737209915e-16
4.3651133344077153e-16
3.8896540888060684e-16
3.50943112045214e-16
3.198992319268457e-16
2.941086290009454e-16
2.72364466631629e-16
2.5379922885175053e-16
2.3777444052090596e-16
2.238104158702422e-16
2.1154017440748275e-16
2.006784151405799e-16
1.9100014023643867e-16
1.823256191211191e-16
1.7450961372633119e-16
1.674335263506269e-16
1.6099958940002514e-16
1.5512650584721345e-16
1.4974613633992519e-16
1.4480095213489644e-16
1.4024205568041498e-16
1.3602762700845766e-16
1.3212169308777082e-16
1.2849314465497383e-16
1.2511494449953096e-16
1.2196348518369095e-16
1.190180643733313e-16
1.162604534557019e-16
1.1367454069259927e-16
1.1124603433659434e-16
1.0896221429956672e-16
1.0681172337447108e-16
1.0478439086524089e-16
1.0287108291549392e-16
1.0106357494635038e-16
9.93544424925782e-17
9.773696742053987e-17
9.620505706308924e-17
9.47531742474265e-17
9.337627654613016e-17
9.206976336764087e-17
9.082942973462482e-17
8.965142578793745e-17
8.853222120894712e-17
8.746857388051041e-17
8.645750221222609e-17
8.549626064294679e-17
8.458231790623462e-17
8.371333770519336e-17
8.288716149403634e-17
8.210179310659089e-17
8.135538500809785e-17
8.064622597727681e-17
7.99727300516261e-17
7.933342659106898e-17
7.872695133397345e-17
7.815203833577455e-17
7.760751269434578e-17
7.709228397824961e-17
7.660534028434792e-17
7.614574286020945e-17
7.57126212345283e-17
7.53051688055305e-17
7.492263884324744e-17
7.456434086669469e-17
7.42296373615181e-17
7.391794080764708e-17
7.36287109899995e-17
7.336145256838222e-17
7.311571288547911e-17
7.28910799942623e-17
7.268718088834492e-17
7.250367992074895e-17
7.234027739832098e-17
7.219670834062017e-17
7.207274139354753e-17
7.196817788930764e-17
7.188285104550953e-17
7.181662529733974e-17
7.17693957577917e-17
7.1741087801929e-17
7.173165677209983e-17
7.1741087801929e-17
7.17693957577917e-17
7.181662529733974e-17
7.188285104550953e-17
7.196817788930764e-17
7.207274139354753e-17
7.219670834062017e-17
7.234027739832098e-17
7.250367992074895e-17
7.268718088834492e-17
7.28910799942623e-17
7.311571288547911e-17
7.336145256838222e-17
7.36287109899995e-17
7.391794080764708e-17
7.42296373615181e-17
7.456434086669469e-17
7.492263884324744e-17
7.53051688055305e-17
7.57126212345283e-17
7.614574286020945e-17
7.660534028434792e-17
7.709228397824961e-17
7.760751269434578e-17
7.815203833577455e-17
7.872695133397345e-17
7.933342659106898e-17
7.99727300516261e-17
8.064622597727681e-17
8.135538500809785e-17
8.210179310659089e-17
8.288716149403634e-17
8.371333770519336e-17
8.458231790623462e-17
8.549626064294679e-17
8.645750221222609e-17
8.746857388051041e-17
8.853222120894712e-17
8.965142578793745e-17
9.082942973462482e-17
9.206976336764087e-17
9.337627654613016e-17
9.47531742474265e-17
9.620505706308924e-17
9.773696742053987e-17
9.93544424925782e-17
1.0106357494635038e-16
1.0287108291549392e-16
1.0478439086524089e-16
1.0681172337447108e-16
1.0896221429956672e-16
1.1124603433659434e-16
1.1367454069259927e-16
1.162604534557019e-16
1.190180643733313e-16
1.2196348518369095e-16
1.2511494449953096e-16
1.2849314465497383e-16
1.3212169308777082e-16
1.3602762700845766e-16
1.4024205568041498e-16
1.4480095213489644e-16
1.4974613633992519e-16
1.5512650584721345e-16
1.6099958940002514e-16
1.674335263506269e-16
1.7450961372633119e-16
1.823256191211191e-16
1.9100014023643867e-16
2.006784151405799e-16
2.1154017440748275e-16
2.238104158702422e-16
2.3777444052090596e-16
2.5379922885175053e-16
2.72364466631629e-16
2.941086290009454e-16
3.198992319268457e-16
3.50943112045214e-16
3.8896540888060684e-16
4.3651133344077153e-16
4.974777737209915e-16
5.780986291724522e-16
6.888827415283881e-16
8.487003119116516e-16
1.094138499305703e-15
1.5031156669313209e-15
2.262145731786803e-15
3.883019200218618e-15
8.0368689798152e-15
2.1418531908896648e-14
7.803241191807671e-14
4.0439497623844256e-13
3.0347978105840824e-12
3.3021353787234075e-11
5.210025918873458e-10
1.2143355528226097e-08
4.0888390870311637e-07
2.0047658657862033e-05
0.0014313075272843717

3.126518597036558e-15
3.9772245503058155e-14
4.5387249150173046e-13
4.646460682596773e-12
4.267222874542242e-11
3.515629022649004e-10
2.5983365985568776e-09
1.7227506995036068e-08
1.0246702191853003e-07
5.467394961419353e-07
2.6170464868330586e-06
1.1237690861627266e-05
4.328898265847423e-05
0.00014959336552800237
0.000463747884299742
0.001289692589677644
0.003217548651843727
0.007201097570270508
0.01445795681161922
0.02604052919336986
0.04207531180997159
0.06098731804276961
0.07930240941587519
0.09250557021093728
0.09680193560724293
0.09087299735061387
0.07652799225529927
0.0578149881505115
0.03918277742574754
0.023822352592255534
0.012992978932145818
0.006357223425628971
0.002790364067309063
0.0010987247844131314
0.0003881071346615344
0.00012298410550677582
3.496077100925819e-05
8.915540387595093e-06
2.0396187534335945e-06
4.185862671895923e-07
7.706472101420721e-08
1.2728021488452936e-08
1.8858226344158925e-09
2.506544637087e-10
2.98871633259176e-11
3.1968967168661424e-12
3.067659616349671e-13
2.6407080392979946e-14
2.039239622374844e-15
1.4127027448829443e-16
8.77946338574473e-18
4.894629347037126e-19
2.4479711908761613e-20
1.0983163532058346e-21
4.420620693957983e-23
1.5961500271019364e-24
5.170098552552746e-26
1.5023066464565314e-27
3.916093121552367e-29
9.157608798319949e-31
1.9210816273357603e-32
3.615298865593582e-34
6.103476068940882e-36
9.243680842484376e-38
1.2558775382852799e-39
1.5306796160828514e-41
1.6736165404966375e-43
1.6415808411789792e-45
1.4444524342882818e-47
1.140194312372883e-49
8.074007533375216e-52
5.129016369566993e-54
2.9228980992738955e-56
1.4942660159332453e-58
6.852938254732211e-61
2.8194238752550934e-63
1.0405874462000774e-65
3.44533492181722e-68
1.0233376789088715e-70
2.7267237358583747e-73
6.517754035036151e-76
1.3976211062319838e-78
2.688534344802341e-81
4.639555580797578e-84
7.182437073609023e-87
9.974747999301493e-90
1.2427011211979046e-92
1.3888844087040103e-95
1.3925159232539508e-98
1.252474498953957e-101
1.0105836536970565e-104
7.314932131851538e-108
4.74988382778608e-111
2.7668800336210628e-114
1.4458802511038502e-117
6.778115689495042e-121
2.8504949982457403e-124
1.075390620540728e-127
3.6395430447055915e-131
1.1049996254801628e-134
