0.5417344346249549
0.060769838721724236
0.009408853037884931
0.002002652589381859
0.0005785029889609398
0.00022035114147777934
0.00010575517093148056
6.0671946691865595e-05
3.9651817873288636e-05
2.8433214749593742e-05
2.1780070827330903e-05
1.7498483104620616e-05
1.4562326379537172e-05
1.2445858871291036e-05
1.0858575086197643e-05
9.629543803689017e-06
8.652764089804367e-06
7.85952578714791e-06
7.203585514787891e-06
6.652803782084739e-06
6.184215603623556e-06
5.781011628371258e-06
5.430626200516253e-06
5.123490074647278e-06
4.8521950683331315e-06
4.610921341291441e-06
4.395036403045089e-06
4.200809000213898e-06
4.025201453157987e-06
3.865716575160764e-06
3.720283220576202e-06
3.5871696002084336e-06
3.464916843321817e-06
3.3522875178116926e-06
3.248225336216531e-06
3.151823320970924e-06
3.0622984338581448e-06
2.97897119319166e-06
2.9012491743859566e-06
2.828613559697146e-06
2.7606081010976688e-06
2.696830007120918e-06
2.6369223743860803e-06
2.580567867441992e-06
2.5274834136840234e-06
2.477415728513509e-06
2.4301375233260066e-06
2.385444278035666e-06
2.3431514826592494e-06
2.3030922704735017e-06
2.265115379529972e-06
2.2290833906962535e-06
2.1948711995249726e-06
2.1623646866156878e-06
2.131459557102072e-06
2.102060324755308e-06
2.074079420168435e-06
2.0474364057507756e-06
2.0220572829542727e-06
1.9978738793837226e-06
1.974823305296903e-06
1.9528474705477425e-06
1.9318926543211868e-06
1.9119091210970486e-06
1.8928507771978478e-06
1.8746748630517715e-06
1.8573416769602706e-06
1.8408143267199726e-06
1.8250585059265291e-06
1.8100422921969673e-06
1.7957359648979325e-06
1.782111840268964e-06
1.7691441220901856e-06
1.756808766268704e-06
1.7450833579129528e-06
1.7339469996335084e-06
1.7233802099563044e-06
1.7133648308627777e-06
1.7038839435839502e-06
1.6949217918740415e-06
1.6864637120757878e-06
1.678496069365894e-06
1.6710061996363148e-06
1.6639823565265504e-06
1.6574136631749e-06
1.651290068303463e-06
1.645602306293463e-06
1.6403418609447473e-06
1.6355009326467565e-06
1.6310724087182715e-06
1.6270498367003353e-06
1.6234274004112587e-06
1.6201998985948596e-06
1.6173627260134397e-06
1.6149118568556066e-06
1.612843830346263e-06
1.6111557384620062e-06
1.609845215670087e-06
1.6089104306230784e-06
1.6083500797546924e-06
1.6081633827348892e-06
1.6083500797546924e-06
1.6089104306230784e-06
1.609845215670087e-06
1.6111557384620062e-06
1.612843830346263e-06
1.6149118568556066e-06
1.6173627260134397e-06
1.6201998985948596e-06
1.6234274004112587e-06
1.6270498367003353e-06
1.6310724087182715e-06
1.6355009326467565e-06
1.6403418609447473e-06
1.645602306293463e-06
1.651290068303463e-06
1.6574136631749e-06
1.6639823565265504e-06
1.6710061996363148e-06
1.678496069365894e-06
1.6864637120757878e-06
1.6949217918740415e-06
1.7038839435839502e-06
1.7133648308627777e-06
1.7233802099563044e-06
1.7339469996335084e-06
1.7450833579129528e-06
1.756808766268704e-06
1.7691441220901856e-06
1.782111840268964e-06
1.7957359648979325e-06
1.8100422921969673e-06
1.8250585059265291e-06
1.8408143267199726e-06
1.8573416769602706e-06
1.8746748630517715e-06
1.8928507771978478e-06
1.9119091210970486e-06
1.9318926543211868e-06
1.9528474705477425e-06
1.974823305296903e-06
1.9978738793837226e-06
2.0220572829542727e-06
2.0474364057507756e-06
2.074079420168435e-06
2.102060324755308e-06
2.131459557102072e-06
2.1623646866156878e-06
2.1948711995249726e-06
2.2290833906962535e-06
2.265115379529972e-06
2.3030922704735017e-06
2.3431514826592494e-06
2.385444278035666e-06
2.4301375233260066e-06
2.477415728513509e-06
2.5274834136840234e-06
2.580567867441992e-06
2.6369223743860803e-06
2.696830007120918e-06
2.7606081010976688e-06
2.828613559697146e-06
2.9012491743859566e-06
2.97897119319166e-06
3.0622984338581448e-06
3.151823320970924e-06
3.248225336216531e-06
3.3522875178116926e-06
3.464916843321817e-06
3.5871696002084336e-06
3.720283220576202e-06
3.865716575160764e-06
4.025201453157987e-06
4.200809000213898e-06
4.395036403045089e-06
4.610921341291441e-06
4.8521950683331315e-06
5.123490074647278e-06
5.430626200516253e-06
5.781011628371258e-06
6.184215603623556e-06
6.652803782084739e-06
7.203585514787891e-06
7.85952578714791e-06
8.652764089804367e-06
9.629543803689017e-06
1.0858575086197643e-05
1.2445858871291036e-05
1.4562326379537172e-05
1.7498483104620616e-05
2.1780070827330903e-05
2.8433214749593742e-05
3.9651817873288636e-05
6.0671946691865595e-05
0.00010575517093148056
0.00022035114147777934
0.0005785029889609398
0.002002652589381859
0.009408853037884931
0.060769838721724236

7.459125573568722e-05
0.00030401851317687125
0.001092138265886931
0.003457965836799183
0.009650043114361458
0.023735768092109942
0.05145680388549307
0.09832134390631579
0.1655839679877171
0.24578436129578343
0.3215553116417681
0.3707853876535287
0.3768382813026501
0.33756149310234534
0.2665116911108984
0.18545780354807537
0.1137468660711067
0.061489257508817376
0.029297093626178165
0.012303121419112556
0.004553774934007352
0.0014855705981275732
0.0004271500973409434
0.00010825132104404292
2.417972633979614e-05
4.760307840977674e-06
8.260078547190193e-07
1.26327760349798e-07
1.7028598162012912e-08
2.02313320834402e-09
2.1185345030199008e-10
1.95529407887444e-11
1.5905748452725016e-12
1.1404115722960204e-13
7.206669447686157e-15
4.013960277689595e-16
1.970502632112197e-17
8.5260220070912205e-19
3.25148204649632e-20
1.0929033380258024e-21
3.237782158162183e-23
8.454325794824494e-25
1.9456997135630073e-26
3.946736492057983e-28
7.056119521531733e-30
1.1118832989344206e-31
1.5442512671625436e-33
1.89034993567889e-35
2.0395385965094993e-37
1.9394881521793292e-39
1.625578005698348e-41
1.2008644249685546e-43
7.818899391934328e-46
4.487069039108639e-48
2.269579288487126e-50
1.0117971422291767e-52
3.9756396964634606e-55
1.3768482259029822e-57
4.202721399214439e-60
1.130682353984738e-62
2.681119112220632e-65
5.603470419791375e-68
1.0321992516948787e-70
1.6758512866421258e-73
2.3981309576628587e-76
3.024654650109209e-79
3.3623597270331426e-82
3.2944129518242997e-85
2.8449679564173066e-88
2.1654202947052331e-91
1.4526885295646803e-94
8.589508088920476e-98
4.4764069331193815e-101
2.0561571650762346e-104
8.32431558069575e-108
2.9703405637639423e-111
9.341775732919913e-115
2.5895130795118046e-118
6.32662745911973e-122
1.362360037967292e-125
2.5856933059753458e-129
4.3254132596179355e-133
6.377400396520751e-137
8.287532464827886e-141
9.492318065212535e-145
9.582631822930946e-149
8.526343081047389e-153
6.686614505886603e-157
4.6218436475307e-161
2.8157214817014585e-165
1.5119228120167815e-169
7.1554182843011755e-174
2.984735933151929e-178
1.0973427099410198e-182
3.555855732902158e-187
1.0155737417811213e-191
2.556491042096602e-196
5.67208288180571e-201
1.1091910131988155e-205
1.9117698018237092e-210
