0.3834823802416347
0.19557130812824294
0.12020834424713067
0.08351375111336398
0.06292432103573195
0.05011136249060562
0.04150374377918638
0.03537811868093022
0.030821047964646384
0.027310571227480703
0.024529675847896004
0.022275936881346475
0.020414602378959507
0.018852771577832432
0.0175244600122045
0.01638158621916163
0.015388328440397323
0.014517476245024875
0.013748004558053566
0.013063419899203534
0.012450607813599898
0.011899013548130614
0.011400049163681775
0.010946657548310375
0.01053298709523723
0.010154145704991438
0.009806012491854602
0.00948509203899776
0.009188400420179276
0.008913375212190128
0.008657803819313628
0.008419765913913177
0.008197586859097751
0.007989799748757407
0.007795114263824557
0.00761239096069446
0.007440619919385754
0.007278902913999592
0.007126438446715485
0.006982509123522631
0.0068464709556628894
0.006717744253041032
0.006595805840292545
0.006480182376983957
0.006370444603690971
0.006266202367817614
0.006167100308776874
0.0060728141029181655
0.005983047185410962
0.005897527879990306
0.0058160068786709965
0.005738255022737953
0.005664061343909355
0.005593231330854045
0.00552558539146995
0.005460957485690069
0.00539919390723374
0.0053401521957887705
0.005283700163696395
0.00522971502339831
0.005178082603760631
0.005128696644968339
0.0050814581630307465
0.0050362748760911565
0.004993060685722513
0.004951735207241276
0.004912223343805063
0.004874454899693308
0.004838364228719389
0.004803889914199428
0.0047709744773180305
0.004739564111093174
0.004709608437458828
0.004681060285261053
0.004653875487206502
0.004628012694016219
0.004603433204226093
0.00458010080824177
0.004557981645403131
0.004537044072943864
0.004517258545847739
0.004498597506706221
0.004481035284774225
0.004464548003502926
0.004449113495902278
0.004434711227151943
0.004421322223938883
0.0044089290100535
0.004397515547824752
0.004387067185018763
0.004377570606865453
0.004369013792914423
0.004361385978454834
0.004354677620264895
0.004348880366485314
0.004343987030437418
0.004339991568231746
0.0043368890600360786
0.004334675694894192
0.004333348759007602
0.004332906627412992
0.004333348759007602
0.004334675694894192
0.0043368890600360786
0.004339991568231746
0.004343987030437418
0.004348880366485314
0.004354677620264895
0.004361385978454834
0.004369013792914423
0.004377570606865453
0.004387067185018763
0.004397515547824752
0.0044089290100535
0.004421322223938883
0.004434711227151943
0.004449113495902278
0.004464548003502926
0.004481035284774225
0.004498597506706221
0.004517258545847739
0.004537044072943864
0.004557981645403131
0.00458010080824177
0.004603433204226093
0.004628012694016219
0.004653875487206502
0.004681060285261053
0.004709608437458828
0.004739564111093174
0.0047709744773180305
0.004803889914199428
0.004838364228719389
0.004874454899693308
0.004912223343805063
0.004951735207241276
0.004993060685722513
0.0050362748760911565
0.0050814581630307465
0.005128696644968339
0.005178082603760631
0.00522971502339831
0.005283700163696395
0.0053401521957887705
0.00539919390723374
0.005460957485690069
0.00552558539146995
0.005593231330854045
0.005664061343909355
0.005738255022737953
0.0058160068786709965
0.005897527879990306
0.005983047185410962
0.0060728141029181655
0.006167100308776874
0.006266202367817614
0.006370444603690971
0.006480182376983957
0.006595805840292545
0.006717744253041032
0.0068464709556628894
0.006982509123522631
0.007126438446715485
0.007278902913999592
0.007440619919385754
0.00761239096069446
0.007795114263824557
0.007989799748757407
0.008197586859097751
0.008419765913913177
0.008657803819313628
0.008913375212190128
0.009188400420179276
0.00948509203899776
0.009806012491854602
0.010154145704991438
0.01053298709523723
0.010946657548310375
0.011400049163681775
0.011899013548130614
0.012450607813599898
0.013063419899203534
0.013748004558053566
0.014517476245024875
0.015388328440397323
0.01638158621916163
0.0175244600122045
0.018852771577832432
0.020414602378959507
0.022275936881346475
0.024529675847896004
0.027310571227480703
0.030821047964646384
0.03537811868093022
0.04150374377918638
0.05011136249060562
0.06292432103573195
0.08351375111336398
0.12020834424713067
0.19557130812824294

0.21441294137531716
0.2544066655707033
0.27794780258018387
0.27961165614817046
0.25900286412331375
0.2209078400527583
0.17349020486445663
0.12545733510483403
0.08353614400309728
0.05121651910966693
0.028913652734423066
0.01502979754283489
0.007193836586115
0.003170481868257226
0.0012866109619932425
0.0004807579654804641
0.00016541047081747672
5.24030753418258e-05
1.5286491521992655e-05
4.10597340986857e-06
1.0155041749517194e-06
2.3126215152274833e-07
4.8493628167847167e-08
9.363151755432114e-09
1.6646261565155775e-09
2.7250133513250905e-10
4.107502366370074e-11
5.700911222728893e-12
7.285644925956423e-13
8.573319189121622e-14
9.289391196356037e-15
9.267930737960267e-16
8.514037810989798e-17
7.20187596561711e-18
5.609355543706791e-19
4.0228845280601955e-20
2.656558802332161e-21
1.6153199904352296e-22
9.043883722268704e-24
4.662390444997758e-25
2.213194478287593e-26
9.673592389987558e-28
3.893258653214316e-29
1.442766331709322e-30
4.9230699725052174e-32
1.5467968743574198e-33
4.474946329709408e-35
1.1920641959492554e-36
2.9239418065985034e-38
6.603817664708572e-40
1.373341962842646e-41
2.629780948118318e-43
4.6367932020759854e-45
7.527887969922991e-47
1.1253453879099914e-48
1.5490155992736844e-50
1.9632834930675188e-52
2.291223773293087e-54
2.462120285626781e-56
2.4361739431662422e-58
2.2195482427709512e-60
1.861993463943109e-62
1.4382983530991642e-64
1.0230034116080076e-66
6.699809414753191e-69
4.040220643858013e-71
2.243391065069337e-73
1.146996667701109e-75
5.399786569685739e-78
2.340713718339879e-80
9.342804782154858e-83
3.433709232162984e-85
1.1620024020546497e-87
3.6208272354774686e-90
1.0388811080292987e-92
2.7446132901931346e-95
6.67657517186829e-98
1.49549027115855e-100
3.0844001029365017e-103
5.857537716205926e-106
1.0242754090727588e-108
1.6492088881504763e-111
2.445073141200002e-114
3.337838434728049e-117
4.1956189205521845e-120
4.856059810332761e-123
5.175225605801176e-126
5.0784574092179605e-129
4.58872054806656e-132
3.8177604400509826e-135
2.9247113109134503e-138
2.0630730400103068e-141
1.3399959037313775e-144
8.01400493614284e-148
4.4131938906489745e-151
2.2377608878139725e-154
1.0447962792009502e-157
4.491659473018378e-161
1.7780308735896815e-164
6.480806276741744e-168
