0.09281302869681336
0.07083449279174221
0.05626626317173926
0.04615566381676005
0.03885822182342287
0.033412416428642025
0.029231110328707836
0.025941647225047368
0.023299223940670737
0.021138025559096295
0.01934263263242791
0.017830724301382005
0.016542293772519784
0.015432737035152855
0.01446831171140868
0.01362308453380517
0.012876836387731416
0.012213596955540756
0.011620601746550017
0.011087537799485406
0.010605990075997003
0.010169029600906338
0.009770903192334238
0.009406796995680759
0.009072654315265697
0.008765033864251051
0.008480998432168837
0.008218026678921153
0.007973942680703014
0.007746859224962217
0.007535131844053291
0.00733732130293258
0.007152162792030214
0.006978540475678196
0.006815466346571509
0.006662062564177916
0.006517546628733599
0.006381218876138443
0.00625245188265202
0.006130681449099796
0.006015398897739085
0.005906144465041211
0.005802501613450939
0.005704092116979546
0.005610571801018833
0.005521626837367926
0.005436970512173144
0.005356340398093042
0.005279495873138779
0.0052062159377924905
0.005136297289557918
0.00506955262035258
0.00500580910735135
0.004944907072230842
0.004886698787397612
0.004831047410836008
0.00477782603378458
0.004726916827625462
0.004678210278216135
0.004631604497462095
0.004587004603267218
0.00454432216014332
0.004503474673741708
0.004464385133413307
0.004426981597631064
0.004391196817736429
0.004356967896015566
0.004324235974583049
0.004292945951961196
0.004263046224601172
0.0042344884509043995
0.004207227335576524
0.004181220432385997
0.004156427963610233
0.00413281265463791
0.004110339582359734
0.004088976036124732
0.0040686913901672814
0.004049456986523783
0.004031246027558976
0.004014033477311817
0.003997795970951249
0.003982511731703886
0.00396816049468003
0.003954723437082114
0.003942183114331706
0.003930523401697974
0.0039197294410529635
0.003909787592417382
0.0039006853899955667
0.00389241150243013
0.0038849556970359236
0.0038783088077997776
0.003872462706957171
0.0038674102799798335
0.0038631454038297124
0.0038596629283546065
0.003856958660719662
0.0038550293527867415
0.0038538726913707497
0.003853487291318388
0.0038538726913707497
0.0038550293527867415
0.003856958660719662
0.0038596629283546065
0.0038631454038297124
0.0038674102799798335
0.003872462706957171
0.0038783088077997776
0.0038849556970359236
0.00389241150243013
0.0039006853899955667
0.003909787592417382
0.0039197294410529635
0.003930523401697974
0.003942183114331706
0.003954723437082114
0.00396816049468003
0.003982511731703886
0.003997795970951249
0.004014033477311817
0.004031246027558976
0.004049456986523783
0.0040686913901672814
0.004088976036124732
0.004110339582359734
0.00413281265463791
0.004156427963610233
0.004181220432385997
0.004207227335576524
0.0042344884509043995
0.004263046224601172
0.004292945951961196
0.004324235974583049
0.004356967896015566
0.004391196817736429
0.004426981597631064
0.004464385133413307
0.004503474673741708
0.00454432216014332
0.004587004603267218
0.004631604497462095
0.004678210278216135
0.004726916827625462
0.00477782603378458
0.004831047410836008
0.004886698787397612
0.004944907072230842
0.00500580910735135
0.00506955262035258
0.005136297289557918
0.0052062159377924905
0.005279495873138779
0.005356340398093042
0.005436970512173144
0.005521626837367926
0.005610571801018833
0.005704092116979546
0.005802501613450939
0.005906144465041211
0.006015398897739085
0.006130681449099796
0.00625245188265202
0.006381218876138443
0.006517546628733599
0.006662062564177916
0.006815466346571509
0.006978540475678196
0.007152162792030214
0.00733732130293258
0.007535131844053291
0.007746859224962217
0.007973942680703014
0.008218026678921153
0.008480998432168837
0.008765033864251051
0.009072654315265697
0.009406796995680759
0.009770903192334238
0.010169029600906338
0.010605990075997003
0.011087537799485406
0.011620601746550017
0.012213596955540756
0.012876836387731416
0.01362308453380517
0.01446831171140868
0.015432737035152855
0.016542293772519784
0.017830724301382005
0.01934263263242791
0.021138025559096295
0.023299223940670737
0.025941647225047368
0.029231110328707836
0.033412416428642025
0.03885822182342287
0.04615566381676005
0.05626626317173926
0.07083449279174221

0.19244825743608177
0.17097339444153695
0.11082027749597495
0.052406611573206814
0.01808127602796548
0.004551433689386576
0.0008358791869154465
0.00011199920798736154
1.0948699585764377e-05
7.80883553066318e-07
4.0633680383966456e-08
1.542631490990833e-09
4.272817792198183e-11
8.634609515972984e-13
1.2730550357442295e-14
1.3693920563138764e-16
1.0746933894388752e-18
6.153433320495991e-21
2.5705530342082262e-23
7.834509041520583e-26
1.7421002854848627e-28
2.826250589210716e-31
3.345217253104388e-34
2.8887778023727794e-37
1.8200364959442984e-40
8.366083661304902e-44
2.8056949982540147e-47
6.864910202876475e-51
1.2254776970629315e-54
1.5960706479307452e-58
1.5166136420720505e-62
1.05141447955715e-66
5.3180093575945315e-71
1.9624580815058683e-75
5.283574418202151e-80
1.0378424176559644e-84
1.4873430653551025e-89
1.5551312096043077e-94
1.1863123993274585e-99
6.602482370514376e-105
2.680967683396278e-110
7.942405493577858e-116
1.7166773651868408e-121
2.707082267556328e-127
3.1145146309787434e-133
2.6143001321232925e-139
1.6010196508339236e-145
7.153425000921843e-152
2.3318872191919763e-158
5.5459660176945925e-165
9.623277608893309e-172
1.2182739914259004e-178
1.1252346033225402e-185
7.582585809842623e-193
3.727929893801027e-200
1.3371935943031842e-207
3.4994273885741207e-215
6.681528631133664e-223
9.307452512923133e-231
9.459364762207683e-239
7.014056570039771e-247
3.794483808993486e-255
1.4976567629399496e-263
4.312687877503695e-272
9.060661635872904e-281
1.3888263402038806e-289
1.5531454372632652e-298
1.2672212699999807e-307
7.5434313e-317
0.0
0.0
0.0
0.0
0.0
0.0
0.0
0.0
0.0
0.0
0.0
0.0
0.0
0.0
0.0
0.0
0.0
0.0
0.0
0.0
0.0
0.0
0.0
0.0
0.0
0.0
0.0
0.0
0.0
0.0
0.0
