0.631010029022633
0.02319258818085171
0.0010561967647062607
5.9596823209040015e-05
4.166621432538158e-06
3.609338076101816e-07
3.8739411873632676e-08
5.1481475569318e-09
8.489111688857397e-10
1.7321999073800282e-10
4.371128709159986e-11
1.358865614897682e-11
5.1546465876917e-12
2.345123589350152e-12
1.2484649068602645e-12
7.559056111766037e-13
5.062115436648102e-13
3.661721199622108e-13
2.807753295616341e-13
2.250246769750874e-13
1.865532993481753e-13
1.5877965332043566e-13
1.3797424237412303e-13
1.2190660507498988e-13
1.0917943138447484e-13
9.888159214014358e-14
9.039801174870947e-14
8.330075181157284e-14
7.72841151695325e-14
7.212460570085378e-14
6.765544431982842e-14
6.374989288302812e-14
6.031006674519711e-14
5.725925945514365e-14
5.453656938920602e-14
5.209306832381764e-14
4.988902353437471e-14
4.789185285445386e-14
4.607459819015889e-14
4.441477138383302e-14
4.289347126952957e-14
4.149470081714451e-14
4.020483368359062e-14
3.901219357389198e-14
3.790671966468452e-14
3.687969832026158e-14
3.5923546334426864e-14
3.503163455949233e-14
3.4198143442692056e-14
3.341794395841075e-14
3.2686498895101426e-14
3.1999780564136576e-14
3.1354201840237366e-14
3.074655808842357e-14
3.017397803042186e-14
2.963388199050178e-14
2.912394626351454e-14
2.864207258632572e-14
2.8186361882686036e-14
2.7755091602039265e-14
2.7346696093286803e-14
2.695974955157674e-14
2.659295115472202e-14
2.6245112069713375e-14
2.5915144061957008e-14
2.5602049482664343e-14
2.530491244508036e-14
2.5022891029403607e-14
2.475521038047069e-14
2.4501156582465272e-14
2.426007121179786e-14
2.403134648347652e-14
2.381442091822635e-14
2.3608775467700705e-14
2.341393004367587e-14
2.322944040438773e-14
2.3054895357364803e-14
2.2889914243410492e-14
2.2734144670929794e-14
2.2587260473702598e-14
2.2448959868572945e-14
2.2318963792435417e-14
2.2197014400423486e-14
2.2082873709397825e-14
2.1976322372744248e-14
2.1877158574161342e-14
2.1785197029581856e-14
2.170026808765842e-14
2.162221692037916e-14
2.1550902796382103e-14
2.1486198430428597e-14
2.1427989403290136e-14
2.137617364701405e-14
2.1330660991172735e-14
2.1291372766279584e-14
2.125824146108041e-14
2.1231210430910777e-14
2.1210233654753902e-14
2.1195275539046942e-14
2.1186310766671284e-14
2.118332418993042e-14
2.1186310766671284e-14
2.1195275539046942e-14
2.1210233654753902e-14
2.1231210430910777e-14
2.125824146108041e-14
2.1291372766279584e-14
2.1330660991172735e-14
2.137617364701405e-14
2.1427989403290136e-14
2.1486198430428597e-14
2.1550902796382103e-14
2.162221692037916e-14
2.170026808765842e-14
2.1785197029581856e-14
2.1877158574161342e-14
2.1976322372744248e-14
2.2082873709397825e-14
2.2197014400423486e-14
2.2318963792435417e-14
2.2448959868572945e-14
2.2587260473702598e-14
2.2734144670929794e-14
2.2889914243410492e-14
2.3054895357364803e-14
2.322944040438773e-14
2.341393004367587e-14
2.3608775467700705e-14
2.381442091822635e-14
2.403134648347652e-14
2.426007121179786e-14
2.4501156582465272e-14
2.475521038047069e-14
2.5022891029403607e-14
2.530491244508036e-14
2.5602049482664343e-14
2.5915144061957008e-14
2.6245112069713375e-14
2.659295115472202e-14
2.695974955157674e-14
2.7346696093286803e-14
2.7755091602039265e-14
2.8186361882686036e-14
2.864207258632572e-14
2.912394626351454e-14
2.963388199050178e-14
3.017397803042186e-14
3.074655808842357e-14
3.1354201840237366e-14
3.1999780564136576e-14
3.2686498895101426e-14
3.341794395841075e-14
3.4198143442692056e-14
3.503163455949233e-14
3.5923546334426864e-14
3.687969832026158e-14
3.790671966468452e-14
3.901219357389198e-14
4.020483368359062e-14
4.149470081714451e-14
4.289347126952957e-14
4.441477138383302e-14
4.607459819015889e-14
4.789185285445386e-14
4.988902353437471e-14
5.209306832381764e-14
5.453656938920602e-14
5.725925945514365e-14
6.031006674519711e-14
6.374989288302812e-14
6.765544431982842e-14
7.212460570085378e-14
7.72841151695325e-14
8.330075181157284e-14
9.039801174870947e-14
9.888159214014358e-14
1.0917943138447484e-13
1.2190660507498988e-13
1.3797424237412303e-13
1.5877965332043566e-13
1.865532993481753e-13
2.250246769750874e-13
2.807753295616341e-13
3.661721199622108e-13
5.062115436648102e-13
7.559056111766037e-13
1.2484649068602645e-12
2.345123589350152e-12
5.1546465876917e-12
1.358865614897682e-11
4.371128709159986e-11
1.7321999073800282e-10
8.489111688857397e-10
5.1481475569318e-09
3.8739411873632676e-08
3.609338076101816e-07
4.166621432538158e-06
5.9596823209040015e-05
0.0010561967647062607
0.02319258818085171

8.912075044238026e-13
2.0173497890852432e-11
3.7747365056440334e-10
5.838417352507896e-09
7.464602638151382e-08
7.88898831322161e-07
6.89190040808373e-06
4.976909400361474e-05
0.00029708692485124643
0.0014659204502159063
0.005979162133993862
0.020159201153053835
0.0561835747381978
0.12943403184747787
0.24648508933902635
0.38800371794575894
0.5048753686334078
0.5430446519550562
0.4828252347510621
0.3548521502562603
0.21557975979972122
0.10826088867948246
0.04494053657030257
0.015420838206513842
0.0043740200497320875
0.0010255494825452199
0.00019876299483670388
3.184325871595855e-05
4.216989702385171e-06
4.6162639941473263e-07
4.1771665878054795e-08
3.1244675274610696e-09
1.9318495312739327e-10
9.873557050955643e-12
4.1713539708236616e-13
1.456744914988982e-14
4.205261804475889e-16
1.0034728529507609e-17
1.97934399991579e-19
3.2273048563238846e-21
4.349724648735414e-23
4.846035612256666e-25
4.462872695115556e-27
3.3973904175162523e-29
2.137861065214494e-31
1.1120301442767888e-33
4.78141790634444e-36
1.6994168062056512e-38
4.992823062503595e-41
1.2125384078394322e-43
2.4341531199824127e-46
4.039274292266952e-49
5.540664566481521e-52
6.282368882732655e-55
5.888274796337429e-58
4.56200511101066e-61
2.921638823781671e-64
1.546679566410736e-67
6.768263070258883e-71
2.4482579578029672e-74
7.320490486833578e-78
1.8093652616541976e-81
3.696709953950913e-85
6.243204596211271e-89
8.715710965871581e-93
1.0057756874761875e-96
9.594061731308335e-101
7.564965389000292e-105
4.930766581151603e-109
2.656592877049869e-113
1.183146778279162e-117
4.355673409240587e-122
1.3254857205537921e-126
3.334247696456402e-131
6.933040349374427e-136
1.1916608107524967e-140
1.693107947743591e-145
1.988473012183124e-150
1.9304467007066896e-155
1.549169689638167e-160
1.027645272350834e-165
5.634955979128963e-171
2.5541175912045537e-176
9.56961157619943e-182
2.9638129697806677e-187
7.587703284276011e-193
1.605731571607662e-198
2.8089151143949332e-204
4.0616953437110017e-210
4.854887121127693e-216
4.796826274716767e-222
3.917706569706466e-228
2.6449220748781984e-234
1.476035896033445e-240
6.8090107354311e-247
2.596415422167502e-253
8.184033583353012e-260
2.132375515442033e-266
4.5926466525904656e-273
8.176462337113521e-280
