0.4235586651649409
0.10624866287297706
0.038392249518385255
0.019049849136387107
0.011742211143268783
0.008248170151881607
0.006270024022444216
0.0050171281047342465
0.004161654291427197
0.003545624960505437
0.003083914281509648
0.00272678593509198
0.0024433845517838676
0.002213657975112725
0.00202407582350121
0.0018652169303271827
0.0017303426582220953
0.0016145192537634927
0.0015140596452516075
0.0014261580197806874
0.0013486444469050572
0.0012798163422951614
0.001218320333948082
0.0011630679246516819
0.0011131742713437432
0.001067913065655503
0.001026682816344205
0.000988981329421949
0.0009543861651949823
0.0009225395096209448
0.0008931363450614632
0.0008659151145621266
0.0008406502901271468
0.0008171464088545903
0.0007952332508871534
0.0007747619130354443
0.0007556015905382833
0.0007376369228407002
0.0007207657917337581
0.000704897484688052
0.0006899511548377263
0.0006758545233489639
0.0006625427809323664
0.0006499576538329269
0.0006380466063438105
0.0006267621571784776
0.0006160612912270334
0.0006059049515636927
0.0005962575992499714
0.0005870868306355045
0.0005783630436050759
0.0005700591456413819
0.0005621502977342606
0.0005546136891202226
0.0005474283386216604
0.0005405749190051742
0.0005340356013184374
0.0005277939166152671
0.0005218346328552877
0.000516143645080871
0.0005107078772404876
0.0005055151942527539
0.0005005543230963148
0.0004958147818729576
0.0004912868159296846
0.0004869613402437489
0.0004828298873760363
0.0004788845603853187
0.0004751179901709877
0.00047152329677672055
0.00046809405424368534
0.00046482425865061413
0.00046170829902045295
0.0004587409308102399
0.00045591725173313517
0.0004532326796897779
0.00045068293261092966
0.0004482640100351554
0.0004459721762644811
0.00044380394495791595
0.00044175606503770923
0.0004398255077964939
0.00043800945510527714
0.00043630528863272753
0.00043471057999559375
0.00043322308176845794
0.0004318407192885463
0.0004305615831980687
0.00042938392267264286
0.00042830613928985964
0.0004273267814970387
0.00042644453964175516
0.000425658241532877
0.00042496684850364846
0.00042436945195187535
0.0004238652703355107
0.00042345364660497926
0.00042313404605642086
0.00042290605459271947
0.00042276937738174513
0.0004227238379036887
0.00042276937738174513
0.00042290605459271947
0.00042313404605642086
0.00042345364660497926
0.0004238652703355107
0.00042436945195187535
0.00042496684850364846
0.000425658241532877
0.00042644453964175516
0.0004273267814970387
0.00042830613928985964
0.00042938392267264286
0.0004305615831980687
0.0004318407192885463
0.00043322308176845794
0.00043471057999559375
0.00043630528863272753
0.00043800945510527714
0.0004398255077964939
0.00044175606503770923
0.00044380394495791595
0.0004459721762644811
0.0004482640100351554
0.00045068293261092966
0.0004532326796897779
0.00045591725173313517
0.0004587409308102399
0.00046170829902045295
0.00046482425865061413
0.00046809405424368534
0.00047152329677672055
0.0004751179901709877
0.0004788845603853187
0.0004828298873760363
0.0004869613402437489
0.0004912868159296846
0.0004958147818729576
0.0005005543230963148
0.0005055151942527539
0.0005107078772404876
0.000516143645080871
0.0005218346328552877
0.0005277939166152671
0.0005340356013184374
0.0005405749190051742
0.0005474283386216604
0.0005546136891202226
0.0005621502977342606
0.0005700591456413819
0.0005783630436050759
0.0005870868306355045
0.0005962575992499714
0.0006059049515636927
0.0006160612912270334
0.0006267621571784776
0.0006380466063438105
0.0006499576538329269
0.0006625427809323664
0.0006758545233489639
0.0006899511548377263
0.000704897484688052
0.0007207657917337581
0.0007376369228407002
0.0007556015905382833
0.0007747619130354443
0.0007952332508871534
0.0008171464088545903
0.0008406502901271468
0.0008659151145621266
0.0008931363450614632
0.0009225395096209448
0.0009543861651949823
0.000988981329421949
0.001026682816344205
0.001067913065655503
0.0011131742713437432
0.0011630679246516819
0.001218320333948082
0.0012798163422951614
0.0013486444469050572
0.0014261580197806874
0.0015140596452516075
0.0016145192537634927
0.0017303426582220953
0.0018652169303271827
0.00202407582350121
0.002213657975112725
0.0024433845517838676
0.00272678593509198
0.003083914281509648
0.003545624960505437
0.004161654291427197
0.0050171281047342465
0.006270024022444216
0.008248170151881607
0.011742211143268783
0.019049849136387107
0.038392249518385255
0.10624866287297706

0.020350300404246402
0.03974036351461595
0.064657862754248
0.0876507386919147
0.09929927602933074
0.10272528316099672
0.170492233227937
0.37487939472624976
0.39019702857542404
0.1704788534892771
0.14767224837242762
0.23315086023949624
0.15861586006067174
0.040935223224069076
0.0039921497900483275
0.00014823926223171325
2.301185741814866e-06
3.998898918909852e-08
2.602543474655779e-09
1.886797986045133e-10
1.1486588592681585e-11
5.826668646405319e-13
2.4625108836142103e-14
8.670904775725451e-16
2.543777345953804e-17
6.21759162840303e-19
1.266174938830046e-20
2.1482936902720093e-22
3.0368407105945892e-24
3.576669349096392e-26
3.5096514943350243e-28
2.8693109412522543e-30
1.954427908651861e-32
1.1091495750946271e-34
5.244317769478408e-37
2.0659333255550038e-39
6.780660868317566e-42
1.8541982497499755e-44
4.2244359522335587e-47
8.0188061288298185e-50
1.2681747957139307e-52
1.6710018928207676e-55
1.8344386264654415e-58
1.6778682320159473e-61
1.2786183611608938e-64
8.11806346693151e-68
4.294299874165723e-71
1.892608187647839e-74
6.949562758605561e-78
2.126095010029932e-81
5.419213678652726e-85
1.1508488899755134e-88
2.0362389997367854e-92
3.0017023103456015e-96
3.6866754604166146e-100
3.772511889472402e-104
3.2162866384237004e-108
2.2845848696035066e-112
1.3520360334196265e-116
6.666496517969557e-121
2.738643280550935e-125
9.37349815747324e-130
2.6729839420284884e-134
6.350668177770216e-139
1.2571031467805053e-143
2.0732459511280615e-148
2.8487816199548494e-153
3.261338758341791e-158
3.1107211724736646e-163
2.472035361617341e-168
1.636728681763828e-173
9.028739595882205e-179
4.149597584546519e-184
1.5889610710772082e-189
5.069311197539906e-195
1.3474512714164688e-200
2.984046625340881e-206
5.505877709726573e-212
8.464005519717692e-218
1.0840610360856296e-223
1.1568044551432949e-229
1.0284770151729937e-235
7.61829259418805e-242
4.701637341609357e-248
2.417514156074856e-254
1.0356603387800741e-260
3.6965287177666025e-267
1.0992570113972197e-273
2.7235341459399786e-280
5.622051571147878e-287
9.669082057912857e-294
1.385492206380621e-300
1.6540603405878318e-307
1.645231555e-314
1.364e-321
0.0
0.0
0.0
0.0
0.0
