0.7210447397285648
0.11692157525530517
0.0627803471394607
0.04343122652990527
0.033646073860093724
0.027615765833916988
0.023452819157075113
0.020385949502740017
0.018031017369586885
0.016168221254333044
0.014660238068757811
0.013416239069462849
0.012373670770448871
0.011488084700289537
0.010727074773405822
0.010066491234713973
0.009487990708721666
0.008977404128856333
0.008523622197888825
0.00811781754156633
0.007752891224556092
0.007423071992851662
0.007123621487290907
0.006850614272570187
0.006600771527603929
0.0063713337857236796
0.006159962472485567
0.005964662942718633
0.005783723751323732
0.005615668311627517
0.005459216099308628
0.0053132512793087495
0.0051767971544990805
0.005048995216818837
0.004929087864265146
0.004816404058299245
0.004710347355433611
0.004610385867789917
0.004516043800155993
0.00442689428266778
0.004342553273912718
0.004262674352829081
0.0041869442521067874
0.004115079013005624
0.004046820663198247
0.003981934336632519
0.003920205768417688
0.0038614391090844853
0.0038054550118006973
0.003752088953669799
0.0037011897584353004
0.0036526182930208943
0.0036062463145641365
0.0035619554481143003
0.0035196362780948983
0.003479187539083631
0.0034405153935220998
0.0034035327857030624
0.003368158862850081
0.0033343184553482684
0.003301941609242736
0.00327096316502348
0.0032413223774870464
0.003212962572126902
0.0031858308340732434
0.0031598777260931936
0.0031350570325859046
0.0031113255268738487
0.0030886427594099706
0.0030669708647973475
0.0030462743857594538
0.0030265201124101125
0.003007676935356911
0.0029897157113339076
0.0029726091402018724
0.0029563316522798113
0.002940859305082179
0.0029261696886341403
0.0029122418386239527
0.002899056156728512
0.002886594337516595
0.0028748393013953506
0.002863775133120052
0.0028533870254359
0.002843661227464364
0.0028345849974858502
0.0028261465598058855
0.0028183350654239388
0.0028111405562530264
0.002804553932664449
0.0027985669241560552
0.0027931720629642562
0.002788362660460197
0.0027841327861889567
0.0027804772494278334
0.0027773915831557586
0.0027748720303407922
0.0027729155324667347
0.002771519720233249
0.002770682906376568
0.00277040408057016
0.002770682906376568
0.002771519720233249
0.0027729155324667347
0.0027748720303407922
0.0027773915831557586
0.0027804772494278334
0.0027841327861889567
0.002788362660460197
0.0027931720629642562
0.0027985669241560552
0.002804553932664449
0.0028111405562530264
0.0028183350654239388
0.0028261465598058855
0.0028345849974858502
0.002843661227464364
0.0028533870254359
0.002863775133120052
0.0028748393013953506
0.002886594337516595
0.002899056156728512
0.0029122418386239527
0.0029261696886341403
0.002940859305082179
0.0029563316522798113
0.0029726091402018724
0.0029897157113339076
0.003007676935356911
0.0030265201124101125
0.0030462743857594538
0.0030669708647973475
0.0030886427594099706
0.0031113255268738487
0.0031350570325859046
0.0031598777260931936
0.0031858308340732434
0.003212962572126902
0.0032413223774870464
0.00327096316502348
0.003301941609242736
0.0033343184553482684
0.003368158862850081
0.0034035327857030624
0.0034405153935220998
0.003479187539083631
0.0035196362780948983
0.0035619554481143003
0.0036062463145641365
0.0036526182930208943
0.0037011897584353004
0.003752088953669799
0.0038054550118006973
0.0038614391090844853
0.003920205768417688
0.003981934336632519
0.004046820663198247
0.004115079013005624
0.0041869442521067874
0.004262674352829081
0.004342553273912718
0.00442689428266778
0.004516043800155993
0.004610385867789917
0.004710347355433611
0.004816404058299245
0.004929087864265146
0.005048995216818837
0.0051767971544990805
0.0053132512793087495
0.005459216099308628
0.005615668311627517
0.005783723751323732
0.005964662942718633
0.006159962472485567
0.0063713337857236796
0.006600771527603929
0.006850614272570187
0.007123621487290907
0.007423071992851662
0.007752891224556092
0.00811781754156633
0.008523622197888825
0.008977404128856333
0.009487990708721666
0.010066491234713973
0.010727074773405822
0.011488084700289537
0.012373670770448871
0.013416239069462849
0.014660238068757811
0.016168221254333044
0.018031017369586885
0.020385949502740017
0.023452819157075113
0.027615765833916988
0.033646073860093724
0.04343122652990527
0.0627803471394607
0.11692157525530517

0.13801961344742622
0.14040426268329476
0.12616335204453155
0.10013817892133145
0.0702218115212965
0.045427494410411405
0.07680479910483907
0.31294550797718784
0.36313963034103997
0.09082892265499329
0.005235254960395254
0.00023126634802048303
4.717907826986428e-05
1.0802010249790812e-05
2.189861358707615e-06
3.9214281297620875e-07
6.20276896712303e-08
8.762108044907674e-09
7.783268650433776e-08
1.9568896336099205e-05
0.0015851834264067797
0.040803737282221024
0.3337528732198449
0.8674705333972517
0.7164552962277484
0.18803041788554917
0.015680928435698443
0.00041554693379683834
3.499234432788092e-06
9.363336773979881e-09
7.961463285578572e-12
2.151096021721188e-15
1.846848820052703e-19
5.038581415156462e-24
4.3825964958888475e-29
2.297134277712578e-33
2.878928276218668e-35
3.363199019707485e-37
3.470478184255526e-39
3.1632936483929915e-41
2.546848663571273e-43
1.8112575519384386e-45
1.137812547087592e-47
6.313565167048037e-50
3.094511179545039e-52
1.3397472802917475e-54
5.123504851231459e-57
1.7307122156346734e-59
5.16411619863935e-62
1.361070409462487e-64
3.168681718649068e-67
6.516135157016165e-70
1.1836273422675677e-72
1.8991240505395185e-75
2.6915665231514237e-78
3.369537871655681e-81
3.7260528057670677e-84
3.639494844444231e-87
3.1401229367610923e-90
2.393126375993907e-93
1.6110093285874564e-96
9.579523708838053e-100
5.031566507621796e-103
2.334403674542187e-106
9.566699627251172e-110
3.463073890415261e-113
1.1073242664195847e-116
3.1275287901972796e-120
7.80263433921223e-124
1.7194701179531252e-127
3.347044222096603e-131
5.75495202589225e-135
8.74048243624467e-139
1.1725801577364162e-142
1.389514607725275e-146
1.4544444285014966e-150
1.3447593961568075e-154
1.0982607987532078e-158
7.922820497578967e-163
5.048560794497396e-167
2.8416383407005572e-171
1.4128090132136103e-175
6.204568012350726e-180
2.406872482555144e-184
8.247228995621995e-189
2.496183251406281e-193
6.673571469636206e-198
1.5759905403750723e-202
3.287474073731857e-207
6.057375633255232e-212
9.858710538553711e-217
1.4173240754553877e-221
1.7998306893519162e-226
2.018866403274798e-231
2.0003083527391574e-236
1.750651723383959e-241
1.353368308271006e-246
9.24156853962976e-252
5.574280447757258e-257
2.969924303195737e-262
