0.4136574378209649
0.23203208869101688
0.14475948298977728
0.09844629680156924
0.0716773834113473
0.055044674747848715
0.044064809601879744
0.036441668647033805
0.030922333325258868
0.026784053918218337
0.023589143879910596
0.021061040456698196
0.01901837002621105
0.017338242650849364
0.015934971845112274
0.0147472806159515
0.013730354769598687
0.012850760315815819
0.012083105823691175
0.01140779781748818
0.010809498338191661
0.010276044048566238
0.009797675140025594
0.009366476211721606
0.00897596475694278
0.008620784110768725
0.008296471433915455
0.007999280342950497
0.007726043847825062
0.007474067373691268
0.007241044484964686
0.0070249899173386665
0.006824185931972625
0.006637139016069904
0.006462544686394078
0.0062992586888554036
0.0061462732843377554
0.006002697607451896
0.005867741308286047
0.005740700856908751
0.005620948020280868
0.005507920121417321
0.005401111768446682
0.005300067802048755
0.00520437725761223
0.005113668176338819
0.00502760312967918
0.004945875345626569
0.004868205344818376
0.0047943380101030724
0.004724040025992572
0.004657097634837145
0.004593314665099984
0.00453251079413913
0.004474520013715639
0.004419189271268937
0.004366377264016254
0.004315953366289833
0.004267796673340934
0.004221795147208825
0.004177844852252938
0.004135849269640018
0.004095718681516513
0.004057369616821687
0.004020724351743467
0.003985710458715351
0.0039522603986223
0.0039203111515461655
0.0038898038819529454
0.00386068363471878
0.003832899058820474
0.00380640215588904
0.0037811480511493155
0.0037570947845520777
0.003734203120152877
0.003712436372009033
0.0036917602450570286
0.003672142689600469
0.003653553768186838
0.0036359655337821766
0.0036193519182686654
0.003603688630392916
0.0035889530623842195
0.0035751242045434276
0.0035621825671759374
0.003550110109307335
0.003538890173678713
0.003528507427571212
0.003518947809056781
0.00351019847831505
0.003502247773695129
0.0034950851722366392
0.003488701254396728
0.0034830876727595782
0.0034782371245324446
0.0034741433276577276
0.0034708010003943702
0.0034682058442442277
0.0034663545301201262
0.0034652446876724356
0.003464874897710323
0.0034652446876724356
0.0034663545301201262
0.0034682058442442277
0.0034708010003943702
0.0034741433276577276
0.0034782371245324446
0.0034830876727595782
0.003488701254396728
0.0034950851722366392
0.003502247773695129
0.00351019847831505
0.003518947809056781
0.003528507427571212
0.003538890173678713
0.003550110109307335
0.0035621825671759374
0.0035751242045434276
0.0035889530623842195
0.003603688630392916
0.0036193519182686654
0.0036359655337821766
0.003653553768186838
0.003672142689600469
0.0036917602450570286
0.003712436372009033
0.003734203120152877
0.0037570947845520777
0.0037811480511493155
0.00380640215588904
0.003832899058820474
0.00386068363471878
0.0038898038819529454
0.0039203111515461655
0.0039522603986223
0.003985710458715351
0.004020724351743467
0.004057369616821687
0.004095718681516513
0.004135849269640018
0.004177844852252938
0.004221795147208825
0.004267796673340934
0.004315953366289833
0.004366377264016254
0.004419189271268937
0.004474520013715639
0.00453251079413913
0.004593314665099984
0.004657097634837145
0.004724040025992572
0.0047943380101030724
0.004868205344818376
0.004945875345626569
0.00502760312967918
0.005113668176338819
0.00520437725761223
0.005300067802048755
0.005401111768446682
0.005507920121417321
0.005620948020280868
0.005740700856908751
0.005867741308286047
0.006002697607451896
0.0061462732843377554
0.0062992586888554036
0.006462544686394078
0.006637139016069904
0.006824185931972625
0.0070249899173386665
0.007241044484964686
0.007474067373691268
0.007726043847825062
0.007999280342950497
0.008296471433915455
0.008620784110768725
0.00897596475694278
0.009366476211721606
0.009797675140025594
0.010276044048566238
0.010809498338191661
0.01140779781748818
0.012083105823691175
0.012850760315815819
0.013730354769598687
0.0147472806159515
0.015934971845112274
0.017338242650849364
0.01901837002621105
0.021061040456698196
0.023589143879910596
0.026784053918218337
0.030922333325258868
0.036441668647033805
0.044064809601879744
0.055044674747848715
0.0716773834113473
0.09844629680156924
0.14475948298977728
0.23203208869101688

0.16754797278639053
0.29233997782434323
0.4014078984457192
0.4337428111366826
0.36883093359012875
0.24681472026647264
0.1299760845066246
0.053864733284759374
0.017566864427095766
0.004508506057013911
0.0009105834177212227
0.00014472897589649588
1.8102556547756835e-05
1.7818576604182972e-06
1.3802405301889887e-07
8.413664993756432e-09
4.036122391653204e-10
1.5236741897516752e-11
4.5265629708875293e-13
1.0582631990763633e-14
1.9470069120555473e-16
2.8189668236971147e-18
3.2118932897143025e-20
2.8799233125811136e-22
2.032120283170683e-24
1.1284090742555887e-26
4.9309704638852984e-29
1.6956917387352828e-31
4.588915698336334e-34
9.772865607541873e-37
1.6378813796532016e-39
2.1601884350048277e-42
2.2420717140495177e-45
1.8312854068513495e-48
1.1770942589809472e-51
5.95408623535699e-55
2.3701054626665477e-58
7.424528762950197e-62
1.830285288027671e-65
3.5507275968454945e-69
5.4208151024183537e-73
6.512691475660737e-77
6.157509457307272e-81
4.5814013781163723e-85
2.6825033232954812e-89
1.236035280696079e-93
4.4819823056829974e-98
1.2789632928460115e-102
2.872067843337089e-107
5.075513425181679e-112
7.05852470651069e-117
7.724965872637147e-122
6.6531585282098175e-127
4.5092866725496924e-132
2.4051185732460724e-137
1.009517403330727e-142
3.334569706004556e-148
8.667911378973093e-154
1.7731186444355996e-159
2.8543669389081624e-165
3.6160171402692645e-171
3.604954854357946e-177
2.8282503673468273e-183
1.7461620530136412e-189
8.483985387979858e-196
3.243873796987611e-202
9.760603238214074e-209
2.3112027259037733e-215
4.306734453947619e-222
6.3154866339471645e-229
7.288098237337635e-236
6.618663283927914e-243
4.7301512624475405e-250
2.6602866953393078e-257
1.1774176123318673e-264
4.1009198872597695e-272
1.1240372781982835e-279
2.424536999249445e-287
4.11552827019949e-295
5.497573375131334e-303
5.7791657667867e-311
4.7809e-319
0.0
0.0
0.0
0.0
0.0
0.0
0.0
0.0
0.0
0.0
0.0
0.0
0.0
0.0
0.0
0.0
0.0
0.0
