0.69568955043301
0.05544119818742766
0.004852911782319806
0.00046657863391121187
4.9271973703787504e-05
5.715151169427567e-06
7.28128727489199e-07
1.0189227639450781e-07
1.5661271565821778e-08
2.6383928807727534e-09
4.897539698985319e-10
9.984887902625058e-11
2.2346098526830872e-11
5.490757372488473e-12
1.4817331467500754e-12
4.39209925343395e-13
1.4299173090802672e-13
5.112002563633208e-14
2.0059346219085337e-14
8.631587001599485e-15
4.065925739612003e-15
2.090457560081699e-15
1.1678632928000263e-15
7.0465177889788075e-16
4.557957933961718e-16
3.1347825452891015e-16
2.273193488608158e-16
1.7241505489987861e-16
1.357926458268962e-16
1.1035901088119539e-16
9.205903659962805e-17
7.84778261688004e-17
6.81226980789853e-17
6.00392197526389e-17
5.3598068343564546e-17
4.837256400024971e-17
4.406602428831224e-17
4.046738683204306e-17
3.742335610240488e-17
3.48204797785652e-17
3.257334654884054e-17
3.061664822740632e-17
2.8899735515693785e-17
2.7382816037484372e-17
2.6034254592051897e-17
2.4828626268388525e-17
2.3745292256974318e-17
2.2767344114598983e-17
2.188081145541178e-17
2.1074060481301817e-17
2.0337332480729488e-17
1.9662386175689935e-17
1.9042217953886762e-17
1.847084110832809e-17
1.7943110208954823e-17
1.7454580303389747e-17
1.7001393222839464e-17
1.6580185149945818e-17
1.6188010990244262e-17
1.5822282117928107e-17
1.5480714837888084e-17
1.5161287488814943e-17
1.4862204556000314e-17
1.458186650298768e-17
1.4318844294308262e-17
1.407185778615692e-17
1.3839757322029506e-17
1.3621507996477474e-17
1.3416176150046203e-17
1.32229177380433e-17
1.3040968279505685e-17
1.2869634144019037e-17
1.270828497552006e-17
1.2556347085912663e-17
1.2413297678835563e-17
1.2278659786466206e-17
1.2151997820805262e-17
1.203291365622445e-17
1.192104317278591e-17
1.1816053200438917e-17
1.1717638813057634e-17
1.1625520928713374e-17
1.1539444178829236e-17
1.1459175014147256e-17
1.1384500019915356e-17
1.1315224416508466e-17
1.1251170724947139e-17
1.1192177579558546e-17
1.11380986724157e-17
1.1088801816252681e-17
1.1044168114339586e-17
1.1004091227354336e-17
1.0968476728645552e-17
1.0937241540473174e-17
1.0910313444866624e-17
1.0887630663677183e-17
1.0869141503240453e-17
1.0854804059823371e-17
1.0844585982722218e-17
1.0838464292516536e-17
1.0836425252580371e-17
1.0838464292516536e-17
1.0844585982722218e-17
1.0854804059823371e-17
1.0869141503240453e-17
1.0887630663677183e-17
1.0910313444866624e-17
1.0937241540473174e-17
1.0968476728645552e-17
1.1004091227354336e-17
1.1044168114339586e-17
1.1088801816252681e-17
1.11380986724157e-17
1.1192177579558546e-17
1.1251170724947139e-17
1.1315224416508466e-17
1.1384500019915356e-17
1.1459175014147256e-17
1.1539444178829236e-17
1.1625520928713374e-17
1.1717638813057634e-17
1.1816053200438917e-17
1.192104317278591e-17
1.203291365622445e-17
1.2151997820805262e-17
1.2278659786466206e-17
1.2413297678835563e-17
1.2556347085912663e-17
1.270828497552006e-17
1.2869634144019037e-17
1.3040968279505685e-17
1.32229177380433e-17
1.3416176150046203e-17
1.3621507996477474e-17
1.3839757322029506e-17
1.407185778615692e-17
1.4318844294308262e-17
1.458186650298768e-17
1.4862204556000314e-17
1.5161287488814943e-17
1.5480714837888084e-17
1.5822282117928107e-17
1.6188010990244262e-17
1.6580185149945818e-17
1.7001393222839464e-17
1.7454580303389747e-17
1.7943110208954823e-17
1.847084110832809e-17
1.9042217953886762e-17
1.9662386175689935e-17
2.0337332480729488e-17
2.1074060481301817e-17
2.188081145541178e-17
2.2767344114598983e-17
2.3745292256974318e-17
2.4828626268388525e-17
2.6034254592051897e-17
2.7382816037484372e-17
2.8899735515693785e-17
3.061664822740632e-17
3.257334654884054e-17
3.48204797785652e-17
3.742335610240488e-17
4.046738683204306e-17
4.406602428831224e-17
4.837256400024971e-17
5.3598068343564546e-17
6.00392197526389e-17
6.81226980789853e-17
7.84778261688004e-17
9.205903659962805e-17
1.1035901088119539e-16
1.357926458268962e-16
1.7241505489987861e-16
2.273193488608158e-16
3.1347825452891015e-16
4.557957933961718e-16
7.0465177889788075e-16
1.1678632928000263e-15
2.090457560081699e-15
4.065925739612003e-15
8.631587001599485e-15
2.0059346219085337e-14
5.112002563633208e-14
1.4299173090802672e-13
4.39209925343395e-13
1.4817331467500754e-12
5.490757372488473e-12
2.2346098526830872e-11
9.984887902625058e-11
4.897539698985319e-10
2.6383928807727534e-09
1.5661271565821778e-08
1.0189227639450781e-07
7.28128727489199e-07
5.715151169427567e-06
4.9271973703787504e-05
0.00046657863391121187
0.004852911782319806
0.05544119818742766

3.938443874688752e-16
8.126141512810806e-14
1.0853180447443244e-11
9.383018851551933e-10
5.250988612480702e-08
1.902183834293435e-06
4.4604309333126796e-05
0.0006770396041932814
0.006652183970277255
0.042308473024402805
0.17418204039063734
0.46418629988666793
0.8007449081162819
0.8941471063519558
0.6463037675589113
0.3023968913201294
0.09158637698704147
0.01795549403205381
0.0022786454780488142
0.00018718415593615788
9.953465887315113e-06
3.4260405727232417e-07
7.633497955937073e-09
1.1009500308361622e-10
1.02783770388008e-12
6.211470171173595e-15
2.429837250409472e-17
6.152801296412736e-20
1.0085130365085438e-22
1.070047521868784e-25
7.349157199596533e-29
3.2672692928934373e-32
9.402541253766832e-36
1.751533654880139e-39
2.1120522008046565e-43
1.6485561039656367e-47
8.32943873160162e-52
2.724210526811146e-56
5.767379348577822e-61
7.903678967060267e-66
7.011210202215717e-71
4.025961397982183e-76
1.4964394455290747e-81
3.600490016371111e-87
5.60759961179672e-93
5.653342604875815e-99
3.689321785264521e-105
1.5584780491815089e-111
4.261551739075855e-118
7.54306350092691e-125
8.642525797464305e-132
6.409830241284383e-139
3.0772678067170263e-146
9.563062222631268e-154
1.9237188127409892e-161
2.504950366883492e-169
2.111395446827487e-177
1.1520012720423401e-185
4.0686399494069026e-194
9.3016176157237e-203
1.376513982524322e-211
1.3186079659998296e-220
8.176429290703798e-230
3.281894363864813e-239
8.5270426114089015e-249
1.4341190042092076e-258
1.561294648029198e-268
1.1002654446386242e-278
5.0190670625894e-289
1.482045189509835e-299
2.83277979416487e-310
3.503e-321
0.0
0.0
0.0
0.0
0.0
0.0
0.0
0.0
0.0
0.0
0.0
0.0
0.0
0.0
0.0
0.0
0.0
0.0
0.0
0.0
0.0
0.0
0.0
0.0
0.0
0.0
0.0
0.0
