0.6835736814436616
0.0726190824072679
0.007756930152071085
0.0008331106857046493
8.99682409315494e-05
9.768985247027054e-06
1.0665553008676624e-06
1.1708223494988357e-07
1.2923267429867704e-08
1.261610293006835e-09
1.2500015485217357e-10
1.2385133367284552e-11
1.2271523742572462e-12
1.215929854738307e-13
1.204864039360679e-14
1.1939843495819368e-15
1.1833378329904323e-16
1.1729993783606026e-17
1.1630878538210079e-18
1.153791602572972e-19
1.1454087220110414e-20
1.1384106982046886e-21
1.133542938037459e-22
1.1319835936208468e-23
1.1355944789857952e-24
1.1473174775382348e-25
1.1718008011699739e-26
1.2163883774615557e-27
1.292682919989218e-28
1.4190153242823333e-29
1.6243459103507704e-30
1.9544277490435856e-31
2.4815437115767924e-32
3.3198894182592714e-33
4.649875786262433e-34
6.756523087762868e-35
1.0090117294054651e-35
1.5362037197216548e-36
2.3696145618778443e-37
3.686796280521098e-38
5.7682521348585855e-39
9.057131527820525e-40
1.4253538217732296e-40
2.246352189778175e-41
3.543446057053691e-42
5.592692627750656e-43
8.830217225348832e-44
1.3945026674217783e-44
2.2025639294851372e-45
3.479173636805567e-46
5.496013365104369e-47
8.682295667119947e-48
1.3716106339736322e-48
2.166871031499732e-49
3.423253145488355e-50
5.408132350740072e-51
8.543918163329963e-52
1.3497948819433162e-52
2.1324510136554944e-53
3.3689202352301096e-54
5.322340358767536e-55
8.408426531364972e-56
1.3283941608454967e-56
2.0986465406333244e-57
3.3155208407154074e-58
5.2379863773445255e-59
8.275174183839116e-60
1.3073448410425746e-60
2.065396742678684e-61
3.263001337585403e-62
5.155034932721077e-63
8.144169358473486e-64
1.2866579741651875e-64
2.0327361211981505e-65
3.211449229660913e-66
5.0736921321533344e-67
8.015881689048928e-68
1.2664387836289248e-68
2.0008982401804873e-69
3.161380079513117e-70
4.995092030005532e-71
7.892799948411355e-72
1.2472325974404864e-72
1.9710767026001655e-73
3.1154044315528105e-74
4.924941092297357e-75
7.787393243294648e-76
1.2317632631671475e-76
1.9492205006197635e-77
3.086513248882025e-78
4.891605056014096e-79
7.761593432599915e-80
1.2335518346397239e-80
1.9648478361074122e-81
3.139146739642655e-82
5.0357584235889344e-83
8.122497293707251e-84
1.3196679232261286e-84
2.1661191665883698e-85
3.696675102180668e-86
1.2109463088205162e-86
3.696675102180668e-86
2.1661191665883698e-85
1.3196679232261286e-84
8.122497293707251e-84
5.0357584235889344e-83
3.139146739642655e-82
1.9648478361074122e-81
1.2335518346397239e-80
7.761593432599915e-80
4.891605056014096e-79
3.086513248882025e-78
1.9492205006197635e-77
1.2317632631671475e-76
7.787393243294648e-76
4.924941092297357e-75
3.1154044315528105e-74
1.9710767026001655e-73
1.2472325974404864e-72
7.892799948411355e-72
4.995092030005532e-71
3.161380079513117e-70
2.0008982401804873e-69
1.2664387836289248e-68
8.015881689048928e-68
5.0736921321533344e-67
3.211449229660913e-66
2.0327361211981505e-65
1.2866579741651875e-64
8.144169358473486e-64
5.155034932721077e-63
3.263001337585403e-62
2.065396742678684e-61
1.3073448410425746e-60
8.275174183839116e-60
5.2379863773445255e-59
3.3155208407154074e-58
2.0986465406333244e-57
1.3283941608454967e-56
8.408426531364972e-56
5.322340358767536e-55
3.3689202352301096e-54
2.1324510136554944e-53
1.3497948819433162e-52
8.543918163329963e-52
5.408132350740072e-51
3.423253145488355e-50
2.166871031499732e-49
1.3716106339736322e-48
8.682295667119947e-48
5.496013365104369e-47
3.479173636805567e-46
2.2025639294851372e-45
1.3945026674217783e-44
8.830217225348832e-44
5.592692627750656e-43
3.543446057053691e-42
2.246352189778175e-41
1.4253538217732296e-40
9.057131527820525e-40
5.7682521348585855e-39
3.686796280521098e-38
2.3696145618778443e-37
1.5362037197216548e-36
1.0090117294054651e-35
6.756523087762868e-35
4.649875786262433e-34
3.3198894182592714e-33
2.4815437115767924e-32
1.9544277490435856e-31
1.6243459103507704e-30
1.4190153242823333e-29
1.292682919989218e-28
1.2163883774615557e-27
1.1718008011699739e-26
1.1473174775382348e-25
1.1355944789857952e-24
1.1319835936208468e-23
1.133542938037459e-22
1.1384106982046886e-21
1.1454087220110414e-20
1.153791602572972e-19
1.1630878538210079e-18
1.1729993783606026e-17
1.1833378329904323e-16
1.1939843495819368e-15
1.204864039360679e-14
1.215929854738307e-13
1.2271523742572462e-12
1.2385133367284552e-11
1.2500015485217357e-10
1.261610293006835e-09
1.2923267429867704e-08
1.1708223494988357e-07
1.0665553008676624e-06
9.768985247027054e-06
8.99682409315494e-05
0.0008331106857046493
0.007756930152071085
0.0726190824072679

2.2802538196237246e-200
5.907434309737041e-166
8.748298946639607e-135
7.405550278098307e-107
3.5834393591003963e-82
9.91178309055415e-61
1.5671570633180796e-42
1.41638808487322e-27
7.317471002564954e-16
2.1609701142038194e-07
0.03647921772056638
3.520069818243832
0.194162807778451
6.121950518619898e-06
1.103373607719583e-13
1.1367484568518069e-24
6.694453977243587e-39
2.253590236010936e-56
4.336543924002127e-77
4.770034850994927e-101
2.999220250683809e-128
1.0779637898996957e-158
2.2146698364792575e-192
2.600894964722931e-229
1.746005640175919e-269
6.7000412401e-313
0.0
0.0
0.0
0.0
0.0
0.0
0.0
0.0
0.0
0.0
0.0
0.0
0.0
0.0
0.0
0.0
0.0
0.0
0.0
0.0
0.0
0.0
0.0
0.0
0.0
0.0
0.0
0.0
0.0
0.0
0.0
0.0
0.0
0.0
0.0
0.0
0.0
0.0
0.0
0.0
0.0
0.0
0.0
0.0
0.0
0.0
0.0
0.0
0.0
0.0
0.0
0.0
0.0
0.0
0.0
0.0
0.0
0.0
0.0
0.0
0.0
0.0
0.0
0.0
0.0
0.0
0.0
0.0
0.0
0.0
0.0
0.0
0.0
0.0
