0.4205191993884923
0.005321674859164122
6.867542805237901e-05
9.037429947892626e-07
3.968760048389082e-09
1.5465871939107675e-10
2.6968563415520474e-12
4.7026343911322484e-14
8.20020327962028e-16
1.429907754553402e-17
2.493396952260228e-19
4.347852749062328e-21
7.581553956097107e-23
1.3220309818819915e-24
2.3052871841007008e-26
4.0198369584454037e-28
7.009577498166814e-30
1.2222927748247963e-31
2.1313690130117106e-33
3.716567718633751e-35
6.480752756994618e-37
1.1300791342296514e-38
1.9705717800860456e-40
3.4361780721640855e-42
5.991824234076901e-44
1.04482238483038e-45
1.8219056094990498e-47
3.1769419564720276e-49
5.539782263617429e-51
9.659977918887846e-53
1.68445586891641e-54
2.9372663372171505e-56
5.121858221710458e-58
8.931271701259691e-60
1.5574115895655414e-61
2.7158509295785863e-63
4.7363515135387306e-65
8.261961583259678e-67
1.4421526178647256e-68
2.5220963653999566e-70
4.4344781702747257e-72
7.914732395441701e-74
1.4708038825015497e-75
3.0161537813529393e-77
7.507017276709848e-79
2.428052313937669e-80
9.805174009225702e-82
4.483543890814356e-83
2.1627952065181667e-84
1.0646855198336857e-85
5.279645869418926e-87
2.624899638769389e-88
1.3062186592751709e-89
6.502160426107761e-91
3.237039871692671e-92
1.6115932187413942e-93
8.023590827908643e-95
3.994700302731442e-96
1.988842366856156e-97
9.901859948749893e-99
4.929845239953581e-100
2.454425330600152e-101
1.2219864068786726e-102
6.083912110514896e-104
3.0290015374867566e-105
1.5080511255454247e-106
7.508145042871609e-108
3.7380858953317286e-109
1.8610839648199113e-110
9.265797250594334e-112
4.613174549765777e-113
2.2967700519148665e-114
1.1435001084809539e-115
5.693207613464498e-117
2.834536457819155e-118
1.411287385363783e-119
7.026928915337347e-121
3.4990396601481624e-122
1.7426020666159552e-123
8.681183686912368e-125
4.3273370503941204e-126
2.159636226607136e-127
1.0803537578729895e-128
5.4296332026742234e-130
2.7536547522347555e-131
1.420898852646143e-132
7.568983695382219e-134
4.2585585148460486e-135
2.6058755481350135e-136
1.778575594383249e-137
1.3622510795329704e-138
1.1505803268744007e-139
1.0408415811415855e-140
9.81892533189138e-142
9.482708961104837e-143
9.272999137093878e-144
9.126686933555571e-145
9.012370272751816e-146
8.915261182131629e-147
8.911654039629056e-148
1.7481072683793374e-148
8.911654039629056e-148
8.915261182131629e-147
9.012370272751816e-146
9.126686933555571e-145
9.272999137093878e-144
9.482708961104837e-143
9.81892533189138e-142
1.0408415811415855e-140
1.1505803268744007e-139
1.3622510795329704e-138
1.778575594383249e-137
2.6058755481350135e-136
4.2585585148460486e-135
7.568983695382219e-134
1.420898852646143e-132
2.7536547522347555e-131
5.4296332026742234e-130
1.0803537578729895e-128
2.159636226607136e-127
4.3273370503941204e-126
8.681183686912368e-125
1.7426020666159552e-123
3.4990396601481624e-122
7.026928915337347e-121
1.411287385363783e-119
2.834536457819155e-118
5.693207613464498e-117
1.1435001084809539e-115
2.2967700519148665e-114
4.613174549765777e-113
9.265797250594334e-112
1.8610839648199113e-110
3.7380858953317286e-109
7.508145042871609e-108
1.5080511255454247e-106
3.0290015374867566e-105
6.083912110514896e-104
1.2219864068786726e-102
2.454425330600152e-101
4.929845239953581e-100
9.901859948749893e-99
1.988842366856156e-97
3.994700302731442e-96
8.023590827908643e-95
1.6115932187413942e-93
3.237039871692671e-92
6.502160426107761e-91
1.3062186592751709e-89
2.624899638769389e-88
5.279645869418926e-87
1.0646855198336857e-85
2.1627952065181667e-84
4.483543890814356e-83
9.805174009225702e-82
2.428052313937669e-80
7.507017276709848e-79
3.0161537813529393e-77
1.4708038825015497e-75
7.914732395441701e-74
4.4344781702747257e-72
2.5220963653999566e-70
1.4421526178647256e-68
8.261961583259678e-67
4.7363515135387306e-65
2.7158509295785863e-63
1.5574115895655414e-61
8.931271701259691e-60
5.121858221710458e-58
2.9372663372171505e-56
1.68445586891641e-54
9.659977918887846e-53
5.539782263617429e-51
3.1769419564720276e-49
1.8219056094990498e-47
1.04482238483038e-45
5.991824234076901e-44
3.4361780721640855e-42
1.9705717800860456e-40
1.1300791342296514e-38
6.480752756994618e-37
3.716567718633751e-35
2.1313690130117106e-33
1.2222927748247963e-31
7.009577498166814e-30
4.0198369584454037e-28
2.3052871841007008e-26
1.3220309818819915e-24
7.581553956097107e-23
4.347852749062328e-21
2.493396952260228e-19
1.429907754553402e-17
8.20020327962028e-16
4.7026343911322484e-14
2.6968563415520474e-12
1.5465871939107675e-10
3.968760048389082e-09
9.037429947892626e-07
6.867542805237901e-05
0.005321674859164122

1.1102255560675133e-213
1.7623783229479237e-194
3.4687342107035444e-176
8.464998074822549e-159
2.561336642669995e-142
9.609270532490656e-127
4.469903393783208e-112
2.5780409560411677e-98
1.843594682587841e-85
1.6346509832448818e-73
1.7970848877814587e-62
2.4496052436179306e-52
4.140068937766343e-43
8.675669544112405e-35
2.254147802120095e-27
7.261824271203792e-21
2.900634715514145e-15
1.4365617690736097e-10
8.821440869363371e-07
0.0006716433345484948
0.06340475806581393
0.7421453133431807
1.0770602734167625
0.1938094837554422
0.0043240827930349016
1.196181098687822e-05
4.102832900308491e-09
1.7448362767419303e-13
9.200458982794772e-19
6.015174958562831e-25
4.87608191659107e-32
4.900920763640784e-40
6.107568238399152e-49
9.43719510333915e-59
1.8080127896466857e-69
4.294810653736255e-81
1.2649416834834565e-93
4.619350808598101e-107
2.091584165306719e-121
1.1742314392963202e-136
8.173649714682092e-153
7.054436011775732e-170
7.549054034091064e-188
1.0016286267177168e-206
1.6478014527923794e-226
3.3611430270714804e-247
8.500668186119759e-269
2.6656498043379694e-291
1.036423096e-314
0.0
0.0
0.0
0.0
0.0
0.0
0.0
0.0
0.0
0.0
0.0
0.0
0.0
0.0
0.0
0.0
0.0
0.0
0.0
0.0
0.0
0.0
0.0
0.0
0.0
0.0
0.0
0.0
0.0
0.0
0.0
0.0
0.0
0.0
0.0
0.0
0.0
0.0
0.0
0.0
0.0
0.0
0.0
0.0
0.0
0.0
0.0
0.0
0.0
0.0
0.0
