0.34988519043023303
0.003998360359344716
4.963147881611673e-05
6.691930296641184e-07
9.35515339308851e-09
2.7763896317813514e-10
4.845245017614069e-12
8.468423374394083e-14
1.4864088699328532e-15
2.6403669996766992e-17
4.845351084466364e-19
9.65021893595896e-21
2.2809625567716117e-22
6.957604958877804e-24
2.6988372922717105e-25
1.2120937940806773e-26
5.823510278323618e-28
2.8806778382143896e-29
1.448955922432421e-30
7.418589201768548e-32
3.9073072672903025e-33
2.160413703513275e-34
1.2913648327130074e-35
8.605067651712428e-37
6.499972886339699e-38
5.527862401070178e-39
5.178555806600756e-40
5.23641216242376e-41
5.6602631976666354e-42
6.547166523790322e-43
8.161717632489227e-44
1.1050631953492418e-44
1.6321679353227553e-45
2.6300816022109737e-46
4.61348972904654e-47
8.790213776732044e-48
1.8175059544664568e-48
4.078717716990364e-49
9.939472172095016e-50
2.6311500037066424e-50
7.566661811831307e-51
2.3637874448057413e-51
8.020692634320568e-52
2.9556813237046133e-52
1.1826028739272622e-52
5.134876301069334e-53
2.417066246814668e-53
1.2330983058483697e-53
6.767694160015392e-54
3.9979292467043746e-54
2.5247901863010432e-54
1.6939116885590166e-54
1.1991171753207679e-54
8.8944839488165e-55
6.867232203460403e-55
5.485456291579546e-55
4.509215627789386e-55
3.7972390817214e-55
3.263264187210722e-55
2.8528266324827437e-55
2.5304699251377145e-55
2.2724572069216846e-55
2.0624869631174468e-55
1.8891006714430875e-55
1.744071589417784e-55
1.6213781518757011e-55
1.5165346313497501e-55
1.4261453307119982e-55
1.3476017371923702e-55
1.2788729949327794e-55
1.2183584615269755e-55
1.1647823072830717e-55
1.1171170600211881e-55
1.0745273880810171e-55
1.0363282388964926e-55
1.001953298516424e-55
9.709309655442144e-56
9.428658611832466e-56
9.17424463399624e-56
8.943238455479687e-56
8.733227749696856e-56
8.542146223151837e-56
8.368216724055502e-56
8.209905289794788e-56
8.065883799980954e-56
7.934999451042894e-56
7.816249677827527e-56
7.7087614555869495e-56
7.611774149168139e-56
7.524625254592579e-56
7.446738515559587e-56
7.377614003967601e-56
7.316819836851442e-56
7.2639852677639185e-56
7.2187949427605575e-56
7.180984152922791e-56
7.150334949170457e-56
7.126673012806763e-56
7.109865198235422e-56
7.099817683714952e-56
7.096474682771154e-56
7.099817683714952e-56
7.109865198235422e-56
7.126673012806763e-56
7.150334949170457e-56
7.180984152922791e-56
7.2187949427605575e-56
7.2639852677639185e-56
7.316819836851442e-56
7.377614003967601e-56
7.446738515559587e-56
7.524625254592579e-56
7.611774149168139e-56
7.7087614555869495e-56
7.816249677827527e-56
7.934999451042894e-56
8.065883799980954e-56
8.209905289794788e-56
8.368216724055502e-56
8.542146223151837e-56
8.733227749696856e-56
8.943238455479687e-56
9.17424463399624e-56
9.428658611832466e-56
9.709309655442144e-56
1.001953298516424e-55
1.0363282388964926e-55
1.0745273880810171e-55
1.1171170600211881e-55
1.1647823072830717e-55
1.2183584615269755e-55
1.2788729949327794e-55
1.3476017371923702e-55
1.4261453307119982e-55
1.5165346313497501e-55
1.6213781518757011e-55
1.744071589417784e-55
1.8891006714430875e-55
2.0624869631174468e-55
2.2724572069216846e-55
2.5304699251377145e-55
2.8528266324827437e-55
3.263264187210722e-55
3.7972390817214e-55
4.509215627789386e-55
5.485456291579546e-55
6.867232203460403e-55
8.8944839488165e-55
1.1991171753207679e-54
1.6939116885590166e-54
2.5247901863010432e-54
3.9979292467043746e-54
6.767694160015392e-54
1.2330983058483697e-53
2.417066246814668e-53
5.134876301069334e-53
1.1826028739272622e-52
2.9556813237046133e-52
8.020692634320568e-52
2.3637874448057413e-51
7.566661811831307e-51
2.6311500037066424e-50
9.939472172095016e-50
4.078717716990364e-49
1.8175059544664568e-48
8.790213776732044e-48
4.61348972904654e-47
2.6300816022109737e-46
1.6321679353227553e-45
1.1050631953492418e-44
8.161717632489227e-44
6.547166523790322e-43
5.6602631976666354e-42
5.23641216242376e-41
5.178555806600756e-40
5.527862401070178e-39
6.499972886339699e-38
8.605067651712428e-37
1.2913648327130074e-35
2.160413703513275e-34
3.9073072672903025e-33
7.418589201768548e-32
1.448955922432421e-30
2.8806778382143896e-29
5.823510278323618e-28
1.2120937940806773e-26
2.6988372922717105e-25
6.957604958877804e-24
2.2809625567716117e-22
9.65021893595896e-21
4.845351084466364e-19
2.6403669996766992e-17
1.4864088699328532e-15
8.468423374394083e-14
4.845245017614069e-12
2.7763896317813514e-10
9.35515339308851e-09
6.691930296641184e-07
4.963147881611673e-05
0.003998360359344716

1.6213903454092675e-54
7.767437071775273e-50
2.27175522625343e-45
4.056383053927549e-41
4.421911182152367e-37
2.9428945596121204e-33
1.1957297112458071e-29
2.9660944120457205e-26
4.4919048919959285e-23
4.153074917284481e-20
2.3442429040606594e-17
8.078469437665508e-15
1.6996096727179756e-12
2.1830462328285898e-10
1.711868120051622e-08
8.195421722893938e-07
2.3953332358551148e-05
0.00042741937599123707
0.004656247993331351
0.030967891126192252
0.12574212385161682
0.31170486678443815
0.4717370711307551
0.43586305749058785
0.24586332309187398
0.08467029346635366
0.017801721989591943
0.002285002056203538
0.00017906256760490707
8.566761013055416e-06
2.502200618106143e-07
4.461914397877088e-09
4.857513011861078e-11
3.228496669486418e-13
1.3100272946961048e-15
3.2452934822669504e-18
4.90818859866139e-21
4.531918995001179e-24
2.554680931336227e-27
8.791942228426274e-31
1.8472540039658707e-34
2.3695290585168027e-38
1.8556287515828762e-42
8.871841584940553e-47
2.5895845512580665e-51
4.614663566178008e-56
5.020461306370747e-61
3.3345776570592333e-66
1.352171192182263e-71
3.347465840140635e-77
5.059344591282505e-83
4.668377830489617e-89
2.6298523569033715e-95
9.044620897691542e-102
1.899078865934766e-108
2.4343850075864203e-115
1.905149934907446e-122
9.102541912574806e-130
2.6551547980014517e-137
4.728361103558507e-145
5.140733115555173e-153
3.4121892547529937e-161
1.382721754785226e-169
3.4208191291515253e-178
5.166769175587757e-187
4.764327852169143e-196
2.6821178118411117e-205
9.218233246539512e-215
1.9342435921625305e-224
2.4778115461229338e-234
1.9378448782287934e-244
9.252591276299627e-255
2.697126885967531e-265
4.799909068300669e-276
5.215047557528613e-287
3.4592119139420327e-298
1.40084374214152e-309
3.463e-321
0.0
0.0
0.0
0.0
0.0
0.0
0.0
0.0
0.0
0.0
0.0
0.0
0.0
0.0
0.0
0.0
0.0
0.0
0.0
0.0
0.0
0.0
