1.1868002641670767
0.15093108238991068
0.02752599818197349
0.006440890568515345
0.0018780040021850735
0.0006627951101320147
0.0002727985198488557
0.00012670111920170206
6.489766123531555e-05
3.6123932869859695e-05
2.1633210970948896e-05
1.3827839854596093e-05
9.366189354834584e-06
6.676226909652469e-06
4.974582018624702e-06
3.850533795299515e-06
3.0786501345599e-06
2.529925727553059e-06
2.127659992891433e-06
1.8246228265147011e-06
1.5907804765458661e-06
1.4064629277949833e-06
1.258435203194779e-06
1.1375695121816071e-06
1.0374269487909966e-06
9.533707030650432e-07
8.819981206746915e-07
8.207687676193428e-07
7.677557626528102e-07
7.214762987617335e-07
6.807740561377675e-07
6.447362543606976e-07
6.126342305556453e-07
5.838802558717653e-07
5.579957306261824e-07
5.345874662205577e-07
5.133297907963998e-07
4.939509011833282e-07
4.7622234716345454e-07
4.5995085166823356e-07
4.449718909601907e-07
4.3114461371400186e-07
4.1834778795631434e-07
4.064765438712088e-07
3.95439737843458e-07
3.851578051474248e-07
3.755609997763755e-07
3.665879430982107e-07
3.5818442046842996e-07
3.5030237815709545e-07
3.428990830493112e-07
3.359364153510259e-07
3.2938027055213666e-07
3.2320005159222093e-07
3.173682358558785e-07
3.118600045298122e-07
3.066529241591861e-07
3.017266720801802e-07
2.970627988808414e-07
2.9264452223129854e-07
2.8845654738725716e-07
2.844849104539946e-07
2.807168411381085e-07
2.771406422394444e-07
2.737455835683039e-07
2.705218083308946e-07
2.6746025032307726e-07
2.6455256052000617e-07
2.6179104185623e-07
2.5916859116446075e-07
2.566786473873634e-07
2.543151453001179e-07
2.520724740860096e-07
2.499454401960789e-07
2.479292339994786e-07
2.460193997957943e-07
2.442118088159142e-07
2.425026348855704e-07
2.408883324734697e-07
2.39365616831918e-07
2.3793144612047423e-07
2.3658300516928328e-07
2.353176908296995e-07
2.3413309871449186e-07
2.3302701120436848e-07
2.319973866046263e-07
2.3104234934931012e-07
2.3016018116223374e-07
2.2934931309480657e-07
2.2860831837000145e-07
2.2793590597016537e-07
2.2733091491385042e-07
2.2679230917355278e-07
2.263191731923027e-07
2.259107079625286e-07
2.255662276356281e-07
2.2528515663526548e-07
2.250670272516607e-07
2.249114776980939e-07
2.2481825061456822e-07
2.2478719200710912e-07
2.2481825061456822e-07
2.249114776980939e-07
2.250670272516607e-07
2.2528515663526548e-07
2.255662276356281e-07
2.259107079625286e-07
2.263191731923027e-07
2.2679230917355278e-07
2.2733091491385042e-07
2.2793590597016537e-07
2.2860831837000145e-07
2.2934931309480657e-07
2.3016018116223374e-07
2.3104234934931012e-07
2.319973866046263e-07
2.3302701120436848e-07
2.3413309871449186e-07
2.353176908296995e-07
2.3658300516928328e-07
2.3793144612047423e-07
2.39365616831918e-07
2.408883324734697e-07
2.425026348855704e-07
2.442118088159142e-07
2.460193997957943e-07
2.479292339994786e-07
2.499454401960789e-07
2.520724740860096e-07
2.543151453001179e-07
2.566786473873634e-07
2.5916859116446075e-07
2.6179104185623e-07
2.6455256052000617e-07
2.6746025032307726e-07
2.705218083308946e-07
2.737455835683039e-07
2.771406422394444e-07
2.807168411381085e-07
2.844849104539946e-07
2.8845654738725716e-07
2.9264452223129854e-07
2.970627988808414e-07
3.017266720801802e-07
3.066529241591861e-07
3.118600045298122e-07
3.173682358558785e-07
3.2320005159222093e-07
3.2938027055213666e-07
3.359364153510259e-07
3.428990830493112e-07
3.5030237815709545e-07
3.5818442046842996e-07
3.665879430982107e-07
3.755609997763755e-07
3.851578051474248e-07
3.95439737843458e-07
4.064765438712088e-07
4.1834778795631434e-07
4.3114461371400186e-07
4.449718909601907e-07
4.5995085166823356e-07
4.7622234716345454e-07
4.939509011833282e-07
5.133297907963998e-07
5.345874662205577e-07
5.579957306261824e-07
5.838802558717653e-07
6.126342305556453e-07
6.447362543606976e-07
6.807740561377675e-07
7.214762987617335e-07
7.677557626528102e-07
8.207687676193428e-07
8.819981206746915e-07
9.533707030650432e-07
1.0374269487909966e-06
1.1375695121816071e-06
1.258435203194779e-06
1.4064629277949833e-06
1.5907804765458661e-06
1.8246228265147011e-06
2.127659992891433e-06
2.529925727553059e-06
3.0786501345599e-06
3.850533795299515e-06
4.974582018624702e-06
6.676226909652469e-06
9.366189354834584e-06
1.3827839854596093e-05
2.1633210970948896e-05
3.6123932869859695e-05
6.489766123531555e-05
0.00012670111920170206
0.0002727985198488557
0.0006627951101320147
0.0018780040021850735
0.006440890568515345
0.02752599818197349
0.15093108238991068

9.545836334960956e-06
0.0001679346371749994
0.0018272628759466146
0.011793823167861262
0.0449398536259056
0.10301976072287938
0.16177001590787107
0.27191341797289176
0.5836970696787506
0.9736602936820284
0.9877652927318692
0.6093535909183183
0.28896026023304405
0.1984477917852808
0.21791253627760487
0.2492343777879614
0.26153906832047
0.24872178563019165
0.21421810794600876
0.16709157964125
0.11803445683547568
0.07551250896670433
0.04375068409010715
0.02295655148149303
0.010908983970639729
0.004694807734223794
0.0018298149537529975
0.0006458808183287697
0.00020646833453660693
5.9773732494204505e-05
1.5671954063906975e-05
3.721275106478924e-06
8.002326350340288e-07
1.55846334855845e-07
2.748734420347622e-08
4.39060959184858e-09
6.351447551791693e-10
8.321018045326666e-11
9.872702829052045e-12
1.0608439871524725e-12
1.0323401700823226e-13
9.098084953909654e-15
7.261611363588674e-16
5.248943157523105e-17
3.436106298804328e-18
2.0371225906259683e-19
1.0937639182409139e-20
5.318459707976041e-22
2.3420923075635477e-23
9.340669274221196e-25
3.3737106814671926e-26
1.1035538503824262e-27
3.2691517310202986e-29
8.770664103256471e-31
2.1310112038257023e-32
4.6891577207282e-34
9.34458032274014e-36
1.6864777491019678e-37
2.7564954701171834e-39
4.080278472014922e-41
5.469884778163002e-43
6.640830654793502e-45
7.301674797766821e-47
7.270736750696305e-49
6.556773900985066e-51
5.354979946646629e-53
3.960785678021003e-55
2.6531431956268943e-57
1.6095181971179464e-59
8.842741821515136e-62
4.399809293069951e-64
1.9826069005470836e-66
8.090870080014605e-69
2.990265119109956e-71
1.0008754012580048e-73
3.0339344243198775e-76
8.328910917077562e-79
2.0707425033145535e-81
4.662510595993078e-84
9.507567537966004e-87
1.7557992526441755e-89
2.9365415747186105e-92
4.4478824511908494e-95
6.101355101224112e-98
7.579754784251841e-101
8.527856094551252e-104
8.689212609675076e-107
8.018199131672173e-110
6.700837791723127e-113
5.071509293247872e-116
3.4761715398265e-119
2.1578488812842972e-122
1.2131002925043986e-125
6.176297989652477e-129
2.847840281304244e-132
1.1892108671452534e-135
4.497363211971802e-139
1.5403269368086591e-142
4.777753186935819e-146
1.342116960811046e-149
