0.4824594467965932
0.026189836765371257
0.0017118447758914213
0.00013472729281928218
1.2767514875602568e-05
1.4568556687504122e-06
2.0016335170081472e-07
3.311319684465831e-08
6.595970919695951e-09
1.5806612273685554e-09
4.5525224330736407e-10
1.5695546813781459e-10
6.423990032786748e-11
3.077296241013603e-11
1.691467482462644e-11
1.04261911749728e-11
7.044875267926783e-12
5.114282677670485e-12
3.924262066632261e-12
3.142618317484319e-12
2.6015708602851164e-12
2.210505358231633e-12
1.91754315083775e-12
1.6914380689149933e-12
1.5125231240738634e-12
1.3679355994114091e-12
1.248976639259256e-12
1.149588368747943e-12
1.0654419651711882e-12
9.933729612958083e-13
9.310209105797369e-13
8.765931747527772e-13
8.28706273466153e-13
7.862769656702641e-13
7.484459728506733e-13
7.145235882014548e-13
6.839502481659109e-13
6.562675167641823e-13
6.310964359049318e-13
6.081211653378455e-13
5.870764742648787e-13
5.67738073765345e-13
5.499150695550821e-13
5.334440149149618e-13
5.181841837235382e-13
5.040137827753227e-13
4.908268937187345e-13
4.785309865336527e-13
4.670448842636723e-13
4.562970866842859e-13
4.4622438147477416e-13
4.367706871980881e-13
4.278860843478513e-13
4.1952599987492497e-13
4.116505176663667e-13
4.0422379293401953e-13
3.9721355275865e-13
3.90590668410525e-13
3.843287877392756e-13
3.784040180534779e-13
3.727946516137719e-13
3.6748092723426047e-13
3.6244482259579943e-13
3.5766987277597e-13
3.5314101123629393e-13
3.4884443011058303e-13
3.4476745713514455e-13
3.408984469723387e-13
3.3722668501993014e-13
3.3374230208271387e-13
3.304361985203901e-13
3.2729997668490906e-13
3.243258806282463e-13
3.2150674220321804e-13
3.188359327999625e-13
3.163073200626849e-13
3.1391522901818226e-13
3.116544071219454e-13
3.095199927913152e-13
3.075074870498913e-13
3.0561272795456107e-13
3.038318675172745e-13
3.0216135086900707e-13
3.005978974440319e-13
2.9913848398935966e-13
2.977803292275456e-13
2.9652088002152757e-13
2.953577989081267e-13
2.942889528826877e-13
2.9331240333134694e-13
2.9242639701984646e-13
2.9162935805889594e-13
2.909198807759936e-13
2.9029672343253304e-13
2.897588027330784e-13
2.89305189081015e-13
2.8893510254148934e-13
2.8864790947873583e-13
2.8844311984063664e-13
2.883203850687613e-13
2.8827949661724344e-13
2.883203850687613e-13
2.8844311984063664e-13
2.8864790947873583e-13
2.8893510254148934e-13
2.89305189081015e-13
2.897588027330784e-13
2.9029672343253304e-13
2.909198807759936e-13
2.9162935805889594e-13
2.9242639701984646e-13
2.9331240333134694e-13
2.942889528826877e-13
2.953577989081267e-13
2.9652088002152757e-13
2.977803292275456e-13
2.9913848398935966e-13
3.005978974440319e-13
3.0216135086900707e-13
3.038318675172745e-13
3.0561272795456107e-13
3.075074870498913e-13
3.095199927913152e-13
3.116544071219454e-13
3.1391522901818226e-13
3.163073200626849e-13
3.188359327999625e-13
3.2150674220321804e-13
3.243258806282463e-13
3.2729997668490906e-13
3.304361985203901e-13
3.3374230208271387e-13
3.3722668501993014e-13
3.408984469723387e-13
3.4476745713514455e-13
3.4884443011058303e-13
3.5314101123629393e-13
3.5766987277597e-13
3.6244482259579943e-13
3.6748092723426047e-13
3.727946516137719e-13
3.784040180534779e-13
3.843287877392756e-13
3.90590668410525e-13
3.9721355275865e-13
4.0422379293401953e-13
4.116505176663667e-13
4.1952599987492497e-13
4.278860843478513e-13
4.367706871980881e-13
4.4622438147477416e-13
4.562970866842859e-13
4.670448842636723e-13
4.785309865336527e-13
4.908268937187345e-13
5.040137827753227e-13
5.181841837235382e-13
5.334440149149618e-13
5.499150695550821e-13
5.67738073765345e-13
5.870764742648787e-13
6.081211653378455e-13
6.310964359049318e-13
6.562675167641823e-13
6.839502481659109e-13
7.145235882014548e-13
7.484459728506733e-13
7.862769656702641e-13
8.28706273466153e-13
8.765931747527772e-13
9.310209105797369e-13
9.933729612958083e-13
1.0654419651711882e-12
1.149588368747943e-12
1.248976639259256e-12
1.3679355994114091e-12
1.5125231240738634e-12
1.6914380689149933e-12
1.91754315083775e-12
2.210505358231633e-12
2.6015708602851164e-12
3.142618317484319e-12
3.924262066632261e-12
5.114282677670485e-12
7.044875267926783e-12
1.04261911749728e-11
1.691467482462644e-11
3.077296241013603e-11
6.423990032786748e-11
1.5695546813781459e-10
4.5525224330736407e-10
1.5806612273685554e-09
6.595970919695951e-09
3.311319684465831e-08
2.0016335170081472e-07
1.4568556687504122e-06
1.2767514875602568e-05
0.00013472729281928218
0.0017118447758914213
0.026189836765371257

1.2089992783702221e-11
2.850483040519349e-10
5.394821869339389e-09
8.196000673820603e-08
9.995236847697482e-07
9.784765502198822e-06
7.689072971023912e-05
0.00048502460549824315
0.0024559515097958766
0.009982562380603969
0.03257095599555573
0.08530710560551236
0.1793519637936134
0.30268666877371414
0.4100593126081306
0.4459295918735248
0.38927107546197054
0.2727747742059032
0.15343431652487374
0.06927986446514427
0.02511064011567145
0.0073059175439388335
0.0017063101613149902
0.0003198949733713859
4.814188408783457e-05
5.815739938370667e-06
5.639662323578783e-07
4.3900296418576165e-08
2.7431403737855655e-09
1.3759252476423565e-10
5.539975902399266e-12
1.7905528310994638e-13
4.645501789239431e-15
9.674852484240615e-17
1.617418105277781e-18
2.1705334182462706e-20
2.3381742932279014e-22
2.0218713306586027e-24
1.4034481587823227e-26
7.819976791635383e-29
3.497685699149127e-31
1.2558053435151097e-33
3.619345980262679e-36
8.373443644461668e-39
1.5550499065483215e-41
2.318199401531401e-44
2.7741087066301395e-47
2.664786316149218e-50
2.054790418113149e-53
1.2718588090123208e-56
6.319409531384631e-60
2.52046300660835e-63
8.069569798920445e-67
2.073894526649834e-70
4.27847675255788e-74
7.085294653905985e-78
9.418741619396178e-82
1.0050648362235082e-85
8.609174337570175e-90
5.919638066677003e-94
3.2673453013291744e-98
1.447641892223323e-102
5.148651288004027e-107
1.4699143948204747e-111
3.368657329882937e-116
6.1970907518174526e-121
9.151348721654157e-126
1.084797265649838e-130
1.0322343019197083e-135
7.884501136509625e-141
4.8343309868516385e-146
2.3793852823566426e-151
9.400682576883823e-157
2.9813999120510124e-162
7.590096686876933e-168
1.551102901547368e-173
2.5444864378907905e-179
3.350625572230593e-185
3.541749858221554e-191
3.005218819044932e-197
2.0469184592255692e-203
1.1191575100750684e-209
4.9118841188600974e-216
1.7304985491773768e-222
4.893962021762315e-229
1.1110054215118707e-235
2.024594206648308e-242
2.9615974637148366e-249
3.477605366097487e-256
3.277938440559e-263
2.4802046500403483e-270
1.5064005641617183e-277
7.344456282285722e-285
2.8743857991177176e-292
9.030185987885798e-300
2.277270184116121e-307
4.60997588e-315
7.4e-323
0.0
0.0
