0.5103580191780707
0.27541265237383583
0.1653143844862266
0.10849275633937568
0.076569696567675
0.0572703258052584
0.0448498916706521
0.036422741504301664
0.030445061583925077
0.026043447911102496
0.022698775558213473
0.020088769875756356
0.018005541739258165
0.016310377209048182
0.014907913964877475
0.013730836530026502
0.01273049888333677
0.011871003842611026
0.01112536222161804
0.010472939261950339
0.009897718659771394
0.009387098254578284
0.008931038972106169
0.008521453159296945
0.008151758116344382
0.007816545543146033
0.007511333580391541
0.007232378545880365
0.0069765303873177455
0.006741120543502651
0.0065238741054472246
0.006322840391632143
0.006136337615854512
0.005962908440512477
0.005801284011200612
0.005650354653402558
0.005509145842431323
0.00537679837744511
0.005252551929965401
0.005135731318431942
0.005025734998326739
0.0049220253633489985
0.004824120535055274
0.004731587382172394
0.00464403556078461
0.00456111240601831
0.004482498537116751
0.004407904062739022
0.004337065293319028
0.004269741883442355
0.0042057143402576365
0.004144781844566081
0.004086760339919862
0.004031480852191766
0.003978788007957636
0.003928538724898712
0.0038806010514733287
0.003834853136477918
0.0037911823119376243
0.0037494842751348047
0.0037096623575783457
0.0036716268704022627
0.003635294517110662
0.0036005878658006037
0.0035674348740297266
0.0035357684603805695
0.0035055261175320944
0.00347664956230087
0.0034490844186759683
0.003422779930356677
0.003397688699721965
0.0033737664505249804
0.0033509718119226223
0.003329266121726334
0.003308613247001466
0.0032889794203535476
0.0032703330904250106
0.0032526447852885944
0.00323588698756697
0.00322003402023461
0.003205061942169761
0.0031909484526235154
0.0031776728038609855
0.0031652157213079234
0.003153559330606035
0.0031426870910426508
0.0031325837348764765
0.0031232352121314
0.0031146286404756993
0.0031067522598449415
0.0030995953915040333
0.0030931484012776556
0.0030874026667092208
0.0030823505479367777
0.0030779853621004517
0.003074301361120135
0.00307129371270477
0.0030689584844756225
0.003067292631106023
0.003066293984398983
0.0030659612462423727
0.003066293984398983
0.003067292631106023
0.0030689584844756225
0.00307129371270477
0.003074301361120135
0.0030779853621004517
0.0030823505479367777
0.0030874026667092208
0.0030931484012776556
0.0030995953915040333
0.0031067522598449415
0.0031146286404756993
0.0031232352121314
0.0031325837348764765
0.0031426870910426508
0.003153559330606035
0.0031652157213079234
0.0031776728038609855
0.0031909484526235154
0.003205061942169761
0.00322003402023461
0.00323588698756697
0.0032526447852885944
0.0032703330904250106
0.0032889794203535476
0.003308613247001466
0.003329266121726334
0.0033509718119226223
0.0033737664505249804
0.003397688699721965
0.003422779930356677
0.0034490844186759683
0.00347664956230087
0.0035055261175320944
0.0035357684603805695
0.0035674348740297266
0.0036005878658006037
0.003635294517110662
0.0036716268704022627
0.0037096623575783457
0.0037494842751348047
0.0037911823119376243
0.003834853136477918
0.0038806010514733287
0.003928538724898712
0.003978788007957636
0.004031480852191766
0.004086760339919862
0.004144781844566081
0.0042057143402576365
0.004269741883442355
0.004337065293319028
0.004407904062739022
0.004482498537116751
0.00456111240601831
0.00464403556078461
0.004731587382172394
0.004824120535055274
0.0049220253633489985
0.005025734998326739
0.005135731318431942
0.005252551929965401
0.00537679837744511
0.005509145842431323
0.005650354653402558
0.005801284011200612
0.005962908440512477
0.006136337615854512
0.006322840391632143
0.0065238741054472246
0.006741120543502651
0.0069765303873177455
0.007232378545880365
0.007511333580391541
0.007816545543146033
0.008151758116344382
0.008521453159296945
0.008931038972106169
0.009387098254578284
0.009897718659771394
0.010472939261950339
0.01112536222161804
0.011871003842611026
0.01273049888333677
0.013730836530026502
0.014907913964877475
0.016310377209048182
0.018005541739258165
0.020088769875756356
0.022698775558213473
0.026043447911102496
0.030445061583925077
0.036422741504301664
0.0448498916706521
0.0572703258052584
0.076569696567675
0.10849275633937568
0.1653143844862266
0.27541265237383583

0.14700303023564176
0.29865359806971625
0.4635188223653407
0.549572706991077
0.49778418839090954
0.34444128242083144
0.1820738000423038
0.07352548098790276
0.022682266617164763
0.0053455597314629125
0.0009624054670122551
0.0001323674294319296
1.3907925238756995e-05
1.1163534502290404e-06
6.845406601907738e-08
3.2066749465643392e-09
1.1475425213826503e-10
3.137189799229584e-12
6.551955820893312e-14
1.0453441314551928e-15
1.274106612002543e-17
1.1863433835660848e-19
8.438654660451422e-22
4.5855789514196424e-24
1.903589475530589e-26
6.036852625180251e-29
1.4625341359523525e-31
2.706821441740921e-34
3.827113688339461e-37
4.133722112797147e-40
3.410902862284133e-43
2.150084774699556e-46
1.0353804851726414e-49
3.808925913539863e-53
1.070442231138942e-56
2.2981697436561098e-60
3.769286332610388e-64
4.722743029893158e-68
4.520512356246054e-72
3.3055152456007936e-76
1.8464979394705556e-80
7.879826389550932e-85
2.568872974292295e-89
6.397742692254705e-94
1.2172199674792056e-98
1.7691698334074757e-103
1.964391932765764e-108
1.6662682431090646e-113
1.0797416436476486e-118
5.345064433490702e-124
2.0213624656310026e-129
5.839741298602158e-135
1.2888464459858064e-140
2.173035930549766e-146
2.798921996783478e-152
2.754056477914524e-158
2.070203545299518e-164
1.1888071617860477e-170
5.215163595825773e-177
1.7477633138607957e-183
4.474612800722787e-190
8.751579881352428e-197
1.3076021340539427e-203
1.4925295526962518e-210
1.3014527830186523e-217
8.669460111081531e-225
4.411780003739928e-232
1.7151171993109368e-239
5.09368301849619e-247
1.1556549589881582e-254
2.003007697109502e-262
2.652132442390414e-270
2.6826619965808688e-278
2.0729788194923296e-286
1.2237196433875898e-294
5.518577642404396e-303
1.901211977892e-311
5.004e-320
0.0
0.0
0.0
0.0
0.0
0.0
0.0
0.0
0.0
0.0
0.0
0.0
0.0
0.0
0.0
0.0
0.0
0.0
0.0
0.0
0.0
0.0
