1.187672517053992
0.08028019519559189
0.005872448567961122
0.0004563014452607782
3.730649808547473e-05
3.2040914251583385e-06
2.9090088471648603e-07
2.8371157927414577e-08
3.4481521302852157e-09
4.310836746477677e-10
6.24638222804665e-11
1.0942490545153712e-11
2.3520880489807196e-12
6.115325620627072e-13
1.8774073070710848e-13
6.678647750688512e-14
2.7204482998821916e-14
1.2574701484039523e-14
6.5316688806468905e-15
3.767803454019032e-15
2.379367797041972e-15
1.6221035366667746e-15
1.1773951954022842e-15
8.990104397294082e-16
7.149075507962817e-16
5.873175693306218e-16
4.953035732543541e-16
4.2666667633250563e-16
3.739770952975261e-16
3.3252798019518916e-16
2.9923143072330037e-16
2.7199778283314053e-16
2.4937333048038754e-16
2.303216054090781e-16
2.1408721561008922e-16
2.0010868819758132e-16
1.879612520660809e-16
1.7731840173276765e-16
1.6792553057689668e-16
1.59581493855807e-16
1.521254886601719e-16
1.4542756615057424e-16
1.393816683021447e-16
1.3390044735324555e-16
1.2891136277797992e-16
1.2435370632351438e-16
1.201763098326202e-16
1.1633576134640815e-16
1.1279500375666752e-16
1.0952222434343752e-16
1.0648996762712357e-16
1.0367442120666444e-16
1.0105483673144068e-16
9.861305727654215e-17
9.633312912612445e-17
9.420098098856641e-17
9.22041574400469e-17
9.0331596252863e-17
8.857344144934817e-17
8.692088560343661e-17
8.536603621486529e-17
8.390180199758027e-17
8.252179572211486e-17
8.122025088225164e-17
7.99919499572652e-17
7.883216244128742e-17
7.773659113278602e-17
7.670132543661463e-17
7.572280064154186e-17
7.479776230764534e-17
7.392323503830429e-17
7.30964950268777e-17
7.231504586335844e-17
7.157659716517063e-17
7.087904566188221e-17
7.022045841836448e-17
6.959905792680467e-17
6.901320883653723e-17
6.846140612317945e-17
6.79422645260737e-17
6.745450910639369e-17
6.699696679815784e-17
6.656855884137645e-17
6.616829400110972e-17
6.57952624887129e-17
6.544863051232301e-17
6.512763539295585e-17
6.483158119066399e-17
6.455983479223836e-17
6.431182241807968e-17
6.408702651124877e-17
6.388498297644624e-17
6.370527874086311e-17
6.354754961256838e-17
6.341147841542784e-17
6.329679338254255e-17
6.320326679290518e-17
6.313071383844822e-17
6.307899171093756e-17
6.304799890028749e-17
6.303767469786917e-17
6.304799890028749e-17
6.307899171093756e-17
6.313071383844822e-17
6.320326679290518e-17
6.329679338254255e-17
6.341147841542784e-17
6.354754961256838e-17
6.370527874086311e-17
6.388498297644624e-17
6.408702651124877e-17
6.431182241807968e-17
6.455983479223836e-17
6.483158119066399e-17
6.512763539295585e-17
6.544863051232301e-17
6.57952624887129e-17
6.616829400110972e-17
6.656855884137645e-17
6.699696679815784e-17
6.745450910639369e-17
6.79422645260737e-17
6.846140612317945e-17
6.901320883653723e-17
6.959905792680467e-17
7.022045841836448e-17
7.087904566188221e-17
7.157659716517063e-17
7.231504586335844e-17
7.30964950268777e-17
7.392323503830429e-17
7.479776230764534e-17
7.572280064154186e-17
7.670132543661463e-17
7.773659113278602e-17
7.883216244128742e-17
7.99919499572652e-17
8.122025088225164e-17
8.252179572211486e-17
8.390180199758027e-17
8.536603621486529e-17
8.692088560343661e-17
8.857344144934817e-17
9.0331596252863e-17
9.22041574400469e-17
9.420098098856641e-17
9.633312912612445e-17
9.861305727654215e-17
1.0105483673144068e-16
1.0367442120666444e-16
1.0648996762712357e-16
1.0952222434343752e-16
1.1279500375666752e-16
1.1633576134640815e-16
1.201763098326202e-16
1.2435370632351438e-16
1.2891136277797992e-16
1.3390044735324555e-16
1.393816683021447e-16
1.4542756615057424e-16
1.521254886601719e-16
1.59581493855807e-16
1.6792553057689668e-16
1.7731840173276765e-16
1.879612520660809e-16
2.0010868819758132e-16
2.1408721561008922e-16
2.303216054090781e-16
2.4937333048038754e-16
2.7199778283314053e-16
2.9923143072330037e-16
3.3252798019518916e-16
3.739770952975261e-16
4.2666667633250563e-16
4.953035732543541e-16
5.873175693306218e-16
7.149075507962817e-16
8.990104397294082e-16
1.1773951954022842e-15
1.6221035366667746e-15
2.379367797041972e-15
3.767803454019032e-15
6.5316688806468905e-15
1.2574701484039523e-14
2.7204482998821916e-14
6.678647750688512e-14
1.8774073070710848e-13
6.115325620627072e-13
2.3520880489807196e-12
1.0942490545153712e-11
6.24638222804665e-11
4.310836746477677e-10
3.4481521302852157e-09
2.8371157927414577e-08
2.9090088471648603e-07
3.2040914251583385e-06
3.730649808547473e-05
0.0004563014452607782
0.005872448567961122
0.08028019519559189

2.4585968492286198e-15
1.8326089196707048e-13
1.0089037656247066e-11
4.1022982011217584e-10
1.2319783024611132e-08
2.732656365075861e-07
4.477440483504076e-06
5.423108764565981e-05
0.0004869634735499253
0.0032688700475979452
0.01718188495258033
0.14715355803269414
1.3808697069310423
2.0416309338830723
0.8274403619487045
0.6337712068125068
0.45354935508019195
0.23903659958774168
0.09588768893505153
0.02947794120650692
0.006850909175353179
0.0011872836485744347
0.00015239551883077922
1.44560634400707e-05
1.0129041293049366e-06
5.241909017539754e-08
2.0035888201670105e-09
5.6562061076087476e-11
1.1793407981389575e-12
1.8161465360784175e-14
2.0656651288330895e-16
1.7352674362463987e-18
1.0766396834361595e-20
4.933689536158576e-23
1.669824074866235e-25
4.1741407284202425e-28
7.706566371844473e-31
1.0508778219898316e-33
1.0583784725846882e-36
7.87276406055553e-40
4.325247285132437e-43
1.755060595717446e-46
5.259818478969683e-50
1.1642516574315305e-53
1.903357819642381e-57
2.2982193872369094e-61
2.0495569703558517e-65
1.349975767479551e-69
6.567338753831918e-74
2.3596648951537517e-78
6.26193726179965e-83
1.2273390721265028e-87
1.7767154364528546e-92
1.8996284207159766e-97
1.500088594073129e-102
8.74908481667686e-108
3.768823611344827e-113
1.1990753217146857e-118
2.817634037673819e-124
4.89012738857422e-130
6.268349856750671e-136
5.934494756302383e-142
4.1496526043389994e-148
2.1430741508845024e-154
8.174479762029566e-161
2.3029288231465707e-167
4.7917966025755785e-174
7.363998690658968e-181
8.358464406548566e-188
7.007074898276267e-195
4.338548826240573e-202
1.9840366325913355e-209
6.7011964722338066e-217
1.6716774468244658e-224
3.0799955060513278e-232
4.191265280981325e-240
4.212478373976679e-248
3.1269985958488194e-256
1.7144118331214056e-264
6.942247494928488e-273
2.0762636313067957e-281
4.58629903919622e-290
7.482379090692796e-299
9.016012691673138e-308
8.023924e-317
0.0
0.0
0.0
0.0
0.0
0.0
0.0
0.0
0.0
0.0
0.0
0.0
0.0
0.0
0.0
