0.2537610184215295
0.002626297656408329
3.69453491476311e-05
7.064353051449343e-07
1.8360386006285363e-08
6.376058110572891e-10
3.0854227004712874e-11
2.0363496446981048e-12
1.806552320657572e-13
2.1740511871705074e-14
3.58550486153813e-15
7.882970935740615e-16
2.333953109789864e-16
8.998818611305196e-17
4.334984768155471e-17
2.4853422034873438e-17
1.6200031529870785e-17
1.1583677079934262e-17
8.850465312137638e-18
7.09552328801574e-18
5.89496960206645e-18
5.03161204719344e-18
4.385535665228317e-18
3.886274654283783e-18
3.490197310105991e-18
3.1690671196218256e-18
2.903911019505513e-18
2.681563244809432e-18
2.4926303447379307e-18
2.3302463870269664e-18
2.1892855628998706e-18
2.0658491527306636e-18
1.9569223489884233e-18
1.860139250006472e-18
1.7736185073029486e-18
1.6958461860832422e-18
1.6255908327828278e-18
1.5618409283655423e-18
1.5037581688353302e-18
1.4506421119380448e-18
1.4019031041184388e-18
1.3570413196459993e-18
1.3156303667207584e-18
1.2773043446325796e-18
1.2417475361035342e-18
1.208686131471719e-18
1.177881533771114e-18
1.1491249043011853e-18
1.1222326893237153e-18
1.097042928543893e-18
1.0734121909038404e-18
1.0512130170621482e-18
1.0303317736764459e-18
1.0106668443421787e-18
9.921270972848512e-19
9.746305817608354e-19
9.581034144076197e-19
9.424788241023698e-19
9.276963296897393e-19
9.137010295666247e-19
9.004429858212225e-19
8.878766886137628e-19
8.759605889082219e-19
8.646566896355019e-19
8.539301869801956e-19
8.437491548064838e-19
8.340842663300317e-19
8.249085480462794e-19
8.161971616764838e-19
8.079272105193136e-19
8.000775671202751e-19
7.926287196118381e-19
7.855626344485084e-19
7.788626335751134e-19
7.725132843329324e-19
7.665003006349331e-19
7.608104541347289e-19
7.554314942793595e-19
7.503520762779801e-19
7.45561696140731e-19
7.410506320474789e-19
7.36809891397313e-19
7.328311629687966e-19
7.291067736897596e-19
7.256296495754393e-19
7.223932804462258e-19
7.193916880822966e-19
7.166193975128948e-19
7.140714111737109e-19
7.117431856974465e-19
7.09630611130716e-19
7.077299923954956e-19
7.060380328357627e-19
7.045518197101555e-19
7.032688115097622e-19
7.021868269967623e-19
7.013040358748851e-19
7.006189510167055e-19
7.001304221858863e-19
6.998376312047608e-19
6.997400885293099e-19
6.998376312047608e-19
7.001304221858863e-19
7.006189510167055e-19
7.013040358748851e-19
7.021868269967623e-19
7.032688115097622e-19
7.045518197101555e-19
7.060380328357627e-19
7.077299923954956e-19
7.09630611130716e-19
7.117431856974465e-19
7.140714111737109e-19
7.166193975128948e-19
7.193916880822966e-19
7.223932804462258e-19
7.256296495754393e-19
7.291067736897596e-19
7.328311629687966e-19
7.36809891397313e-19
7.410506320474789e-19
7.45561696140731e-19
7.503520762779801e-19
7.554314942793595e-19
7.608104541347289e-19
7.665003006349331e-19
7.725132843329324e-19
7.788626335751134e-19
7.855626344485084e-19
7.926287196118381e-19
8.000775671202751e-19
8.079272105193136e-19
8.161971616764838e-19
8.249085480462794e-19
8.340842663300317e-19
8.437491548064838e-19
8.539301869801956e-19
8.646566896355019e-19
8.759605889082219e-19
8.878766886137628e-19
9.004429858212225e-19
9.137010295666247e-19
9.276963296897393e-19
9.424788241023698e-19
9.581034144076197e-19
9.746305817608354e-19
9.921270972848512e-19
1.0106668443421787e-18
1.0303317736764459e-18
1.0512130170621482e-18
1.0734121909038404e-18
1.097042928543893e-18
1.1222326893237153e-18
1.1491249043011853e-18
1.177881533771114e-18
1.208686131471719e-18
1.2417475361035342e-18
1.2773043446325796e-18
1.3156303667207584e-18
1.3570413196459993e-18
1.4019031041184388e-18
1.4506421119380448e-18
1.5037581688353302e-18
1.5618409283655423e-18
1.6255908327828278e-18
1.6958461860832422e-18
1.7736185073029486e-18
1.860139250006472e-18
1.9569223489884233e-18
2.0658491527306636e-18
2.1892855628998706e-18
2.3302463870269664e-18
2.4926303447379307e-18
2.681563244809432e-18
2.903911019505513e-18
3.1690671196218256e-18
3.490197310105991e-18
3.886274654283783e-18
4.385535665228317e-18
5.03161204719344e-18
5.89496960206645e-18
7.09552328801574e-18
8.850465312137638e-18
1.1583677079934262e-17
1.6200031529870785e-17
2.4853422034873438e-17
4.334984768155471e-17
8.998818611305196e-17
2.333953109789864e-16
7.882970935740615e-16
3.58550486153813e-15
2.1740511871705074e-14
1.806552320657572e-13
2.0363496446981048e-12
3.0854227004712874e-11
6.376058110572891e-10
1.8360386006285363e-08
7.064353051449343e-07
3.69453491476311e-05
0.002626297656408329

2.961519728521591e-17
6.21002820909594e-16
1.1400510675393845e-14
1.8323432302297284e-13
2.5783456629219947e-12
3.1763418887351576e-11
3.4258246790938456e-10
3.234854974002629e-09
2.6742147886366444e-08
1.9354838286650924e-07
1.226406935095114e-06
6.803485101709579e-06
3.304304548942747e-05
0.00014050134709022358
0.0005230373439277274
0.0017046557872358982
0.0048639879057081215
0.012150665503556566
0.0265741531751486
0.050882752029382014
0.08529695753824487
0.12518384263480561
0.16084768184210757
0.18093939073162818
0.1781981663219714
0.15364736891619124
0.11598419549111601
0.07665214118501228
0.04435081011003228
0.02246625132805051
0.009963489298815176
0.0038685132985133543
0.0013150083767616066
0.00039134945585436086
0.00010196537927743311
2.3259080054228738e-05
4.644982880279915e-06
8.121336241885126e-07
1.2431474840679009e-07
1.6659793302843516e-08
1.9546470664976507e-09
2.0077927654578005e-10
1.8055985934778628e-11
1.4215931438030638e-12
9.798987924510205e-14
5.913422568720988e-15
3.1242688314612116e-16
1.44513915368824e-17
5.852248095003432e-19
2.0748541793890638e-20
6.440272160713645e-22
1.7501394371458155e-23
4.163828864096805e-25
8.672910834044301e-27
1.581570956786821e-28
2.52501679247358e-30
3.529324979761138e-32
4.318876834071073e-34
4.627024272817124e-36
4.339948003310811e-38
3.563847111180683e-40
2.5621549606151916e-42
1.612662585966048e-44
8.88655468815845e-47
4.2872135354613856e-49
1.8107921462758994e-51
6.695975855585509e-54
2.1677587382674417e-56
6.144121592792219e-59
1.5246159113560807e-61
3.3121720169206664e-64
6.299659978704205e-67
1.0489942908244451e-69
1.5292585933324157e-72
1.9518234181856836e-75
2.180981134625838e-78
2.1336102215998998e-81
1.8273849648480367e-84
1.3702405044754955e-87
8.995293636577928e-91
5.169942085268019e-94
2.601403984727236e-97
1.145992337961953e-100
4.4198488393746924e-104
1.4923988609139474e-107
4.411783488551589e-111
1.141813734841111e-114
2.587188811397056e-118
5.132308760976313e-122
8.913519457485379e-126
1.3553062706509476e-129
1.8041700468172092e-133
2.1026610926721332e-137
2.145422736205153e-141
1.9164975509885065e-145
1.4988405988216642e-149
1.0262529478194861e-153
6.15184205560398e-158
3.2285515533392944e-162
1.483412943799722e-166
