0.18704575936323029
0.12795009838183855
0.08884663124303357
0.06262106939277902
0.044796280323085275
0.03252052545094276
0.023955594588068993
0.0179025752181063
0.01357039793297602
0.010431102676155253
0.008128346435419497
0.006418945658984876
0.0051351305454099706
0.004159919160245139
0.0034108866814742695
0.00282936022629624
0.0023731545690529655
0.002011641062988626
0.001722368562433051
0.0014887263125144667
0.0012983127709211982
0.0011417869774039131
0.0010120526655079012
0.0009036737867873062
0.0008124523271121089
0.0007351208748613155
0.0006691169779794515
0.0006124162527143247
0.0005634080187152438
0.0005208019460148574
0.00048355748185068155
0.0004508301293072542
0.00042193027869164945
0.00039629145232999855
0.00037344565491226556
0.000353004121587556
0.00033464219195605924
0.00031808735684525185
0.0003031097592692171
0.0002895146045661016
0.00027713606398047433
0.0002658323527830123
0.00025548173695532066
0.00024597927771172624
0.0002372341651997663
0.00022916752492712147
0.00022171060524404256
0.00021480327337385752
0.0002083927623755671
0.00020243262304906945
0.00019688184391294464
0.00019170410956976733
0.00018686717345971085
0.00018234232552177145
0.00017810393888780966
0.0001741290826237714
0.0001703971898564763
0.00016688977250095798
0.00016359017532431447
0.00016048336331924126
0.0001575557373703871
0.00015479497402397246
0.00015218988585105405
0.00014973029945549284
0.00014740694864146762
0.00014521138064022208
0.00014313587361603354
0.00014117336393876213
0.00013931738193417227
0.00013756199501112687
0.0001359017572229373
0.00013433166445367216
0.00013284711453322092
0.00013144387168077955
0.00013011803475796946
0.00012886600888233489
0.00012768448001139587
0.00012657039215835286
0.0001255209269442728
0.00012453348522922713
0.0001236056705973329
0.00012273527449873533
0.00012192026287591755
0.00012115876412287665
0.00012044905824413219
0.0001197895670966156
0.00011917884561157497
0.00011861557390598682
0.00011809855020384648
0.00011762668449731708
0.0001171989928862264
0.00011681459254197054
0.00011647269724864193
0.00011617261348025997
0.00011591373697845129
0.0001156955497998829
0.00011551761780728077
0.00011537958858202828
0.00011528118974020554
0.00011522222763754558
0.00011520258645220823
0.00011522222763754558
0.00011528118974020554
0.00011537958858202828
0.00011551761780728077
0.0001156955497998829
0.00011591373697845129
0.00011617261348025997
0.00011647269724864193
0.00011681459254197054
0.0001171989928862264
0.00011762668449731708
0.00011809855020384648
0.00011861557390598682
0.00011917884561157497
0.0001197895670966156
0.00012044905824413219
0.00012115876412287665
0.00012192026287591755
0.00012273527449873533
0.0001236056705973329
0.00012453348522922713
0.0001255209269442728
0.00012657039215835286
0.00012768448001139587
0.00012886600888233489
0.00013011803475796946
0.00013144387168077955
0.00013284711453322092
0.00013433166445367216
0.0001359017572229373
0.00013756199501112687
0.00013931738193417227
0.00014117336393876213
0.00014313587361603354
0.00014521138064022208
0.00014740694864146762
0.00014973029945549284
0.00015218988585105405
0.00015479497402397246
0.0001575557373703871
0.00016048336331924126
0.00016359017532431447
0.00016688977250095798
0.0001703971898564763
0.0001741290826237714
0.00017810393888780966
0.00018234232552177145
0.00018686717345971085
0.00019170410956976733
0.00019688184391294464
0.00020243262304906945
0.0002083927623755671
0.00021480327337385752
0.00022171060524404256
0.00022916752492712147
0.0002372341651997663
0.00024597927771172624
0.00025548173695532066
0.0002658323527830123
0.00027713606398047433
0.0002895146045661016
0.0003031097592692171
0.00031808735684525185
0.00033464219195605924
0.000353004121587556
0.00037344565491226556
0.00039629145232999855
0.00042193027869164945
0.0004508301293072542
0.00048355748185068155
0.0005208019460148574
0.0005634080187152438
0.0006124162527143247
0.0006691169779794515
0.0007351208748613155
0.0008124523271121089
0.0009036737867873062
0.0010120526655079012
0.0011417869774039131
0.0012983127709211982
0.0014887263125144667
0.001722368562433051
0.002011641062988626
0.0023731545690529655
0.00282936022629624
0.0034108866814742695
0.004159919160245139
0.0051351305454099706
0.006418945658984876
0.008128346435419497
0.010431102676155253
0.01357039793297602
0.0179025752181063
0.023955594588068993
0.03252052545094276
0.044796280323085275
0.06262106939277902
0.08884663124303357
0.12795009838183855

0.0043391199369618135
0.19631569717840894
0.6007989200899132
0.12437239705125405
0.0017415646885435524
1.6495897938224084e-06
1.0568979509868651e-10
4.58047899089658e-16
1.342794271043741e-22
2.6627402825135388e-30
3.571649898642339e-39
3.2406318767434e-49
1.9888922805365952e-60
8.256834300715642e-73
2.318657602417321e-86
4.404335734706783e-101
5.659068591053878e-117
4.918472451468833e-134
2.891587063991884e-152
1.1499078737480475e-171
3.093218271244114e-192
5.6283206363950954e-214
6.927361295594353e-237
5.767367046603526e-261
3.247940682513866e-286
1.23725532341e-312
0.0
0.0
0.0
0.0
0.0
0.0
0.0
0.0
0.0
0.0
0.0
0.0
0.0
0.0
0.0
0.0
0.0
0.0
0.0
0.0
0.0
0.0
0.0
0.0
0.0
0.0
0.0
0.0
0.0
0.0
0.0
0.0
0.0
0.0
0.0
0.0
0.0
0.0
0.0
0.0
0.0
0.0
0.0
0.0
0.0
0.0
0.0
0.0
0.0
0.0
0.0
0.0
0.0
0.0
0.0
0.0
0.0
0.0
0.0
0.0
0.0
0.0
0.0
0.0
0.0
0.0
0.0
0.0
0.0
0.0
0.0
0.0
0.0
0.0
