1.0900793254527643
0.07105732837088785
0.014646941838517495
0.004307662501152459
0.001387974062975738
0.0004625123845895776
0.0001573147357295512
5.4456822603313444e-05
1.9195401239233928e-05
6.912234817639038e-06
2.562421792496282e-06
9.936181220387227e-07
4.151227616142899e-07
1.9534458199902726e-07
1.0809940050559556e-07
7.105203982360017e-08
5.366826343374485e-08
4.43748285375161e-08
3.86547163079714e-08
3.467451607947957e-08
3.164758761323441e-08
2.920964957583616e-08
2.717488040080908e-08
2.5437734927443513e-08
2.3931807247485733e-08
2.261165266756489e-08
2.144418488592098e-08
2.0404256893917476e-08
1.9472182174398114e-08
1.863222304051988e-08
1.7871601104513607e-08
1.7179812911434873e-08
1.6548137021370513e-08
1.5969268338765733e-08
1.5437040847037636e-08
1.4946213825219733e-08
1.4492304788068009e-08
1.4071457469907723e-08
1.3680336488081122e-08
1.3316042570101408e-08
1.297604379840952e-08
1.265811944780066e-08
1.2360313805770913e-08
1.2080897967397056e-08
1.181833804541877e-08
1.157126857506117e-08
1.1338470151250866e-08
1.1118850534150097e-08
1.091142861242151e-08
1.071532073331323e-08
1.0529729002599794e-08
1.0353931231629551e-08
1.0187272267710402e-08
1.0029156491206562e-08
9.879041300601002e-09
9.736431437375945e-09
9.600874027400358e-09
9.471954235767335e-09
9.349291448615767e-09
9.232535909120378e-09
9.121365746109772e-09
9.015484343123313e-09
8.91461800350255e-09
8.818513873617106e-09
8.72693809177857e-09
8.639674134983776e-09
8.55652133950122e-09
8.477355894545091e-09
8.401875177216994e-09
8.329986530775006e-09
8.261540725718442e-09
8.1963989672033e-09
8.134432108169061e-09
8.075519937485631e-09
8.019550535208689e-09
7.96641968798978e-09
7.916030358518763e-09
7.868292203598694e-09
7.82312113608316e-09
7.780438926456143e-09
7.740172840316225e-09
7.70225530844962e-09
7.66662362654841e-09
7.633219681958086e-09
7.601989705128405e-09
7.572884043698144e-09
7.545856957372512e-09
7.52086643195505e-09
7.497874011077412e-09
7.476844644332988e-09
7.45774655066659e-09
7.440551096004507e-09
7.425232684228685e-09
7.411768660707829e-09
7.400139227697697e-09
7.390327371014645e-09
7.382318797471136e-09
7.376101882641108e-09
7.371667628597263e-09
7.369009631332555e-09
7.36812405764538e-09
7.369009631332555e-09
7.371667628597263e-09
7.376101882641108e-09
7.382318797471136e-09
7.390327371014645e-09
7.400139227697697e-09
7.411768660707829e-09
7.425232684228685e-09
7.440551096004507e-09
7.45774655066659e-09
7.476844644332988e-09
7.497874011077412e-09
7.52086643195505e-09
7.545856957372512e-09
7.572884043698144e-09
7.601989705128405e-09
7.633219681958086e-09
7.66662362654841e-09
7.70225530844962e-09
7.740172840316225e-09
7.780438926456143e-09
7.82312113608316e-09
7.868292203598694e-09
7.916030358518763e-09
7.96641968798978e-09
8.019550535208689e-09
8.075519937485631e-09
8.134432108169061e-09
8.1963989672033e-09
8.261540725718442e-09
8.329986530775006e-09
8.401875177216994e-09
8.477355894545091e-09
8.55652133950122e-09
8.639674134983776e-09
8.72693809177857e-09
8.818513873617106e-09
8.91461800350255e-09
9.015484343123313e-09
9.121365746109772e-09
9.232535909120378e-09
9.349291448615767e-09
9.471954235767335e-09
9.600874027400358e-09
9.736431437375945e-09
9.879041300601002e-09
1.0029156491206562e-08
1.0187272267710402e-08
1.0353931231629551e-08
1.0529729002599794e-08
1.071532073331323e-08
1.091142861242151e-08
1.1118850534150097e-08
1.1338470151250866e-08
1.157126857506117e-08
1.181833804541877e-08
1.2080897967397056e-08
1.2360313805770913e-08
1.265811944780066e-08
1.297604379840952e-08
1.3316042570101408e-08
1.3680336488081122e-08
1.4071457469907723e-08
1.4492304788068009e-08
1.4946213825219733e-08
1.5437040847037636e-08
1.5969268338765733e-08
1.6548137021370513e-08
1.7179812911434873e-08
1.7871601104513607e-08
1.863222304051988e-08
1.9472182174398114e-08
2.0404256893917476e-08
2.144418488592098e-08
2.261165266756489e-08
2.3931807247485733e-08
2.5437734927443513e-08
2.717488040080908e-08
2.920964957583616e-08
3.164758761323441e-08
3.467451607947957e-08
3.86547163079714e-08
4.43748285375161e-08
5.366826343374485e-08
7.105203982360017e-08
1.0809940050559556e-07
1.9534458199902726e-07
4.151227616142899e-07
9.936181220387227e-07
2.562421792496282e-06
6.912234817639038e-06
1.9195401239233928e-05
5.4456822603313444e-05
0.0001573147357295512
0.0004625123845895776
0.001387974062975738
0.004307662501152459
0.014646941838517495
0.07105732837088785

3.3589643055618397e-07
1.8974233712018297e-06
9.554430560187603e-06
5.091401014456243e-05
0.005767718230331045
0.19992370972511506
0.3649394399055249
0.03931517044690153
0.01407512760274496
0.031325535304880685
0.06286902733665536
0.11249022474610659
0.1794818621836573
0.2554721210007133
0.32471171793557063
0.3693237172855979
0.377705351669514
0.3510856487381555
0.3035955436593223
0.2554279134019527
0.22331903293522845
0.2138524636745497
0.22250317930138314
0.23762705557845973
0.24647230128433492
0.24030197012446397
0.2168979824131679
0.18010795963148699
0.13725672941921835
0.09591062221288019
0.06143165714390353
0.03606299028527974
0.019402554723719274
0.009567059043347755
0.0043233327136786405
0.001790519322922596
0.0006796093702021439
0.00023640662983723728
7.536676609194925e-05
2.2020138226586446e-05
5.8963075987356215e-06
1.4469720857213482e-06
3.254318871176274e-07
6.707798166719099e-08
1.2671259896324152e-08
2.1937116477407737e-09
3.480640858574871e-10
5.061261972112128e-11
6.7449440338980885e-12
8.237924629018003e-13
9.220982719849579e-14
9.459246270900076e-15
8.893153469871695e-16
7.662579121155142e-17
6.050817957438378e-18
4.378981723650515e-19
2.904371111618772e-20
1.7654320820509177e-21
9.834897790520744e-23
5.0212126877736e-24
2.34945599159797e-25
1.0075020577077631e-26
3.9595378551529795e-28
1.4261427132300153e-29
4.707620067237333e-31
1.4241631816666336e-32
3.948553554115005e-34
1.0033125433211043e-35
2.3364386463580774e-37
4.986461277260212e-39
9.753274578049493e-41
1.7483500129690348e-42
2.872276478038364e-44
4.324580966373502e-46
5.96735333425916e-48
7.546392767166744e-50
8.746151320169122e-52
9.289974010542928e-54
9.04340418085056e-56
8.06806361837561e-58
6.596698223261633e-60
4.943150693773839e-62
3.3946969786716907e-64
2.1365748292819064e-66
1.232409768098276e-68
6.514964991418933e-71
3.1563777341838966e-73
1.4014763911655172e-75
5.702988968687552e-78
2.1268614871281283e-80
7.269353910963422e-83
2.2770488588048345e-85
6.536854463762685e-88
1.719828782223443e-90
4.146880685457053e-93
9.163846321573542e-96
1.8558974933029028e-98
3.444689674375908e-101
5.859575461082336e-104
9.134864931387773e-107
