0.11200650748852341
0.07242411223387885
0.05168626244664059
0.03951632299728586
0.03172933046579946
0.02640517718205719
0.022572666780207043
0.019699732772702892
0.01747508274183307
0.01570638937992788
0.014269284180643545
0.013080189974655173
0.01208107142499299
0.011230479126230583
0.010498079213857467
0.009861195326766443
0.009302555697485197
0.008808785686757156
0.008369374879846457
0.007975954165562795
0.007621780025481691
0.007301360250164949
0.0070101780226842015
0.006744485604790569
0.006501148050603093
0.006277523398233135
0.006071369813098233
0.005880772888399327
0.005704088191833593
0.00553989546509692
0.005386961816541849
0.005244211917444473
0.005110703698741078
0.00498560840198801
0.004868194102812073
0.004757812023025831
0.004653885096975894
0.0045558983714116714
0.004463390905411568
0.004375948904345289
0.004293199874350438
0.004214807624943541
0.004140467979831925
0.004069905081736216
0.0040028681975753265
0.0039391289468475215
0.003878478889333813
0.0038207274190239417
0.003765699919939422
0.0037132361467060357
0.0036631887986258668
0.0036154222608649343
0.0035698114904032284
0.0035262410277457157
0.003484604118190206
0.003444801928790974
0.0034067428491260164
0.003370341865636085
0.003335520000707951
0.003302203808865705
0.0032703249234477395
0.0032398196480121575
0.0032106285874535312
0.0031826963144490957
0.0031559710673986913
0.0031304044764938303
0.0031059513149584374
0.0030825692728566017
0.0030602187511690085
0.0030388626741063786
0.0030184663178607716
0.0029989971541988913
0.0029804247074795755
0.002962720423833867
0.002945857551383543
0.0029298110304949573
0.002914557393172048
0.0029000746707868058
0.0028863423094293676
0.002873341092234288
0.0028610530681057013
0.0028494614863231486
0.002838550736562529
0.002828306293913823
0.0028187146685195444
0.0028097633594959554
0.00280144081283335
0.002793736383002685
0.002786640298023919
0.0027801436277769057
0.002774238255358942
0.0027689168513142914
0.0027641728505805713
0.0027600004320148222
0.0027563945003788006
0.002753350670678486
0.002750865254767378
0.002748935250136762
0.002747558330829151
0.0027467328404234426
0.0027464577870522523
0.0027467328404234426
0.002747558330829151
0.002748935250136762
0.002750865254767378
0.002753350670678486
0.0027563945003788006
0.0027600004320148222
0.0027641728505805713
0.0027689168513142914
0.002774238255358942
0.0027801436277769057
0.002786640298023919
0.002793736383002685
0.00280144081283335
0.0028097633594959554
0.0028187146685195444
0.002828306293913823
0.002838550736562529
0.0028494614863231486
0.0028610530681057013
0.002873341092234288
0.0028863423094293676
0.0029000746707868058
0.002914557393172048
0.0029298110304949573
0.002945857551383543
0.002962720423833867
0.0029804247074795755
0.0029989971541988913
0.0030184663178607716
0.0030388626741063786
0.0030602187511690085
0.0030825692728566017
0.0031059513149584374
0.0031304044764938303
0.0031559710673986913
0.0031826963144490957
0.0032106285874535312
0.0032398196480121575
0.0032703249234477395
0.003302203808865705
0.003335520000707951
0.003370341865636085
0.0034067428491260164
0.003444801928790974
0.003484604118190206
0.0035262410277457157
0.0035698114904032284
0.0036154222608649343
0.0036631887986258668
0.0037132361467060357
0.003765699919939422
0.0038207274190239417
0.003878478889333813
0.0039391289468475215
0.0040028681975753265
0.004069905081736216
0.004140467979831925
0.004214807624943541
0.004293199874350438
0.004375948904345289
0.004463390905411568
0.0045558983714116714
0.004653885096975894
0.004757812023025831
0.004868194102812073
0.00498560840198801
0.005110703698741078
0.005244211917444473
0.005386961816541849
0.00553989546509692
0.005704088191833593
0.005880772888399327
0.006071369813098233
0.006277523398233135
0.006501148050603093
0.006744485604790569
0.0070101780226842015
0.007301360250164949
0.007621780025481691
0.007975954165562795
0.008369374879846457
0.008808785686757156
0.009302555697485197
0.009861195326766443
0.010498079213857467
0.011230479126230583
0.01208107142499299
0.013080189974655173
0.014269284180643545
0.01570638937992788
0.01747508274183307
0.019699732772702892
0.022572666780207043
0.02640517718205719
0.03172933046579946
0.03951632299728586
0.05168626244664059
0.07242411223387885

0.13717171983086462
0.13338966230987565
0.1160334261986736
0.09029161330184844
0.06285141555822393
0.0391368680168897
0.02180019737550626
0.01086270879825945
0.004841937762474565
0.0019306503226653583
0.0006886386514388188
0.00021972654225398195
6.271580510052249e-05
1.601307861832878e-05
3.657430006953106e-06
7.472751927089834e-07
1.365804252208087e-07
2.2330564892520072e-08
3.2659859507742685e-09
4.272993858982502e-10
5.000962279690889e-11
5.23574205960771e-12
4.903500911892445e-13
4.108068075680665e-14
3.078735339993471e-15
2.0640035299403114e-16
1.2378039614334672e-17
6.640436905078029e-19
3.186726519900263e-20
1.3680321011716159e-21
5.253529022342168e-23
1.8047179462080657e-24
5.545885410869361e-26
1.5245293880966118e-27
3.748901786917272e-29
8.246614230609795e-31
1.6227463799638457e-32
2.8564654308117192e-34
4.497908846364452e-36
6.335715697303714e-38
7.983329705661037e-40
8.998617755449889e-42
9.073417534574459e-44
8.184070132794036e-46
6.603453774877031e-48
4.766244262435915e-50
3.077406045620257e-52
1.7774470152474906e-54
9.183577135597121e-57
4.244538199504725e-59
1.754899977943573e-61
6.490492378901544e-64
2.1473669955323133e-66
6.355332208287905e-69
1.6825717543947554e-71
3.984852814133034e-74
8.442174586141743e-77
1.599925378595774e-79
2.7123671711161627e-82
4.113396601593553e-85
5.580280685335487e-88
6.771967378278926e-91
7.351517987491572e-94
7.13908486705122e-97
6.201709497493507e-100
4.819296506423117e-103
3.350111246079745e-106
2.0832345240543873e-109
1.1588319309025284e-112
5.766417677530758e-116
2.566818099526677e-119
1.0220860089065586e-122
3.6406853607316394e-126
1.160064682975745e-129
3.3066225023634252e-133
8.43121923292182e-137
1.9230895203058685e-140
3.9238461788015634e-144
7.161892541387144e-148
1.1693566255330037e-151
1.7079278276247295e-155
2.2314923499223966e-159
2.6081024296882565e-163
2.7268248231038845e-167
2.5503112561623157e-171
2.1336957409108938e-175
1.59689053450521e-179
1.069106959590274e-183
6.402808612953168e-188
3.4302299773519625e-192
1.643914814531683e-196
7.04755922489952e-201
2.702722847067296e-205
9.271876650944378e-210
2.8453594075269752e-214
7.81105995609615e-219
1.9181658951129366e-223
4.213720376465463e-228
8.280348458668608e-233
1.4555759397800364e-237
