0.7604844777280589
0.13425102450530757
0.06768765543972029
0.045763143879966175
0.03466980653476568
0.027908636222701063
0.023344593880790156
0.020059557539135478
0.01758691536070347
0.015662265401363222
0.014124152221225412
0.01286841575520059
0.01182492709410741
0.010944808144194015
0.010192995915812606
0.00954371376042725
0.008977606923472457
0.00847987189835371
0.008039000610050296
0.007645916749030127
0.007293368980968274
0.006975496433916485
0.006687512182001596
0.006425469090903081
0.006186084144566246
0.005966604948376773
0.0057647070857897754
0.005578414341888494
0.005406036079684732
0.005246117626602301
0.0050974006311539696
0.004958791133582913
0.00482933365823522
0.004708190045934673
0.004594622046613999
0.0044879769168305415
0.0043876754350689
0.004293201875047095
0.00420409557436611
0.004119943810514053
0.004040375754070037
0.003965057314058992
0.0038936867258208482
0.0038259907597339177
0.0037617214513659633
0.003700653271396589
0.0036425806679339155
0.0035873159253819
0.003534687293376037
0.0034845373469391218
0.0034367215452621577
0.0033911069616599245
0.0033475711615003193
0.0033060012084308943
0.0032662927821598764
0.0032283493935002182
0.0031920816844404156
0.0031574068027348146
0.0031242478419653153
0.0030925333392618423
0.0030621968239180233
0.0030331764110320234
0.0030054144350655475
0.002978857118867547
0.0029534542742702566
0.0029291590308482365
0.002905927589847926
0.0028837190006557856
0.002862494957485742
0.0028422196142383603
0.0028228594157207565
0.0028043829436228403
0.002786760775826081
0.002769965357779353
0.002753970884815456
0.0027387531944042696
0.0027242896674464223
0.002710559137806653
0.0026975418093704486
0.0026852191799823584
0.0026735739716909285
0.00266259006678439
0.002652252449154098
0.0026425471505699687
0.0026334612014944836
0.002624982586099877
0.0026171002011873374
0.002609803818737963
0.0026030840518531523
0.0025969323238675263
0.0025913408404405376
0.002586302564454081
0.0025818111935627707
0.002577861140261376
0.00257444751435045
0.002571566107696502
0.0025692133811974463
0.0025673864538775836
0.0025660830940491585
0.0025653017124897463
0.0025650413575965154
0.0025653017124897463
0.0025660830940491585
0.0025673864538775836
0.0025692133811974463
0.002571566107696502
0.00257444751435045
0.002577861140261376
0.0025818111935627707
0.002586302564454081
0.0025913408404405376
0.0025969323238675263
0.0026030840518531523
0.002609803818737963
0.0026171002011873374
0.002624982586099877
0.0026334612014944836
0.0026425471505699687
0.002652252449154098
0.00266259006678439
0.0026735739716909285
0.0026852191799823584
0.0026975418093704486
0.002710559137806653
0.0027242896674464223
0.0027387531944042696
0.002753970884815456
0.002769965357779353
0.002786760775826081
0.0028043829436228403
0.0028228594157207565
0.0028422196142383603
0.002862494957485742
0.0028837190006557856
0.002905927589847926
0.0029291590308482365
0.0029534542742702566
0.002978857118867547
0.0030054144350655475
0.0030331764110320234
0.0030621968239180233
0.0030925333392618423
0.0031242478419653153
0.0031574068027348146
0.0031920816844404156
0.0032283493935002182
0.0032662927821598764
0.0033060012084308943
0.0033475711615003193
0.0033911069616599245
0.0034367215452621577
0.0034845373469391218
0.003534687293376037
0.0035873159253819
0.0036425806679339155
0.003700653271396589
0.0037617214513659633
0.0038259907597339177
0.0038936867258208482
0.003965057314058992
0.004040375754070037
0.004119943810514053
0.00420409557436611
0.004293201875047095
0.0043876754350689
0.0044879769168305415
0.004594622046613999
0.004708190045934673
0.00482933365823522
0.004958791133582913
0.0050974006311539696
0.005246117626602301
0.005406036079684732
0.005578414341888494
0.0057647070857897754
0.005966604948376773
0.006186084144566246
0.006425469090903081
0.006687512182001596
0.006975496433916485
0.007293368980968274
0.007645916749030127
0.008039000610050296
0.00847987189835371
0.008977606923472457
0.00954371376042725
0.010192995915812606
0.010944808144194015
0.01182492709410741
0.01286841575520059
0.014124152221225412
0.015662265401363222
0.01758691536070347
0.020059557539135478
0.023344593880790156
0.027908636222701063
0.03466980653476568
0.045763143879966175
0.06768765543972029
0.13425102450530757

0.12725629830443308
0.14197944384124117
0.1430228229327209
0.13179987823101275
0.11561695231918763
0.1056036243122769
0.1115488863667197
0.13501913021517664
0.1652961777427267
0.1837006523086527
0.1758166544768274
0.14193455921637038
0.09589580855365591
0.054061991861513246
0.025400605290089546
0.00994114152310301
0.003240196790984755
0.0008835930134251261
0.1008613053602432
2.034449604916526
0.03432205885583973
1.247667812951243e-06
8.305310853536654e-08
7.512122334996997e-09
5.657632508810298e-10
3.5479999119650276e-11
1.8528160215284796e-12
8.058021257666667e-14
2.919271714809914e-15
8.81460708824928e-17
2.2210974906976133e-18
4.685508342171204e-20
8.344453423170055e-22
1.2827057952736062e-23
1.7996750997525629e-25
2.5773269467498193e-27
4.253434275530637e-29
8.077612194937426e-31
1.5851103763600754e-32
2.948887830143145e-34
5.011320413555725e-36
7.68585008256496e-38
1.060237717156973e-39
1.3143534647231955e-41
1.463968532871848e-43
1.465019338885227e-45
1.3171746268860478e-47
1.0639741372432022e-49
7.721583842510785e-52
5.034650168578966e-54
2.9493057111157317e-56
1.5522364208096349e-58
7.33978825954335e-61
3.1181483847779765e-63
1.1901387888849592e-65
4.0811825983128534e-68
1.2573669109466958e-70
3.480371574222564e-73
8.655193533946141e-76
1.9338177334083352e-78
3.8818779648996874e-81
7.000931088597077e-84
1.1343767379373344e-86
1.6513776634896567e-89
2.159847483228281e-92
2.5379750482369884e-95
2.6794101372844816e-98
2.5414327898240636e-101
2.1657366520834404e-104
1.658136382560821e-107
1.1405712900814223e-110
7.04875161573542e-114
3.91371830441892e-117
1.952335739231296e-120
8.749979393271692e-124
3.523279855057747e-127
1.274602705033422e-130
4.1427632564356075e-134
1.2097426168404967e-137
3.173828309073119e-141
7.481031157185983e-145
1.5842622802330424e-148
3.014257051677042e-152
5.152536461297356e-156
7.913150880141514e-160
1.091856098129264e-163
1.3535333042895288e-167
1.507509553901959e-171
1.5084773196155652e-175
1.356141733954836e-179
1.0953652581184778e-183
7.948779101144283e-188
5.182382670882581e-192
3.0356109702193608e-196
1.597534822432849e-200
7.553393985317078e-205
3.2086439463326806e-209
1.224583776164455e-213
4.1989727877984625e-218
1.2935559071244139e-222
