0.3331630718014169
0.14926993218090318
0.0829185120946296
0.053497688338051526
0.03821854543160144
0.02928151040973956
0.023565750756900785
0.019654231751130367
0.016834384327692666
0.014716988974997043
0.013074602789382512
0.01176672280240999
0.010702447073064506
0.009820635115709854
0.00907878588752589
0.00844650920652443
0.007901537916441912
0.007427206092250156
0.007010805104154898
0.0066424828041328
0.0063144886235286055
0.0060206447522436635
0.00575596854839711
0.005516398245393819
0.005298590563084002
0.005099769238273023
0.004917610184044745
0.004750153379098093
0.004595734522463314
0.0044529314824339975
0.004320521944008308
0.004197449621841744
0.004082797088529828
0.003975763758348367
0.003875647922726914
0.003781831995222092
0.0036937703176901184
0.003610979024550054
0.003533027571698835
0.0034595316201715353
0.00339014702876765
0.0033245647594618154
0.003262506538048236
0.0032037211427584063
0.003147981217492696
0.0030950805252795816
0.0030448315727239226
0.0029970635483650143
0.002951620527676519
0.0029083599053964285
0.002867151022357345
0.0028278739592926287
0.0027904184744547487
0.0027546830654816817
0.0027205741389299655
0.002688005273374425
0.002656896564046151
0.002627174038716251
0.0025987691359921103
0.0025716182384238322
0.0025456622538600066
0.0025208462393758626
0.0024971190628492383
0.002474433097902042
0.002452743948474602
0.0024320101997720714
0.0024121931927280228
0.0023932568194804725
0.0023751673376583796
0.002357893201539042
0.0023414049083647585
0.0023256748583055944
0.002310677226728222
0.0022963878475822388
0.0022827841068479896
0.0022698448451064415
0.002257550268394107
0.0022458818665963684
0.0022348223387123538
0.002224355524395165
0.0022144663412338615
0.0022051407272993353
0.0021963655885257425
0.00218812875054342
0.002180418914618789
0.0021732256173922133
0.0021665391941366762
0.002160350745288835
0.0021546521060299756
0.002149435818717892
0.002144695107992088
0.0021404238583941837
0.002136616594363267
0.0021332684624823435
0.002130375215867204
0.00212793320060312
0.002125939344147913
0.0021243911456323527
0.002123286668000474
0.0021226245319436302
0.0021224039115927394
0.0021226245319436302
0.002123286668000474
0.0021243911456323527
0.002125939344147913
0.00212793320060312
0.002130375215867204
0.0021332684624823435
0.002136616594363267
0.0021404238583941837
0.002144695107992088
0.002149435818717892
0.0021546521060299756
0.002160350745288835
0.0021665391941366762
0.0021732256173922133
0.002180418914618789
0.00218812875054342
0.0021963655885257425
0.0022051407272993353
0.0022144663412338615
0.002224355524395165
0.0022348223387123538
0.0022458818665963684
0.002257550268394107
0.0022698448451064415
0.0022827841068479896
0.0022963878475822388
0.002310677226728222
0.0023256748583055944
0.0023414049083647585
0.002357893201539042
0.0023751673376583796
0.0023932568194804725
0.0024121931927280228
0.0024320101997720714
0.002452743948474602
0.002474433097902042
0.0024971190628492383
0.0025208462393758626
0.0025456622538600066
0.0025716182384238322
0.0025987691359921103
0.002627174038716251
0.002656896564046151
0.002688005273374425
0.0027205741389299655
0.0027546830654816817
0.0027904184744547487
0.0028278739592926287
0.002867151022357345
0.0029083599053964285
0.002951620527676519
0.0029970635483650143
0.0030448315727239226
0.0030950805252795816
0.003147981217492696
0.0032037211427584063
0.003262506538048236
0.0033245647594618154
0.00339014702876765
0.0034595316201715353
0.003533027571698835
0.003610979024550054
0.0036937703176901184
0.003781831995222092
0.003875647922726914
0.003975763758348367
0.004082797088529828
0.004197449621841744
0.004320521944008308
0.0044529314824339975
0.004595734522463314
0.004750153379098093
0.004917610184044745
0.005099769238273023
0.005298590563084002
0.005516398245393819
0.00575596854839711
0.0060206447522436635
0.0063144886235286055
0.0066424828041328
0.007010805104154898
0.007427206092250156
0.007901537916441912
0.00844650920652443
0.00907878588752589
0.009820635115709854
0.010702447073064506
0.01176672280240999
0.013074602789382512
0.014716988974997043
0.016834384327692666
0.019654231751130367
0.023565750756900785
0.02928151040973956
0.03821854543160144
0.053497688338051526
0.0829185120946296
0.14926993218090318

0.10405107122617012
0.14752273240223449
0.18931816290161788
0.21991079929886126
0.23121807137161957
0.22004825725800053
0.1895549081771769
0.14779953806458962
0.1043114688710604
0.06663647066774084
0.038531228402314315
0.020166691948910843
0.009553827942578535
0.004096765530365308
0.001590104781613602
0.0005586390880998811
0.0001776469839019793
5.1133473864949666e-05
1.3322131012864203e-05
3.141687932393759e-06
6.706151017282108e-07
1.2957002908210218e-07
2.2659834055044114e-08
3.5869872720339117e-09
5.139535710464349e-10
6.665594379157044e-11
7.82482832275336e-12
8.314414955351168e-13
7.996676269815673e-14
6.961587335395332e-15
5.485648531987807e-16
3.912628583372785e-17
2.525981756720776e-18
1.4760896590633617e-19
7.807575769575243e-21
3.738011379779278e-22
1.619891671480166e-23
6.354073989655144e-25
2.2560021255477563e-26
7.250161539266816e-28
2.109001086411768e-29
5.552989669946925e-31
1.323420535895448e-32
2.854892863962084e-34
5.5744587026062934e-36
9.852275136643493e-38
1.576127339615615e-39
2.2822699655722887e-41
2.9913254738456556e-43
3.548797884097029e-45
3.810832000232733e-47
3.7040708324129326e-49
3.2588149832385354e-51
2.595141648417372e-53
1.870610520133841e-55
1.2204686242830516e-57
7.20760217190814e-60
3.852795319275938e-62
1.864154954749158e-64
8.164113300453548e-67
3.236361145539301e-69
1.1612503976479476e-71
3.771513917060999e-74
1.1087317780166823e-76
2.950245914912091e-79
7.105765676207832e-82
1.5491179554001943e-84
3.056884539287084e-87
5.4600236624648e-90
8.827362388961958e-93
1.2917793237303528e-95
1.7110655348458656e-98
2.0514734466458695e-101
2.2263123639948452e-104
2.18689150785247e-107
1.94441659868799e-110
1.5648486633106167e-113
1.1399250788460106e-116
7.516249974280419e-120
4.4858739295181194e-123
2.423337230128202e-126
1.1849542601881241e-129
5.2445745196123275e-133
2.1010668775123496e-136
7.618867727631935e-140
2.500701951290604e-143
7.429410819744892e-147
1.9978724430740221e-150
4.8629754947699724e-154
1.0714140749458872e-157
2.1366508271189742e-161
3.8568318505476797e-165
6.301570457651063e-169
9.319397362494188e-173
1.2475208266098871e-176
1.511571592122572e-180
1.6577940624584625e-184
1.6457102727125946e-188
1.4787580507005208e-192
1.2027124476059455e-196
