0.3516159562073156
0.06545131752504714
0.016030432402746604
0.005107381622333416
0.0020671093039568013
0.0010248286555383406
0.0005965315617659055
0.0003916997947036746
0.00028088834612066416
0.00021475360196567775
0.00017209846356021095
0.00014284806967240657
0.00012178863996557842
0.00010602212683574053
9.383783616773429e-05
8.417335167908651e-05
7.633979110642362e-05
6.98737104988472e-05
6.445328951941438e-05
5.984883441557163e-05
5.589243548517226e-05
5.2458744235081526e-05
4.9452434916134804e-05
4.679981107609898e-05
4.444305495652524e-05
4.233620460563067e-05
4.044228622138544e-05
3.8731234877903814e-05
3.717836336851237e-05
3.576321863504757e-05
3.446871655325677e-05
3.328047949569281e-05
3.218632356530983e-05
3.117585764834358e-05
3.0240166950425196e-05
2.9371561031162693e-05
2.8563371559675447e-05
2.7809788747540115e-05
2.710572812392218e-05
2.6446721303185357e-05
2.5828825865565026e-05
2.5248550570563715e-05
2.4702792951618207e-05
2.4188786970942883e-05
2.3704058896690678e-05
2.3246389937638484e-05
2.2813784460887677e-05
2.2404442845232094e-05
2.201673820188827e-05
2.164919633619353e-05
2.1300478437018647e-05
2.0969366071339524e-05
2.06547481344989e-05
2.0355609465877676e-05
2.0071020887858027e-05
1.980013046532942e-05
1.9542155815310423e-05
1.9296377322906098e-05
1.9062132141877618e-05
1.8838808876428123e-05
1.8625842856094403e-05
1.8422711928427422e-05
1.8228932704889186e-05
1.8044057204447226e-05
1.7867669847000838e-05
1.7699384755262292e-05
1.7538843329234547e-05
1.7385712062133544e-05
1.723968057062774e-05
1.7100459815719465e-05
1.6967780493560104e-05
1.6841391578048636e-05
1.6721058999273675e-05
1.6606564443772978e-05
1.6497704264246728e-05
1.6394288487806942e-05
1.629613991310664e-05
1.620309328779504e-05
1.6114994558710793e-05
1.603170018807311e-05
1.5953076529676833e-05
1.5878999259755242e-05
1.580935285775577e-05
1.574403013278878e-05
1.56829317919667e-05
1.5625966047257685e-05
1.5573048257841e-05
1.5524100605275954e-05
1.547905179908772e-05
1.5437836810635296e-05
1.540039663336385e-05
1.53666780677578e-05
1.5336633529506487e-05
1.531022087957238e-05
1.528740327501547e-05
1.5268149039578822e-05
1.5252431553180499e-05
1.5240229159588454e-05
1.5231525091678433e-05
1.5226307413792433e-05
1.5224568980827406e-05
1.5226307413792433e-05
1.5231525091678433e-05
1.5240229159588454e-05
1.5252431553180499e-05
1.5268149039578822e-05
1.528740327501547e-05
1.531022087957238e-05
1.5336633529506487e-05
1.53666780677578e-05
1.540039663336385e-05
1.5437836810635296e-05
1.547905179908772e-05
1.5524100605275954e-05
1.5573048257841e-05
1.5625966047257685e-05
1.56829317919667e-05
1.574403013278878e-05
1.580935285775577e-05
1.5878999259755242e-05
1.5953076529676833e-05
1.603170018807311e-05
1.6114994558710793e-05
1.620309328779504e-05
1.629613991310664e-05
1.6394288487806942e-05
1.6497704264246728e-05
1.6606564443772978e-05
1.6721058999273675e-05
1.6841391578048636e-05
1.6967780493560104e-05
1.7100459815719465e-05
1.723968057062774e-05
1.7385712062133544e-05
1.7538843329234547e-05
1.7699384755262292e-05
1.7867669847000838e-05
1.8044057204447226e-05
1.8228932704889186e-05
1.8422711928427422e-05
1.8625842856094403e-05
1.8838808876428123e-05
1.9062132141877618e-05
1.9296377322906098e-05
1.9542155815310423e-05
1.980013046532942e-05
2.0071020887858027e-05
2.0355609465877676e-05
2.06547481344989e-05
2.0969366071339524e-05
2.1300478437018647e-05
2.164919633619353e-05
2.201673820188827e-05
2.2404442845232094e-05
2.2813784460887677e-05
2.3246389937638484e-05
2.3704058896690678e-05
2.4188786970942883e-05
2.4702792951618207e-05
2.5248550570563715e-05
2.5828825865565026e-05
2.6446721303185357e-05
2.710572812392218e-05
2.7809788747540115e-05
2.8563371559675447e-05
2.9371561031162693e-05
3.0240166950425196e-05
3.117585764834358e-05
3.218632356530983e-05
3.328047949569281e-05
3.446871655325677e-05
3.576321863504757e-05
3.717836336851237e-05
3.8731234877903814e-05
4.044228622138544e-05
4.233620460563067e-05
4.444305495652524e-05
4.679981107609898e-05
4.9452434916134804e-05
5.2458744235081526e-05
5.589243548517226e-05
5.984883441557163e-05
6.445328951941438e-05
6.98737104988472e-05
7.633979110642362e-05
8.417335167908651e-05
9.383783616773429e-05
0.00010602212683574053
0.00012178863996557842
0.00014284806967240657
0.00017209846356021095
0.00021475360196567775
0.00028088834612066416
0.0003916997947036746
0.0005965315617659055
0.0010248286555383406
0.0020671093039568013
0.005107381622333416
0.016030432402746604
0.06545131752504714

0.000711979414810933
0.0024646182940218334
0.0073728976101277675
0.019060445279108714
0.04258279718011757
0.08221321544462051
0.13716881504619635
0.1977768447458649
0.2464346691383319
0.26535939695711064
0.24692976434946007
0.1985723231550626
0.13799720682683292
0.08287588511437612
0.04301227044368361
0.01929136065634041
0.007477211363102743
0.00250450993430239
0.0007249568611985033
0.00018134595577021305
3.9202150299840934e-05
7.323491949835691e-06
1.1823139996049011e-06
1.6495054696817457e-07
1.9887536620773887e-08
2.072118218581524e-09
1.865753952837726e-10
1.4517790201386131e-11
9.762318354956947e-13
5.67298611583355e-14
2.8488972080601373e-15
1.2363691016309986e-16
4.636879509365631e-18
1.502829747358722e-19
4.2092048259372225e-21
1.0188180738081612e-22
2.1310788859020177e-24
3.8521990178176464e-26
6.017612393662242e-28
8.123552832955863e-30
9.477070525873775e-32
9.554512219330753e-34
8.324328921147217e-36
6.267527508226181e-38
4.078022049897838e-40
2.2930271400882294e-42
1.1142307117183295e-44
4.678938738790892e-47
1.6979539110568143e-49
5.324891226664109e-52
1.4431181479980938e-54
3.379864893228677e-57
6.840740192497495e-60
1.1965012516113258e-62
1.8085458459911803e-65
2.362393244630042e-68
2.666743014458385e-71
2.601455759208304e-74
2.1930979428310994e-77
1.5977392892550722e-80
1.0059122722367585e-83
5.472938939238168e-87
2.5732821261307902e-90
1.0455878030221114e-93
3.6714694425527794e-97
1.114103739251905e-100
2.9215791074645724e-104
6.6208839079613585e-108
1.2966435382900759e-111
2.1944795178931623e-115
3.2095841581961745e-119
4.056694546474235e-123
4.431004112617296e-127
4.18252265890159e-131
3.411777935225294e-135
2.4050799308073526e-139
1.46515839206101e-143
7.713401607111299e-148
3.509244399230057e-152
1.3797092988719658e-156
4.687787014228585e-161
1.3764310352939177e-165
3.492587903870299e-170
7.658549772187704e-175
1.4512827630644763e-179
2.3766423934950345e-184
3.3634265377632965e-189
4.1134512793273155e-194
4.347474802103766e-199
3.9707641634698504e-204
3.1341329713177946e-209
2.1377998746632514e-214
1.2601521383311881e-219
6.419263728641612e-225
2.8258802936635546e-230
1.0750498615506381e-235
3.534351660848529e-241
1.0041468132372434e-246
2.4654203382097316e-252
5.2310761085096335e-258
