1.0648529121551706
0.0948739476836162
0.018262163350056166
0.006426402171739052
0.0031332171069172327
0.0018522913961056076
0.0012431901169137063
0.0009100575427163249
0.0007079990138079748
0.0005754678292802987
0.000483151541307317
0.0004157541499521444
0.00036467901580864353
0.0003247907862597484
0.0002928622552801082
0.0002667771779837457
0.0002450968446996993
0.00022681250551486403
0.0002111977914698903
0.0001977174159113055
0.00018596882518196687
0.0001756438216911341
0.00016650267213571743
0.00015835623779674425
0.000151053387686758
0.00014447196860693052
0.00013851221851625148
0.00013309188907391234
0.00012814258379358436
0.000123606973989993
0.0001194366574655388
0.00011559049389837532
0.00011203329799643664
0.0001087348041156707
0.00010566883896599221
0.00010281265534261288
0.00010014639157030057
9.76526299062031e-05
9.531603344597046e-05
9.312304576014935e-05
9.106164100054212e-05
8.912111487455426e-05
8.729190891386595e-05
8.556546202338594e-05
8.393408450448606e-05
8.239085068873095e-05
8.092950705804218e-05
7.954439331161958e-05
7.823037430434895e-05
7.698278115257305e-05
7.57973601013167e-05
7.467022798790194e-05
7.359783333235335e-05
7.257692224437304e-05
7.160450846720317e-05
7.067784698606993e-05
6.979441071758867e-05
6.895186987005031e-05
6.814807362571857e-05
6.738103384740407e-05
6.664891055444089e-05
6.594999894926585e-05
6.528271780619862e-05
6.464559905980742e-05
6.40372784520972e-05
6.345648711638604e-05
6.290204399163896e-05
6.237284897464641e-05
6.186787672912668e-05
6.138617108089591e-05
6.0926839936933854e-05
6.048905067368657e-05
6.007202594645916e-05
5.967503987741433e-05
5.929741458462182e-05
5.8938517018907854e-05
5.859775607902018e-05
5.827457997892434e-05
5.796847384394802e-05
5.767895751504386e-05
5.74055835426945e-05
5.714793535397556e-05
5.690562557805826e-05
5.667829451700102e-05
5.646560875007501e-05
5.62672598611141e-05
5.608296327949285e-05
5.591245722633612e-05
5.575550175846095e-05
5.5611877903362596e-05
5.5481386879289475e-05
5.5363849395118245e-05
5.525910502534706e-05
5.516701165608203e-05
5.508744499840321e-05
5.502029816597018e-05
5.4965481314168636e-05
5.492292133851086e-05
5.4892561630394103e-05
5.487436188868957e-05
5.486829798599038e-05
5.487436188868957e-05
5.4892561630394103e-05
5.492292133851086e-05
5.4965481314168636e-05
5.502029816597018e-05
5.508744499840321e-05
5.516701165608203e-05
5.525910502534706e-05
5.5363849395118245e-05
5.5481386879289475e-05
5.5611877903362596e-05
5.575550175846095e-05
5.591245722633612e-05
5.608296327949285e-05
5.62672598611141e-05
5.646560875007501e-05
5.667829451700102e-05
5.690562557805826e-05
5.714793535397556e-05
5.74055835426945e-05
5.767895751504386e-05
5.796847384394802e-05
5.827457997892434e-05
5.859775607902018e-05
5.8938517018907854e-05
5.929741458462182e-05
5.967503987741433e-05
6.007202594645916e-05
6.048905067368657e-05
6.0926839936933854e-05
6.138617108089591e-05
6.186787672912668e-05
6.237284897464641e-05
6.290204399163896e-05
6.345648711638604e-05
6.40372784520972e-05
6.464559905980742e-05
6.528271780619862e-05
6.594999894926585e-05
6.664891055444089e-05
6.738103384740407e-05
6.814807362571857e-05
6.895186987005031e-05
6.979441071758867e-05
7.067784698606993e-05
7.160450846720317e-05
7.257692224437304e-05
7.359783333235335e-05
7.467022798790194e-05
7.57973601013167e-05
7.698278115257305e-05
7.823037430434895e-05
7.954439331161958e-05
8.092950705804218e-05
8.239085068873095e-05
8.393408450448606e-05
8.556546202338594e-05
8.729190891386595e-05
8.912111487455426e-05
9.106164100054212e-05
9.312304576014935e-05
9.531603344597046e-05
9.76526299062031e-05
0.00010014639157030057
0.00010281265534261288
0.00010566883896599221
0.0001087348041156707
0.00011203329799643664
0.00011559049389837532
0.0001194366574655388
0.000123606973989993
0.00012814258379358436
0.00013309188907391234
0.00013851221851625148
0.00014447196860693052
0.000151053387686758
0.00015835623779674425
0.00016650267213571743
0.0001756438216911341
0.00018596882518196687
0.0001977174159113055
0.0002111977914698903
0.00022681250551486403
0.0002450968446996993
0.0002667771779837457
0.0002928622552801082
0.0003247907862597484
0.00036467901580864353
0.0004157541499521444
0.000483151541307317
0.0005754678292802987
0.0007079990138079748
0.0009100575427163249
0.0012431901169137063
0.0018522913961056076
0.0031332171069172327
0.006426402171739052
0.018262163350056166
0.0948739476836162

0.002608408655880861
0.006659166742779915
0.014987181517003829
0.02980571883281062
0.052575706665295874
0.08271908164076291
0.11700606627185724
0.15037516901442405
0.1778433902117115
0.19612420946232162
0.20385657414810338
0.20078512447270724
0.18721190070675867
0.1724039056510997
0.43553974821618724
1.7002151199297395
1.3017477820448946
0.18322197157123918
0.029198783022748837
0.014536938910355707
0.007161068919923748
0.0032268926110124935
0.0013294613052150647
0.0005007540777341528
0.00017243275480507245
5.4282161656065554e-05
1.5621939626983234e-05
4.110102424962268e-06
9.885758680664318e-07
2.1737368668860883e-07
4.3696185265670957e-08
8.030076044616682e-09
1.349072753768542e-09
2.072004352196856e-10
2.909280085154565e-11
3.734392684611756e-12
4.382218337619753e-13
4.701187998644825e-14
4.610635655219897e-15
4.13383910107321e-16
3.3883316455679854e-17
2.5389715455595204e-18
1.7392793240547872e-19
1.0892320544334481e-20
6.236071291095839e-22
3.263933547397611e-23
1.5617485933433e-24
6.831569918591534e-26
2.7319295160907994e-27
9.987528735489562e-29
3.337998768172452e-30
1.0198912856415725e-31
2.8487948048105447e-33
7.274581855471822e-35
1.698222067917755e-36
3.624269663972725e-38
7.0710857910038024e-40
1.2612212737674643e-41
2.0565347274599736e-43
3.0656345800543095e-45
4.1777678512250103e-47
5.204844986705964e-49
5.928036574313068e-51
6.17239240156388e-53
5.87537728891635e-55
5.112785479219219e-57
4.067419447181526e-59
2.9581482083299946e-61
1.9668012524771812e-63
1.195475284815689e-65
6.64293964234256e-68
3.3745789231232e-70
1.567178451753618e-72
6.653603121859051e-75
2.5824677789435632e-77
9.163312751848188e-80
2.972416657571563e-82
8.814677792695435e-85
2.3896966576642245e-87
5.922685735295627e-90
1.3419433443962346e-92
2.779644469731795e-95
5.263612384972956e-98
9.11209267062706e-101
1.4420885691615526e-103
2.0864372107940918e-106
2.7596771872198283e-109
3.336958657874223e-112
3.6887816388511973e-115
3.7278175410085878e-118
3.444022073809636e-121
2.9088195726820283e-124
2.2459869059419725e-127
1.5853940900434276e-130
1.0230734834579267e-133
6.035538170690702e-137
3.255103124431104e-140
1.6049188639543755e-143
7.234041405244183e-147
2.980907346639648e-150
