0.07140392733943322
0.04988457407378055
0.036846918249445706
0.028482812056773357
0.022844291667590763
0.01887759269572528
0.015983157528660353
0.013804027935644418
0.012118869666530757
0.010785366356159173
0.009708991576875712
0.008825114126297344
0.008088382639098179
0.007466226781850676
0.0069347627842079864
0.006476145398361743
0.006076813938459278
0.005726304905329183
0.005416431966007631
0.005140709177472642
0.004893938426672602
0.004671909734736245
0.004471180424191257
0.004288910240657078
0.004122736742312659
0.0039706800525916896
0.003831069288699658
0.0037024851750802803
0.003583714871553727
0.003473716112246593
0.0033715885084537145
0.0032765504121466593
0.0031879201313747543
0.0031051005780740187
0.003027566642927759
0.0029548547518658116
0.0028865541792829946
0.002822299784568046
0.0027617659085678744
0.0027046612206000006
0.0026507243485331448
0.002599720157199804
0.0025514365661493173
0.002505681818112449
0.0024622821257458925
0.0024210796371793865
0.0023819306713024936
0.0023447041821422457
0.0023092804185131863
0.0022755497506913767
0.0022434116404259586
0.00221277373435408
0.00218355106398347
0.0021556653379755566
0.0021290443145993107
0.0021036212440106727
0.002079334371507919
0.0020561264941705818
0.0020339445643499077
0.0020127393343759735
0.0019924650376078107
0.001973079101600702
0.0019545418897176587
0.0019368164679851262
0.001919868394398797
0.0019036655282345053
0.0018881778572201037
0.0018733773406843816
0.0018592377670244038
0.0018457346240283194
0.0018328449807609208
0.001820547379867734
0.0018088217392831312
0.0017976492624415885
0.00178701235619091
0.0017768945556938796
0.0017672804556820264
0.0017581556474933415
0.0017495066613860827
0.001741320913674201
0.0017335866582773478
0.0017262929423206496
0.0017194295654570039
0.0017129870426182928
0.0017069565699319722
0.0017013299935664968
0.001696099781293314
0.0016912589965750637
0.001686801275009404
0.0016827208029758438
0.0016790122983492883
0.001675670993158919
0.0016726926180846825
0.001670073388696246
0.0016678099933508997
0.0016658995826776878
0.0016643397605851519
0.0016631285767395635
0.0016622645204695116
0.0016617465160612863
0.0016615739194177402
0.0016617465160612863
0.0016622645204695116
0.0016631285767395635
0.0016643397605851519
0.0016658995826776878
0.0016678099933508997
0.001670073388696246
0.0016726926180846825
0.001675670993158919
0.0016790122983492883
0.0016827208029758438
0.001686801275009404
0.0016912589965750637
0.001696099781293314
0.0017013299935664968
0.0017069565699319722
0.0017129870426182928
0.0017194295654570039
0.0017262929423206496
0.0017335866582773478
0.001741320913674201
0.0017495066613860827
0.0017581556474933415
0.0017672804556820264
0.0017768945556938796
0.00178701235619091
0.0017976492624415885
0.0018088217392831312
0.001820547379867734
0.0018328449807609208
0.0018457346240283194
0.0018592377670244038
0.0018733773406843816
0.0018881778572201037
0.0019036655282345053
0.001919868394398797
0.0019368164679851262
0.0019545418897176587
0.001973079101600702
0.0019924650376078107
0.0020127393343759735
0.0020339445643499077
0.0020561264941705818
0.002079334371507919
0.0021036212440106727
0.0021290443145993107
0.0021556653379755566
0.00218355106398347
0.00221277373435408
0.0022434116404259586
0.0022755497506913767
0.0023092804185131863
0.0023447041821422457
0.0023819306713024936
0.0024210796371793865
0.0024622821257458925
0.002505681818112449
0.0025514365661493173
0.002599720157199804
0.0026507243485331448
0.0027046612206000006
0.0027617659085678744
0.002822299784568046
0.0028865541792829946
0.0029548547518658116
0.003027566642927759
0.0031051005780740187
0.0031879201313747543
0.0032765504121466593
0.0033715885084537145
0.003473716112246593
0.003583714871553727
0.0037024851750802803
0.003831069288699658
0.0039706800525916896
0.004122736742312659
0.004288910240657078
0.004471180424191257
0.004671909734736245
0.004893938426672602
0.005140709177472642
0.005416431966007631
0.005726304905329183
0.006076813938459278
0.006476145398361743
0.0069347627842079864
0.007466226781850676
0.008088382639098179
0.008825114126297344
0.009708991576875712
0.010785366356159173
0.012118869666530757
0.013804027935644418
0.015983157528660353
0.01887759269572528
0.022844291667590763
0.028482812056773357
0.036846918249445706
0.04988457407378055

0.08141398511508165
0.10491842569525608
0.09659643704306552
0.06353704909763612
0.029857233465646636
0.010023714259009766
0.002404165619738628
0.00041196154401404277
5.043192696747892e-05
4.410735736899714e-06
2.755961236304083e-07
1.2302454332801947e-08
3.923439940924639e-10
8.939203966943211e-12
1.455081352431282e-13
1.6921244231278725e-15
1.4058335489868082e-17
8.344342139072751e-20
3.538399730107545e-22
1.0719592446435349e-24
2.320097548992146e-27
3.5874908910955964e-30
3.963071970261296e-33
3.1277332143318656e-36
1.7635348049014993e-39
7.103869242549737e-43
2.0443839992874144e-46
4.2032631265940723e-50
6.174009211933083e-54
6.478948962510579e-58
4.857339229450858e-62
2.601650186840143e-66
9.955336836791302e-71
2.721570610983185e-75
5.3154476427712775e-80
7.416801798002255e-85
7.393500260185248e-90
5.265505880567143e-95
2.679086292112983e-100
9.73845121237163e-106
2.529004918548714e-111
4.6920868859621816e-117
6.219264217958191e-123
5.889366210034013e-129
3.9843245129006463e-135
1.9257390492810452e-141
6.649618977535937e-148
1.64041101019245e-154
2.8911137593255563e-161
3.6402756958348695e-168
3.2746128533880745e-175
2.1044675751693267e-182
9.662313085423516e-190
3.169396421375958e-197
7.427259727206212e-205
1.2434755482743435e-212
1.487313358746369e-220
1.2709378046287874e-228
7.758945621870955e-237
3.384057304390189e-245
1.0544580327383563e-253
2.3473480077824053e-262
3.73320855990456e-271
4.241735807345467e-280
3.4431945981613914e-289
1.9968070977481e-298
8.273080413270037e-308
2.4488097e-317
0.0
0.0
0.0
0.0
0.0
0.0
0.0
0.0
0.0
0.0
0.0
0.0
0.0
0.0
0.0
0.0
0.0
0.0
0.0
0.0
0.0
0.0
0.0
0.0
0.0
0.0
0.0
0.0
0.0
0.0
0.0
0.0
