1.2354171703065775
0.279285249688832
0.14612542344022741
0.10002125747188804
0.07526307985005362
0.05982077538358268
0.04940720088828094
0.041987269682486256
0.036470846419381066
0.032228456717096614
0.028875076952425548
0.02616382624697151
0.02393001248370161
0.02206001401137743
0.020473147868337798
0.01911067172561465
0.0179288751956361
0.016894604467949523
0.01598228334148813
0.015171881797005423
0.0144475004529412
0.013796364838857132
0.01320809820135078
0.01267418727995577
0.012187584126996016
0.01174240537814348
0.011333702354573974
0.01095728334379986
0.010609574796527032
0.010287511881638628
0.009988451424816929
0.009710102082140123
0.009450467906617127
0.009207802411650243
0.008980570927857182
0.008767419561708316
0.008567149446688809
0.008378695265645233
0.008201107241731564
0.008033535962889601
0.00787521953405461
0.007725472651722882
0.007583677274104298
0.007449274621962785
0.007321758294269833
0.007200668321858186
0.0070855860135602845
0.006976129474524528
0.0068719496968086624
0.006772727138947784
0.006678168724757189
0.006588005202761418
0.006501988816814772
0.006419891246069949
0.006341501778757615
0.0062666256894978135
0.006195082794263759
0.0061267061608130426
0.006061340955513275
0.005998843410119526
0.0059390798942904836
0.005881926081526082
0.005827266197825782
0.005774992343748859
0.005725003881743026
0.005677206881626288
0.005631513617984657
0.005587842114006554
0.005546115726931272
0.005506262770858623
0.0054682161731625534
0.00543191316118353
0.005397294976251948
0.005364306612425257
0.005332896577611328
0.005303016675005407
0.005274621802992456
0.005247669771864635
0.0052221211358789285
0.00519793903933503
0.005175089075491372
0.005153539157259735
0.005133259398728133
0.005114222006659184
0.005096401181198658
0.005079773025107104
0.005064315460898128
0.0050500081553303475
0.005036832450757597
0.005024771302894026
0.005013809224598209
0.005003932235323656
0.004995127815922794
0.0049873848685279805
0.004980693681266956
0.004975045897601406
0.00497043449010676
0.004966853738538818
0.00496429921205903
0.0049627677555150705
0.004962257479697313
0.0049627677555150705
0.00496429921205903
0.004966853738538818
0.00497043449010676
0.004975045897601406
0.004980693681266956
0.0049873848685279805
0.004995127815922794
0.005003932235323656
0.005013809224598209
0.005024771302894026
0.005036832450757597
0.0050500081553303475
0.005064315460898128
0.005079773025107104
0.005096401181198658
0.005114222006659184
0.005133259398728133
0.005153539157259735
0.005175089075491372
0.00519793903933503
0.0052221211358789285
0.005247669771864635
0.005274621802992456
0.005303016675005407
0.005332896577611328
0.005364306612425257
0.005397294976251948
0.00543191316118353
0.0054682161731625534
0.005506262770858623
0.005546115726931272
0.005587842114006554
0.005631513617984657
0.005677206881626288
0.005725003881743026
0.005774992343748859
0.005827266197825782
0.005881926081526082
0.0059390798942904836
0.005998843410119526
0.006061340955513275
0.0061267061608130426
0.006195082794263759
0.0062666256894978135
0.006341501778757615
0.006419891246069949
0.006501988816814772
0.006588005202761418
0.006678168724757189
0.006772727138947784
0.0068719496968086624
0.006976129474524528
0.0070855860135602845
0.007200668321858186
0.007321758294269833
0.007449274621962785
0.007583677274104298
0.007725472651722882
0.00787521953405461
0.008033535962889601
0.008201107241731564
0.008378695265645233
0.008567149446688809
0.008767419561708316
0.008980570927857182
0.009207802411650243
0.009450467906617127
0.009710102082140123
0.009988451424816929
0.010287511881638628
0.010609574796527032
0.01095728334379986
0.011333702354573974
0.01174240537814348
0.012187584126996016
0.01267418727995577
0.01320809820135078
0.013796364838857132
0.0144475004529412
0.015171881797005423
0.01598228334148813
0.016894604467949523
0.0179288751956361
0.01911067172561465
0.020473147868337798
0.02206001401137743
0.02393001248370161
0.02616382624697151
0.028875076952425548
0.032228456717096614
0.036470846419381066
0.041987269682486256
0.04940720088828094
0.05982077538358268
0.07526307985005362
0.10002125747188804
0.14612542344022741
0.279285249688832

0.2445731946463971
0.3088703424570074
0.3453519390795815
0.34199109972087116
0.3003248172325081
0.2349763337227933
0.16651503811360627
0.1126120392704219
0.0824497855260782
0.07578895855801329
0.08523236675000799
0.1065849810465588
0.2619394745263318
1.0174373516972506
1.5995399946187419
0.7639052022002298
0.13193720895711716
0.026554175413347463
0.011424703702323447
0.004859233573726492
0.0018071251120379082
0.000585965574375346
0.00016565732478753282
4.0832283622341966e-05
8.775080839564665e-06
1.6441937609735738e-06
2.6860201899222903e-07
3.8257796662400324e-08
4.751000110680811e-09
5.144042290511587e-10
4.855997159351156e-11
3.996747586790424e-12
2.868067858631411e-13
1.7944300251204023e-14
9.788542618350957e-16
4.6554744594275255e-17
1.9304753674996223e-18
6.979414386310993e-20
2.2000274918757045e-21
6.046327055533437e-23
1.4488037659652174e-24
3.026787285423469e-26
5.513262102277526e-28
8.755678003959256e-30
1.212342493276515e-31
1.463575993856948e-33
1.5404926510812944e-35
1.413703678486553e-37
1.1311274684158274e-39
7.890765073714255e-42
4.799335184495759e-44
2.54505665282768e-46
1.1767067101581235e-48
4.743439979084816e-51
1.6671435363463517e-53
5.108659768068291e-56
1.3648828312791337e-58
3.179348721636e-61
6.457068054446056e-64
1.1433704549287015e-66
1.765196149650506e-69
2.3760379940945166e-72
2.7884842394185957e-75
2.853234135296726e-78
2.5454292587857967e-81
1.9798808557523244e-84
1.3426767988559193e-87
7.938863163480791e-91
4.0926023758435433e-94
1.8394805131359178e-97
7.208505506339746e-101
2.46291646111343e-104
7.336831279353114e-108
1.90555630748722e-111
4.315085887885451e-115
8.519448975170994e-119
1.46651993775777e-122
2.200993910485298e-126
2.8800770997891852e-130
3.285820166534491e-134
3.268420089333225e-138
2.834564576437141e-142
2.143330990060867e-146
1.413014228635177e-150
8.121911081134484e-155
4.070280409812739e-159
1.778462992759646e-163
6.77516286088275e-168
2.2503447137482718e-172
6.516775555346219e-177
1.6453976834741306e-181
3.6221247441227927e-186
6.952009044142164e-191
1.163353384037066e-195
1.6973343104418527e-200
2.1591237112136813e-205
2.3946501145867205e-210
2.3155865112840048e-215
1.952245177936564e-220
1.4350337337031645e-225
