0.699782303528979
0.3459480259020905
0.1842081697953284
0.10531440722303805
0.06436977208440434
0.04183800353157062
0.028741004265574053
0.02073301282632652
0.015604777945124418
0.01218021713923513
0.009805692629353355
0.00810307944756493
0.006845368087938017
0.005891528160909919
0.00515114396073495
0.004564552551840633
0.004091330402789273
0.003703420035951711
0.0033809128193909802
0.0031093948011264236
0.00287823635546098
0.0026794656083970305
0.002507011145304309
0.002356183257563594
0.0022233123122643523
0.0021054925197573327
0.0020003976142589273
0.0019061463861047056
0.0018212032888407308
0.0017443040692887352
0.001674399482839893
0.0016106122398266672
0.001552203742832361
0.0014985481473213033
0.0014491119553443827
0.001403437829524449
0.0013611316548690793
0.00132185212116306
0.0012853022771430313
0.0012512226387710861
0.0012193855311346193
0.0011895904161951041
0.0011616600134162092
0.0011354370619450205
0.0011107816048952829
0.0010875687008519218
0.0010656864867828557
0.001045034531434888
0.0010255224299909418
0.001007068600013358
0.000989599246047466
0.0009730474661319106
0.0009573524781782421
0.0009424589479882125
0.0009283164037632019
0.0009148787244736573
0.0009021036915124648
0.0008899525947450447
0.0008783898854617752
0.00086738286989142
0.0008569014378924134
0.0008469178222378653
0.0008374063845787822
0.0008283434247313605
0.0008197070104070294
0.0008114768249034045
0.0008036340306128417
0.0007961611464930001
0.0007890419378890254
0.00078226131730654
0.0007758052549141758
0.000769660697708658
0.0007638154964082994
0.0007582583392554652
0.0007529786920078213
0.0007479667434842944
0.0007432133561065133
0.000738710020941746
0.0007344488168103047
0.0007304223730702547
0.000726623835736009
0.0007230468366258398
0.0007196854652672159
0.0007165342433188157
0.0007135881012945394
0.0007108423573983553
0.000708292698299736
0.0007059351616980787
0.0007037661205412061
0.0007017822687780077
0.0006999806085387689
0.0006983584386489169
0.0006969133443929602
0.0006956431884554767
0.0006945461029752275
0.0006936204826569622
0.000692864978893365
0.0006922784948569135
0.0006918601815283374
0.0006916094346348841
0.0006915258924778536
0.0006916094346348841
0.0006918601815283374
0.0006922784948569135
0.000692864978893365
0.0006936204826569622
0.0006945461029752275
0.0006956431884554767
0.0006969133443929602
0.0006983584386489169
0.0006999806085387689
0.0007017822687780077
0.0007037661205412061
0.0007059351616980787
0.000708292698299736
0.0007108423573983553
0.0007135881012945394
0.0007165342433188157
0.0007196854652672159
0.0007230468366258398
0.000726623835736009
0.0007304223730702547
0.0007344488168103047
0.000738710020941746
0.0007432133561065133
0.0007479667434842944
0.0007529786920078213
0.0007582583392554652
0.0007638154964082994
0.000769660697708658
0.0007758052549141758
0.00078226131730654
0.0007890419378890254
0.0007961611464930001
0.0008036340306128417
0.0008114768249034045
0.0008197070104070294
0.0008283434247313605
0.0008374063845787822
0.0008469178222378653
0.0008569014378924134
0.00086738286989142
0.0008783898854617752
0.0008899525947450447
0.0009021036915124648
0.0009148787244736573
0.0009283164037632019
0.0009424589479882125
0.0009573524781782421
0.0009730474661319106
0.000989599246047466
0.001007068600013358
0.0010255224299909418
0.001045034531434888
0.0010656864867828557
0.0010875687008519218
0.0011107816048952829
0.0011354370619450205
0.0011616600134162092
0.0011895904161951041
0.0012193855311346193
0.0012512226387710861
0.0012853022771430313
0.00132185212116306
0.0013611316548690793
0.001403437829524449
0.0014491119553443827
0.0014985481473213033
0.001552203742832361
0.0016106122398266672
0.001674399482839893
0.0017443040692887352
0.0018212032888407308
0.0019061463861047056
0.0020003976142589273
0.0021054925197573327
0.0022233123122643523
0.002356183257563594
0.002507011145304309
0.0026794656083970305
0.00287823635546098
0.0031093948011264236
0.0033809128193909802
0.003703420035951711
0.004091330402789273
0.004564552551840633
0.00515114396073495
0.005891528160909919
0.006845368087938017
0.00810307944756493
0.009805692629353355
0.01218021713923513
0.015604777945124418
0.02073301282632652
0.028741004265574053
0.04183800353157062
0.06436977208440434
0.10531440722303805
0.1842081697953284
0.3459480259020905

0.03138784080639946
0.16061693638816926
0.4901333009873329
0.8919285375590503
0.9679187092255453
0.6263840431112171
0.24173273346238433
0.05563181336858602
0.007634910420937076
0.0006248527011907268
3.0496102128976585e-05
8.875728135965612e-07
1.5404819902472514e-08
1.594418172166727e-10
9.841036029906956e-13
3.622199650103046e-15
7.950545417948726e-18
1.0406733606540604e-20
8.123158519887983e-24
3.781189083075394e-27
1.0496024564299646e-30
1.7374577702312076e-34
1.715128458154481e-38
1.0096527313248595e-42
3.5443807736551183e-47
7.419962251001285e-52
9.263092389106242e-57
6.896095571871919e-62
3.061565278006096e-67
8.10544292563839e-73
1.2796846378651406e-78
1.204819913305606e-84
6.764478076684084e-91
2.2648499071336318e-97
4.522072649808655e-104
5.38429219662105e-111
3.8230737983093857e-118
1.618787039904997e-125
4.087518508381264e-133
6.154924382862654e-141
5.526862847064431e-149
2.959563272613887e-157
9.450821206804538e-166
1.799717920875141e-174
2.0437713715377738e-183
1.3840543917589236e-192
5.589423032291886e-202
1.346089010803242e-211
1.9331856089196035e-221
1.655641502004194e-231
8.455747995202462e-242
2.575317235559303e-252
4.6773774079126985e-263
5.066021971512528e-274
3.2720859308460593e-285
1.2603039810881403e-296
2.8948021857608085e-308
3.9654e-320
0.0
0.0
0.0
0.0
0.0
0.0
0.0
0.0
0.0
0.0
0.0
0.0
0.0
0.0
0.0
0.0
0.0
0.0
0.0
0.0
0.0
0.0
0.0
0.0
0.0
0.0
0.0
0.0
0.0
0.0
0.0
0.0
0.0
0.0
0.0
0.0
0.0
0.0
0.0
0.0
0.0
0.0
