0.19813707009652415
0.008673970985075642
0.0004152409710992847
2.1737641808761856e-05
1.2443846562039945e-06
7.789811046925312e-08
5.145233113816743e-09
3.742836070546581e-10
3.090208837298266e-11
2.845662479730746e-12
2.8623805521081067e-13
3.1081089453004376e-14
3.640850124977468e-15
4.629318401563574e-16
6.434329680450162e-17
9.813564363686935e-18
1.6423646796416943e-18
3.0101398250011246e-19
6.031894757695715e-20
1.3207908321496144e-20
3.161032911381502e-21
8.27183773325344e-22
2.3671822807153362e-22
7.408141190137165e-23
2.5349958293563535e-23
9.482688342961961e-24
3.875826647517351e-24
1.729249845892813e-24
8.406985131380376e-25
4.440551811281634e-25
2.537233534338957e-25
1.559189057089072e-25
1.0233527463017119e-25
7.118815023526151e-26
5.207777745783412e-26
3.9766861130141583e-26
3.1483225970282505e-26
2.5690202791123072e-26
2.1498953943639923e-26
1.837487949074429e-26
1.5984745776967997e-26
1.4113960370328457e-26
1.2620175352629027e-26
1.1406388089227174e-26
1.0404859966753811e-26
9.567225873955733e-27
8.858249728968412e-27
8.251785446270544e-27
7.72810541908695e-27
7.272096687231665e-27
6.872019538350828e-27
6.518637985661236e-27
6.2046007048166344e-27
5.923993574069715e-27
5.672011682082472e-27
5.444715754335191e-27
5.238849065549018e-27
5.051698255918368e-27
4.880986403594355e-27
4.724790066384752e-27
4.581474325137434e-27
4.449641482625351e-27
4.3280902186832635e-27
4.2157828228544555e-27
4.1118187190590386e-27
4.015412930063471e-27
3.92587844897722e-27
3.842611722656273e-27
3.7650806302112775e-27
3.6928144747018635e-27
3.625395608915189e-27
3.5624523950744825e-27
3.5036532593668425e-27
3.448701649692931e-27
3.397331742258236e-27
3.349304771953879e-27
3.304405884720608e-27
3.262441428616248e-27
3.223236615150844e-27
3.1866334944078955e-27
3.1524891971440862e-27
3.1206744049258913e-27
3.0910720157865414e-27
3.063575978158256e-27
3.0380902701784733e-27
3.0145280050632764e-27
2.9928106462283357e-27
2.9728673183302692e-27
2.9546342024902644e-27
2.9380540057198704e-27
2.9230754960552186e-27
2.9096530961685213e-27
2.8977465293036332e-27
2.8873205123080074e-27
2.8783444913330048e-27
2.8707924164702487e-27
2.864642552202073e-27
2.8598773210845628e-27
2.85648317856545e-27
2.8544505172777627e-27
2.8537735995533934e-27
2.8544505172777627e-27
2.85648317856545e-27
2.8598773210845628e-27
2.864642552202073e-27
2.8707924164702487e-27
2.8783444913330048e-27
2.8873205123080074e-27
2.8977465293036332e-27
2.9096530961685213e-27
2.9230754960552186e-27
2.9380540057198704e-27
2.9546342024902644e-27
2.9728673183302692e-27
2.9928106462283357e-27
3.0145280050632764e-27
3.0380902701784733e-27
3.063575978158256e-27
3.0910720157865414e-27
3.1206744049258913e-27
3.1524891971440862e-27
3.1866334944078955e-27
3.223236615150844e-27
3.262441428616248e-27
3.304405884720608e-27
3.349304771953879e-27
3.397331742258236e-27
3.448701649692931e-27
3.5036532593668425e-27
3.5624523950744825e-27
3.625395608915189e-27
3.6928144747018635e-27
3.7650806302112775e-27
3.842611722656273e-27
3.92587844897722e-27
4.015412930063471e-27
4.1118187190590386e-27
4.2157828228544555e-27
4.3280902186832635e-27
4.449641482625351e-27
4.581474325137434e-27
4.724790066384752e-27
4.880986403594355e-27
5.051698255918368e-27
5.238849065549018e-27
5.444715754335191e-27
5.672011682082472e-27
5.923993574069715e-27
6.2046007048166344e-27
6.518637985661236e-27
6.872019538350828e-27
7.272096687231665e-27
7.72810541908695e-27
8.251785446270544e-27
8.858249728968412e-27
9.567225873955733e-27
1.0404859966753811e-26
1.1406388089227174e-26
1.2620175352629027e-26
1.4113960370328457e-26
1.5984745776967997e-26
1.837487949074429e-26
2.1498953943639923e-26
2.5690202791123072e-26
3.1483225970282505e-26
3.9766861130141583e-26
5.207777745783412e-26
7.118815023526151e-26
1.0233527463017119e-25
1.559189057089072e-25
2.537233534338957e-25
4.440551811281634e-25
8.406985131380376e-25
1.729249845892813e-24
3.875826647517351e-24
9.482688342961961e-24
2.5349958293563535e-23
7.408141190137165e-23
2.3671822807153362e-22
8.27183773325344e-22
3.161032911381502e-21
1.3207908321496144e-20
6.031894757695715e-20
3.0101398250011246e-19
1.6423646796416943e-18
9.813564363686935e-18
6.434329680450162e-17
4.629318401563574e-16
3.640850124977468e-15
3.1081089453004376e-14
2.8623805521081067e-13
2.845662479730746e-12
3.090208837298266e-11
3.742836070546581e-10
5.145233113816743e-09
7.789811046925312e-08
1.2443846562039945e-06
2.1737641808761856e-05
0.0004152409710992847
0.008673970985075642

9.229139497394393e-26
9.549821952411262e-23
6.26021962731334e-20
2.5998248820539752e-17
6.840043330613427e-15
1.1400760983682928e-12
1.2038408040472898e-10
8.053126280595112e-09
3.4128734895145413e-07
9.162966554773974e-06
0.00015585195117718246
0.001679378608902635
0.011464238731696485
0.04957949014354335
0.1358373255511912
0.2357742756157972
0.25925906294806766
0.1806058051989329
0.07970575781986101
0.02228475766766148
0.003947174869826416
0.00044291975340903026
3.148646918416802e-05
1.4180224503939558e-06
4.045782036016517e-08
7.312772918518073e-10
8.373787282317025e-12
6.074660233430609e-14
2.7917870646105936e-16
8.128357944272473e-19
1.4992828753262694e-21
1.7519615551886884e-24
1.2969576466362306e-27
6.082571841611374e-31
1.8072112902281148e-34
3.4016595519225073e-38
4.056327312616183e-42
3.0643288391617328e-46
1.4665537206355623e-50
4.446525779230051e-55
8.540904855551829e-60
1.0393149733858346e-64
8.012180329951682e-70
3.913041712736148e-75
1.2107053749019373e-80
2.373136365047299e-86
2.946911877080257e-92
2.318311741667702e-98
1.155411674434336e-104
3.648059380776602e-111
7.297049246944126e-118
9.246830281313652e-125
7.423329306591814e-132
3.775415876666086e-139
1.2164411407158513e-146
2.4830052206620184e-154
3.210882376632566e-162
2.6304581166324288e-170
1.3652073467547747e-178
4.4887567707630455e-187
9.350046281953277e-196
1.2338480495020098e-204
1.0315014149886043e-213
5.4630881498678354e-223
1.8330183774527876e-232
3.8963293597634325e-242
5.246923518709365e-252
4.4762469435081506e-262
2.419265721934555e-272
8.283489718533584e-283
1.796814873596468e-293
2.4691846087262482e-304
2.149631513e-315
0.0
0.0
0.0
0.0
0.0
0.0
0.0
0.0
0.0
0.0
0.0
0.0
0.0
0.0
0.0
0.0
0.0
0.0
0.0
0.0
0.0
0.0
0.0
0.0
0.0
0.0
0.0
