1.1610000828150535
0.13875025230230653
0.030615659538185448
0.01041730705070094
0.004830532528733316
0.0027720565981039676
0.0018341958471898507
0.0013347497886275778
0.0010364591425684425
0.0008424748552031266
0.0007079528015503618
0.0006099427782208801
0.0005357163998609858
0.00047773805820893215
0.0004313004271337751
0.0003933287323333748
0.00036173777888731
0.00033506767658806344
0.0003122680064097412
0.000292564887897111
0.0002753762950310162
0.0002602564869930303
0.00024685857757219913
0.00023490872959611804
0.00022418799054842815
0.0002145192659818735
0.00020575781884773977
0.00019778423377408814
0.0001904991338342163
0.00018381916257021434
0.00017767389245345322
0.00017200342053240054
0.00016675647992431158
0.00016188894282850335
0.00015736262375942194
0.00015314431519082347
0.00014920500472117914
0.00014551923519334498
0.00014206457827250387
0.00013882119873004673
0.00013577149174136136
0.00013289977933597034
0.0001301920550619699
0.00012763576817540598
0.00012521964040759561
0.000122933509722862
0.00012076819654685951
0.00011871538878948167
0.00011676754265718892
0.00011491779678594081
0.00011315989765704272
0.0001114881346065486
0.00010989728302167396
0.00010838255454837144
0.00010693955332324879
0.00010556423739856014
0.00010425288465752794
0.00010300206262387261
0.00010180860165820513
0.000100669571108132
9.958225804114262e-05
9.85441482417061e-05
9.755290919820295e-05
9.660637484274662e-05
9.570253183873725e-05
9.48395072380849e-05
9.401555735315233e-05
9.32290577083076e-05
9.247849395298343e-05
9.176245363280017e-05
9.107961872795909e-05
9.042875887905981e-05
8.980872522998913e-05
8.921844482578298e-05
8.865691551055398e-05
8.812320127685687e-05
8.761642802335929e-05
8.713577968250458e-05
8.668049468408947e-05
8.62498627244081e-05
8.584322181390833e-05
8.545995557921593e-05
8.509949079796483e-05
8.476129514716361e-05
8.444487514787003e-05
8.414977429076788e-05
8.387557132886901e-05
8.362187872502806e-05
8.338834124327026e-05
8.317463467412132e-05
8.298046468520223e-05
8.280556578932765e-05
8.264970042323757e-05
8.251265813090704e-05
8.239425484612945e-05
8.229433226976404e-05
8.221275733768445e-05
8.214942177607156e-05
8.210424174126477e-05
8.207715754192984e-05
8.206813344182248e-05
8.207715754192984e-05
8.210424174126477e-05
8.214942177607156e-05
8.221275733768445e-05
8.229433226976404e-05
8.239425484612945e-05
8.251265813090704e-05
8.264970042323757e-05
8.280556578932765e-05
8.298046468520223e-05
8.317463467412132e-05
8.338834124327026e-05
8.362187872502806e-05
8.387557132886901e-05
8.414977429076788e-05
8.444487514787003e-05
8.476129514716361e-05
8.509949079796483e-05
8.545995557921593e-05
8.584322181390833e-05
8.62498627244081e-05
8.668049468408947e-05
8.713577968250458e-05
8.761642802335929e-05
8.812320127685687e-05
8.865691551055398e-05
8.921844482578298e-05
8.980872522998913e-05
9.042875887905981e-05
9.107961872795909e-05
9.176245363280017e-05
9.247849395298343e-05
9.32290577083076e-05
9.401555735315233e-05
9.48395072380849e-05
9.570253183873725e-05
9.660637484274662e-05
9.755290919820295e-05
9.85441482417061e-05
9.958225804114262e-05
0.000100669571108132
0.00010180860165820513
0.00010300206262387261
0.00010425288465752794
0.00010556423739856014
0.00010693955332324879
0.00010838255454837144
0.00010989728302167396
0.0001114881346065486
0.00011315989765704272
0.00011491779678594081
0.00011676754265718892
0.00011871538878948167
0.00012076819654685951
0.000122933509722862
0.00012521964040759561
0.00012763576817540598
0.0001301920550619699
0.00013289977933597034
0.00013577149174136136
0.00013882119873004673
0.00014206457827250387
0.00014551923519334498
0.00014920500472117914
0.00015314431519082347
0.00015736262375942194
0.00016188894282850335
0.00016675647992431158
0.00017200342053240054
0.00017767389245345322
0.00018381916257021434
0.0001904991338342163
0.00019778423377408814
0.00020575781884773977
0.0002145192659818735
0.00022418799054842815
0.00023490872959611804
0.00024685857757219913
0.0002602564869930303
0.0002753762950310162
0.000292564887897111
0.0003122680064097412
0.00033506767658806344
0.00036173777888731
0.0003933287323333748
0.0004313004271337751
0.00047773805820893215
0.0005357163998609858
0.0006099427782208801
0.0007079528015503618
0.0008424748552031266
0.0010364591425684425
0.0013347497886275778
0.0018341958471898507
0.0027720565981039676
0.004830532528733316
0.01041730705070094
0.030615659538185448
0.13875025230230653

0.0039118851851720465
0.009622508283350597
0.0215124502967653
0.043711173560633254
0.08072542485100025
0.1355313711071978
0.20709200182219759
0.2891490689701055
0.3725418938181105
0.44907420848042956
0.5083831930938784
0.5297740825753059
0.49416412538819454
0.4156817540057305
0.34091863250805154
0.3050994411829389
0.3041550260547888
0.308773745658967
0.2917543210084169
0.24452101790865183
0.1779612251080634
0.11144708774408156
0.059810533452797354
0.02745590287194193
0.010770886879388123
0.003609359244806414
0.001032930983228857
0.000252418908175269
5.2668802844402996e-05
9.383211689595154e-06
1.427284136059564e-06
1.85366616402895e-07
2.0555282330373857e-08
1.946279504767452e-09
1.5736676037661984e-10
1.0867122259868972e-11
6.411193562276811e-13
3.2332528649361013e-14
1.3955126558545038e-15
5.1678847521648e-17
1.6510230862837133e-18
4.6058104183972014e-20
1.1516700844794567e-21
2.7162967948825406e-23
6.5203517589035585e-25
1.6927699789119362e-26
4.70978319588426e-28
1.3214683208408355e-29
3.538955675415323e-31
8.780620504797322e-33
1.9933339358877087e-34
4.121585129462396e-36
7.750406610326941e-38
1.3248320836968332e-39
2.0583366682936288e-41
2.906538540474998e-43
3.730234272456611e-45
4.3510653404141414e-47
4.612691275651279e-49
4.4443926385561763e-51
3.891971855143932e-53
3.097606175792734e-55
2.2406909024010846e-57
1.473115974475419e-59
8.802198658865069e-62
4.780184197555839e-64
2.359376973042937e-66
1.0583986566248247e-68
4.315195361038582e-71
1.5990089085251514e-73
5.385183956156057e-76
1.6483500362318438e-78
4.585614896569441e-81
1.159431127852541e-83
2.6643518169102467e-86
5.564644508869137e-89
1.0562884182752077e-91
1.822329265064603e-94
2.857395918874894e-97
4.0720511946607786e-100
5.274184007311238e-103
6.208641227785399e-106
6.642584537491629e-109
6.459172079488913e-112
5.708419199710186e-115
4.585155833238416e-118
3.347276445431383e-121
2.2208964058958963e-124
1.339258032870837e-127
7.340057421762143e-131
3.656233249355697e-134
1.6552651400462104e-137
6.810836939838245e-141
2.5470216445811784e-144
8.65693241951731e-148
2.6742047606997556e-151
7.508004544894798e-155
1.9158152894792913e-158
4.443057991571455e-162
9.365038507343774e-166
