0.6649393804475024
0.048496382660207
0.003617959329533122
0.00027608642839181685
2.1550307911848954e-05
1.7206344250215533e-06
1.4052425139131242e-07
1.173926560910203e-08
9.901524083455516e-10
9.798929787665212e-11
9.70506019069637e-12
9.617148642782232e-13
9.534510139046518e-14
9.457899876115293e-15
9.389428102384692e-16
9.3328878291922e-17
9.294502905799823e-18
9.284225000614903e-19
9.317840957511581e-20
9.420333325389003e-21
9.631209821338559e-22
1.0012943673052908e-22
1.0664341233154494e-23
1.1741727335863577e-24
1.3492557458680565e-25
1.630882982659125e-26
2.081214519967842e-27
2.7989567366366843e-28
3.941149530210089e-29
5.758293881530556e-30
8.651395001729624e-31
1.3265467964112827e-31
2.0644679286946323e-32
3.2493706409122946e-33
5.162632718621658e-34
8.275252874892809e-35
1.338945903880606e-35
2.190048822345838e-36
3.6294313394580137e-37
6.11206319931e-38
1.0494564249698479e-38
1.843668778120126e-39
3.3244791943407494e-40
6.167833083866888e-41
1.1788648520227255e-41
2.3212488689044502e-42
4.703536804630658e-43
9.789731743291118e-44
2.088539273269122e-44
4.558170857617029e-45
1.0161554235726851e-45
2.3118059985332735e-46
5.365631766964085e-47
1.2706966613446916e-47
3.072135816794223e-48
7.587893862463954e-49
1.9160092110218093e-49
4.949194984103123e-50
1.3083205363112009e-50
3.540170948038767e-51
9.80547741990127e-52
2.779663016171495e-52
8.06323072015232e-53
2.3929372104807775e-53
7.264180860526617e-54
2.255424907305902e-54
7.162023948067871e-55
2.3259958273327598e-55
7.726108883827723e-56
2.6248799039292375e-56
9.121616333440149e-57
3.242355001690668e-57
1.1789162805834999e-57
4.384716368929312e-58
1.6681513599098614e-58
6.491760366475121e-59
2.584163277539654e-59
1.0522179504091138e-59
4.3824640502055836e-60
1.8670556804504803e-60
8.136213129161342e-61
3.6267172065804985e-61
1.6536047797300308e-61
7.712173058141303e-62
3.6791652955935443e-62
1.795353953945311e-62
8.961498910977436e-63
4.575561366980428e-63
2.3897291130584433e-63
1.276761356318583e-63
6.978509220691836e-64
3.902858956357439e-64
2.234245903656154e-64
1.3102267846450028e-64
7.883876596763952e-65
4.903071447658976e-65
3.1362110042987842e-65
2.1148590924622553e-65
1.5321212900653333e-65
1.232852826078094e-65
1.1407434973735229e-65
1.232852826078094e-65
1.5321212900653333e-65
2.1148590924622553e-65
3.1362110042987842e-65
4.903071447658976e-65
7.883876596763952e-65
1.3102267846450028e-64
2.234245903656154e-64
3.902858956357439e-64
6.978509220691836e-64
1.276761356318583e-63
2.3897291130584433e-63
4.575561366980428e-63
8.961498910977436e-63
1.795353953945311e-62
3.6791652955935443e-62
7.712173058141303e-62
1.6536047797300308e-61
3.6267172065804985e-61
8.136213129161342e-61
1.8670556804504803e-60
4.3824640502055836e-60
1.0522179504091138e-59
2.584163277539654e-59
6.491760366475121e-59
1.6681513599098614e-58
4.384716368929312e-58
1.1789162805834999e-57
3.242355001690668e-57
9.121616333440149e-57
2.6248799039292375e-56
7.726108883827723e-56
2.3259958273327598e-55
7.162023948067871e-55
2.255424907305902e-54
7.264180860526617e-54
2.3929372104807775e-53
8.06323072015232e-53
2.779663016171495e-52
9.80547741990127e-52
3.540170948038767e-51
1.3083205363112009e-50
4.949194984103123e-50
1.9160092110218093e-49
7.587893862463954e-49
3.072135816794223e-48
1.2706966613446916e-47
5.365631766964085e-47
2.3118059985332735e-46
1.0161554235726851e-45
4.558170857617029e-45
2.088539273269122e-44
9.789731743291118e-44
4.703536804630658e-43
2.3212488689044502e-42
1.1788648520227255e-41
6.167833083866888e-41
3.3244791943407494e-40
1.843668778120126e-39
1.0494564249698479e-38
6.11206319931e-38
3.6294313394580137e-37
2.190048822345838e-36
1.338945903880606e-35
8.275252874892809e-35
5.162632718621658e-34
3.2493706409122946e-33
2.0644679286946323e-32
1.3265467964112827e-31
8.651395001729624e-31
5.758293881530556e-30
3.941149530210089e-29
2.7989567366366843e-28
2.081214519967842e-27
1.630882982659125e-26
1.3492557458680565e-25
1.1741727335863577e-24
1.0664341233154494e-23
1.0012943673052908e-22
9.631209821338559e-22
9.420333325389003e-21
9.317840957511581e-20
9.284225000614903e-19
9.294502905799823e-18
9.3328878291922e-17
9.389428102384692e-16
9.457899876115293e-15
9.534510139046518e-14
9.617148642782232e-13
9.70506019069637e-12
9.798929787665212e-11
9.901524083455516e-10
1.173926560910203e-08
1.4052425139131242e-07
1.7206344250215533e-06
2.1550307911848954e-05
0.00027608642839181685
0.003617959329533122
0.048496382660207

7.800163040167078e-67
4.967623015617007e-57
5.2105136939246304e-48
9.001179318514045e-40
2.5609744558974047e-32
1.200046406165224e-25
9.261424606242555e-20
1.1771844362980038e-14
2.464326166990779e-10
8.496475832749392e-07
0.0004824656799120263
0.04512123573997158
0.6949963216686512
1.7630758143500769
0.7366249602747814
0.0506884293778479
0.0005744578906757861
1.0722462226507913e-06
3.2962323070990053e-10
1.668891333463245e-14
1.391634760367045e-19
1.9112145266175567e-25
4.3229535426482353e-32
1.6104181625508302e-39
9.880608977368518e-48
9.984256417377819e-57
1.6616314388175822e-66
4.5544992634477534e-77
2.0560493412279457e-88
1.5286687591958573e-100
1.8718895017867492e-113
3.775148050281496e-127
1.2539341449092594e-141
6.859657464899204e-157
6.180407234891406e-173
9.171042701944312e-190
2.2413377194673855e-207
9.021584998070523e-226
5.980608194058653e-245
6.529723909787131e-265
1.1741707220450396e-285
3.477399891732956e-307
0.0
0.0
0.0
0.0
0.0
0.0
0.0
0.0
0.0
0.0
0.0
0.0
0.0
0.0
0.0
0.0
0.0
0.0
0.0
0.0
0.0
0.0
0.0
0.0
0.0
0.0
0.0
0.0
0.0
0.0
0.0
0.0
0.0
0.0
0.0
0.0
0.0
0.0
0.0
0.0
0.0
0.0
0.0
0.0
0.0
0.0
0.0
0.0
0.0
0.0
0.0
0.0
0.0
0.0
0.0
0.0
0.0
0.0
