0.5636940436087148
0.09295367228747871
0.01546188592853071
0.0025943656442904348
0.00043910937664240577
7.496991944952103e-05
1.2911425217601805e-05
2.2430250865766208e-06
3.9306727133822154e-07
6.948202129701418e-08
1.2389418808552704e-08
1.6321351217932931e-09
2.7752838141946896e-10
4.8140974830685876e-11
8.54342513894967e-12
1.5545072452899603e-12
2.903012192563795e-13
5.562679812543752e-14
1.092037902188482e-14
2.190931992717226e-15
4.478528658794736e-16
9.297619200567898e-17
1.9544642399198714e-17
4.149077997758517e-18
8.875348263682758e-19
1.909703190394795e-19
4.1276830144518695e-20
8.953048019360933e-21
1.947368156882779e-21
4.245483943464466e-22
9.274271213453065e-23
2.0297621731911463e-23
4.450620950922729e-24
9.778118801410324e-25
2.15301540504212e-25
4.752716719246256e-26
1.0522874468034981e-26
2.3381366789776397e-27
5.217305986947935e-28
1.1700776960756146e-28
2.6398404448865725e-29
5.997687623230775e-30
1.3737792640121086e-30
3.1759871545332537e-31
7.419336138451926e-32
1.7532207748867493e-32
4.19456569708965e-33
1.0167455277197925e-33
2.4979698804757224e-34
6.220893849857529e-35
1.57006513878474e-35
4.013961589793761e-36
1.0387704576728478e-36
2.7189301510127177e-37
7.19158022067342e-38
1.9205204932840613e-38
5.1740624629444024e-39
1.4052675974548945e-39
3.845520356486534e-40
1.0598306326212414e-40
2.940915088121885e-41
8.215469173051295e-42
2.310360272839863e-42
6.5413197879814835e-43
1.8649592450993593e-43
5.35552001806804e-44
1.5495050102688885e-44
4.5184048838345196e-45
1.3283779595520738e-45
3.938575245590903e-46
1.1780392070503225e-46
3.5553729223956705e-47
1.0829106839213272e-47
3.329147871355871e-48
1.0330738161563923e-48
3.2358506525486514e-49
1.0230230197287835e-49
3.264283716288822e-50
1.051118540939322e-50
3.4152912616976996e-51
1.1196101762171051e-51
3.7027415139437004e-52
1.2352596712165128e-52
4.156620739819925e-53
1.4107419765155091e-53
4.8291008016953893e-54
1.6672115704408322e-54
5.805260640706336e-55
2.0387551352543298e-55
7.22154081632109e-56
2.580043627351917e-56
9.297538475036475e-57
3.379585898819383e-57
1.239148697814244e-57
4.583093101712989e-58
1.710003290852262e-58
6.438531847468015e-59
2.4517458905558783e-59
9.575068830839327e-60
4.167738674921538e-60
2.8167401624494174e-60
4.167738674921538e-60
9.575068830839327e-60
2.4517458905558783e-59
6.438531847468015e-59
1.710003290852262e-58
4.583093101712989e-58
1.239148697814244e-57
3.379585898819383e-57
9.297538475036475e-57
2.580043627351917e-56
7.22154081632109e-56
2.0387551352543298e-55
5.805260640706336e-55
1.6672115704408322e-54
4.8291008016953893e-54
1.4107419765155091e-53
4.156620739819925e-53
1.2352596712165128e-52
3.7027415139437004e-52
1.1196101762171051e-51
3.4152912616976996e-51
1.051118540939322e-50
3.264283716288822e-50
1.0230230197287835e-49
3.2358506525486514e-49
1.0330738161563923e-48
3.329147871355871e-48
1.0829106839213272e-47
3.5553729223956705e-47
1.1780392070503225e-46
3.938575245590903e-46
1.3283779595520738e-45
4.5184048838345196e-45
1.5495050102688885e-44
5.35552001806804e-44
1.8649592450993593e-43
6.5413197879814835e-43
2.310360272839863e-42
8.215469173051295e-42
2.940915088121885e-41
1.0598306326212414e-40
3.845520356486534e-40
1.4052675974548945e-39
5.1740624629444024e-39
1.9205204932840613e-38
7.19158022067342e-38
2.7189301510127177e-37
1.0387704576728478e-36
4.013961589793761e-36
1.57006513878474e-35
6.220893849857529e-35
2.4979698804757224e-34
1.0167455277197925e-33
4.19456569708965e-33
1.7532207748867493e-32
7.419336138451926e-32
3.1759871545332537e-31
1.3737792640121086e-30
5.997687623230775e-30
2.6398404448865725e-29
1.1700776960756146e-28
5.217305986947935e-28
2.3381366789776397e-27
1.0522874468034981e-26
4.752716719246256e-26
2.15301540504212e-25
9.778118801410324e-25
4.450620950922729e-24
2.0297621731911463e-23
9.274271213453065e-23
4.245483943464466e-22
1.947368156882779e-21
8.953048019360933e-21
4.1276830144518695e-20
1.909703190394795e-19
8.875348263682758e-19
4.149077997758517e-18
1.9544642399198714e-17
9.297619200567898e-17
4.478528658794736e-16
2.190931992717226e-15
1.092037902188482e-14
5.562679812543752e-14
2.903012192563795e-13
1.5545072452899603e-12
8.54342513894967e-12
4.8140974830685876e-11
2.7752838141946896e-10
1.6321351217932931e-09
1.2389418808552704e-08
6.948202129701418e-08
3.9306727133822154e-07
2.2430250865766208e-06
1.2911425217601805e-05
7.496991944952103e-05
0.00043910937664240577
0.0025943656442904348
0.01546188592853071
0.09295367228747871

6.108047290826743e-82
1.0304405085161345e-64
1.5843282757116045e-49
2.2200826388138648e-36
2.8352726306462285e-25
3.3000629787074494e-16
3.5006714131172222e-09
0.0003384403890405908
0.29820487617336805
2.394688415237201
0.17526088618244912
0.00011690220716915066
7.106604328166409e-10
3.9373432619440755e-17
1.9881362268771132e-26
9.149360009847074e-38
3.837399475072473e-51
1.4668477011309334e-66
5.110163019659826e-84
1.6225055931873057e-103
4.695040770348954e-125
1.2382098392045242e-148
2.9761228280341743e-174
6.519423129824895e-202
1.3015750181122317e-231
2.3682686021022134e-263
3.9273031660221534e-297
0.0
0.0
0.0
0.0
0.0
0.0
0.0
0.0
0.0
0.0
0.0
0.0
0.0
0.0
0.0
0.0
0.0
0.0
0.0
0.0
0.0
0.0
0.0
0.0
0.0
0.0
0.0
0.0
0.0
0.0
0.0
0.0
0.0
0.0
0.0
0.0
0.0
0.0
0.0
0.0
0.0
0.0
0.0
0.0
0.0
0.0
0.0
0.0
0.0
0.0
0.0
0.0
0.0
0.0
0.0
0.0
0.0
0.0
0.0
0.0
0.0
0.0
0.0
0.0
0.0
0.0
0.0
0.0
0.0
0.0
0.0
0.0
0.0
