1.6997624333796482
0.21985150907146603
0.056198367915393344
0.019643450620814303
0.008496095604323252
0.004307979627750668
0.0024783299800406377
0.0015788155572919503
0.0010912444430266966
0.0008043517759809815
0.0006234805474313989
0.0005026739810096411
0.00041800659056647795
0.00035623823080121423
0.00030963951220317387
0.00027348193524102363
0.00024475181190300726
0.00022145812483380422
0.00020224331604726107
0.0001861556476041095
0.00017251128567251597
0.00016080805689472666
0.00015066995906269233
0.00014181053003691337
0.00013400809745442506
0.0001270886998221336
0.00012091407332938346
0.00011537305299694805
0.0001103753187059933
0.00010584677961309031
0.0001017261216101662
9.796219255895989e-05
9.451199921185531e-05
9.133915637421486e-05
8.841267433664228e-05
8.570600208143601e-05
8.319626584764554e-05
8.086365832298017e-05
7.869094500234655e-05
7.6663062442678e-05
7.476678915613472e-05
7.299047434064234e-05
7.132381298086674e-05
6.975765836853578e-05
6.82838650048884e-05
6.689515631525142e-05
6.558501273879428e-05
6.43475766375893e-05
6.317757115876474e-05
6.207023072675711e-05
6.102124127309637e-05
6.0026688654157114e-05
5.908301398211839e-05
5.818697481569638e-05
5.733561133633267e-05
5.6526216781199e-05
5.5756311523332215e-05
5.502362028686378e-05
5.4326052065707975e-05
5.3661682380599895e-05
5.3028737564603964e-05
5.242558081324348e-05
5.185069977389879e-05
5.130269548142722e-05
5.07802724741615e-05
5.028222994741888e-05
4.980745382112111e-05
4.9354909614668556e-05
4.892363603630986e-05
4.851273920629792e-05
4.812138744344703e-05
4.774880655357677e-05
4.739427556596908e-05
4.705712287056221e-05
4.673672271431642e-05
4.643249202014078e-05
4.6143887496079904e-05
4.5870403006214994e-05
4.561156717801532e-05
4.5366941223748666e-05
4.513611695608107e-05
4.4918714980213075e-05
4.471438304685484e-05
4.452279455206861e-05
4.4343647171537543e-05
4.417666161817694e-05
4.402158051321236e-05
4.3878167361928667e-05
4.374620562625803e-05
4.362549788724271e-05
4.351586509118839e-05
4.341714587403026e-05
4.332919595907422e-05
4.3251887623860226e-05
4.318510923242984e-05
4.312876482977341e-05
4.308277379568969e-05
4.30470705557167e-05
4.302160434719468e-05
4.300633903890142e-05
4.300125300306399e-05
4.300633903890142e-05
4.302160434719468e-05
4.30470705557167e-05
4.308277379568969e-05
4.312876482977341e-05
4.318510923242984e-05
4.3251887623860226e-05
4.332919595907422e-05
4.341714587403026e-05
4.351586509118839e-05
4.362549788724271e-05
4.374620562625803e-05
4.3878167361928667e-05
4.402158051321236e-05
4.417666161817694e-05
4.4343647171537543e-05
4.452279455206861e-05
4.471438304685484e-05
4.4918714980213075e-05
4.513611695608107e-05
4.5366941223748666e-05
4.561156717801532e-05
4.5870403006214994e-05
4.6143887496079904e-05
4.643249202014078e-05
4.673672271431642e-05
4.705712287056221e-05
4.739427556596908e-05
4.774880655357677e-05
4.812138744344703e-05
4.851273920629792e-05
4.892363603630986e-05
4.9354909614668556e-05
4.980745382112111e-05
5.028222994741888e-05
5.07802724741615e-05
5.130269548142722e-05
5.185069977389879e-05
5.242558081324348e-05
5.3028737564603964e-05
5.3661682380599895e-05
5.4326052065707975e-05
5.502362028686378e-05
5.5756311523332215e-05
5.6526216781199e-05
5.733561133633267e-05
5.818697481569638e-05
5.908301398211839e-05
6.0026688654157114e-05
6.102124127309637e-05
6.207023072675711e-05
6.317757115876474e-05
6.43475766375893e-05
6.558501273879428e-05
6.689515631525142e-05
6.82838650048884e-05
6.975765836853578e-05
7.132381298086674e-05
7.299047434064234e-05
7.476678915613472e-05
7.6663062442678e-05
7.869094500234655e-05
8.086365832298017e-05
8.319626584764554e-05
8.570600208143601e-05
8.841267433664228e-05
9.133915637421486e-05
9.451199921185531e-05
9.796219255895989e-05
0.0001017261216101662
0.00010584677961309031
0.0001103753187059933
0.00011537305299694805
0.00012091407332938346
0.0001270886998221336
0.00013400809745442506
0.00014181053003691337
0.00015066995906269233
0.00016080805689472666
0.00017251128567251597
0.0001861556476041095
0.00020224331604726107
0.00022145812483380422
0.00024475181190300726
0.00027348193524102363
0.00030963951220317387
0.00035623823080121423
0.00041800659056647795
0.0005026739810096411
0.0006234805474313989
0.0008043517759809815
0.0010912444430266966
0.0015788155572919503
0.0024783299800406377
0.004307979627750668
0.008496095604323252
0.019643450620814303
0.056198367915393344
0.21985150907146603

0.0019749850213928487
0.0091693557153997
0.03328924078725818
0.09450592008310031
0.20979937889648223
0.36419991776507765
0.49440975464702375
0.5256792800600046
0.4509256668416654
0.4099598122833722
0.655788831326814
1.0576795070458873
0.9660479656210742
0.44030738464961827
0.09806433479327664
0.010643789245220957
0.0005664539319456044
1.8013424255260275e-05
9.553271997123913e-05
0.0018739023813776727
0.020346337135161423
0.12194724113273796
0.4034621551971807
0.7368493512401931
0.7428475300399288
0.4133954941313219
0.12699214839206924
0.021534415036139627
0.002015739305839492
0.00010415514469298575
2.970791451486828e-06
4.677444911688501e-08
4.0652782260941253e-10
1.9503697086491783e-12
5.1652183998748546e-15
7.55101811923348e-18
6.0935083719617225e-21
2.7144033880290296e-24
6.67461841105328e-28
9.059903506869378e-32
6.788374277586791e-36
2.807715263319772e-40
6.41040433559454e-45
8.079097713919705e-50
5.6206348901228425e-55
2.158504537202872e-60
4.575785245739005e-66
5.354554929945905e-72
3.4588059666362066e-78
1.233315238674863e-84
2.4275437891450923e-91
2.6375769929758768e-98
1.5819553793033454e-105
5.265627174752967e-113
3.817281745856099e-120
2.2678049837073038e-125
1.404911380061214e-130
6.8087413770890586e-136
2.580328307256217e-141
7.646684119146971e-147
1.7719904948471052e-152
3.2109953783090718e-158
4.549964703534812e-164
5.041577288359834e-170
4.368324433972996e-176
2.9597388750701934e-182
1.5681296355863633e-188
6.496816235413948e-195
2.104792355245739e-201
5.332219112759921e-208
1.0563230859614846e-214
1.636347774712433e-221
1.9821864527927045e-228
1.8776016216890837e-235
1.390760842340114e-242
8.055481631492625e-250
3.648552700075455e-257
1.2922299135138416e-264
3.578895448598603e-272
7.750831350379407e-280
1.3126157700826114e-287
1.7382690706431182e-295
1.8000577664395448e-303
1.45762543108e-311
9.2296e-320
0.0
0.0
0.0
0.0
0.0
0.0
0.0
0.0
0.0
0.0
0.0
0.0
0.0
0.0
0.0
