0.6159672552481671
0.14261271476130158
0.04698968663756465
0.02072516748704588
0.01137263845503092
0.007272442285075661
0.005162690986309251
0.003937675471729034
0.003158706631826423
0.0026280437208559613
0.002246865903957604
0.0019614776833264836
0.0017406407192526998
0.0015651301275970701
0.0014225478737473892
0.001304578117664901
0.0012054540467658784
0.001121060734265
0.0010483886600503724
0.0009851889836340222
0.0009297493132511289
0.0008807438518233627
0.0008371308139869514
0.0007980806802262663
0.0007629250431130847
0.0007311194968767456
0.0007022162883677385
0.0006758438715317839
0.0006516914219159464
0.0006294969667368988
0.0006090381856979105
0.0005901252089225103
0.000572594925261976
0.0005563064448971309
0.0005411374527346237
0.0005269812555125316
0.0005137443737284814
0.0005013445648616931
0.000489709190562557
0.000478773860085477
0.000468481297036497
0.00045878038776919663
0.00044962537840261555
0.0004409751941135192
0.0004327928595541783
0.0004250450033210168
0.00041770143261261113
0.00041073476676493296
0.00040412012038612826
0.00039783482844546475
0.0003918582069876386
0.0003861713442107994
0.0003807569175157775
0.0003755990328450529
0.0003706830832142798
0.0003659956238212666
0.0003615242615166913
0.0003572575567529436
0.0003531849364047007
0.0003492966160870312
0.0003455835307919818
0.00034203727282916465
0.00033865003619506536
0.0003354145666139105
0.0003323241165934475
0.00032937240492476996
0.00032655358012873405
0.0003238621874145004
0.00032129313876992166
0.00031884168585023494
0.00031650339537191727
0.0003142741267535757
0.0003121500117761598
0.00031012743606125475
0.0003082030221893163
0.0003063736142999043
0.0003046362640336721
0.0003029882176914064
0.000301426904499094
0.0002999499258800378
0.00029855504564571463
0.0002972401810264883
0.0002960033944716743
0.00029484288615589
0.00029375698713526643
0.0002927441531030238
0.0002918029586992255
0.00029093209233429254
0.0002901303514901544
0.00028939663846679417
0.00028872995654545417
0.00028812940654297147
0.0002875941837346244
0.0002871235751255527
0.00028671695705327085
0.00028637379310608805
0.0002860936323443648
0.00028587610781353643
0.0002857209353397149
0.00028562791260047083
0.0002855969184651163
0.00028562791260047083
0.0002857209353397149
0.00028587610781353643
0.0002860936323443648
0.00028637379310608805
0.00028671695705327085
0.0002871235751255527
0.0002875941837346244
0.00028812940654297147
0.00028872995654545417
0.00028939663846679417
0.0002901303514901544
0.00029093209233429254
0.0002918029586992255
0.0002927441531030238
0.00029375698713526643
0.00029484288615589
0.0002960033944716743
0.0002972401810264883
0.00029855504564571463
0.0002999499258800378
0.000301426904499094
0.0003029882176914064
0.0003046362640336721
0.0003063736142999043
0.0003082030221893163
0.00031012743606125475
0.0003121500117761598
0.0003142741267535757
0.00031650339537191727
0.00031884168585023494
0.00032129313876992166
0.0003238621874145004
0.00032655358012873405
0.00032937240492476996
0.0003323241165934475
0.0003354145666139105
0.00033865003619506536
0.00034203727282916465
0.0003455835307919818
0.0003492966160870312
0.0003531849364047007
0.0003572575567529436
0.0003615242615166913
0.0003659956238212666
0.0003706830832142798
0.0003755990328450529
0.0003807569175157775
0.0003861713442107994
0.0003918582069876386
0.00039783482844546475
0.00040412012038612826
0.00041073476676493296
0.00041770143261261113
0.0004250450033210168
0.0004327928595541783
0.0004409751941135192
0.00044962537840261555
0.00045878038776919663
0.000468481297036497
0.000478773860085477
0.000489709190562557
0.0005013445648616931
0.0005137443737284814
0.0005269812555125316
0.0005411374527346237
0.0005563064448971309
0.000572594925261976
0.0005901252089225103
0.0006090381856979105
0.0006294969667368988
0.0006516914219159464
0.0006758438715317839
0.0007022162883677385
0.0007311194968767456
0.0007629250431130847
0.0007980806802262663
0.0008371308139869514
0.0008807438518233627
0.0009297493132511289
0.0009851889836340222
0.0010483886600503724
0.001121060734265
0.0012054540467658784
0.001304578117664901
0.0014225478737473892
0.0015651301275970701
0.0017406407192526998
0.0019614776833264836
0.002246865903957604
0.0026280437208559613
0.003158706631826423
0.003937675471729034
0.005162690986309251
0.007272442285075661
0.01137263845503092
0.02072516748704588
0.04698968663756465
0.14261271476130158

0.013702800250808927
0.02962754053141611
0.05790992066489549
0.10232492478009685
0.1634485202875164
0.23602154420127935
0.3081012049247157
0.3635852372456306
0.38787356383988825
0.3740633983154526
0.3261154276526098
0.2570209764770085
0.18312046771726204
0.11794412252103748
0.06867312545788759
0.036146680332552646
0.01719970975814248
0.007398521042587699
0.002876999612717939
0.001011360036307543
0.00032139777716047726
9.233174512501966e-05
2.3978958408398772e-05
5.6296407260493236e-06
1.1948190554374677e-06
2.2924226765061117e-07
3.976109594198884e-08
6.23437744597377e-09
8.836879496881182e-10
1.1323374436714023e-10
1.3116679276486898e-11
1.3735454209469644e-12
1.30026911332254e-13
1.1127422096943351e-14
8.608489886773994e-16
6.020471152522969e-17
3.806318107874686e-18
2.1754583719890573e-19
1.1240032545814895e-20
5.24995348085572e-22
2.2167383601650477e-23
8.461444560641781e-25
2.919750119877134e-26
9.107893666766603e-28
2.568392029089607e-29
6.5475039676666315e-31
1.5089030006121738e-32
3.1435326042857977e-34
5.920327221222881e-36
1.0079629021521908e-37
1.5513667548684982e-39
2.1585171703894603e-41
2.714986222119104e-43
3.087101063455423e-45
3.173256364592208e-47
2.9486998471946216e-49
2.4770060642897016e-51
1.8810254323952964e-53
1.2913184619146728e-55
8.013885773854991e-58
4.4959764811374937e-60
2.2802161043749896e-62
1.0454399248340774e-64
4.333045501328592e-67
1.623523250963429e-69
5.49914119651665e-72
1.6838458233768273e-74
4.661018989554792e-77
1.1663543559444368e-79
2.6384644929873575e-82
5.395641514755517e-85
9.974841788975661e-88
1.6670170420164622e-90
2.5185185752977715e-93
3.4397063810837027e-96
4.2468672010191045e-99
4.740095424951818e-102
4.782737922251416e-105
4.362517455210569e-108
3.597235467204627e-111
2.6814620250218815e-114
1.8069474813263765e-117
1.1007545879897565e-120
6.0618693740708646e-124
3.017822818345783e-127
1.3581633205620344e-130
5.525624288190099e-134
2.0322718498894214e-137
6.756991089180461e-141
2.030934821648087e-144
5.5183560819449244e-148
1.3554844836262181e-151
3.0098889698565912e-155
6.041955125947247e-159
1.0964166207383588e-162
1.7986423734391207e-166
2.6673814446451837e-170
3.575991896340377e-174
4.33390134746395e-178
4.748239446240628e-182
