0.6411610490185355
0.01005254862591088
0.00018296111458911658
3.8655827553374445e-06
9.480794116665978e-08
2.326784929747652e-09
7.629537430906547e-11
3.1736718564867665e-12
7.495150061314081e-14
8.242982226735669e-15
4.903498072833651e-16
3.326250276887031e-17
2.643653924669004e-18
2.4792581869248e-19
2.718510420889857e-20
3.453450808668456e-21
5.073876325036116e-22
8.641997559670837e-23
1.7093389451176092e-23
3.9264772094393384e-24
1.046787681339659e-24
3.235860474798513e-25
1.157590368917284e-25
4.772313643544674e-26
2.2500004648326262e-26
1.1990971620994257e-26
7.115921555223526e-27
4.624601029836144e-27
3.237868992722952e-27
2.406591298802141e-27
1.8756633017298532e-27
1.5178507045505734e-27
1.2655387345548068e-27
1.0807129076264475e-27
9.40908277496893e-28
8.322518038853315e-28
7.45837257811853e-28
6.757477883891894e-28
6.1793174221072185e-28
5.695393112306699e-28
5.285177397314539e-28
4.93356710485933e-28
4.629237456715662e-28
4.363551263043096e-28
4.1298195783472895e-28
3.9227902058556374e-28
3.7382871608787707e-28
3.5729521639173234e-28
3.424056366952809e-28
3.289361246534174e-28
3.1670144548740357e-28
3.055470885741929e-28
2.9534321708880977e-28
2.8597998153371123e-28
2.7736385421139837e-28
2.694147361416363e-28
2.6206365427067107e-28
2.5525091400334697e-28
2.489246060337292e-28
2.430393911360635e-28
2.3755550471461624e-28
2.3243793636414535e-28
2.27655749762547e-28
2.2318151581915544e-28
2.1899083778758734e-28
2.1506195148880083e-28
2.113753872173067e-28
2.079136825692231e-28
2.046611375179063e-28
2.0160360470706666e-28
1.9872830923425748e-28
1.9602369323608128e-28
1.9347928141856777e-28
1.9108556434639647e-28
1.8883389684714214e-28
1.8671640932792819e-28
1.8472593016233807e-28
1.8285591760122342e-28
1.8110039990478898e-28
1.7945392259500812e-28
1.779115018949479e-28
1.7646858356127249e-28
1.751210064331162e-28
1.7386497011873274e-28
1.7269700632413745e-28
1.7161395339802134e-28
1.7061293372671395e-28
1.6969133366367878e-28
1.6884678572140222e-28
1.6807715279078966e-28
1.673805141853032e-28
1.667551533348994e-28
1.6619954697903504e-28
1.657123557291917e-28
1.652924158900119e-28
1.6493873244465542e-28
1.6465047312472733e-28
1.6442696349841075e-28
1.6426768302251147e-28
1.641722620152335e-28
1.6414047951685284e-28
1.641722620152335e-28
1.6426768302251147e-28
1.6442696349841075e-28
1.6465047312472733e-28
1.6493873244465542e-28
1.652924158900119e-28
1.657123557291917e-28
1.6619954697903504e-28
1.667551533348994e-28
1.673805141853032e-28
1.6807715279078966e-28
1.6884678572140222e-28
1.6969133366367878e-28
1.7061293372671395e-28
1.7161395339802134e-28
1.7269700632413745e-28
1.7386497011873274e-28
1.751210064331162e-28
1.7646858356127249e-28
1.779115018949479e-28
1.7945392259500812e-28
1.8110039990478898e-28
1.8285591760122342e-28
1.8472593016233807e-28
1.8671640932792819e-28
1.8883389684714214e-28
1.9108556434639647e-28
1.9347928141856777e-28
1.9602369323608128e-28
1.9872830923425748e-28
2.0160360470706666e-28
2.046611375179063e-28
2.079136825692231e-28
2.113753872173067e-28
2.1506195148880083e-28
2.1899083778758734e-28
2.2318151581915544e-28
2.27655749762547e-28
2.3243793636414535e-28
2.3755550471461624e-28
2.430393911360635e-28
2.489246060337292e-28
2.5525091400334697e-28
2.6206365427067107e-28
2.694147361416363e-28
2.7736385421139837e-28
2.8597998153371123e-28
2.9534321708880977e-28
3.055470885741929e-28
3.1670144548740357e-28
3.289361246534174e-28
3.424056366952809e-28
3.5729521639173234e-28
3.7382871608787707e-28
3.9227902058556374e-28
4.1298195783472895e-28
4.363551263043096e-28
4.629237456715662e-28
4.93356710485933e-28
5.285177397314539e-28
5.695393112306699e-28
6.1793174221072185e-28
6.757477883891894e-28
7.45837257811853e-28
8.322518038853315e-28
9.40908277496893e-28
1.0807129076264475e-27
1.2655387345548068e-27
1.5178507045505734e-27
1.8756633017298532e-27
2.406591298802141e-27
3.237868992722952e-27
4.624601029836144e-27
7.115921555223526e-27
1.1990971620994257e-26
2.2500004648326262e-26
4.772313643544674e-26
1.157590368917284e-25
3.235860474798513e-25
1.046787681339659e-24
3.9264772094393384e-24
1.7093389451176092e-23
8.641997559670837e-23
5.073876325036116e-22
3.453450808668456e-21
2.718510420889857e-20
2.4792581869248e-19
2.643653924669004e-18
3.326250276887031e-17
4.903498072833651e-16
8.242982226735669e-15
7.495150061314081e-14
3.1736718564867665e-12
7.629537430906547e-11
2.326784929747652e-09
9.480794116665978e-08
3.8655827553374445e-06
0.00018296111458911658
0.01005254862591088

5.887047128115346e-27
1.5805668478260956e-24
3.2276677867573504e-22
5.013319587563617e-20
5.922738486992097e-18
5.322066871408909e-16
3.6374639729589555e-14
1.8909396896840608e-12
7.476825725781693e-11
2.248627108015963e-09
5.14373077556657e-08
8.949517474831466e-07
1.1843542282629659e-05
0.00011921316351836932
0.0009126986630185561
0.005314852537255704
0.023540497010235556
0.07930501285794436
0.20321055192232543
0.396052240457592
0.5871097558036334
0.6619828266676581
0.5677207300293213
0.3703253019443273
0.1837353081925927
0.06933658731228311
0.0199018251246921
0.004344941693981687
0.0007214987840211646
9.112716461541731e-05
8.754285685680234e-06
6.396673387237929e-07
3.5550706911113316e-08
1.5028059609405806e-09
4.831902703963288e-11
1.1816641389891087e-12
2.1980144057325636e-14
3.1097653242255354e-16
3.3464574107994913e-18
2.739072902116777e-20
1.7052281134950997e-22
8.074617901589957e-25
2.9081853339598458e-27
7.96677924264354e-30
1.6599847178006796e-32
2.6307888955265064e-35
3.1712356407219425e-38
2.907579719533929e-41
2.027661017141264e-44
1.0755229349837037e-47
4.3391494021610484e-51
1.331527483370915e-54
3.1078229515485147e-58
5.517254377569645e-62
7.449898395018233e-66
7.651353988108214e-70
5.97704937894878e-74
3.5513706078422477e-78
1.604965686546624e-82
5.516912692489848e-87
1.4424045175915512e-91
2.868392909186991e-96
4.338611969372858e-101
4.991413891713257e-106
4.367741831842892e-111
2.90703955135427e-116
1.4716533534483043e-121
5.666575919827921e-127
1.659573542759418e-132
3.696859087555122e-138
6.263684796138494e-144
8.072117894731155e-150
7.912353848435303e-156
5.899083037689491e-162
3.34521412114266e-168
1.4428591463413142e-174
4.733523698037419e-181
1.1811519686589389e-187
2.2417521970650854e-194
3.2361603572361623e-201
3.5533097408018882e-208
2.9675408287754536e-215
1.8850416172582656e-222
9.10763854226168e-230
3.346965480952738e-237
9.35529062941104e-245
1.9889503303999676e-252
3.2162603383017187e-260
3.955843084455207e-268
3.7007310222283064e-276
2.633277259782041e-284
1.4251686493127622e-292
5.866735859675768e-301
1.8369080346845e-309
4.374605e-318
0.0
0.0
0.0
0.0
0.0
