0.15661556166244073
0.004447054214994453
0.0001297281019719716
3.887941260930264e-06
4.99693300424721e-09
2.257179166456369e-10
1.083564291460683e-11
5.324617133207391e-13
2.6387415724669542e-14
1.3116196197548679e-15
6.526451230148753e-17
3.248680467318252e-18
1.6173098379586994e-19
8.05191576291293e-21
4.0087797876784393e-22
1.9958492874793104e-23
9.936751402581256e-25
4.9472286317052036e-26
2.4630929014497562e-27
1.2263146885594914e-28
6.1055900007686685e-30
3.03992183724201e-31
1.5136143703147487e-32
7.537094651934703e-34
3.7537393624096983e-35
1.8701062378058368e-36
9.322891912962893e-38
4.6536634689538194e-39
2.3288802479060835e-40
1.1713286054252113e-41
5.9490837396035375e-43
3.0781745910734407e-44
1.6477615295631835e-45
9.345395399559863e-47
5.783964086931494e-48
4.000431106260025e-49
3.102174057166398e-50
2.6447909912329008e-51
2.4070412783179696e-52
2.2787984438204563e-53
2.205270198740368e-54
2.1592351717072343e-55
2.127232943912134e-56
2.102708307514284e-57
2.082629339682793e-58
2.065853186474149e-59
2.0523907584285633e-60
2.0431644917860564e-61
2.040083641516082e-62
2.0463917706650926e-63
2.0673306418557194e-64
2.1112487438136425e-65
2.1913877024313168e-66
2.3287338131535373e-67
2.5565633950280337e-68
2.927700265689096e-69
3.526142958904567e-70
4.485784540291181e-71
6.020753396473037e-72
8.475025921196796e-73
1.2404489845075357e-73
1.8714681283038673e-74
2.8896184962802806e-75
4.54357589828551e-76
7.255252682980713e-77
1.1755314265771193e-77
1.9340004177214113e-78
3.2372370557668303e-79
5.528868130135407e-80
9.667379798411685e-81
1.7364706370395774e-81
3.213411987709702e-82
6.138178921478833e-83
1.2111355831883498e-83
2.467324572785166e-84
5.182924942929844e-85
1.1207527313607337e-85
2.4907630307961095e-86
5.682134183062423e-87
1.3296747227052882e-87
3.1912277052076784e-88
7.856821861856208e-89
1.985238858211132e-89
5.150901132466533e-90
1.3729517571260897e-90
3.760633807306693e-91
1.0586670000360517e-91
3.0630068392216525e-92
9.107232430361418e-93
2.7824069967647783e-93
8.733769845289167e-94
2.816411775421326e-94
9.330136911162331e-95
3.1752398964603634e-95
1.110132575126342e-95
3.9877767495215936e-96
1.4725677508487606e-96
5.606486832162772e-97
2.2376450546684986e-97
1.0200391955754139e-97
7.145751168731292e-98
1.0200391955754139e-97
2.2376450546684986e-97
5.606486832162772e-97
1.4725677508487606e-96
3.9877767495215936e-96
1.110132575126342e-95
3.1752398964603634e-95
9.330136911162331e-95
2.816411775421326e-94
8.733769845289167e-94
2.7824069967647783e-93
9.107232430361418e-93
3.0630068392216525e-92
1.0586670000360517e-91
3.760633807306693e-91
1.3729517571260897e-90
5.150901132466533e-90
1.985238858211132e-89
7.856821861856208e-89
3.1912277052076784e-88
1.3296747227052882e-87
5.682134183062423e-87
2.4907630307961095e-86
1.1207527313607337e-85
5.182924942929844e-85
2.467324572785166e-84
1.2111355831883498e-83
6.138178921478833e-83
3.213411987709702e-82
1.7364706370395774e-81
9.667379798411685e-81
5.528868130135407e-80
3.2372370557668303e-79
1.9340004177214113e-78
1.1755314265771193e-77
7.255252682980713e-77
4.54357589828551e-76
2.8896184962802806e-75
1.8714681283038673e-74
1.2404489845075357e-73
8.475025921196796e-73
6.020753396473037e-72
4.485784540291181e-71
3.526142958904567e-70
2.927700265689096e-69
2.5565633950280337e-68
2.3287338131535373e-67
2.1913877024313168e-66
2.1112487438136425e-65
2.0673306418557194e-64
2.0463917706650926e-63
2.040083641516082e-62
2.0431644917860564e-61
2.0523907584285633e-60
2.065853186474149e-59
2.082629339682793e-58
2.102708307514284e-57
2.127232943912134e-56
2.1592351717072343e-55
2.205270198740368e-54
2.2787984438204563e-53
2.4070412783179696e-52
2.6447909912329008e-51
3.102174057166398e-50
4.000431106260025e-49
5.783964086931494e-48
9.345395399559863e-47
1.6477615295631835e-45
3.0781745910734407e-44
5.9490837396035375e-43
1.1713286054252113e-41
2.3288802479060835e-40
4.6536634689538194e-39
9.322891912962893e-38
1.8701062378058368e-36
3.7537393624096983e-35
7.537094651934703e-34
1.5136143703147487e-32
3.03992183724201e-31
6.1055900007686685e-30
1.2263146885594914e-28
2.4630929014497562e-27
4.9472286317052036e-26
9.936751402581256e-25
1.9958492874793104e-23
4.0087797876784393e-22
8.05191576291293e-21
1.6173098379586994e-19
3.248680467318252e-18
6.526451230148753e-17
1.3116196197548679e-15
2.6387415724669542e-14
5.324617133207391e-13
1.083564291460683e-11
2.257179166456369e-10
4.99693300424721e-09
3.887941260930264e-06
0.0001297281019719716
0.004447054214994453

5.931684588514238e-104
1.1582312300397688e-92
4.987094384527352e-82
4.735163726521749e-72
9.914196175826713e-63
4.5773604409834787e-54
4.6602349376223295e-46
1.0462503266022935e-38
5.179627134940256e-32
5.654529626356254e-26
1.3612239009098424e-20
7.225996449310229e-16
8.45864926238976e-12
2.1834305698469136e-08
1.242833214953197e-05
0.0015599885540383519
0.04317825313192263
0.26353834841921386
0.3546971242943645
0.10527048181061414
0.006889546719636575
9.942824735965253e-05
3.1642006420253997e-07
2.220513102906051e-10
3.4361946854174734e-14
1.1725659511815927e-18
8.823317189556795e-24
1.4640691871755274e-29
5.357058695614234e-36
4.322413438515607e-43
7.690619067694167e-51
3.01738961763948e-59
2.6105774280212556e-68
4.980544918471597e-78
2.0953290760651085e-88
1.9438498416718556e-99
3.976566808173742e-111
1.7938616628253237e-123
1.7844513391680236e-136
3.9143131443801646e-150
1.893396275759036e-164
2.0195870002920908e-179
4.75027454048426e-195
2.463825521911791e-211
2.817969476608122e-228
7.107186556139656e-246
3.952703531480432e-264
4.847589809122137e-283
1.3109694809393193e-302
7.4e-323
0.0
0.0
0.0
0.0
0.0
0.0
0.0
0.0
0.0
0.0
0.0
0.0
0.0
0.0
0.0
0.0
0.0
0.0
0.0
0.0
0.0
0.0
0.0
0.0
0.0
0.0
0.0
0.0
0.0
0.0
0.0
0.0
0.0
0.0
0.0
0.0
0.0
0.0
0.0
0.0
0.0
0.0
0.0
0.0
0.0
0.0
0.0
0.0
0.0
0.0
