0.5771303827494803
0.23038975609913862
0.11515896661968851
0.0682202096148434
0.04566702250183696
0.03332672689231091
0.025859402702739384
0.020975550625278783
0.017582638046835995
0.01511113675458058
0.013241645311856775
0.01178382675652352
0.010618350399347533
0.009667134082953195
0.008877196317226162
0.00821145175058647
0.0076432356355492365
0.007152922963373113
0.006725771575516241
0.006350505843379782
0.006018362509304214
0.005722433017886488
0.005457200820535111
0.005218209784605353
0.005001822555089212
0.004805041773740439
0.004625375960739786
0.00446073761859732
0.0043093649108704125
0.004169760812714088
0.004040645365218205
0.003920917866399667
0.0038096266746610297
0.0037059448999240316
0.0036091506890415614
0.003518611126092269
0.0034337689991373716
0.003354131856609466
0.0032792629051652147
0.003208773398153363
0.00314231623806993
0.0030795805734175914
0.0030202872145537484
0.0029641847275471587
0.002911046092088113
0.002860665830839742
0.0028128575345734027
0.002767451720977498
0.002724293975910435
0.002683243334653944
0.002644170867851427
0.002606958442626875
0.0025714976341382903
0.0025376887667325648
0.0025054400671002046
0.002474666914507104
0.002445291175409989
0.002417240611624126
0.002390448352772577
0.0023648524250587753
0.0023403953295116032
0.0023170236637894376
0.002294687782425306
0.0022733414910727835
0.00225294177089068
0.0022334485296998346
0.00221482437697043
0.0021970344200641246
0.002180046079470973
0.0021638289210540907
0.0021483545035516855
0.0021335962397917145
0.002119529270253483
0.0021061303477667667
0.0020933777322757153
0.002081251094714589
0.0020697314291475747
0.00205880097241747
0.0020484431306297527
0.002038642411870594
0.0020293843646213205
0.002020655521388484
0.0020124433471190874
0.002004736192015425
0.001997523248404103
0.0019907945113496897
0.001984540742735651
0.001978753438564217
0.0019734247992529578
0.001968547702729475
0.0019641156801471276
0.001960122894064217
0.0019565641189469834
0.0019534347238731524
0.0019507306573279671
0.0019484484339986514
0.001946585123486423
0.0019451383408674247
0.0019441062390456508
0.001943487502851964
0.0019432813448539905
0.001943487502851964
0.0019441062390456508
0.0019451383408674247
0.001946585123486423
0.0019484484339986514
0.0019507306573279671
0.0019534347238731524
0.0019565641189469834
0.001960122894064217
0.0019641156801471276
0.001968547702729475
0.0019734247992529578
0.001978753438564217
0.001984540742735651
0.0019907945113496897
0.001997523248404103
0.002004736192015425
0.0020124433471190874
0.002020655521388484
0.0020293843646213205
0.002038642411870594
0.0020484431306297527
0.00205880097241747
0.0020697314291475747
0.002081251094714589
0.0020933777322757153
0.0021061303477667667
0.002119529270253483
0.0021335962397917145
0.0021483545035516855
0.0021638289210540907
0.002180046079470973
0.0021970344200641246
0.00221482437697043
0.0022334485296998346
0.00225294177089068
0.0022733414910727835
0.002294687782425306
0.0023170236637894376
0.0023403953295116032
0.0023648524250587753
0.002390448352772577
0.002417240611624126
0.002445291175409989
0.002474666914507104
0.0025054400671002046
0.0025376887667325648
0.0025714976341382903
0.002606958442626875
0.002644170867851427
0.002683243334653944
0.002724293975910435
0.002767451720977498
0.0028128575345734027
0.002860665830839742
0.002911046092088113
0.0029641847275471587
0.0030202872145537484
0.0030795805734175914
0.00314231623806993
0.003208773398153363
0.0032792629051652147
0.003354131856609466
0.0034337689991373716
0.003518611126092269
0.0036091506890415614
0.0037059448999240316
0.0038096266746610297
0.003920917866399667
0.004040645365218205
0.004169760812714088
0.0043093649108704125
0.00446073761859732
0.004625375960739786
0.004805041773740439
0.005001822555089212
0.005218209784605353
0.005457200820535111
0.005722433017886488
0.006018362509304214
0.006350505843379782
0.006725771575516241
0.007152922963373113
0.0076432356355492365
0.00821145175058647
0.008877196317226162
0.009667134082953195
0.010618350399347533
0.01178382675652352
0.013241645311856775
0.01511113675458058
0.017582638046835995
0.020975550625278783
0.025859402702739384
0.03332672689231091
0.04566702250183696
0.0682202096148434
0.11515896661968851
0.23038975609913862

0.09429514442936722
0.16206178670263183
0.2464473417431602
0.3316040884318149
0.39479154009216977
0.41587998710230034
0.38763272020546236
0.31968706083945925
0.23328236613175074
0.15062289387637262
0.08605027962548854
0.04349765130147193
0.019455014186255244
0.00769926945494805
0.0026959988913864354
0.0008352993094038605
0.0002289901271805189
5.554482683472056e-05
1.1921274794349378e-05
2.263883131740077e-06
3.803973922790081e-07
5.655529622845631e-08
7.439799897390428e-09
8.659672166461406e-10
8.918542169453441e-11
8.12715442892844e-12
6.552927710539613e-13
4.675030674627604e-14
2.9511125666525814e-15
1.6483115773615534e-16
8.146012374470771e-18
3.5620748808535403e-19
1.3782031781645535e-20
4.718192676954213e-22
1.429191156525171e-23
3.8305152100173375e-25
9.083982417843841e-27
1.9061084282094525e-28
3.5389232275285026e-30
5.813623514093787e-32
8.450353736578314e-34
1.0868136826592412e-35
1.236765974542102e-37
1.2452948230424149e-39
1.1094533851184359e-41
8.745772165804543e-44
6.1001355034748094e-46
3.764723004606014e-48
2.0557902232063487e-50
9.932916571313381e-53
4.246459652971783e-55
1.606310281910461e-57
5.376307487138184e-60
1.5921756669054026e-62
4.172055606645045e-65
9.673005105467957e-68
1.9843805821387617e-70
3.601975406432043e-73
5.785071629583531e-76
8.221081639856614e-79
1.0337163947547659e-81
1.150074754750002e-84
1.1321473631417566e-87
9.861252321388607e-91
7.599996742052489e-94
5.182591325661114e-97
3.1270350157935296e-100
1.669439741823141e-103
7.88607629230261e-107
3.296123104852041e-110
1.2189842538478575e-113
3.988825070014585e-117
1.1548992749155944e-120
2.958662651878459e-124
6.70654762923864e-128
1.3451007036360703e-131
2.3870571090454373e-135
3.7482024637618886e-139
5.207574564546887e-143
6.401771597129621e-147
6.963331587593577e-151
6.701718787776589e-155
5.706995725055488e-159
4.3001253639773876e-163
2.8668628021303454e-167
1.69116088482682e-171
8.827041403108189e-176
4.07659553978601e-180
1.6658362528397935e-184
6.023088109182437e-189
1.926896315660382e-193
5.454434102883954e-198
1.3661339212269466e-202
3.027534311241199e-207
5.936590534819636e-212
1.030000272938412e-216
1.5812109279877364e-221
2.1478032609333843e-226
2.58137684775216e-231
2.7451150235372894e-236
