0.6150253131001465
0.06066122257038242
0.006047694796623751
0.0006094374131632595
6.207673931947174e-05
6.391300256278878e-06
6.651354315115728e-07
6.996671519244598e-08
7.296192936846746e-09
1.2174160703138284e-09
1.207031444683405e-10
1.197229588437766e-11
1.188287522527135e-12
1.1806434563177552e-13
1.1749902454791535e-14
1.1724230403507006e-15
1.1746725465531195e-16
1.1844735392643063e-17
1.2061470568462777e-18
1.246520174364442e-19
1.3163791012851016e-20
1.4327648509861656e-21
1.622600050757653e-22
1.9284187682832882e-23
2.417418830296859e-24
3.19576328808485e-25
4.431175009027453e-26
6.388633775849042e-27
9.486774786042854e-28
1.4386995426465936e-28
2.213424329751398e-29
3.4379468578008396e-30
5.373112852372876e-31
8.431065143297143e-32
1.3263029389820052e-32
2.08980699278571e-33
3.2962451394302555e-34
5.202652180316238e-35
8.21534461311871e-36
1.29767676500881e-36
2.0503040020867754e-37
3.240199602097697e-38
5.121927985641056e-39
8.098866228797116e-40
1.2810918782619589e-40
2.027478136161937e-41
3.210922207020197e-42
5.0899038067211025e-43
8.078762041273937e-44
1.28451474759613e-44
2.0472356672257178e-45
3.2734082671650203e-46
5.256840877958747e-47
8.491384111845392e-48
1.3822053466752054e-48
2.2725370183691414e-49
3.784310660572043e-50
6.402400771399596e-51
1.1040328892452005e-51
1.9463599395644454e-52
3.516580493949464e-53
6.520619826008375e-54
1.241052138919601e-54
2.421722579454589e-55
4.834261183417643e-56
9.843581983109642e-57
2.038132270572222e-57
4.2781221384308516e-58
9.079226252687987e-59
1.9437924823270375e-59
4.190784956173456e-60
9.087011019796873e-61
1.9798740022763755e-61
4.332179251306531e-62
9.517407259935419e-63
2.0993142071787755e-63
4.6503451453406135e-64
1.0349848035738711e-64
2.315784455367486e-65
5.213472475900922e-66
1.1820518371688367e-66
2.7020664248931515e-67
6.2346396760148624e-68
1.453786587170377e-68
3.4297677812504797e-69
8.195088361339148e-70
1.9848772583676797e-70
4.875949625977081e-71
1.2152215876882865e-71
3.07266235505294e-72
7.879673923932437e-73
2.0483737440584305e-73
5.394185780261415e-74
1.4379242725431824e-74
3.877209148721545e-75
1.0567808744029853e-75
2.9100769926388003e-76
8.096201287888928e-77
2.2870230210587647e-77
6.968350448108092e-78
3.6821969662409727e-78
6.968350448108092e-78
2.2870230210587647e-77
8.096201287888928e-77
2.9100769926388003e-76
1.0567808744029853e-75
3.877209148721545e-75
1.4379242725431824e-74
5.394185780261415e-74
2.0483737440584305e-73
7.879673923932437e-73
3.07266235505294e-72
1.2152215876882865e-71
4.875949625977081e-71
1.9848772583676797e-70
8.195088361339148e-70
3.4297677812504797e-69
1.453786587170377e-68
6.2346396760148624e-68
2.7020664248931515e-67
1.1820518371688367e-66
5.213472475900922e-66
2.315784455367486e-65
1.0349848035738711e-64
4.6503451453406135e-64
2.0993142071787755e-63
9.517407259935419e-63
4.332179251306531e-62
1.9798740022763755e-61
9.087011019796873e-61
4.190784956173456e-60
1.9437924823270375e-59
9.079226252687987e-59
4.2781221384308516e-58
2.038132270572222e-57
9.843581983109642e-57
4.834261183417643e-56
2.421722579454589e-55
1.241052138919601e-54
6.520619826008375e-54
3.516580493949464e-53
1.9463599395644454e-52
1.1040328892452005e-51
6.402400771399596e-51
3.784310660572043e-50
2.2725370183691414e-49
1.3822053466752054e-48
8.491384111845392e-48
5.256840877958747e-47
3.2734082671650203e-46
2.0472356672257178e-45
1.28451474759613e-44
8.078762041273937e-44
5.0899038067211025e-43
3.210922207020197e-42
2.027478136161937e-41
1.2810918782619589e-40
8.098866228797116e-40
5.121927985641056e-39
3.240199602097697e-38
2.0503040020867754e-37
1.29767676500881e-36
8.21534461311871e-36
5.202652180316238e-35
3.2962451394302555e-34
2.08980699278571e-33
1.3263029389820052e-32
8.431065143297143e-32
5.373112852372876e-31
3.4379468578008396e-30
2.213424329751398e-29
1.4386995426465936e-28
9.486774786042854e-28
6.388633775849042e-27
4.431175009027453e-26
3.19576328808485e-25
2.417418830296859e-24
1.9284187682832882e-23
1.622600050757653e-22
1.4327648509861656e-21
1.3163791012851016e-20
1.246520174364442e-19
1.2061470568462777e-18
1.1844735392643063e-17
1.1746725465531195e-16
1.1724230403507006e-15
1.1749902454791535e-14
1.1806434563177552e-13
1.188287522527135e-12
1.197229588437766e-11
1.207031444683405e-10
1.2174160703138284e-09
7.296192936846746e-09
6.996671519244598e-08
6.651354315115728e-07
6.391300256278878e-06
6.207673931947174e-05
0.0006094374131632595
0.006047694796623751
0.06066122257038242

1.9944752012485022e-109
2.8564082884009836e-91
9.123184978699222e-75
6.498411798113008e-60
1.032291922341997e-46
3.657062490673364e-35
2.8893275997754958e-25
5.0909137923900964e-17
2.0004571440456462e-10
1.7530621497531736e-05
0.034260991436442276
1.493265707662514
1.4514724914287707
0.03146408301251294
1.5210934673641905e-05
1.6399525229912242e-10
3.943130963759132e-17
2.114392842855186e-25
2.528510204452461e-35
6.743390246878862e-47
4.0107577228726467e-60
5.3199691705337e-75
1.573715980108485e-91
1.0381931194215444e-109
1.5274411618755785e-129
5.011703686101501e-151
3.667252671639846e-174
5.98454082197698e-199
2.1779875156799712e-225
1.7677241310479108e-253
3.199691790950739e-283
1.2916247425e-314
0.0
0.0
0.0
0.0
0.0
0.0
0.0
0.0
0.0
0.0
0.0
0.0
0.0
0.0
0.0
0.0
0.0
0.0
0.0
0.0
0.0
0.0
0.0
0.0
0.0
0.0
0.0
0.0
0.0
0.0
0.0
0.0
0.0
0.0
0.0
0.0
0.0
0.0
0.0
0.0
0.0
0.0
0.0
0.0
0.0
0.0
0.0
0.0
0.0
0.0
0.0
0.0
0.0
0.0
0.0
0.0
0.0
0.0
0.0
0.0
0.0
0.0
0.0
0.0
0.0
0.0
0.0
0.0
