0.8412096984130297
0.11235496830225261
0.029572620095215663
0.010562684487437933
0.00423492641086049
0.0018027808805836012
0.000803720071535743
0.00037398055679897796
0.00018145736403381868
9.177919256679826e-05
4.838074715567752e-05
2.6574140584537067e-05
1.5203931228686499e-05
9.056082244251929e-06
5.611668909698315e-06
3.613853028263652e-06
2.4154633387726514e-06
1.6728902433726024e-06
1.1981913826662298e-06
8.855676676884423e-07
6.737840242825011e-07
5.264385326567698e-07
4.213296465716663e-07
3.4458040956985617e-07
2.8731176713066013e-07
2.437146516404609e-07
2.099073838603181e-07
1.8324379654043306e-07
1.6188557989232013e-07
1.445326993236381e-07
1.3025024009152772e-07
1.1835518467975706e-07
1.0834110608845838e-07
9.982726480346222e-08
9.252366779092761e-08
8.620673185574725e-08
8.070209680124319e-08
7.587232754625994e-08
7.160800435518485e-08
6.78211912075476e-08
6.444059377333519e-08
6.140793174127746e-08
5.8675193558696195e-08
5.620253910606105e-08
5.3956682883222466e-08
5.1909636928036583e-08
5.003772547859145e-08
4.832080667588105e-08
4.674165330022017e-08
4.528545661768174e-08
4.3939426234832464e-08
4.2692465355900125e-08
4.1534905658510916e-08
4.045828961150535e-08
3.94551907771921e-08
3.851906470423702e-08
3.7644124594760485e-08
3.682523714272169e-08
3.605783488013245e-08
3.533784209935606e-08
3.4661611992964854e-08
3.40258731041927e-08
3.3427683538655126e-08
3.286439167271855e-08
3.233360232167847e-08
3.183314751400893e-08
3.1361061165811896e-08
3.091555706953653e-08
3.049500970874338e-08
3.009793749060878e-08
2.972298805349747e-08
2.9368925361037695e-08
2.9034618338904e-08
2.8719030847691334e-08
2.8421212816246133e-08
2.8140292385725218e-08
2.787546893638466e-08
2.7626006887389723e-08
2.7391230175375572e-08
2.717051733056186e-08
2.696329708032755e-08
2.6769044419609564e-08
2.6587277095568796e-08
2.6417552460888836e-08
2.6259464656021432e-08
2.6112642085818078e-08
2.597674516041877e-08
2.5851464274110297e-08
2.5736517999209238e-08
2.5631651474941692e-08
2.553663497384816e-08
2.5451262630490127e-08
2.537535131922166e-08
2.5308739669553152e-08
2.5251287209209235e-08
2.5202873626397828e-08
2.5163398144087447e-08
2.513277900025769e-08
2.51109530291626e-08
2.5097875339645753e-08
2.5093519087485783e-08
2.5097875339645753e-08
2.51109530291626e-08
2.513277900025769e-08
2.5163398144087447e-08
2.5202873626397828e-08
2.5251287209209235e-08
2.5308739669553152e-08
2.537535131922166e-08
2.5451262630490127e-08
2.553663497384816e-08
2.5631651474941692e-08
2.5736517999209238e-08
2.5851464274110297e-08
2.597674516041877e-08
2.6112642085818078e-08
2.6259464656021432e-08
2.6417552460888836e-08
2.6587277095568796e-08
2.6769044419609564e-08
2.696329708032755e-08
2.717051733056186e-08
2.7391230175375572e-08
2.7626006887389723e-08
2.787546893638466e-08
2.8140292385725218e-08
2.8421212816246133e-08
2.8719030847691334e-08
2.9034618338904e-08
2.9368925361037695e-08
2.972298805349747e-08
3.009793749060878e-08
3.049500970874338e-08
3.091555706953653e-08
3.1361061165811896e-08
3.183314751400893e-08
3.233360232167847e-08
3.286439167271855e-08
3.3427683538655126e-08
3.40258731041927e-08
3.4661611992964854e-08
3.533784209935606e-08
3.605783488013245e-08
3.682523714272169e-08
3.7644124594760485e-08
3.851906470423702e-08
3.94551907771921e-08
4.045828961150535e-08
4.1534905658510916e-08
4.2692465355900125e-08
4.3939426234832464e-08
4.528545661768174e-08
4.674165330022017e-08
4.832080667588105e-08
5.003772547859145e-08
5.1909636928036583e-08
5.3956682883222466e-08
5.620253910606105e-08
5.8675193558696195e-08
6.140793174127746e-08
6.444059377333519e-08
6.78211912075476e-08
7.160800435518485e-08
7.587232754625994e-08
8.070209680124319e-08
8.620673185574725e-08
9.252366779092761e-08
9.982726480346222e-08
1.0834110608845838e-07
1.1835518467975706e-07
1.3025024009152772e-07
1.445326993236381e-07
1.6188557989232013e-07
1.8324379654043306e-07
2.099073838603181e-07
2.437146516404609e-07
2.8731176713066013e-07
3.4458040956985617e-07
4.213296465716663e-07
5.264385326567698e-07
6.737840242825011e-07
8.855676676884423e-07
1.1981913826662298e-06
1.6728902433726024e-06
2.4154633387726514e-06
3.613853028263652e-06
5.611668909698315e-06
9.056082244251929e-06
1.5203931228686499e-05
2.6574140584537067e-05
4.838074715567752e-05
9.177919256679826e-05
0.00018145736403381868
0.00037398055679897796
0.000803720071535743
0.0018027808805836012
0.00423492641086049
0.010562684487437933
0.029572620095215663
0.11235496830225261

9.464336946552868e-07
8.836304571169269e-05
0.0030915930358463134
0.04053453519387865
0.19915902167257998
0.3667037027960611
0.253138477213236
0.06660906044330016
0.014274675425276884
0.03799224052242689
0.12816883190395803
0.3102729695766095
0.5357623619921588
0.6598673741840717
0.5796919728431503
0.3632403640778153
0.16234829842875312
0.0517602703751751
0.011831202995625581
0.0024647680041906326
0.0035728764893983573
0.013752756374197353
0.038249529533433295
0.07239566146065116
0.09313416996966462
0.08143371294677577
0.04839470579166932
0.01954744024306122
0.005366366838153197
0.001001311589927784
0.00012698620713617808
1.094566830591725e-05
6.412486113819476e-07
2.5533421520309813e-08
6.910190416760101e-10
1.2710699100583626e-11
1.5890855684439576e-13
1.3502791203445639e-15
7.798269565653053e-18
3.0610565848221535e-20
8.16663028415063e-23
1.4808560868106314e-25
1.825077191111061e-28
1.5287907387263543e-31
8.703887551188659e-35
3.368037535107787e-38
8.858067736693634e-42
1.5834322787397903e-45
1.9237933257986176e-49
1.5886043826001622e-53
8.916030014563747e-58
3.401149406218932e-62
8.818167039329195e-67
1.5539225004929032e-71
1.8611390095661266e-76
1.5150490439944319e-81
8.382489038851918e-87
3.152228705201274e-92
8.056768179762665e-98
1.3995951818035302e-103
1.6525036696388245e-109
1.326113967224258e-115
7.232987070946283e-122
2.6813465701138427e-128
6.755953260739149e-135
1.1569610661601524e-141
1.346633069414779e-148
1.065315458506758e-155
5.728034242635352e-163
2.0932996698451244e-170
5.19942870117136e-178
8.777650251741711e-186
1.0071620199158947e-193
7.854505188310283e-202
4.1632907778672095e-210
1.4998681431863532e-218
3.67255103987523e-227
6.111967303579449e-236
6.913414994153551e-245
5.314992487449551e-254
2.777225253141208e-263
9.863203168087031e-273
2.380801981724548e-282
3.9059528321629974e-292
4.3554109280192415e-302
3.300879733743e-312
1.73e-322
0.0
0.0
0.0
0.0
0.0
0.0
0.0
0.0
0.0
0.0
0.0
0.0
0.0
