0.3959158200962106
0.008207734517763136
0.00017554069905341047
3.8731688024113604e-06
8.816355746219167e-08
1.2634773116740685e-09
2.2053213391794344e-11
3.856160968966874e-13
6.777137110249436e-15
1.208132811249341e-16
2.2379748488165103e-18
4.5561516912939116e-20
1.1199307406361992e-21
3.5732120562666993e-23
1.429795729644812e-24
6.509614355196387e-26
3.1347660976197883e-27
1.5421930997579607e-28
7.6458424943634e-30
3.8010118718735074e-31
1.891431524569002e-32
9.41517956622431e-34
4.687251643446322e-35
2.333601308839068e-36
1.1618307066242695e-37
5.784478947198159e-39
2.8799992798564495e-40
1.433945547255441e-41
7.139974574123526e-43
3.5555575902432547e-44
1.7709744435978213e-45
8.824757663312424e-47
4.401113247151807e-48
2.1986410229654814e-49
1.10202596281804e-50
5.559854165725127e-52
2.8406043734142443e-53
1.4861023171853811e-54
8.11075051648069e-56
4.743456381580461e-57
3.060527008707597e-58
2.216282529395309e-59
1.789700054490429e-60
1.5711907492662176e-61
1.4564480685460611e-62
1.3936068793004062e-63
1.3569497219083494e-64
1.3338383537746886e-65
1.318242809668995e-66
1.3075758069806174e-67
1.3012054710162976e-68
1.2998554729955913e-69
1.3055292734247813e-70
1.3218262041793995e-71
1.354661406326847e-72
1.4135209629582545e-73
1.513520776848979e-74
1.6787350727085548e-75
1.9475758714477565e-76
2.381534492350495e-77
3.079513533620476e-78
4.2016106944907694e-79
6.009204845153981e-80
8.933827713072257e-81
1.3698236488829971e-81
2.153493306421198e-82
3.4592157365885796e-83
5.671154741423024e-84
9.496419767064638e-85
1.627766770722634e-85
2.864749746501004e-86
5.19349494057949e-87
9.72640356447503e-88
1.8854183760683926e-88
3.7858292531665135e-89
7.871744139596817e-90
1.6930561736237616e-90
3.7616068529709174e-91
8.622755302759009e-92
2.037643028421514e-92
4.9620512470578845e-93
1.2452619356781362e-93
3.2214472242282515e-94
8.593993199443317e-95
2.3650329582678855e-95
6.715406766326032e-96
1.9676112864747855e-96
5.948855495121296e-97
1.8557789645343695e-97
5.972887003815293e-98
1.9832667814002174e-98
6.79363280723377e-99
2.400731450503801e-99
8.752095349629586e-100
3.2917861722141916e-100
1.2776090616275358e-100
5.122042060095389e-101
2.1309725911893324e-101
9.396960345767354e-102
4.790408194275056e-102
3.5839415005453836e-102
4.790408194275056e-102
9.396960345767354e-102
2.1309725911893324e-101
5.122042060095389e-101
1.2776090616275358e-100
3.2917861722141916e-100
8.752095349629586e-100
2.400731450503801e-99
6.79363280723377e-99
1.9832667814002174e-98
5.972887003815293e-98
1.8557789645343695e-97
5.948855495121296e-97
1.9676112864747855e-96
6.715406766326032e-96
2.3650329582678855e-95
8.593993199443317e-95
3.2214472242282515e-94
1.2452619356781362e-93
4.9620512470578845e-93
2.037643028421514e-92
8.622755302759009e-92
3.7616068529709174e-91
1.6930561736237616e-90
7.871744139596817e-90
3.7858292531665135e-89
1.8854183760683926e-88
9.72640356447503e-88
5.19349494057949e-87
2.864749746501004e-86
1.627766770722634e-85
9.496419767064638e-85
5.671154741423024e-84
3.4592157365885796e-83
2.153493306421198e-82
1.3698236488829971e-81
8.933827713072257e-81
6.009204845153981e-80
4.2016106944907694e-79
3.079513533620476e-78
2.381534492350495e-77
1.9475758714477565e-76
1.6787350727085548e-75
1.513520776848979e-74
1.4135209629582545e-73
1.354661406326847e-72
1.3218262041793995e-71
1.3055292734247813e-70
1.2998554729955913e-69
1.3012054710162976e-68
1.3075758069806174e-67
1.318242809668995e-66
1.3338383537746886e-65
1.3569497219083494e-64
1.3936068793004062e-63
1.4564480685460611e-62
1.5711907492662176e-61
1.789700054490429e-60
2.216282529395309e-59
3.060527008707597e-58
4.743456381580461e-57
8.11075051648069e-56
1.4861023171853811e-54
2.8406043734142443e-53
5.559854165725127e-52
1.10202596281804e-50
2.1986410229654814e-49
4.401113247151807e-48
8.824757663312424e-47
1.7709744435978213e-45
3.5555575902432547e-44
7.139974574123526e-43
1.433945547255441e-41
2.8799992798564495e-40
5.784478947198159e-39
1.1618307066242695e-37
2.333601308839068e-36
4.687251643446322e-35
9.41517956622431e-34
1.891431524569002e-32
3.8010118718735074e-31
7.6458424943634e-30
1.5421930997579607e-28
3.1347660976197883e-27
6.509614355196387e-26
1.429795729644812e-24
3.5732120562666993e-23
1.1199307406361992e-21
4.5561516912939116e-20
2.2379748488165103e-18
1.208132811249341e-16
6.777137110249436e-15
3.856160968966874e-13
2.2053213391794344e-11
1.2634773116740685e-09
8.816355746219167e-08
3.8731688024113604e-06
0.00017554069905341047
0.008207734517763136

2.6197251936132934e-106
1.2315447436281951e-95
1.5627301789371407e-85
5.3525058348715683e-76
4.948455231644925e-67
1.2348707044831145e-58
8.317880483742852e-51
1.5123183088778088e-43
7.4218656761244855e-37
9.831557331589e-31
3.5153687531226626e-25
3.392804270611772e-20
8.838652714495047e-16
6.215165246804997e-12
1.1796648413388484e-08
6.043714463267204e-06
0.000835773478594218
0.031196981794606313
0.3143228251537636
0.8548277361762154
0.6275099793094844
0.12433746666741496
0.006650016734875211
9.600255863055609e-05
3.7409527553665854e-07
3.934784800637539e-10
1.1171181108416281e-13
8.560843271868091e-18
1.7708156266517134e-22
9.88711285272057e-28
1.4900642074860241e-33
6.061495962062138e-40
6.655704066308571e-47
1.9726386271447515e-54
1.5781213973148218e-62
3.4077884739495916e-71
1.9862970472167675e-80
3.125036615541449e-90
1.327105256970349e-100
1.5212303266159101e-111
4.7067802877366185e-123
3.930902057914493e-135
8.861349507430631e-148
5.391962403760561e-161
8.85590992160476e-175
3.926077529501337e-189
4.6981177622273915e-204
1.5174985037464097e-219
1.3230370020988769e-235
3.1135443440511546e-252
1.977777657130112e-269
3.391089274633709e-287
1.569424131822067e-305
0.0
0.0
0.0
0.0
0.0
0.0
0.0
0.0
0.0
0.0
0.0
0.0
0.0
0.0
0.0
0.0
0.0
0.0
0.0
0.0
0.0
0.0
0.0
0.0
0.0
0.0
0.0
0.0
0.0
0.0
0.0
0.0
0.0
0.0
0.0
0.0
0.0
0.0
0.0
0.0
0.0
0.0
0.0
0.0
0.0
0.0
0.0
