0.4868403532743638
0.02991876932113368
0.0027641952160000274
0.00038322568142758185
7.900900209197548e-05
2.3556402564334775e-05
9.61116137003371e-06
4.9888263107319435e-06
3.0718840062559437e-06
2.1259101517331014e-06
1.5934669369789083e-06
1.262678339264712e-06
1.0412659661918808e-06
8.843669183901142e-07
7.681401782654553e-07
6.789644095307425e-07
6.085804421524489e-07
5.517274160701537e-07
5.049131268132927e-07
4.657370768003574e-07
4.3249927264998714e-07
4.039644885373307e-07
3.7921495048865376e-07
3.575552993137402e-07
3.384495368793513e-07
3.214781400038046e-07
3.063082384003361e-07
2.9267246157654464e-07
2.803536642823511e-07
2.6917371714631573e-07
2.589851589305906e-07
2.496648960661242e-07
2.4110938872585167e-07
2.3323093105174825e-07
2.25954746867028e-07
2.1921670024358086e-07
2.1296147464291606e-07
2.071411127174008e-07
2.0171383629085909e-07
1.9664308588338386e-07
1.9189673366146505e-07
1.8744643442235719e-07
1.832670872265919e-07
1.7933638632016454e-07
1.7563444456549774e-07
1.7214347610471015e-07
1.6884752768201418e-07
1.657322501523918e-07
1.6278470334667697e-07
1.5999318875668965e-07
1.573471055287151e-07
1.5483682607000963e-07
1.524535882270897e-07
1.501894015213636e-07
1.4803696535410103e-07
1.459895974395905e-07
1.4404117100875866e-07
1.4218605955814003e-07
1.4041908811080444e-07
1.3873549011450224e-07
1.371308692340867e-07
1.3560116540517288e-07
1.3414262460795988e-07
1.3275177189737025e-07
1.314253872907235e-07
1.3016048416915534e-07
1.289542898956161e-07
1.2780422839192898e-07
1.2670790445120097e-07
1.2566308959079106e-07
1.2466770927583672e-07
1.2371983136465546e-07
1.2281765564571312e-07
1.2195950435172547e-07
1.211438135502152e-07
1.203691253217835e-07
1.1963408064774867e-07
1.1893741293786824e-07
1.1827794213678326e-07
1.176545693547672e-07
1.1706627198588875e-07
1.1651209920017009e-07
1.1599116795268763e-07
1.155026592269214e-07
1.1504581467419165e-07
1.1461993354285958e-07
1.142243698868444e-07
1.1385853003197869e-07
1.1352187028107414e-07
1.1321389484067824e-07
1.1293415395440228e-07
1.1268224222942425e-07
1.1245779714432924e-07
1.1226049772787789e-07
1.1209006339960061e-07
1.1194625296431901e-07
1.1182886375381605e-07
1.1173773090991824e-07
1.1167272680423679e-07
1.1163376059074478e-07
1.1162077788825767e-07
1.1163376059074478e-07
1.1167272680423679e-07
1.1173773090991824e-07
1.1182886375381605e-07
1.1194625296431901e-07
1.1209006339960061e-07
1.1226049772787789e-07
1.1245779714432924e-07
1.1268224222942425e-07
1.1293415395440228e-07
1.1321389484067824e-07
1.1352187028107414e-07
1.1385853003197869e-07
1.142243698868444e-07
1.1461993354285958e-07
1.1504581467419165e-07
1.155026592269214e-07
1.1599116795268763e-07
1.1651209920017009e-07
1.1706627198588875e-07
1.176545693547672e-07
1.1827794213678326e-07
1.1893741293786824e-07
1.1963408064774867e-07
1.203691253217835e-07
1.211438135502152e-07
1.2195950435172547e-07
1.2281765564571312e-07
1.2371983136465546e-07
1.2466770927583672e-07
1.2566308959079106e-07
1.2670790445120097e-07
1.2780422839192898e-07
1.289542898956161e-07
1.3016048416915534e-07
1.314253872907235e-07
1.3275177189737025e-07
1.3414262460795988e-07
1.3560116540517288e-07
1.371308692340867e-07
1.3873549011450224e-07
1.4041908811080444e-07
1.4218605955814003e-07
1.4404117100875866e-07
1.459895974395905e-07
1.4803696535410103e-07
1.501894015213636e-07
1.524535882270897e-07
1.5483682607000963e-07
1.573471055287151e-07
1.5999318875668965e-07
1.6278470334667697e-07
1.657322501523918e-07
1.6884752768201418e-07
1.7214347610471015e-07
1.7563444456549774e-07
1.7933638632016454e-07
1.832670872265919e-07
1.8744643442235719e-07
1.9189673366146505e-07
1.9664308588338386e-07
2.0171383629085909e-07
2.071411127174008e-07
2.1296147464291606e-07
2.1921670024358086e-07
2.25954746867028e-07
2.3323093105174825e-07
2.4110938872585167e-07
2.496648960661242e-07
2.589851589305906e-07
2.6917371714631573e-07
2.803536642823511e-07
2.9267246157654464e-07
3.063082384003361e-07
3.214781400038046e-07
3.384495368793513e-07
3.575552993137402e-07
3.7921495048865376e-07
4.039644885373307e-07
4.3249927264998714e-07
4.657370768003574e-07
5.049131268132927e-07
5.517274160701537e-07
6.085804421524489e-07
6.789644095307425e-07
7.681401782654553e-07
8.843669183901142e-07
1.0412659661918808e-06
1.262678339264712e-06
1.5934669369789083e-06
2.1259101517331014e-06
3.0718840062559437e-06
4.9888263107319435e-06
9.61116137003371e-06
2.3556402564334775e-05
7.900900209197548e-05
0.00038322568142758185
0.0027641952160000274
0.02991876932113368

5.173025603425574e-06
2.166485576082094e-05
8.209611414700459e-05
0.0002814783687644626
0.0008732187954681216
0.0024510758430524617
0.006225095947067026
0.014305102519519233
0.02974346253264303
0.05595613381466558
0.09524879730003845
0.1466989232621481
0.20443251760376027
0.2577677929275137
0.29407828307163497
0.30356582690172895
0.2835296174468866
0.23960705899627605
0.18321305241109062
0.12675609089339918
0.07934816529582482
0.044942845589366495
0.023032435787272994
0.010680087151818403
0.004480901005953453
0.001701028254080148
0.0005842696540235759
0.0001815811484697258
5.106035289175644e-05
1.2991296373884288e-05
2.990727156815167e-06
6.229550677247235e-07
1.1740653668053994e-07
2.002089354433751e-08
3.0890878603862504e-09
4.3125355710293026e-10
5.4474185448097095e-11
6.2259327430207955e-12
6.438337366546706e-13
6.024189988129162e-14
5.100106150326151e-15
3.90674797584516e-16
2.7077415016659973e-17
1.6980662580196928e-18
9.635132431335025e-20
4.946709074119353e-21
2.297897621883733e-22
9.658298133873071e-24
3.673044278253276e-25
1.2638843770597839e-26
3.934994706673063e-28
1.1085022643493848e-29
2.8254305837562312e-31
6.516108756988864e-33
1.359714196233835e-34
2.5672169092087326e-36
4.3856414466301496e-38
6.77890122069666e-40
9.480715488900794e-42
1.199716266215988e-43
1.3736358151858961e-45
1.4230504255131978e-47
1.3339040721620236e-49
1.1313175710359603e-51
8.681606387493843e-54
6.027972688875052e-56
3.787024244662062e-58
2.1526851761519346e-60
1.1071808869299143e-62
5.152431955062692e-65
2.1695095949826182e-67
8.26545014216839e-70
2.8492271301930904e-72
8.886756011996312e-75
2.5079280190038994e-77
6.403869946909039e-80
1.4795360944971696e-82
3.092888408244407e-85
5.850036319184522e-88
1.001171547875578e-90
1.5502939804933054e-93
2.1720771539908168e-96
2.7535442482525936e-99
3.1583808448474584e-102
3.2778762945783372e-105
3.0780540881878103e-108
2.6152641456517014e-111
2.0105297219795497e-114
1.3984954598760493e-117
8.801713927022565e-121
5.012207735527557e-124
2.5825366944034065e-127
1.2039808095827906e-130
5.078649643704317e-134
1.9383516470310723e-137
6.693796526186008e-141
2.0915491331814295e-144
5.913154965934754e-148
1.5126068937642746e-151
3.500971015197448e-155
