0.19264114895013193
0.08964414232190993
0.04814600222327837
0.029151978458518208
0.019434098376380368
0.01396651321472584
0.0106352333631758
0.00846709561946
0.006977134072454087
0.005906346432655965
0.005107829155667907
0.00449379387459036
0.0040093476991016844
0.0036187886638015133
0.0032980861187758615
0.0030305727591026133
0.0028043799216867314
0.002610857478908291
0.0024435700393817274
0.002297641488800437
0.002169316273616494
0.002055659130123416
0.0019543453759313986
0.0018635117383164403
0.0017816484559522708
0.0017075200334544533
0.0016401062197064545
0.0015785574798216429
0.0015221610011717812
0.001470314455749112
0.0014225055427426782
0.001378295887088187
0.001337308255004038
0.0012992163199645548
0.0012637364075646044
0.0012306207888961654
0.0011996521953411337
0.0011706393040091558
0.0011434129999833304
0.0011178232643836718
0.0010937365697740674
0.0010710336893095978
0.0010496078451873903
0.0010293631368390834
0.0010102132009251338
0.0009920800643299745
0.0009748931585868076
0.0009585884699134967
0.0009431078036436624
0.0009283981455389862
0.0009144111054611472
0.0009011024313123726
0.0008884315831368282
0.0008763613589005063
0.0008648575648050208
0.0008538887240962144
0.0008434258192455703
0.0008334420631460644
0.000823912695602266
0.0008148148019296304
0.0008061271509281945
0.0007978300498759209
0.0007899052145087274
0.0007823356522275046
0.0007751055570051489
0.0007682002146654236
0.0007616059173756676
0.0007553098863415472
0.0007493002018178376
0.0007435657396578112
0.0007380961137177106
0.0007328816235142153
0.0007279132066035723
0.0007231823952126902
0.0007186812767062918
0.0007144024575212743
0.0007103390302406748
0.0007064845435158703
0.0007028329745775433
0.0006993787041040603
0.000696116493240794
0.0006930414625859309
0.0006901490729778627
0.0006874351079366512
0.0006848956576275514
0.0006825271042284469
0.0006803261085954524
0.000678289598132094
0.0006764147557775107
0.0006746990100382035
0.0006731400259960633
0.0006717356972329047
0.0006704841386185413
0.0006693836799157161
0.0006684328601609606
0.0006676304227858016
0.00066697531144772
0.0006664666665449259
0.0006661038223934332
0.0006658863050491013
0.0006658138307613456
0.0006658863050491013
0.0006661038223934332
0.0006664666665449259
0.00066697531144772
0.0006676304227858016
0.0006684328601609606
0.0006693836799157161
0.0006704841386185413
0.0006717356972329047
0.0006731400259960633
0.0006746990100382035
0.0006764147557775107
0.000678289598132094
0.0006803261085954524
0.0006825271042284469
0.0006848956576275514
0.0006874351079366512
0.0006901490729778627
0.0006930414625859309
0.000696116493240794
0.0006993787041040603
0.0007028329745775433
0.0007064845435158703
0.0007103390302406748
0.0007144024575212743
0.0007186812767062918
0.0007231823952126902
0.0007279132066035723
0.0007328816235142153
0.0007380961137177106
0.0007435657396578112
0.0007493002018178376
0.0007553098863415472
0.0007616059173756676
0.0007682002146654236
0.0007751055570051489
0.0007823356522275046
0.0007899052145087274
0.0007978300498759209
0.0008061271509281945
0.0008148148019296304
0.000823912695602266
0.0008334420631460644
0.0008434258192455703
0.0008538887240962144
0.0008648575648050208
0.0008763613589005063
0.0008884315831368282
0.0009011024313123726
0.0009144111054611472
0.0009283981455389862
0.0009431078036436624
0.0009585884699134967
0.0009748931585868076
0.0009920800643299745
0.0010102132009251338
0.0010293631368390834
0.0010496078451873903
0.0010710336893095978
0.0010937365697740674
0.0011178232643836718
0.0011434129999833304
0.0011706393040091558
0.0011996521953411337
0.0012306207888961654
0.0012637364075646044
0.0012992163199645548
0.001337308255004038
0.001378295887088187
0.0014225055427426782
0.001470314455749112
0.0015221610011717812
0.0015785574798216429
0.0016401062197064545
0.0017075200334544533
0.0017816484559522708
0.0018635117383164403
0.0019543453759313986
0.002055659130123416
0.002169316273616494
0.002297641488800437
0.0024435700393817274
0.002610857478908291
0.0028043799216867314
0.0030305727591026133
0.0032980861187758615
0.0036187886638015133
0.0040093476991016844
0.00449379387459036
0.005107829155667907
0.005906346432655965
0.006977134072454087
0.00846709561946
0.0106352333631758
0.01396651321472584
0.019434098376380368
0.029151978458518208
0.04814600222327837
0.08964414232190993

0.03188288088777551
0.06803127348757428
0.11707595412446262
0.16249308054127393
0.1818905346663449
0.16420765086728825
0.11955967833960397
0.07020760350226647
0.03324999780546862
0.0127001003988335
0.0039122873792251265
0.0009719913592767761
0.00019476105612279755
3.147385203558971e-05
4.102095225697981e-06
4.311909508766046e-07
3.655456325025822e-08
2.4993186037193767e-09
1.3781919394282042e-10
6.129229037027476e-12
2.1984169120867287e-13
6.359490508745479e-15
1.4836882310929913e-16
2.791714750552713e-18
4.236502742273863e-20
5.185038716890257e-22
5.1180506153427844e-24
4.0744145179302595e-26
2.615976907198872e-28
1.354598724365336e-30
5.657121155010208e-33
1.9054096420407414e-35
5.175940776324349e-38
1.1339614732014088e-40
2.003620016287639e-43
2.855225969214899e-46
3.2815095275094044e-49
3.0416897563782536e-52
2.273862618118088e-55
1.3709499182032088e-58
6.66633323272751e-62
2.614330619205075e-65
8.268791874411793e-69
2.109267560547202e-72
4.3393966287329955e-76
7.200042868144341e-80
9.634936977345003e-84
1.0398500942020038e-87
9.051085218045288e-92
6.353874513798127e-96
3.597366401727428e-100
1.6426263152287545e-104
6.049241725004222e-109
1.7966817782346578e-113
4.303773911181906e-118
8.314493442033231e-123
1.2954784791588209e-127
1.627918548630202e-132
1.649845215096686e-137
1.3485336649178127e-142
8.889727426163467e-148
4.726320389801101e-153
2.0265901759208655e-158
7.008365915440382e-164
1.9546799836933587e-169
4.396859861246935e-175
7.9765968569259e-181
1.167080259934405e-186
1.3771836718698428e-192
1.3106630851905872e-198
1.006000812712931e-204
6.22749885843402e-211
3.1091168380722243e-217
1.2518966870028321e-223
4.0654441444279942e-230
1.0647694163219366e-236
2.2491126026628618e-243
3.831553474213525e-250
5.264372892805344e-257
5.833463146160888e-264
5.213319407685971e-271
3.757597606467153e-278
2.1843099712114264e-285
1.0240621796766836e-292
3.872098952555731e-300
1.180795334522467e-307
2.904095347e-315
6e-323
0.0
0.0
0.0
0.0
0.0
0.0
0.0
0.0
0.0
0.0
0.0
0.0
