1.1500182649280126
0.08954149937551553
0.030707903800367146
0.017956025094211434
0.012432424370746422
0.009342814480538785
0.007406789704578322
0.00610281164769447
0.005175807094621728
0.004488240501961861
0.0039606259185428596
0.003544392945921033
0.0032084479268937203
0.0029320860474645323
0.002701048936246917
0.0025052293647429176
0.002337280708598656
0.0021917446724019803
0.00206448706480205
0.0019523227747090073
0.0018527603947046068
0.0017638245098710783
0.0016839295989616592
0.0016117889695746292
0.001546347935734845
0.001486734066528578
0.0014322196494948463
0.0013821930229045724
0.0013361364348409425
0.001293608765489608
0.0012542319149108968
0.001217679983108406
0.0011836705983649751
0.0011519579136631158
0.0011223269095333944
0.0010945887283580285
0.0010685768292045402
0.001044143800043163
0.0010211587001672149
0.0009995048329396717
0.000979077869884327
0.0009597842632520024
0.0009415398967054298
0.0009242689335506723
0.0009079028296428096
0.0008923794841902657
0.0008776425065375609
0.0008636405808945856
0.0008503269141108271
0.0008376587541257847
0.0008255969687860558
0.0008141056764014799
0.000803151920792543
0.0007927053847179494
0.0007827381365115618
0.0007732244055386892
0.0007641403827324877
0.0007554640430156054
0.0007471749868691302
0.0007392542986956945
0.0007316844199487005
0.0007244490352751426
0.0007175329701536791
0.0007109220987092481
0.0007046032605561485
0.0006985641856677856
0.0006927934263969556
0.0006872802958788404
0.0006820148121423908
0.0006769876473367466
0.0006721900815495785
0.0006676139607553424
0.0006632516584846683
0.0006590960408526371
0.000655140434624388
0.0006513785980322284
0.0006478046940897888
0.0006444132661764269
0.0006411992156894603
0.0006381577815834004
0.0006352845216344623
0.000632575295285604
0.000630026247942452
0.0006276337966039316
0.0006253946167234581
0.0006233056302073236
0.0006213639944665881
0.000619567092447501
0.0006179125235733411
0.0006163980955376818
0.0006150218168955544
0.0006137818904048847
0.0006126767070759588
0.0006117048408916444
0.0006108650441656574
0.0006101562435104223
0.0006095775363900297
0.0006091281882375257
0.0006088076301192817
0.0006086154569325544
0.0006085514261255667
0.0006086154569325544
0.0006088076301192817
0.0006091281882375257
0.0006095775363900297
0.0006101562435104223
0.0006108650441656574
0.0006117048408916444
0.0006126767070759588
0.0006137818904048847
0.0006150218168955544
0.0006163980955376818
0.0006179125235733411
0.000619567092447501
0.0006213639944665881
0.0006233056302073236
0.0006253946167234581
0.0006276337966039316
0.000630026247942452
0.000632575295285604
0.0006352845216344623
0.0006381577815834004
0.0006411992156894603
0.0006444132661764269
0.0006478046940897888
0.0006513785980322284
0.000655140434624388
0.0006590960408526371
0.0006632516584846683
0.0006676139607553424
0.0006721900815495785
0.0006769876473367466
0.0006820148121423908
0.0006872802958788404
0.0006927934263969556
0.0006985641856677856
0.0007046032605561485
0.0007109220987092481
0.0007175329701536791
0.0007244490352751426
0.0007316844199487005
0.0007392542986956945
0.0007471749868691302
0.0007554640430156054
0.0007641403827324877
0.0007732244055386892
0.0007827381365115618
0.0007927053847179494
0.000803151920792543
0.0008141056764014799
0.0008255969687860558
0.0008376587541257847
0.0008503269141108271
0.0008636405808945856
0.0008776425065375609
0.0008923794841902657
0.0009079028296428096
0.0009242689335506723
0.0009415398967054298
0.0009597842632520024
0.000979077869884327
0.0009995048329396717
0.0010211587001672149
0.001044143800043163
0.0010685768292045402
0.0010945887283580285
0.0011223269095333944
0.0011519579136631158
0.0011836705983649751
0.001217679983108406
0.0012542319149108968
0.001293608765489608
0.0013361364348409425
0.0013821930229045724
0.0014322196494948463
0.001486734066528578
0.001546347935734845
0.0016117889695746292
0.0016839295989616592
0.0017638245098710783
0.0018527603947046068
0.0019523227747090073
0.00206448706480205
0.0021917446724019803
0.002337280708598656
0.0025052293647429176
0.002701048936246917
0.0029320860474645323
0.0032084479268937203
0.003544392945921033
0.0039606259185428596
0.004488240501961861
0.005175807094621728
0.00610281164769447
0.007406789704578322
0.009342814480538785
0.012432424370746422
0.017956025094211434
0.030707903800367146
0.08954149937551553

0.029650341142574532
0.04690298480535346
0.06529113829429352
0.07998180711697814
0.08622088848269219
0.0817943472675009
0.06828878804395254
0.050190810639092316
0.03252864620171724
0.018761824894093594
0.010133346319818388
0.010133956481411237
1.4553804351861104
0.20155798098151773
0.02628660500832514
0.04927905794679719
0.08540180633854286
0.13624472204201848
0.19997546713351483
0.270025520239025
0.33542822349989243
0.38331917702207263
0.40298379401982043
0.389745130283698
0.34676870360040857
0.2838344937501476
0.21372559382830847
0.14805189574054875
0.09434904182827832
0.05531298502618534
0.0298320281087817
0.014801459590717084
0.006756042752024774
0.00283691494626136
0.001095888381591144
0.00038945063017011163
0.00012732233074832068
3.829330319963413e-05
1.0595151270985968e-05
2.6968548588431564e-06
6.315010357199289e-07
1.360368732870481e-07
2.6959094226912642e-08
4.914960511353698e-09
8.243295152978732e-10
1.271884715540758e-10
1.8053471619738283e-11
2.3574353297871436e-12
2.8319457465693744e-13
3.129652736247086e-14
3.1818042270638362e-15
2.975889757798887e-16
2.5605089835022368e-17
2.026757786062251e-18
1.475854273905197e-19
9.886696113579748e-21
6.0929129685935705e-22
3.454338117184043e-23
1.8016515351154423e-24
8.644558711488978e-26
3.815759036909751e-27
1.5494770054977793e-28
5.7883583618612734e-30
1.9892609941106654e-31
6.28918259898177e-33
1.8292064425014866e-34
4.8943759033473575e-36
1.2047529589483361e-37
2.7281281245407094e-39
5.683261049078107e-41
1.0891721503455118e-42
1.9202666182264354e-44
3.114530709323659e-46
4.64718309371085e-48
6.379006294043343e-50
8.055311861467515e-52
9.3578863817594e-54
1.0000903990974911e-55
9.832565070275072e-58
8.89324959601417e-60
7.399803962110035e-62
5.6642971512117595e-64
3.988760162093692e-66
2.5840201727486993e-68
1.5399972909630122e-70
8.443258676256546e-73
4.2585947470879883e-75
1.976007616142355e-77
8.434842842526366e-80
3.31231367301049e-82
1.1966082711453547e-84
3.976844634566193e-87
1.2158817211745107e-89
3.419874080556515e-92
8.849016048624458e-95
2.1064246618488188e-97
4.612782313712291e-100
9.292788864667908e-103
1.7222463023731598e-105
2.9363683414286992e-108
