0.09744164283948037
0.015229900474355382
0.003192171045588511
0.0008896609074584516
0.0003230118511778769
0.00014746661168118632
8.09100668543482e-05
5.099528991988907e-05
3.555369335456587e-05
2.665652797491127e-05
2.1067905104173423e-05
1.731170038892786e-05
1.4648764407027631e-05
1.2679007052151276e-05
1.1171291865025689e-05
9.984582791414804e-06
9.028754252143614e-06
8.243907930577736e-06
7.588874261021078e-06
7.034524422841264e-06
6.559723614312192e-06
6.14879607429127e-06
5.789887730093308e-06
5.473879500629428e-06
5.193648380441013e-06
4.94355397950469e-06
4.7190746915564406e-06
4.51654529633856e-06
4.3329646610809114e-06
4.165852743151279e-06
4.013142826448068e-06
3.873099310636106e-06
3.7442542843022625e-06
3.625358079310119e-06
3.515340352227702e-06
3.413279177226857e-06
3.31837629687172e-06
3.2299371500926396e-06
3.147354638399478e-06
3.0700958411023268e-06
2.997691074649467e-06
2.929724828591936e-06
2.865828214026353e-06
2.805672638759749e-06
2.7489644833858145e-06
2.6954405986514515e-06
2.6448644803389934e-06
2.5970230058992667e-06
2.551723639098649e-06
2.5087920263736496e-06
2.468069922459567e-06
2.4294133939629835e-06
2.3926912584814487e-06
2.35778372409806e-06
2.324581199949027e-06
2.292983253354594e-06
2.2628976929331763e-06
2.234239760354199e-06
2.2069314160604193e-06
2.1809007065109218e-06
2.1560812023459856e-06
2.1324114984217382e-06
2.1098347679604084e-06
2.0882983641544645e-06
2.067753463485651e-06
2.0481547458016216e-06
2.0294601068570713e-06
2.011630399592267e-06
1.994629200905596e-06
1.978422601091218e-06
1.9629790134689815e-06
1.9482690020405086e-06
1.9342651252701856e-06
1.920941794319035e-06
1.90827514425838e-06
1.8962429169631328e-06
1.8848243545353754e-06
1.8740001022405598e-06
1.8637521200539876e-06
1.8540636020164225e-06
1.8449189026866577e-06
1.836303470057273e-06
1.8282037843691021e-06
1.8206073023212366e-06
1.8135024062278158e-06
1.8068783577212515e-06
1.8007252556447117e-06
1.7950339978152666e-06
1.789796246373734e-06
1.7850043964683625e-06
1.7806515480476212e-06
1.776731480562775e-06
1.773238630404095e-06
1.7701680709156735e-06
1.7675154948532177e-06
1.7652771991671084e-06
1.7634500720096277e-06
1.762031581880791e-06
1.7610197688418566e-06
1.7604132377394608e-06
1.760211153396589e-06
1.7604132377394608e-06
1.7610197688418566e-06
1.762031581880791e-06
1.7634500720096277e-06
1.7652771991671084e-06
1.7675154948532177e-06
1.7701680709156735e-06
1.773238630404095e-06
1.776731480562775e-06
1.7806515480476212e-06
1.7850043964683625e-06
1.789796246373734e-06
1.7950339978152666e-06
1.8007252556447117e-06
1.8068783577212515e-06
1.8135024062278158e-06
1.8206073023212366e-06
1.8282037843691021e-06
1.836303470057273e-06
1.8449189026866577e-06
1.8540636020164225e-06
1.8637521200539876e-06
1.8740001022405598e-06
1.8848243545353754e-06
1.8962429169631328e-06
1.90827514425838e-06
1.920941794319035e-06
1.9342651252701856e-06
1.9482690020405086e-06
1.9629790134689815e-06
1.978422601091218e-06
1.994629200905596e-06
2.011630399592267e-06
2.0294601068570713e-06
2.0481547458016216e-06
2.067753463485651e-06
2.0882983641544645e-06
2.1098347679604084e-06
2.1324114984217382e-06
2.1560812023459856e-06
2.1809007065109218e-06
2.2069314160604193e-06
2.234239760354199e-06
2.2628976929331763e-06
2.292983253354594e-06
2.324581199949027e-06
2.35778372409806e-06
2.3926912584814487e-06
2.4294133939629835e-06
2.468069922459567e-06
2.5087920263736496e-06
2.551723639098649e-06
2.5970230058992667e-06
2.6448644803389934e-06
2.6954405986514515e-06
2.7489644833858145e-06
2.805672638759749e-06
2.865828214026353e-06
2.929724828591936e-06
2.997691074649467e-06
3.0700958411023268e-06
3.147354638399478e-06
3.2299371500926396e-06
3.31837629687172e-06
3.413279177226857e-06
3.515340352227702e-06
3.625358079310119e-06
3.7442542843022625e-06
3.873099310636106e-06
4.013142826448068e-06
4.165852743151279e-06
4.3329646610809114e-06
4.51654529633856e-06
4.7190746915564406e-06
4.94355397950469e-06
5.193648380441013e-06
5.473879500629428e-06
5.789887730093308e-06
6.14879607429127e-06
6.559723614312192e-06
7.034524422841264e-06
7.588874261021078e-06
8.243907930577736e-06
9.028754252143614e-06
9.984582791414804e-06
1.1171291865025689e-05
1.2679007052151276e-05
1.4648764407027631e-05
1.731170038892786e-05
2.1067905104173423e-05
2.665652797491127e-05
3.555369335456587e-05
5.099528991988907e-05
8.09100668543482e-05
0.00014746661168118632
0.0003230118511778769
0.0008896609074584516
0.003192171045588511
0.015229900474355382

8.209632075886636e-05
0.00030004795738531963
0.0009556303911592471
0.0026522931815877375
0.0064148337076686225
0.013520151999226663
0.024831905308351696
0.03974393012265512
0.05543242466819602
0.06737352000224169
0.07135869491005792
0.06586229453838048
0.05297355424338762
0.037129035397976975
0.02267777896754142
0.012070344552602587
0.005598492676909868
0.0022628452740462526
0.0007970230877190873
0.00024463536648721736
6.543345924680707e-05
1.5251509042604062e-05
3.097833345870182e-06
5.483218872064988e-07
8.457566303329242e-08
1.1368090916572685e-08
1.3315637484461094e-09
1.3591540566469883e-10
1.2089482365400945e-11
9.370850822842476e-13
6.329692907748752e-14
3.72579155489387e-15
1.9111147547786213e-16
8.542544990831762e-18
3.3275154592082046e-19
1.1294972728596682e-20
3.3410470321875188e-22
8.612163965142128e-24
1.93452473863697e-25
3.786767000008034e-27
6.459444595180848e-29
9.601831248192162e-31
1.2437848376973615e-32
1.4040052938194656e-34
1.381098107416676e-36
1.183893436204377e-38
8.843679459192336e-41
5.756860042442688e-43
3.265657597122664e-45
1.6143136570114434e-47
6.954044930693726e-50
2.6104739373585538e-52
8.539521349880967e-55
2.4343330393167364e-57
6.047261597033836e-60
1.3090909376560045e-62
2.469523564166812e-65
4.059652221757032e-68
5.815630213670242e-71
7.260006936094292e-74
7.89786279755472e-77
7.487113759705763e-80
6.185169087323787e-83
4.452675225912992e-86
2.7933333055274076e-89
1.5270624485765548e-92
7.274834766154785e-96
3.0201030872583097e-99
1.092578622298818e-102
3.4444186173468895e-106
9.462621196726669e-110
2.2653707033284272e-113
4.726061864688579e-117
8.59195161435191e-121
1.3611830759810315e-124
1.8792023921983555e-128
2.2608037781643747e-132
2.3701972053322018e-136
2.1654012888145393e-140
1.7239497307015337e-144
1.1960328351829328e-148
7.230925802825835e-153
3.809579188467502e-157
1.749010447261101e-161
6.99745476254639e-166
2.4396082489252477e-170
7.411948354811758e-175
1.962352277763096e-179
4.5274520637388416e-184
9.102549419662616e-189
1.594793761097559e-193
2.4348841818856418e-198
3.239547755155901e-203
3.755975599653769e-208
3.794839704748275e-213
3.3411533364325226e-218
2.56349028830437e-223
1.713954321677733e-228
9.986173521550615e-234
5.070272146389098e-239
