1.282960075400451
0.20381774186671298
0.13834312552759384
0.10407621515221774
0.08155114863482511
0.06602229580440007
0.054908654353089746
0.04669302089664892
0.04044656329162238
0.03558000693615855
0.03170727552731069
0.028567967581974676
0.02598178235361227
0.02382089149060069
0.021992710179546106
0.020428871020016066
0.019077997354452873
0.017900861921820336
0.01686707748814381
0.015952792310660394
0.01513905764024771
0.014410652871122111
0.013755227601703106
0.013162666588299798
0.01262461374876973
0.012134111198052454
0.011685322530859864
0.011273318533015213
0.010893909663509282
0.010543513938169782
0.010219051868708647
0.00991786226641427
0.00963763427369813
0.009376352118608995
0.009132249920001093
0.008903774489120513
0.008689554536242271
0.008488375040505041
0.008299155807091705
0.008120933439860535
0.007952846115028096
0.0077941206639466675
0.007644061568821591
0.007502041550632991
0.007367493488246789
0.007239903455253578
0.007118804699141898
0.007003772418042724
0.006894419215048143
0.0067903911302258785
0.006691364166868016
0.006597041241965963
0.006507149501974868
0.0064214379540773504
0.006339675370742178
0.006261648431687932
0.006187160072636116
0.0061160280146596215
0.006048083451650255
0.005983169876565808
0.00592114202977143
0.005861864955042829
0.0058052131507162815
0.005751069805107156
0.005699326106719194
0.005649880620968693
0.005602638726181532
0.0055575121025125
0.005514418268206957
0.005473280158292492
0.005434025741367961
0.005396587670661846
0.0053609029659717885
0.005326912723481816
0.005294561850790438
0.005263798824778459
0.0052345754702051595
0.005206846757150494
0.005180570615623197
0.005155707765833382
0.005132221562786843
0.005110077853999034
0.005089244849251902
0.005069693001428644
0.0050513948975612274
0.005034325159315032
0.0050184603522153756
0.005003778902992923
0.004990261024490432
0.004977888647632301
0.004966645360012223
0.0049565163507030875
0.004947488360938249
0.004939549640354294
0.004932689908523597
0.00492690032154017
0.004922173443455282
0.004918503222390276
0.004915884971183234
0.004914315352454062
0.004913792367999323
0.004914315352454062
0.004915884971183234
0.004918503222390276
0.004922173443455282
0.00492690032154017
0.004932689908523597
0.004939549640354294
0.004947488360938249
0.0049565163507030875
0.004966645360012223
0.004977888647632301
0.004990261024490432
0.005003778902992923
0.0050184603522153756
0.005034325159315032
0.0050513948975612274
0.005069693001428644
0.005089244849251902
0.005110077853999034
0.005132221562786843
0.005155707765833382
0.005180570615623197
0.005206846757150494
0.0052345754702051595
0.005263798824778459
0.005294561850790438
0.005326912723481816
0.0053609029659717885
0.005396587670661846
0.005434025741367961
0.005473280158292492
0.005514418268206957
0.0055575121025125
0.005602638726181532
0.005649880620968693
0.005699326106719194
0.005751069805107156
0.0058052131507162815
0.005861864955042829
0.00592114202977143
0.005983169876565808
0.006048083451650255
0.0061160280146596215
0.006187160072636116
0.006261648431687932
0.006339675370742178
0.0064214379540773504
0.006507149501974868
0.006597041241965963
0.006691364166868016
0.0067903911302258785
0.006894419215048143
0.007003772418042724
0.007118804699141898
0.007239903455253578
0.007367493488246789
0.007502041550632991
0.007644061568821591
0.0077941206639466675
0.007952846115028096
0.008120933439860535
0.008299155807091705
0.008488375040505041
0.008689554536242271
0.008903774489120513
0.009132249920001093
0.009376352118608995
0.00963763427369813
0.00991786226641427
0.010219051868708647
0.010543513938169782
0.010893909663509282
0.011273318533015213
0.011685322530859864
0.012134111198052454
0.01262461374876973
0.013162666588299798
0.013755227601703106
0.014410652871122111
0.01513905764024771
0.015952792310660394
0.01686707748814381
0.017900861921820336
0.019077997354452873
0.020428871020016066
0.021992710179546106
0.02382089149060069
0.02598178235361227
0.028567967581974676
0.03170727552731069
0.03558000693615855
0.04044656329162238
0.04669302089664892
0.054908654353089746
0.06602229580440007
0.08155114863482511
0.10407621515221774
0.13834312552759384
0.20381774186671298

0.23778696363130944
0.3798054927978268
0.4048796411158775
0.2880594556980095
0.1367822786287311
0.04334800572770766
0.009168591883513481
0.0012946073416990787
0.0001236918307030585
1.572248915724885e-05
3.3859299753316795e-05
0.00012711289612040498
0.0004417864613314488
0.0014251435694568086
0.004319687088227376
0.012340138389886164
0.032750956050439324
0.07848680172517825
0.16472967430187088
0.296004029210024
0.4503979185334896
0.5810339410955854
0.6440961621841266
0.6289137226509413
0.5580050839329603
0.4619511316080639
0.36066909245009326
0.26403306538524357
0.17891695260792173
0.11098216394509584
0.06260400236351325
0.03201684136451817
0.014827959638702586
0.006216561867998298
0.0023590711825669285
0.0008102953469775723
0.0002519155812036562
7.088848935849808e-05
1.8055327143319378e-05
4.162401242605303e-06
8.685432768949131e-07
1.6403930582948893e-07
2.804228005287876e-08
4.338980128136482e-09
6.0767439820469e-10
7.703057816158274e-11
8.838209971413468e-12
9.178557056615909e-13
8.627668471328988e-14
7.340428698102279e-15
5.652731274294523e-16
3.940072334979412e-17
2.4857588229403654e-18
1.4194585779200696e-19
7.336609388158534e-21
3.43223495747701e-22
1.453341125053877e-23
5.570152109546208e-25
1.9323041502806035e-26
6.067263516039735e-28
1.7243251733199333e-29
4.4356208747083935e-31
1.0327580964066903e-32
2.1764652503493228e-34
4.151583777738563e-36
7.167782433058559e-38
1.120120543011544e-39
1.5843591981403608e-41
2.028390072420112e-43
2.3504891056165994e-45
2.4653236866809775e-47
2.3404458297916903e-49
2.0110931120463757e-51
1.5641366882134575e-53
1.10109848925237e-55
7.015951370397074e-58
4.046279819825798e-60
2.1121959008206088e-62
9.979790336243235e-65
4.267932859935571e-67
1.6520480692979755e-69
5.788109255540043e-72
1.8355224479682985e-74
5.268556231739349e-77
1.3687763055902606e-79
3.218713171337617e-82
6.850795680539827e-85
1.319801728407378e-87
2.301363971656478e-90
3.632209302919851e-93
5.1887812562570706e-96
6.709170026906384e-99
7.852015951880774e-102
8.31768535880574e-105
7.975037649550724e-108
6.92104918604537e-111
5.4365084681065155e-114
3.8652460189304724e-117
2.4873858173968946e-120
1.4488322531518863e-123
