0.6926543707107398
0.023511871352460724
0.0008329290711166553
3.079491782345746e-05
1.1882293738357168e-06
4.784887712778111e-08
2.517031731554758e-09
1.2533329582020416e-10
6.24272386557958e-12
3.1109641338604645e-13
1.551756432859196e-14
7.754512744076931e-16
3.8892622689526937e-17
1.9646082488980158e-18
1.0061226534196532e-19
5.2866814720848915e-21
2.907103972666343e-22
1.719983738693542e-23
1.1266547880406713e-24
8.291042062986502e-26
6.790318937817554e-27
6.027172800504289e-28
5.636371493001869e-29
5.438930527337275e-30
5.350264998730504e-31
5.335450176745709e-32
5.388532735395616e-33
5.524786283385906e-34
5.781005111119056e-35
6.222451983330831e-36
6.957606018658162e-37
8.164543678663344e-38
1.0136828291101673e-38
1.336408715430245e-39
1.8676775128942174e-40
2.751399456566337e-41
4.2435530486263676e-42
6.813527457748456e-43
1.1351842550311537e-43
1.9610807538737786e-44
3.51710229070368e-45
6.563080337196892e-46
1.2772529306869925e-46
2.5967855858089125e-47
5.519738677158468e-48
1.2265482579537279e-48
2.8475784933907672e-49
6.902223926774166e-50
1.7458250807914937e-50
4.606903271782945e-51
1.2682791752106397e-51
3.643110534895538e-52
1.092051870454426e-52
3.416409669046634e-53
1.115499511566601e-53
3.80137216864202e-54
1.351992056388788e-54
5.018362360421422e-55
1.944011472892425e-55
7.85927457263578e-56
3.3159806932555067e-56
1.4601092139096561e-56
6.709603190999031e-57
3.217614176831172e-57
1.6101719194549118e-57
8.40750274959949e-58
4.579743065137074e-58
2.6017640313273544e-58
1.5408134131635153e-58
9.505954120086985e-59
6.103732903985775e-59
4.0765721454493605e-59
2.8218551161783044e-59
2.0246893386650347e-59
1.5015096321594648e-59
1.148169653759952e-59
9.030282775455811e-60
7.2863313331698e-60
6.016355486646132e-60
5.07193196505425e-60
4.3555412474649564e-60
3.802405120486063e-60
3.368543809900958e-60
3.0233217962651633e-60
2.7451873764289893e-60
2.5186482476505695e-60
2.3324083899746696e-60
2.1781136178254767e-60
2.0495047327272664e-60
1.9418369945377618e-60
1.8514764367119744e-60
1.7756154282526987e-60
1.7120698339931557e-60
1.6591328132851808e-60
1.6154684935458118e-60
1.580034129222262e-60
1.552022932354983e-60
1.5308221759671806e-60
1.5159828299063283e-60
1.5071981505865946e-60
1.5042894820321733e-60
1.5071981505865946e-60
1.5159828299063283e-60
1.5308221759671806e-60
1.552022932354983e-60
1.580034129222262e-60
1.6154684935458118e-60
1.6591328132851808e-60
1.7120698339931557e-60
1.7756154282526987e-60
1.8514764367119744e-60
1.9418369945377618e-60
2.0495047327272664e-60
2.1781136178254767e-60
2.3324083899746696e-60
2.5186482476505695e-60
2.7451873764289893e-60
3.0233217962651633e-60
3.368543809900958e-60
3.802405120486063e-60
4.3555412474649564e-60
5.07193196505425e-60
6.016355486646132e-60
7.2863313331698e-60
9.030282775455811e-60
1.148169653759952e-59
1.5015096321594648e-59
2.0246893386650347e-59
2.8218551161783044e-59
4.0765721454493605e-59
6.103732903985775e-59
9.505954120086985e-59
1.5408134131635153e-58
2.6017640313273544e-58
4.579743065137074e-58
8.40750274959949e-58
1.6101719194549118e-57
3.217614176831172e-57
6.709603190999031e-57
1.4601092139096561e-56
3.3159806932555067e-56
7.85927457263578e-56
1.944011472892425e-55
5.018362360421422e-55
1.351992056388788e-54
3.80137216864202e-54
1.115499511566601e-53
3.416409669046634e-53
1.092051870454426e-52
3.643110534895538e-52
1.2682791752106397e-51
4.606903271782945e-51
1.7458250807914937e-50
6.902223926774166e-50
2.8475784933907672e-49
1.2265482579537279e-48
5.519738677158468e-48
2.5967855858089125e-47
1.2772529306869925e-46
6.563080337196892e-46
3.51710229070368e-45
1.9610807538737786e-44
1.1351842550311537e-43
6.813527457748456e-43
4.2435530486263676e-42
2.751399456566337e-41
1.8676775128942174e-40
1.336408715430245e-39
1.0136828291101673e-38
8.164543678663344e-38
6.957606018658162e-37
6.222451983330831e-36
5.781005111119056e-35
5.524786283385906e-34
5.388532735395616e-33
5.335450176745709e-32
5.350264998730504e-31
5.438930527337275e-30
5.636371493001869e-29
6.027172800504289e-28
6.790318937817554e-27
8.291042062986502e-26
1.1266547880406713e-24
1.719983738693542e-23
2.907103972666343e-22
5.2866814720848915e-21
1.0061226534196532e-19
1.9646082488980158e-18
3.8892622689526937e-17
7.754512744076931e-16
1.551756432859196e-14
3.1109641338604645e-13
6.24272386557958e-12
1.2533329582020416e-10
2.517031731554758e-09
4.784887712778111e-08
1.1882293738357168e-06
3.079491782345746e-05
0.0008329290711166553
0.023511871352460724

1.605553522162379e-59
9.794317809414661e-53
2.2980553270733316e-46
2.0738801396123355e-40
7.198528174506213e-35
9.610381960582441e-30
4.934855868800824e-25
9.746421309827009e-21
7.403767506778538e-17
2.163202859284025e-13
2.4309644506039644e-10
1.0507438372990002e-07
1.7468353781796054e-05
0.0011169763823542862
0.027470899854132525
0.259859539738696
0.945456012498323
1.3230640683577084
0.7121267603612972
0.1474248249944629
0.011738722055338912
0.00035950745644767063
4.234789903907414e-06
1.9186365766351257e-08
3.343416288961775e-11
2.2409133937183224e-14
5.776922942937263e-18
5.728025738966682e-22
2.184490854827847e-26
3.204294209214628e-31
1.8078043324759053e-36
3.92290096820598e-42
3.2741618997503453e-48
1.051065642860358e-54
1.2977660650835635e-61
6.163109320034854e-69
1.1257454819468914e-76
7.90892465057307e-85
2.137132984293082e-93
2.2211737912976443e-102
8.879130058901686e-112
1.3651965385023764e-121
8.073406562598005e-132
1.836349546894649e-142
1.6065371209310656e-153
5.405838432415458e-165
6.996361513426194e-177
3.482717968291069e-189
6.668086960429572e-202
4.910447670780739e-215
1.3908420212528937e-228
1.5152050307557014e-242
6.348949718750529e-257
1.0232205543002916e-271
6.342690317937616e-287
1.5122188359456906e-302
1.386734e-318
0.0
0.0
0.0
0.0
0.0
0.0
0.0
0.0
0.0
0.0
0.0
0.0
0.0
0.0
0.0
0.0
0.0
0.0
0.0
0.0
0.0
0.0
0.0
0.0
0.0
0.0
0.0
0.0
0.0
0.0
0.0
0.0
0.0
0.0
0.0
0.0
0.0
0.0
0.0
0.0
0.0
0.0
0.0
