0.6336287595114073
0.13888894383863545
0.033594397419135814
0.008966608743753037
0.002640814707950631
0.0008581340389187074
0.0003075897888865463
0.00012154415154472055
5.2882108397181476e-05
2.5275798152669422e-05
1.3221722159485288e-05
7.527762857445615e-06
4.631440964971684e-06
3.0533294619342482e-06
2.137585070322927e-06
1.5750831987522794e-06
1.2115509002300918e-06
9.658110227483935e-07
7.930160933589751e-07
6.672591247935528e-07
5.729533006720894e-07
5.00367979542829e-07
4.432216836977061e-07
3.9733485224711836e-07
3.5984935348695047e-07
3.2876177243952075e-07
3.0263607158211307e-07
2.80421878767877e-07
2.6133670532528156e-07
2.4478785152586987e-07
2.3031953457088e-07
2.1757639809750115e-07
2.0627787723534603e-07
1.961998926211129e-07
1.8716157872943184e-07
1.7901552628421425e-07
1.716405144842754e-07
1.6493603201853308e-07
1.5881809998803402e-07
1.5321605390830484e-07
1.4807004027738973e-07
1.4332905120023766e-07
1.3894936820222382e-07
1.3489332014199066e-07
1.311282843523353e-07
1.276258776879251e-07
1.2436129700441254e-07
1.2131277808548533e-07
1.1846114911130535e-07
1.1578946008309763e-07
1.1328267365221914e-07
1.1092740588294446e-07
1.0871170784860338e-07
1.0662488079708603e-07
1.0465731905378835e-07
1.0280037595384076e-07
1.0104624898259989e-07
9.938788100772295e-08
9.78188750484066e-08
9.633342047856378e-08
9.492622892458728e-08
9.359247841320671e-08
9.232776456497903e-08
9.112805785073573e-08
8.998966590707815e-08
8.890920059871336e-08
8.788354867361698e-08
8.690984592144792e-08
8.598545422456776e-08
8.510794115851799e-08
8.427506182250336e-08
8.34847426254988e-08
8.273506679167778e-08
8.202426138113366e-08
8.135068564930009e-08
8.071282059186395e-08
8.010925954195863e-08
7.953869970356399e-08
7.899993451977309e-08
7.849184678728115e-08
7.801340243942337e-08
7.7563644929593e-08
7.71416901551247e-08
7.674672186891829e-08
7.63779875323526e-08
7.603479456853548e-08
7.571650697975851e-08
7.542254229727366e-08
7.515236883525772e-08
7.490550322415662e-08
7.468150820155474e-08
7.447999064135353e-08
7.43005998044071e-08
7.414302579589404e-08
7.400699821663109e-08
7.389228499729168e-08
7.379869140610144e-08
7.372605922207065e-08
7.367426606720698e-08
7.364322489245375e-08
7.363288361333251e-08
7.364322489245375e-08
7.367426606720698e-08
7.372605922207065e-08
7.379869140610144e-08
7.389228499729168e-08
7.400699821663109e-08
7.414302579589404e-08
7.43005998044071e-08
7.447999064135353e-08
7.468150820155474e-08
7.490550322415662e-08
7.515236883525772e-08
7.542254229727366e-08
7.571650697975851e-08
7.603479456853548e-08
7.63779875323526e-08
7.674672186891829e-08
7.71416901551247e-08
7.7563644929593e-08
7.801340243942337e-08
7.849184678728115e-08
7.899993451977309e-08
7.953869970356399e-08
8.010925954195863e-08
8.071282059186395e-08
8.135068564930009e-08
8.202426138113366e-08
8.273506679167778e-08
8.34847426254988e-08
8.427506182250336e-08
8.510794115851799e-08
8.598545422456776e-08
8.690984592144792e-08
8.788354867361698e-08
8.890920059871336e-08
8.998966590707815e-08
9.112805785073573e-08
9.232776456497903e-08
9.359247841320671e-08
9.492622892458728e-08
9.633342047856378e-08
9.78188750484066e-08
9.938788100772295e-08
1.0104624898259989e-07
1.0280037595384076e-07
1.0465731905378835e-07
1.0662488079708603e-07
1.0871170784860338e-07
1.1092740588294446e-07
1.1328267365221914e-07
1.1578946008309763e-07
1.1846114911130535e-07
1.2131277808548533e-07
1.2436129700441254e-07
1.276258776879251e-07
1.311282843523353e-07
1.3489332014199066e-07
1.3894936820222382e-07
1.4332905120023766e-07
1.4807004027738973e-07
1.5321605390830484e-07
1.5881809998803402e-07
1.6493603201853308e-07
1.716405144842754e-07
1.7901552628421425e-07
1.8716157872943184e-07
1.961998926211129e-07
2.0627787723534603e-07
2.1757639809750115e-07
2.3031953457088e-07
2.4478785152586987e-07
2.6133670532528156e-07
2.80421878767877e-07
3.0263607158211307e-07
3.2876177243952075e-07
3.5984935348695047e-07
3.9733485224711836e-07
4.432216836977061e-07
5.00367979542829e-07
5.729533006720894e-07
6.672591247935528e-07
7.930160933589751e-07
9.658110227483935e-07
1.2115509002300918e-06
1.5750831987522794e-06
2.137585070322927e-06
3.0533294619342482e-06
4.631440964971684e-06
7.527762857445615e-06
1.3221722159485288e-05
2.5275798152669422e-05
5.2882108397181476e-05
0.00012154415154472055
0.0003075897888865463
0.0008581340389187074
0.002640814707950631
0.008966608743753037
0.033594397419135814
0.13888894383863545

3.100230233502847e-06
6.27360909713765e-05
0.0008387919783097522
0.007409764214108686
0.04324817790140389
0.16678022192547606
0.4249468225278614
0.7153818728494132
0.7957095724001039
0.5847692675518807
0.2839408016579959
0.0910928676906308
0.01930875405228028
0.002704191437811395
0.00025022685777488214
1.529831917299411e-05
6.179691841186951e-07
1.649313548862752e-08
2.9083919950277207e-10
3.3885660932283798e-12
2.6085086870489692e-14
1.3267280773559004e-16
4.458459841341991e-19
9.899222925845256e-22
1.4522141230150807e-24
1.407581382099229e-27
9.014251647132553e-31
3.8141621163716084e-34
1.0663061765963788e-37
1.9695998737128575e-41
2.4037394817574677e-45
1.9382513372206765e-49
1.0326332239318368e-53
3.634924559946525e-58
8.45391770825381e-63
1.2990741366710519e-67
1.3189343017519545e-72
8.84760440439426e-78
3.9214035293615416e-83
1.1483404972411359e-88
2.2218417981742387e-94
2.840330586913817e-100
2.399042572905222e-106
1.3388142476873287e-112
4.936464319331059e-119
1.202610483403618e-125
1.93574111568793e-132
2.05865167653161e-139
1.4465444126469562e-146
6.715741642225829e-154
2.0600107877141984e-161
4.175017645085654e-169
5.5906260293998885e-177
4.9462478601177385e-185
2.891376286300821e-193
1.1167260845205807e-201
2.849718832642617e-210
4.804748619888455e-219
5.352450199326812e-228
3.93956169369905e-237
1.9158278532198405e-246
6.15571304051202e-256
1.306813329888032e-265
1.8329982551768178e-275
1.6987280325987684e-285
1.0401571576712612e-295
4.208112836909982e-306
1.1248357e-316
0.0
0.0
0.0
0.0
0.0
0.0
0.0
0.0
0.0
0.0
0.0
0.0
0.0
0.0
0.0
0.0
0.0
0.0
0.0
0.0
0.0
0.0
0.0
0.0
0.0
0.0
0.0
0.0
0.0
0.0
0.0
0.0
