0.9261044803925896
0.18852587627003523
0.09522292351454606
0.05673639930307183
0.03646487881953236
0.024816412895543493
0.017709405935935292
0.01316059426048699
0.010128933988130554
0.00803588214549494
0.006544964645662174
0.005452886516142804
0.0046326797240554
0.004002671911463115
0.0035089074481854665
0.00311486352952006
0.0027952596667809586
0.0025322338137820127
0.002312923936484683
0.0021279047950848668
0.0019701569066486067
0.0018343736116277663
0.0017164871313032903
0.001613339048455952
0.0015224476577952724
0.0014418413293501536
0.0013699375329760484
0.0013054538929606634
0.001247342009871935
0.0011947376684410275
0.0011469229782387993
0.0011032973011245101
0.0010633547170556755
0.001026666403632331
0.0009928667432045988
0.0009616422829128797
0.0009327228966801828
0.0009058746603095867
0.0008808940694769058
0.0008576033179916837
0.0008358464189061476
0.0008154859999915714
0.000796400642116223
0.0007784826572607699
0.0007616362245453202
0.0007457758193563893
0.0007308248836556467
0.0007167146957157126
0.0007033834055248421
0.0006907752084295463
0.0006788396346176745
0.0006675309360695298
0.0006568075558392885
0.0006466316671409811
0.000636968771832141
0.0006277873496146381
0.0006190585506848635
0.0006107559257260641
0.0006028551880929685
0.0005953340038315076
0.0005881718058351334
0.0005813496289885783
0.0005748499636095586
0.0005686566248848524
0.0005627546363222152
0.0005571301255141844
0.0005517702307424998
0.0005466630171495905
0.0005417974013720783
0.0005371630836752086
0.000532750486750488
0.0005285507004447408
0.0005245554317800423
0.0005207569597027298
0.0005171480940678331
0.0005137221384243681
0.000510472856218293
0.0005073944400746988
0.0005044814838598669
0.0005017289572580361
0.0004991321826277122
0.000496686813928713
0.0004943888175343743
0.000492234454763849
0.0004902202659875807
0.0004883430561751408
0.0004865998817689418
0.0004849880387801146
0.00048350505201426417
0.00048214866534507104
0.00048091683296293334
0.00047980771153418
0.00047881965321395337
0.00047795119946274613
0.0004772010756228895
0.00047656818621709965
0.0004760516109365715
0.00047565060129112614
0.0004753645778986388
0.00047519312839543675
0.0004751360059536279
0.00047519312839543675
0.0004753645778986388
0.00047565060129112614
0.0004760516109365715
0.00047656818621709965
0.0004772010756228895
0.00047795119946274613
0.00047881965321395337
0.00047980771153418
0.00048091683296293334
0.00048214866534507104
0.00048350505201426417
0.0004849880387801146
0.0004865998817689418
0.0004883430561751408
0.0004902202659875807
0.000492234454763849
0.0004943888175343743
0.000496686813928713
0.0004991321826277122
0.0005017289572580361
0.0005044814838598669
0.0005073944400746988
0.000510472856218293
0.0005137221384243681
0.0005171480940678331
0.0005207569597027298
0.0005245554317800423
0.0005285507004447408
0.000532750486750488
0.0005371630836752086
0.0005417974013720783
0.0005466630171495905
0.0005517702307424998
0.0005571301255141844
0.0005627546363222152
0.0005686566248848524
0.0005748499636095586
0.0005813496289885783
0.0005881718058351334
0.0005953340038315076
0.0006028551880929685
0.0006107559257260641
0.0006190585506848635
0.0006277873496146381
0.000636968771832141
0.0006466316671409811
0.0006568075558392885
0.0006675309360695298
0.0006788396346176745
0.0006907752084295463
0.0007033834055248421
0.0007167146957157126
0.0007308248836556467
0.0007457758193563893
0.0007616362245453202
0.0007784826572607699
0.000796400642116223
0.0008154859999915714
0.0008358464189061476
0.0008576033179916837
0.0008808940694769058
0.0009058746603095867
0.0009327228966801828
0.0009616422829128797
0.0009928667432045988
0.001026666403632331
0.0010633547170556755
0.0011032973011245101
0.0011469229782387993
0.0011947376684410275
0.001247342009871935
0.0013054538929606634
0.0013699375329760484
0.0014418413293501536
0.0015224476577952724
0.001613339048455952
0.0017164871313032903
0.0018343736116277663
0.0019701569066486067
0.0021279047950848668
0.002312923936484683
0.0025322338137820127
0.0027952596667809586
0.00311486352952006
0.0035089074481854665
0.004002671911463115
0.0046326797240554
0.005452886516142804
0.006544964645662174
0.00803588214549494
0.010128933988130554
0.01316059426048699
0.017709405935935292
0.024816412895543493
0.03646487881953236
0.05673639930307183
0.09522292351454606
0.18852587627003523

0.021648120495949268
0.11100441354387913
0.31392968193228765
0.4299636278117488
0.311883142200948
0.1849397593583178
0.14823522702560052
0.13021677065138745
0.10084417226632786
0.06660531425057513
0.037445106773721586
0.017917828663840854
0.007297589960059072
0.0025297485265253277
0.0007467714335120851
0.0003045575065467151
0.009518980187503825
0.19033106818121995
0.9479614394760395
1.1712507527435976
0.3589815191802666
0.02729335407108349
0.0005147595066643906
2.4083291093408146e-06
2.7955592022040963e-09
8.311103972051546e-13
1.1849042622244438e-15
4.0931132014098555e-17
1.264728610794934e-18
3.3262546855272457e-20
7.445903892018218e-22
1.4186756760364033e-23
2.300660776166425e-25
3.1756002201662933e-27
3.7308073858343403e-29
3.730642227326489e-31
3.17517849844097e-33
2.300151583355271e-35
1.418236112551016e-37
7.442937823656306e-40
3.3246353002720424e-42
1.2640009547594252e-44
4.0902943431097437e-47
1.1265889585494559e-49
2.641071682987872e-52
5.269854888047982e-55
8.9499558642638e-58
1.293739684857193e-60
1.5917566612930814e-63
1.666902589526315e-66
1.485756147588358e-69
1.127167919969802e-72
7.2783590049998e-76
4.0002035981182135e-79
1.8712615257737023e-82
7.450589738008154e-86
2.5249372000269314e-89
7.283066597074344e-93
1.7880586128259774e-96
3.736396787804157e-100
6.645505144488235e-104
1.0060203745802104e-107
1.2962516544207e-111
1.4215941916044203e-115
1.3269841220964344e-119
1.0542887730486111e-123
7.129469355309054e-128
4.1035393354923065e-132
2.010313385590786e-136
8.382483309367798e-141
2.974989242831523e-145
8.986733675846141e-150
2.3105858668947854e-154
5.056454726399217e-159
9.418329994983835e-164
1.4931569231699134e-168
2.0148409591122475e-173
2.3140879398760426e-178
2.262156862086929e-183
1.8822154901428047e-188
1.3329680485489877e-193
8.034778430434937e-199
4.1222263969419216e-204
1.800087202546633e-209
6.690506825761227e-215
2.1165486784064e-220
5.699034338734504e-226
1.3061048906882825e-231
2.547760540167022e-237
4.2300249367948277e-243
5.977657361144309e-249
7.189900447861946e-255
7.3606896344267995e-261
6.413836786242206e-267
4.75686768880496e-273
3.002811073658101e-279
1.6133876014084665e-285
7.378247016745223e-292
2.871914035121368e-298
9.514663875534087e-305
