1.2056813350227835
0.12495724096348669
0.02423621969781964
0.007398320330104597
0.003051681123765194
0.0015393190881127527
0.0008988047683692394
0.0005862151581562459
0.00041575376315338027
0.00031408592449440765
0.00024887820349730577
0.00020451633731348727
0.00017285578022019558
0.00014935897455124584
0.0001313510484887424
0.0001171768012005545
0.00010576829283818153
9.641113236168492e-05
8.861219608508723e-05
8.202164112253805e-05
7.638523691389084e-05
7.15142770890727e-05
6.726603564675117e-05
6.353074207987418e-05
6.022269837865183e-05
5.7274093366658095e-05
5.4630613373127704e-05
5.224827379405031e-05
5.009109597976013e-05
4.8129379438282084e-05
4.633839986971271e-05
4.469741619752931e-05
4.318890480404351e-05
4.1797962884967824e-05
4.051183912406808e-05
3.931956123599014e-05
3.821163793624434e-05
3.7179818622898375e-05
3.621689819405955e-05
3.531655745048451e-05
3.4473231766043376e-05
3.36820023733036e-05
3.293850586322462e-05
3.223885844722325e-05
3.157959225552471e-05
3.0957601504629087e-05
3.0370096800280562e-05
2.981456618098223e-05
2.928874177320711e-05
2.8790571140020075e-05
2.8318192572234874e-05
2.7869913705183085e-05
2.744419295187448e-05
2.7039623330374638e-05
2.6654918333916092e-05
2.628889954993246e-05
2.5940485781466748e-05
2.5608683463298404e-05
2.5292578197271543e-05
2.499132725796557e-05
2.470415294204679e-05
2.4430336653188228e-05
2.4169213629999495e-05
2.392016823749468e-05
2.3682629753672354e-05
2.345606859213425e-05
2.323999290961171e-05
2.3033945554033788e-05
2.2837501314548615e-05
2.2650264439857945e-05
2.247186639547398e-05
2.2301963834165385e-05
2.2140236757016798e-05
2.1986386845257114e-05
2.184013594538077e-05
2.170122469214502e-05
2.1569411255819865e-05
2.1444470201633543e-05
2.1326191450727412e-05
2.1214379333135467e-05
2.110885172436122e-05
2.1009439258054756e-05
2.091598460811503e-05
2.0828341834269452e-05
2.0746375785827956e-05
2.0669961558882314e-05
2.0598984002732417e-05
2.0533337271778622e-05
2.0472924419528382e-05
2.041765703173379e-05
2.0367454896008967e-05
2.032224570557666e-05
2.0281964795067135e-05
2.0246554906541692e-05
2.021596598414247e-05
2.0190154995981353e-05
2.0169085782076673e-05
2.0152728927330015e-05
2.014106165870743e-05
2.013406776595312e-05
2.0131737545320062e-05
2.013406776595312e-05
2.014106165870743e-05
2.0152728927330015e-05
2.0169085782076673e-05
2.0190154995981353e-05
2.021596598414247e-05
2.0246554906541692e-05
2.0281964795067135e-05
2.032224570557666e-05
2.0367454896008967e-05
2.041765703173379e-05
2.0472924419528382e-05
2.0533337271778622e-05
2.0598984002732417e-05
2.0669961558882314e-05
2.0746375785827956e-05
2.0828341834269452e-05
2.091598460811503e-05
2.1009439258054756e-05
2.110885172436122e-05
2.1214379333135467e-05
2.1326191450727412e-05
2.1444470201633543e-05
2.1569411255819865e-05
2.170122469214502e-05
2.184013594538077e-05
2.1986386845257114e-05
2.2140236757016798e-05
2.2301963834165385e-05
2.247186639547398e-05
2.2650264439857945e-05
2.2837501314548615e-05
2.3033945554033788e-05
2.323999290961171e-05
2.345606859213425e-05
2.3682629753672354e-05
2.392016823749468e-05
2.4169213629999495e-05
2.4430336653188228e-05
2.470415294204679e-05
2.499132725796557e-05
2.5292578197271543e-05
2.5608683463298404e-05
2.5940485781466748e-05
2.628889954993246e-05
2.6654918333916092e-05
2.7039623330374638e-05
2.744419295187448e-05
2.7869913705183085e-05
2.8318192572234874e-05
2.8790571140020075e-05
2.928874177320711e-05
2.981456618098223e-05
3.0370096800280562e-05
3.0957601504629087e-05
3.157959225552471e-05
3.223885844722325e-05
3.293850586322462e-05
3.36820023733036e-05
3.4473231766043376e-05
3.531655745048451e-05
3.621689819405955e-05
3.7179818622898375e-05
3.821163793624434e-05
3.931956123599014e-05
4.051183912406808e-05
4.1797962884967824e-05
4.318890480404351e-05
4.469741619752931e-05
4.633839986971271e-05
4.8129379438282084e-05
5.009109597976013e-05
5.224827379405031e-05
5.4630613373127704e-05
5.7274093366658095e-05
6.022269837865183e-05
6.353074207987418e-05
6.726603564675117e-05
7.15142770890727e-05
7.638523691389084e-05
8.202164112253805e-05
8.861219608508723e-05
9.641113236168492e-05
0.00010576829283818153
0.0001171768012005545
0.0001313510484887424
0.00014935897455124584
0.00017285578022019558
0.00020451633731348727
0.00024887820349730577
0.00031408592449440765
0.00041575376315338027
0.0005862151581562459
0.0008988047683692394
0.0015393190881127527
0.003051681123765194
0.007398320330104597
0.02423621969781964
0.12495724096348669

0.000934910555971923
0.0036215819709648715
0.011616053212034684
0.030849696596242957
0.06783835113196239
0.12351848707228798
0.18621845146813623
0.23248770732076515
0.2412019098665068
0.22072795035629136
0.2679534577184245
0.5763058580010983
1.0178832224520644
0.9813635184204814
0.48841313114608165
0.14849218655398055
0.07619422463098371
0.10011392651875771
0.13991014447701447
0.17490833954613494
0.19407279303819638
0.19108203566184592
0.16694478892930226
0.12942656717927548
0.08903720777648232
0.054352204582773345
0.029441526851113453
0.014151452767568346
0.006035861362266586
0.002284415078533581
0.0007671995029685472
0.00022863311846244532
6.045991045949393e-05
1.4187092221228438e-05
2.9540430252388143e-06
5.458053314958437e-07
8.948624057353846e-08
1.3018839871986949e-08
1.680683126557788e-09
1.9252934220654134e-10
1.957066336043592e-11
1.765272268271582e-12
1.4129128770186494e-13
1.0034982056559703e-14
6.324342038731765e-16
3.536809201841076e-17
1.755114468223202e-18
7.728528153684839e-20
3.0198520951172072e-21
1.0470612437613209e-22
3.2214843749519025e-24
8.795033665756617e-26
2.130671592573494e-27
4.5802908588319763e-29
8.737096490301771e-31
1.4788997614251976e-32
2.221303384259113e-34
2.960564656295391e-36
3.501376031887844e-38
3.67451894953726e-40
3.421840488462594e-42
2.827590817035562e-44
2.0733417686568554e-46
1.3490335908130241e-48
7.788828888486292e-51
3.9904244682513153e-53
1.81410975668954e-55
7.318221596490665e-58
2.6196609424849835e-60
8.321126931200513e-63
2.3453990292174983e-65
5.86609197142341e-68
1.3019026979167372e-70
2.5639273711507135e-73
4.4805408668763364e-76
6.947886248781882e-79
9.560321312269955e-82
1.1673196878864223e-84
1.26474993128985e-87
1.2159537351084803e-90
1.0373539625467366e-93
7.852978742221302e-97
5.275205783296108e-100
3.1444299378480444e-103
1.6631904076851137e-106
7.806197827440062e-110
3.251132482290763e-113
1.2015097896907259e-116
3.9401929783289674e-120
1.1465822235308956e-123
2.960673034772844e-127
6.783802954778462e-131
1.379283477183284e-134
2.4884640737854297e-138
3.983884593293989e-142
5.659520737144585e-146
7.134279085775499e-150
7.980278831833466e-154
7.92106486702878e-158
6.976644700225793e-162
