0.6917015057398405
0.005270945194766607
4.3978600837178965e-05
4.017699437419495e-07
1.6552042559454977e-09
2.8779760839896673e-11
5.015879239959301e-13
8.746087857987844e-15
1.5253349984805895e-16
2.6611182354829055e-18
4.646932439816247e-20
8.1360282820416935e-22
1.435125991100115e-23
2.5841996270226354e-25
4.91305595475446e-27
1.05936759532714e-28
2.857103621865207e-30
1.001840660353533e-31
4.2629995170099184e-33
2.0045505449748537e-34
9.859178569137361e-36
4.971638646761092e-37
2.569978919727185e-38
1.3796629276717902e-39
7.882352589854239e-41
4.9485280131316284e-42
3.508162977143125e-43
2.8289214641867943e-44
2.5578255238612874e-45
2.538681409920864e-46
2.72791390308694e-47
3.1657294920236143e-48
3.9888327433582354e-49
5.495894093399833e-50
8.316428391198098e-51
1.3826758844978907e-51
2.5212578371332665e-52
5.033646277257611e-53
1.0996032984608938e-53
2.6287698858064445e-54
6.880030943330536e-55
1.971659034915177e-55
6.186865629781983e-56
2.1254321089139392e-56
7.991850753354836e-57
3.2873160140789496e-57
1.477644003690942e-57
7.244227867548192e-58
3.861301540935186e-58
2.2273220661315005e-58
1.3819575240048995e-58
9.156308327366433e-59
6.4273872169202505e-59
4.742271568295167e-59
3.650186831011657e-59
2.9113107862286217e-59
2.3920370901733907e-59
2.0147084954474082e-59
1.7323987528713598e-59
1.5157270847332387e-59
1.3456937720989242e-59
1.2096459725203492e-59
1.098929846060533e-59
1.007481734294309e-59
9.309586300420184e-60
8.661873472114302e-60
8.108070990350538e-60
7.63032377705262e-60
7.214923930514728e-60
6.85120277921631e-60
6.530752878882675e-60
6.246872797264921e-60
5.994164915185129e-60
5.768240001869122e-60
5.565497405506837e-60
5.382959535742727e-60
5.218145832864814e-60
5.068975803669143e-60
4.9336936964248875e-60
4.810809456849461e-60
4.699052056301301e-60
4.597332310469856e-60
4.504713042883536e-60
4.420384980640367e-60
4.3436471597407053e-60
4.273890905407317e-60
4.210586667407069e-60
4.153273151719265e-60
4.1015483121694096e-60
4.055061859060158e-60
4.0135090137506515e-60
3.976625293930803e-60
3.944182157954936e-60
3.9159833709647725e-60
3.8918619828307585e-60
3.8716778298206896e-60
3.855315489617897e-60
3.842682633819989e-60
3.833708734100305e-60
3.828344088396375e-60
3.826559142274717e-60
3.828344088396375e-60
3.833708734100305e-60
3.842682633819989e-60
3.855315489617897e-60
3.8716778298206896e-60
3.8918619828307585e-60
3.9159833709647725e-60
3.944182157954936e-60
3.976625293930803e-60
4.0135090137506515e-60
4.055061859060158e-60
4.1015483121694096e-60
4.153273151719265e-60
4.210586667407069e-60
4.273890905407317e-60
4.3436471597407053e-60
4.420384980640367e-60
4.504713042883536e-60
4.597332310469856e-60
4.699052056301301e-60
4.810809456849461e-60
4.9336936964248875e-60
5.068975803669143e-60
5.218145832864814e-60
5.382959535742727e-60
5.565497405506837e-60
5.768240001869122e-60
5.994164915185129e-60
6.246872797264921e-60
6.530752878882675e-60
6.85120277921631e-60
7.214923930514728e-60
7.63032377705262e-60
8.108070990350538e-60
8.661873472114302e-60
9.309586300420184e-60
1.007481734294309e-59
1.098929846060533e-59
1.2096459725203492e-59
1.3456937720989242e-59
1.5157270847332387e-59
1.7323987528713598e-59
2.0147084954474082e-59
2.3920370901733907e-59
2.9113107862286217e-59
3.650186831011657e-59
4.742271568295167e-59
6.4273872169202505e-59
9.156308327366433e-59
1.3819575240048995e-58
2.2273220661315005e-58
3.861301540935186e-58
7.244227867548192e-58
1.477644003690942e-57
3.2873160140789496e-57
7.991850753354836e-57
2.1254321089139392e-56
6.186865629781983e-56
1.971659034915177e-55
6.880030943330536e-55
2.6287698858064445e-54
1.0996032984608938e-53
5.033646277257611e-53
2.5212578371332665e-52
1.3826758844978907e-51
8.316428391198098e-51
5.495894093399833e-50
3.9888327433582354e-49
3.1657294920236143e-48
2.72791390308694e-47
2.538681409920864e-46
2.5578255238612874e-45
2.8289214641867943e-44
3.508162977143125e-43
4.9485280131316284e-42
7.882352589854239e-41
1.3796629276717902e-39
2.569978919727185e-38
4.971638646761092e-37
9.859178569137361e-36
2.0045505449748537e-34
4.2629995170099184e-33
1.001840660353533e-31
2.857103621865207e-30
1.05936759532714e-28
4.91305595475446e-27
2.5841996270226354e-25
1.435125991100115e-23
8.1360282820416935e-22
4.646932439816247e-20
2.6611182354829055e-18
1.5253349984805895e-16
8.746087857987844e-15
5.015879239959301e-13
2.8779760839896673e-11
1.6552042559454977e-09
4.017699437419495e-07
4.3978600837178965e-05
0.005270945194766607

8.793159965348364e-59
4.0621296475914004e-54
1.196484378160524e-49
2.2470085810507665e-45
2.690585982089197e-41
2.054156203448951e-37
9.99918265229008e-34
3.103415920466989e-30
6.141294326830586e-27
7.748618620627046e-24
6.233516392370169e-21
3.197321969806317e-18
1.0456445634259603e-15
2.180350138034948e-13
2.898763909171513e-11
2.4572191730035604e-09
1.3280651826058757e-07
4.576561816514595e-06
0.00010055501161931673
0.0014086806665764566
0.012582467977266804
0.07165781465019463
0.26019906454227454
0.6024102438760401
0.8892490538973495
0.8369488581636851
0.5022487638956963
0.19216897685709253
0.04688048814737007
0.007291979153372281
0.0007231745892715884
4.572833016218713e-05
1.843622390327193e-06
4.739178329281235e-08
7.767451925601908e-10
8.117056014823595e-12
5.4083271963492085e-14
2.297586225371162e-16
6.223362888606624e-19
1.0747881724312436e-21
1.1834913208202277e-24
8.309056691603826e-28
3.7194850103328143e-31
1.0615937414090623e-34
1.931871929414845e-38
2.2415207354600135e-42
1.6582562210765276e-46
7.821768459101538e-51
2.352354238332802e-55
4.510710291676333e-60
5.514823188824737e-65
4.298953003446809e-70
2.1366739131394297e-75
6.771084661184283e-81
1.3681152572566911e-86
1.7625099376257625e-92
1.4477211146100918e-98
7.581980944774357e-105
2.5317738781525596e-111
5.3902832436307575e-118
7.317162579047629e-125
6.333128042124915e-132
3.4949283650018806e-139
1.2297100839016628e-146
2.7587454899690683e-154
3.9460718076787014e-162
3.5988419789088465e-170
2.0926905703463429e-178
7.758749011077301e-187
1.8340992558106564e-195
2.7643842646409808e-204
2.6565527000209726e-213
1.6277320141412912e-222
6.3590438637918836e-232
1.5839635451695313e-241
2.5156081291484516e-251
2.547330190450417e-261
1.6446441405320973e-271
6.770224768899078e-282
1.7769642010592492e-292
2.973710701225926e-303
3.1729497834e-314
0.0
0.0
0.0
0.0
0.0
0.0
0.0
0.0
0.0
0.0
0.0
0.0
0.0
0.0
0.0
0.0
0.0
0.0
