0.15185592608461
0.10401639609984152
0.07216705044884063
0.05071443488811807
0.036096428644781395
0.02602055757902719
0.018996014330953853
0.014043282534321492
0.010512195836533681
0.007966833899621223
0.006112004784119289
0.004745844394782454
0.0037289693463399094
0.0029642172843825244
0.00238321978809566
0.0019374237907221273
0.001592034660263232
0.0013218946928144771
0.0011086545848157901
0.0009388159227358298
0.0008023652648798596
0.000691813283557643
0.0006015134574750157
0.0005271752028807417
0.00046551328348557884
0.00041399345579190837
0.0003706465751227472
0.00033393175690320514
0.0003026349380962476
0.0002757931625926354
0.0002526376866422243
0.00023255094517134631
0.00021503379320692516
0.00019968041286450226
0.0001861589747624264
0.00017419664552011403
0.00016356789720909336
0.00015408534004752374
0.00014559249420501377
0.000137958060053264
0.00013107135258451285
0.0001248386450473468
0.00011918022632224799
0.00011402802138394992
0.00010932365815782198
0.00010501688993728573
0.00010106430231868423
9.742824882759296e-05
9.40759711680054e-05
9.097886915199467e-05
8.811189248327753e-05
8.545303214095449e-05
8.298289349297484e-05
8.06843367310303e-05
7.854217296442588e-05
7.654290649695614e-05
7.467451555870075e-05
7.292626516726531e-05
7.128854692273766e-05
6.975274145390257e-05
6.831109997416259e-05
6.695664200876409e-05
6.568306684760125e-05
6.448467668163012e-05
6.335630971288513e-05
6.229328180187504e-05
6.129133544263837e-05
6.034659504368116e-05
5.9455527649429594e-05
5.8614908367365455e-05
5.7821789875261376e-05
5.707347547461581e-05
5.6367495233534036e-05
5.5701584827387826e-05
5.5073666740638224e-05
5.448183353988674e-05
5.3924332967903e-05
5.3399554642191206e-05
5.290601817054111e-05
5.244236252074064e-05
5.2007336502852023e-05
5.1599790240712675e-05
5.121866752506748e-05
5.08629989543489e-05
5.053189578091411e-05
5.0224544390791424e-05
4.994020135391068e-05
4.9678188989581445e-05
4.943789139880709e-05
4.921875092101626e-05
4.9020264978077086e-05
4.884198327313434e-05
4.868350531596289e-05
4.854447825023803e-05
4.842459496144893e-05
4.832359244718442e-05
4.824125043424792e-05
4.817739022955742e-05
4.813187379409437e-05
4.810460303131834e-05
4.8095519283494446e-05
4.810460303131834e-05
4.813187379409437e-05
4.817739022955742e-05
4.824125043424792e-05
4.832359244718442e-05
4.842459496144893e-05
4.854447825023803e-05
4.868350531596289e-05
4.884198327313434e-05
4.9020264978077086e-05
4.921875092101626e-05
4.943789139880709e-05
4.9678188989581445e-05
4.994020135391068e-05
5.0224544390791424e-05
5.053189578091411e-05
5.08629989543489e-05
5.121866752506748e-05
5.1599790240712675e-05
5.2007336502852023e-05
5.244236252074064e-05
5.290601817054111e-05
5.3399554642191206e-05
5.3924332967903e-05
5.448183353988674e-05
5.5073666740638224e-05
5.5701584827387826e-05
5.6367495233534036e-05
5.707347547461581e-05
5.7821789875261376e-05
5.8614908367365455e-05
5.9455527649429594e-05
6.034659504368116e-05
6.129133544263837e-05
6.229328180187504e-05
6.335630971288513e-05
6.448467668163012e-05
6.568306684760125e-05
6.695664200876409e-05
6.831109997416259e-05
6.975274145390257e-05
7.128854692273766e-05
7.292626516726531e-05
7.467451555870075e-05
7.654290649695614e-05
7.854217296442588e-05
8.06843367310303e-05
8.298289349297484e-05
8.545303214095449e-05
8.811189248327753e-05
9.097886915199467e-05
9.40759711680054e-05
9.742824882759296e-05
0.00010106430231868423
0.00010501688993728573
0.00010932365815782198
0.00011402802138394992
0.00011918022632224799
0.0001248386450473468
0.00013107135258451285
0.000137958060053264
0.00014559249420501377
0.00015408534004752374
0.00016356789720909336
0.00017419664552011403
0.0001861589747624264
0.00019968041286450226
0.00021503379320692516
0.00023255094517134631
0.0002526376866422243
0.0002757931625926354
0.0003026349380962476
0.00033393175690320514
0.0003706465751227472
0.00041399345579190837
0.00046551328348557884
0.0005271752028807417
0.0006015134574750157
0.000691813283557643
0.0008023652648798596
0.0009388159227358298
0.0011086545848157901
0.0013218946928144771
0.001592034660263232
0.0019374237907221273
0.00238321978809566
0.0029642172843825244
0.0037289693463399094
0.004745844394782454
0.006112004784119289
0.007966833899621223
0.010512195836533681
0.014043282534321492
0.018996014330953853
0.02602055757902719
0.036096428644781395
0.05071443488811807
0.07216705044884063
0.10401639609984152

0.0017126909407837055
0.14626877469580293
0.5261348279348375
0.07971045430645735
0.0005086350952762582
1.367005198979216e-07
1.5474150449342654e-12
7.377619775214376e-19
1.4814893306103147e-26
1.2530072748523583e-35
4.463560873766017e-46
6.697028340465428e-58
4.232097034466014e-71
1.126424017549513e-85
1.262760511191928e-101
5.962287143672893e-119
1.1857075590898212e-137
9.931505662202487e-158
3.503687838524369e-179
5.206052244246186e-202
3.258100253337492e-226
8.588022436960985e-252
9.534429292624389e-279
4.458297440109783e-307
0.0
0.0
0.0
0.0
0.0
0.0
0.0
0.0
0.0
0.0
0.0
0.0
0.0
0.0
0.0
0.0
0.0
0.0
0.0
0.0
0.0
0.0
0.0
0.0
0.0
0.0
0.0
0.0
0.0
0.0
0.0
0.0
0.0
0.0
0.0
0.0
0.0
0.0
0.0
0.0
0.0
0.0
0.0
0.0
0.0
0.0
0.0
0.0
0.0
0.0
0.0
0.0
0.0
0.0
0.0
0.0
0.0
0.0
0.0
0.0
0.0
0.0
0.0
0.0
0.0
0.0
0.0
0.0
0.0
0.0
0.0
0.0
0.0
0.0
0.0
0.0
