0.637397828638087
0.030766799363450288
0.0015335983583275661
7.894025524976794e-05
4.196072598397521e-06
2.303270984022031e-07
1.3053946576318077e-08
8.873511158322532e-10
4.499743804319662e-11
2.3214197974326324e-12
1.2361504831169216e-13
6.950892985178304e-15
4.2498234734942936e-16
2.89785695956367e-17
2.2176894452492682e-18
1.872141299386233e-19
1.6933887085057353e-20
1.5979533866380062e-21
1.5443948270357595e-22
1.5122724174105524e-23
1.4917122603339325e-24
1.4782776160013268e-25
1.4705176575558523e-26
1.4689096389972465e-27
1.4755900751208858e-28
1.4946304586234701e-29
1.5328263811313013e-30
1.6011307747278067e-31
1.717034167214463e-32
1.9084334071387744e-33
2.2199084348246753e-34
2.7229640438770746e-35
3.53290737803827e-36
4.837037206168372e-37
6.942538911710468e-38
1.0359580292227859e-38
1.594907182705861e-39
2.519281911978413e-40
4.0702511063155046e-41
6.720895328518752e-42
1.135449152580365e-42
1.9673926708323897e-43
3.507100168546373e-44
6.452116290484173e-45
1.2281666639567047e-45
2.4225242132074137e-46
4.953165599049076e-47
1.0491291651294281e-47
2.2992924531877567e-48
5.207463682241741e-49
1.2175454034285661e-49
2.9370963824339944e-50
7.309037192931789e-51
1.8766527318605588e-51
4.973140796542461e-52
1.3606513358619763e-52
3.84451298147994e-53
1.1219428295574507e-53
3.381776103788365e-54
1.0527958623438911e-54
3.384844445834949e-55
1.1238333412998335e-55
3.853160295462046e-56
1.3641990538598336e-56
4.9875190772794975e-57
1.8829615400523722e-57
7.340954720944828e-58
2.955430642997087e-58
1.228704659440852e-58
5.275127503286098e-59
2.338711937364746e-59
1.0707255531681147e-59
5.062167147657195e-60
2.4714429252392957e-60
1.2460017356524462e-60
6.486901788151298e-61
3.487390170706083e-61
1.9359654920334037e-61
1.1097123748929276e-61
6.567641281008361e-62
4.012805523766057e-62
2.5307900941150615e-62
1.6471415509275144e-62
1.1059327631325798e-62
7.656946035880306e-63
5.463360476922503e-63
4.014462260847672e-63
3.0351536440304766e-63
2.3587553887443426e-63
1.882117054087364e-63
1.540078604107448e-63
1.2907710831345505e-63
1.1065429899525095e-63
9.691769495116155e-64
8.662349972831445e-64
7.892379119902486e-64
7.323233296754706e-64
6.914908636902434e-64
6.640284050126646e-64
6.4819602860607e-64
6.430226159747131e-64
6.4819602860607e-64
6.640284050126646e-64
6.914908636902434e-64
7.323233296754706e-64
7.892379119902486e-64
8.662349972831445e-64
9.691769495116155e-64
1.1065429899525095e-63
1.2907710831345505e-63
1.540078604107448e-63
1.882117054087364e-63
2.3587553887443426e-63
3.0351536440304766e-63
4.014462260847672e-63
5.463360476922503e-63
7.656946035880306e-63
1.1059327631325798e-62
1.6471415509275144e-62
2.5307900941150615e-62
4.012805523766057e-62
6.567641281008361e-62
1.1097123748929276e-61
1.9359654920334037e-61
3.487390170706083e-61
6.486901788151298e-61
1.2460017356524462e-60
2.4714429252392957e-60
5.062167147657195e-60
1.0707255531681147e-59
2.338711937364746e-59
5.275127503286098e-59
1.228704659440852e-58
2.955430642997087e-58
7.340954720944828e-58
1.8829615400523722e-57
4.9875190772794975e-57
1.3641990538598336e-56
3.853160295462046e-56
1.1238333412998335e-55
3.384844445834949e-55
1.0527958623438911e-54
3.381776103788365e-54
1.1219428295574507e-53
3.84451298147994e-53
1.3606513358619763e-52
4.973140796542461e-52
1.8766527318605588e-51
7.309037192931789e-51
2.9370963824339944e-50
1.2175454034285661e-49
5.207463682241741e-49
2.2992924531877567e-48
1.0491291651294281e-47
4.953165599049076e-47
2.4225242132074137e-46
1.2281666639567047e-45
6.452116290484173e-45
3.507100168546373e-44
1.9673926708323897e-43
1.135449152580365e-42
6.720895328518752e-42
4.0702511063155046e-41
2.519281911978413e-40
1.594907182705861e-39
1.0359580292227859e-38
6.942538911710468e-38
4.837037206168372e-37
3.53290737803827e-36
2.7229640438770746e-35
2.2199084348246753e-34
1.9084334071387744e-33
1.717034167214463e-32
1.6011307747278067e-31
1.5328263811313013e-30
1.4946304586234701e-29
1.4755900751208858e-28
1.4689096389972465e-27
1.4705176575558523e-26
1.4782776160013268e-25
1.4917122603339325e-24
1.5122724174105524e-23
1.5443948270357595e-22
1.5979533866380062e-21
1.6933887085057353e-20
1.872141299386233e-19
2.2176894452492682e-18
2.89785695956367e-17
4.2498234734942936e-16
6.950892985178304e-15
1.2361504831169216e-13
2.3214197974326324e-12
4.499743804319662e-11
8.873511158322532e-10
1.3053946576318077e-08
2.303270984022031e-07
4.196072598397521e-06
7.894025524976794e-05
0.0015335983583275661
0.030766799363450288

2.6359980902969084e-63
2.9067034951672013e-55
9.002288559421623e-48
7.830719756995929e-41
1.913141045320419e-34
1.3127706306930324e-28
2.530039317007466e-23
1.3695006527361545e-18
2.0820625485160435e-14
8.890411360018692e-11
1.0662191919868149e-07
3.591432349375011e-05
0.0033977032069551043
0.0902817035525916
0.6737683492644678
1.4122709362561283
0.8314229203556858
0.13747461725880933
0.00638439282702717
8.327473091576403e-05
3.050727594723478e-07
3.1389917773077716e-10
9.071382529563593e-14
7.36297522717453e-18
1.678532493527157e-22
1.0747382896654277e-27
1.932734708720864e-33
9.761989257990026e-40
1.3848443396066969e-46
5.517726252877594e-54
6.1747004783264665e-62
1.9407437509783108e-70
1.7132354511666226e-79
4.2477843819320195e-89
2.9580426426275386e-99
5.785527368401411e-110
3.1781766281589635e-121
4.9035393201381686e-133
2.1248968366871753e-145
2.586202892744083e-158
8.840643778039769e-172
8.487929141843195e-186
2.2888437935497404e-200
1.7335130636366396e-215
3.68752215688257e-231
2.2031228430919683e-247
3.6969139653348647e-264
1.7423545321840595e-281
2.3063768503209042e-299
8.574737e-318
0.0
0.0
0.0
0.0
0.0
0.0
0.0
0.0
0.0
0.0
0.0
0.0
0.0
0.0
0.0
0.0
0.0
0.0
0.0
0.0
0.0
0.0
0.0
0.0
0.0
0.0
0.0
0.0
0.0
0.0
0.0
0.0
0.0
0.0
0.0
0.0
0.0
0.0
0.0
0.0
0.0
0.0
0.0
0.0
0.0
0.0
0.0
0.0
0.0
0.0
