0.5423251855268463
0.017139313216226863
0.0007214690807662596
4.045131486769543e-05
3.020907237317669e-06
3.00485606595282e-07
3.980404829952574e-08
7.01505742672475e-09
1.6396127074870327e-09
5.025985266674057e-10
1.9743116335611675e-10
9.57937587176726e-11
5.49444714441821e-11
3.5728858400919304e-11
2.5458774039540153e-11
1.938338225514836e-11
1.549029772631617e-11
1.2833518369065348e-11
1.0927698017108039e-11
9.50489557255301e-12
8.40780535637381e-12
7.539160121759883e-12
6.836114732391346e-12
6.2565137653286585e-12
5.771155132010353e-12
5.359238846615652e-12
5.005586096096664e-12
4.698882321978274e-12
4.430533965235654e-12
4.193904731035633e-12
3.983793271309279e-12
3.796068369154308e-12
3.627409247419913e-12
3.475117505059601e-12
3.33697878166759e-12
3.2111595415046156e-12
3.096129050907556e-12
2.9905996897949936e-12
2.893480783037069e-12
2.8038425239951013e-12
2.7208875171443214e-12
2.6439281333466318e-12
2.572368343100277e-12
2.5056890310753967e-12
2.4434360401861996e-12
2.385210372884903e-12
2.330660110141428e-12
2.279473707762366e-12
2.231374404463137e-12
2.186115532930062e-12
2.14347656864176e-12
2.103259784820698e-12
2.0652874080061593e-12
2.029399189181601e-12
1.995450321489391e-12
1.963309648323299e-12
1.932858115756407e-12
1.903987431409692e-12
1.876598898429938e-12
1.8506023985593345e-12
1.825915502601707e-12
1.8024626901227178e-12
1.7801746631207057e-12
1.7589877407945625e-12
1.7388433245126561e-12
1.7196874237297598e-12
1.7014702349688588e-12
1.68414576713116e-12
1.6676715073602902e-12
1.6520081224977068e-12
1.6371191918519068e-12
1.6229709675851753e-12
1.6095321595159e-12
1.5967737415559725e-12
1.5846687773633179e-12
1.5731922630987648e-12
1.5623209854423403e-12
1.5520333932532808e-12
1.5423094814562055e-12
1.5331306859075668e-12
1.5244797881456874e-12
1.51634082905758e-12
1.5086990306091696e-12
1.5015407248848249e-12
1.494853289769213e-12
1.4886250906811531e-12
1.4828454278367566e-12
1.477504488578983e-12
1.4725933043638232e-12
1.4681037120406043e-12
1.464028319106129e-12
1.4603604726502365e-12
1.457094231744487e-12
1.4542243430565102e-12
1.4517462195006387e-12
1.4496559217611044e-12
1.4479501425477017e-12
1.446626193465739e-12
1.4456819944025602e-12
1.4451160653522179e-12
1.4449275206182607e-12
1.4451160653522179e-12
1.4456819944025602e-12
1.446626193465739e-12
1.4479501425477017e-12
1.4496559217611044e-12
1.4517462195006387e-12
1.4542243430565102e-12
1.457094231744487e-12
1.4603604726502365e-12
1.464028319106129e-12
1.4681037120406043e-12
1.4725933043638232e-12
1.477504488578983e-12
1.4828454278367566e-12
1.4886250906811531e-12
1.494853289769213e-12
1.5015407248848249e-12
1.5086990306091696e-12
1.51634082905758e-12
1.5244797881456874e-12
1.5331306859075668e-12
1.5423094814562055e-12
1.5520333932532808e-12
1.5623209854423403e-12
1.5731922630987648e-12
1.5846687773633179e-12
1.5967737415559725e-12
1.6095321595159e-12
1.6229709675851753e-12
1.6371191918519068e-12
1.6520081224977068e-12
1.6676715073602902e-12
1.68414576713116e-12
1.7014702349688588e-12
1.7196874237297598e-12
1.7388433245126561e-12
1.7589877407945625e-12
1.7801746631207057e-12
1.8024626901227178e-12
1.825915502601707e-12
1.8506023985593345e-12
1.876598898429938e-12
1.903987431409692e-12
1.932858115756407e-12
1.963309648323299e-12
1.995450321489391e-12
2.029399189181601e-12
2.0652874080061593e-12
2.103259784820698e-12
2.14347656864176e-12
2.186115532930062e-12
2.231374404463137e-12
2.279473707762366e-12
2.330660110141428e-12
2.385210372884903e-12
2.4434360401861996e-12
2.5056890310753967e-12
2.572368343100277e-12
2.6439281333466318e-12
2.7208875171443214e-12
2.8038425239951013e-12
2.893480783037069e-12
2.9905996897949936e-12
3.096129050907556e-12
3.2111595415046156e-12
3.33697878166759e-12
3.475117505059601e-12
3.627409247419913e-12
3.796068369154308e-12
3.983793271309279e-12
4.193904731035633e-12
4.430533965235654e-12
4.698882321978274e-12
5.005586096096664e-12
5.359238846615652e-12
5.771155132010353e-12
6.2565137653286585e-12
6.836114732391346e-12
7.539160121759883e-12
8.40780535637381e-12
9.50489557255301e-12
1.0927698017108039e-11
1.2833518369065348e-11
1.549029772631617e-11
1.938338225514836e-11
2.5458774039540153e-11
3.5728858400919304e-11
5.49444714441821e-11
9.57937587176726e-11
1.9743116335611675e-10
5.025985266674057e-10
1.6396127074870327e-09
7.01505742672475e-09
3.980404829952574e-08
3.00485606595282e-07
3.020907237317669e-06
4.045131486769543e-05
0.0007214690807662596
0.017139313216226863

6.320734979979372e-11
7.431037273270072e-10
7.577014891037806e-09
6.700599869752932e-08
5.139206529801981e-07
3.418576479729701e-06
1.9722473093177567e-05
9.86834415373582e-05
0.0004282467189473991
0.0016117981180385327
0.005261312370428271
0.014895132562316244
0.036573077046379236
0.07788350212095169
0.14384550176752983
0.23041669440253731
0.32010941001527904
0.38570012779672774
0.40305839138706767
0.3653027945156956
0.28714738425505193
0.19575982906796485
0.11574683715196123
0.059355576924996684
0.026398592457796227
0.010182791583677249
0.0034065893250635818
0.0009884155065609892
0.00024872884993686414
5.428497175270109e-05
1.0275427829283047e-05
1.6868911240116985e-06
2.401823200633848e-07
2.9659365833859826e-08
3.1765048942458805e-09
2.9505572076576506e-10
2.3769792627828652e-11
1.6607856703133233e-12
1.0063953646628775e-13
5.2892063337929005e-15
2.4109002032681106e-16
9.53091948051161e-18
3.267813105840354e-19
9.717319058867088e-21
2.506124012441588e-22
5.605643769716074e-24
1.0874649698630832e-25
1.8296663433724023e-27
2.66990227427896e-29
3.378980410452435e-31
3.708880369909156e-33
3.5307487942895567e-35
2.9151281839709127e-37
2.087446414705602e-39
1.296402494751001e-41
6.982826044496627e-44
3.262041116057278e-46
1.3216439770741252e-48
4.64415145255683e-51
1.4153541091173131e-53
3.7410256736132586e-56
8.57596717194098e-59
1.7050706307265558e-61
2.9401431816351177e-64
4.397050261790601e-67
5.703234411404285e-70
6.415756268267115e-73
6.259524368407029e-76
5.296654620194801e-79
3.887127784238032e-82
2.4741317551091254e-85
1.36578919253684e-88
6.539000385353647e-92
2.7152254570647375e-95
9.778388170231523e-99
3.0541860741817592e-102
8.273524448715401e-106
1.9438039454424126e-109
3.960784435623198e-113
6.999657608910894e-117
1.0728505537184197e-120
1.426160833340894e-124
1.6442377824917416e-128
1.6440975588685066e-132
1.425795987598354e-136
1.0723931583949052e-140
6.995480072084657e-145
3.957745425607601e-149
1.9419812398502538e-153
8.264356582739688e-158
3.0502814065810277e-162
9.764221216310494e-167
2.710829203283823e-171
6.527299549514654e-176
1.3631127328336016e-180
2.4688621871851095e-185
3.878187162287455e-190
5.283570703273033e-195
6.242996983927273e-200
6.397725016532308e-205
