0.23514196532980153
0.0033510910019223824
5.229761199517444e-05
8.937520565269009e-07
1.6725989086120454e-08
4.747629683993845e-10
8.52628249217596e-12
1.6100755789648472e-13
3.4217324140880863e-15
9.026923107082544e-17
3.100196506440896e-18
1.3028916030696595e-19
6.091766305872136e-21
2.988466862988047e-22
1.504390515674093e-23
7.760330796670356e-25
4.151975061252327e-26
2.3592545599664425e-27
1.4697256772464017e-28
1.0324797203784619e-29
8.25317632966154e-31
7.408721815975215e-32
7.311421722253133e-33
7.817517419898965e-34
9.027499218174144e-35
1.1314977381634329e-35
1.5503717123685372e-36
2.3329577990164666e-37
3.8578177146354716e-38
6.998412628295529e-39
1.390326322014394e-39
3.022624696737853e-40
7.192223341545311e-41
1.8737515791276888e-41
5.345869341090652e-42
1.670242813491545e-42
5.713962828140609e-43
2.139827729977362e-43
8.76752573667479e-44
3.9262476499754177e-44
1.9179966468122518e-44
1.0188761668292202e-44
5.858604310005417e-45
3.624305627951703e-45
2.394770379507131e-45
1.6767920814338917e-45
1.2342690074397998e-45
9.479419912868042e-46
7.544838583993678e-46
6.186758711772057e-46
5.2007958303830105e-46
4.463619834744069e-46
3.898110749709248e-46
3.4544537190807573e-46
3.0995081142381123e-46
2.81062797551836e-46
2.5719581605999104e-46
2.3721506386008342e-46
2.2029191509037337e-46
2.0581021561623044e-46
1.9330416505986006e-46
1.8241628449948318e-46
1.7286843090025213e-46
1.6444145526235013e-46
1.5696069352510627e-46
1.5028546117265602e-46
1.4430134006267396e-46
1.389144416207502e-46
1.3404708837529343e-46
1.2963452657367609e-46
1.2562239744657061e-46
1.2196477300519261e-46
1.1862261639270582e-46
1.1556256470681751e-46
1.1275595905450106e-46
1.1017806582904872e-46
1.0780744712067815e-46
1.0562544835125641e-46
1.036157787377884e-46
1.0176416578592045e-46
1.000580692187503e-46
9.84864429298282e-47
9.703953597869475e-47
9.570872551491078e-47
9.448637596234146e-47
9.33657199222695e-47
9.234075713782708e-47
9.140616855996344e-47
9.05572431093087e-47
8.97898151710505e-47
8.910021121583165e-47
8.8485204227485e-47
8.794197485263605e-47
8.746807837907432e-47
8.706141680811192e-47
8.672021541783453e-47
8.644300332469907e-47
8.622859764474443e-47
8.607609093631225e-47
8.598484167655004e-47
8.595446758652085e-47
8.598484167655004e-47
8.607609093631225e-47
8.622859764474443e-47
8.644300332469907e-47
8.672021541783453e-47
8.706141680811192e-47
8.746807837907432e-47
8.794197485263605e-47
8.8485204227485e-47
8.910021121583165e-47
8.97898151710505e-47
9.05572431093087e-47
9.140616855996344e-47
9.234075713782708e-47
9.33657199222695e-47
9.448637596234146e-47
9.570872551491078e-47
9.703953597869475e-47
9.84864429298282e-47
1.000580692187503e-46
1.0176416578592045e-46
1.036157787377884e-46
1.0562544835125641e-46
1.0780744712067815e-46
1.1017806582904872e-46
1.1275595905450106e-46
1.1556256470681751e-46
1.1862261639270582e-46
1.2196477300519261e-46
1.2562239744657061e-46
1.2963452657367609e-46
1.3404708837529343e-46
1.389144416207502e-46
1.4430134006267396e-46
1.5028546117265602e-46
1.5696069352510627e-46
1.6444145526235013e-46
1.7286843090025213e-46
1.8241628449948318e-46
1.9330416505986006e-46
2.0581021561623044e-46
2.2029191509037337e-46
2.3721506386008342e-46
2.5719581605999104e-46
2.81062797551836e-46
3.0995081142381123e-46
3.4544537190807573e-46
3.898110749709248e-46
4.463619834744069e-46
5.2007958303830105e-46
6.186758711772057e-46
7.544838583993678e-46
9.479419912868042e-46
1.2342690074397998e-45
1.6767920814338917e-45
2.394770379507131e-45
3.624305627951703e-45
5.858604310005417e-45
1.0188761668292202e-44
1.9179966468122518e-44
3.9262476499754177e-44
8.76752573667479e-44
2.139827729977362e-43
5.713962828140609e-43
1.670242813491545e-42
5.345869341090652e-42
1.8737515791276888e-41
7.192223341545311e-41
3.022624696737853e-40
1.390326322014394e-39
6.998412628295529e-39
3.8578177146354716e-38
2.3329577990164666e-37
1.5503717123685372e-36
1.1314977381634329e-35
9.027499218174144e-35
7.817517419898965e-34
7.311421722253133e-33
7.408721815975215e-32
8.25317632966154e-31
1.0324797203784619e-29
1.4697256772464017e-28
2.3592545599664425e-27
4.151975061252327e-26
7.760330796670356e-25
1.504390515674093e-23
2.988466862988047e-22
6.091766305872136e-21
1.3028916030696595e-19
3.100196506440896e-18
9.026923107082544e-17
3.4217324140880863e-15
1.6100755789648472e-13
8.52628249217596e-12
4.747629683993845e-10
1.6725989086120454e-08
8.937520565269009e-07
5.229761199517444e-05
0.0033510910019223824

2.273406056171597e-45
2.56946615466853e-41
1.8528185826532746e-37
8.524069882170697e-34
2.5019879436567496e-30
4.685409256064527e-27
5.5980137017997e-24
4.267214661160535e-21
2.0752916145499743e-18
6.439288443496899e-16
1.27473742091936e-13
1.61000675459167e-11
1.2973548164538641e-09
6.669817430084865e-08
2.1877275282627362e-06
4.578219641453942e-05
0.0006112573922658884
0.005206857975200774
0.028297720110140565
0.09811858331542904
0.21705770097216692
0.30635377475384784
0.2758642231384879
0.158486265641791
0.05809141988858733
0.013584900396590337
0.002026865977367465
0.00019293797425858213
1.1717487621123694e-05
4.5402043433890934e-07
1.1223812518493045e-08
1.770229260124286e-10
1.7813232385344778e-12
1.1436155704227582e-14
4.684265399216648e-17
1.2241285700343644e-19
2.0409702880493992e-22
2.171053062537726e-25
1.473425905555253e-28
6.379847119687956e-32
1.7624481524564885e-35
3.1063224484106675e-39
3.4930180351424007e-43
2.505989391598754e-47
1.1470483798298226e-51
3.3497188011624296e-56
6.241070282044349e-61
7.418804097287391e-66
5.626428968194522e-71
2.722424754706144e-76
8.404328845530057e-82
1.655290782529851e-87
2.0800303105093538e-93
1.6675894463203752e-99
8.529679631333685e-106
2.783558857973448e-112
5.795517284507212e-119
7.698535369191898e-126
6.524513300205956e-133
3.5278672894980793e-140
1.2170277076978956e-147
2.678630437306059e-155
3.761397576993857e-163
3.3698439406093064e-171
1.9261692474165477e-179
7.024302531689069e-188
1.6343161740839596e-196
2.4260126263067307e-205
2.297598517602103e-214
1.3882872505021234e-223
5.3519079553539825e-233
1.3163217076633672e-242
2.0655682934408864e-252
2.0679554623852018e-262
1.3208907871263953e-272
5.3829054120438625e-283
1.399557330509672e-293
2.3216072190293204e-304
2.457032522e-315
0.0
0.0
0.0
0.0
0.0
0.0
0.0
0.0
0.0
0.0
0.0
0.0
0.0
0.0
0.0
0.0
0.0
0.0
0.0
0.0
0.0
