0.5968653195323339
0.2941031646420065
0.16867513485861954
0.10886728176165911
0.07680420463078874
0.057891171602551916
0.04584165798061131
0.03767532953904121
0.031858613357290164
0.02754536479720498
0.024240167175454106
0.021637894296519404
0.01954230290896402
0.017822392288278775
0.01638785586151131
0.015174675629394752
0.014136347279535676
0.013238355646486226
0.012454592920150963
0.011764974767923705
0.011153816035277635
0.010608700364638558
0.010119678381880827
0.009678689016554932
0.009279135231113969
0.008915568452576616
0.008583450743411627
0.008278973377902345
0.007998916893842481
0.007740542019175547
0.007501503846152192
0.007279783696293499
0.007073634581031571
0.006881537207400287
0.006702164233279954
0.006534351028575799
0.0063770716061599605
0.006229418690112022
0.006090587117211881
0.005959859940894873
0.005836596739348536
0.005720223731483202
0.0056102253836931
0.005506137252183287
0.005407539854273475
0.005314053400563818
0.00522533325046081
0.005141065978055051
0.005060965955044061
0.004984772373320119
0.004912246642780977
0.004843170110479403
0.004777342055882072
0.0047145779241322995
0.0046547077650992775
0.004597574850882012
0.004543034448505154
0.004490952727944943
0.004441205788476053
0.004393678788730834
0.004348265167889078
0.004304865947132928
0.004263389101959424
0.004223748997185167
0.004185865877538577
0.00414966540764395
0.004115078255982062
0.004082039718083993
0.004050489374794902
0.0040203707819462635
0.003991631188210295
0.003964221278288485
0.003938094938915698
0.0039132090454489475
0.0038895232670615562
0.0038669998887840757
0.003845603648827134
0.003825301589791993
0.0038060629225250674
0.0037878589015057206
0.0037706627107743783
0.0037544493595126414
0.003739195586479989
0.0037248797725945577
0.003711481861019518
0.0036989832841828017
0.0036873668972174653
0.0036766169173634163
0.0036667188689195967
0.0036576595333793365
0.0036494269044213307
0.003642010147464778
0.00363539956353033
0.003629586557178828
0.003624563608327854
0.0036203242477721143
0.003616863036257941
0.003614175546984957
0.0036122583514295176
0.0036111090084050145
0.0036107260562938622
0.0036111090084050145
0.0036122583514295176
0.003614175546984957
0.003616863036257941
0.0036203242477721143
0.003624563608327854
0.003629586557178828
0.00363539956353033
0.003642010147464778
0.0036494269044213307
0.0036576595333793365
0.0036667188689195967
0.0036766169173634163
0.0036873668972174653
0.0036989832841828017
0.003711481861019518
0.0037248797725945577
0.003739195586479989
0.0037544493595126414
0.0037706627107743783
0.0037878589015057206
0.0038060629225250674
0.003825301589791993
0.003845603648827134
0.0038669998887840757
0.0038895232670615562
0.0039132090454489475
0.003938094938915698
0.003964221278288485
0.003991631188210295
0.0040203707819462635
0.004050489374794902
0.004082039718083993
0.004115078255982062
0.00414966540764395
0.004185865877538577
0.004223748997185167
0.004263389101959424
0.004304865947132928
0.004348265167889078
0.004393678788730834
0.004441205788476053
0.004490952727944943
0.004543034448505154
0.004597574850882012
0.0046547077650992775
0.0047145779241322995
0.004777342055882072
0.004843170110479403
0.004912246642780977
0.004984772373320119
0.005060965955044061
0.005141065978055051
0.00522533325046081
0.005314053400563818
0.005407539854273475
0.005506137252183287
0.0056102253836931
0.005720223731483202
0.005836596739348536
0.005959859940894873
0.006090587117211881
0.006229418690112022
0.0063770716061599605
0.006534351028575799
0.006702164233279954
0.006881537207400287
0.007073634581031571
0.007279783696293499
0.007501503846152192
0.007740542019175547
0.007998916893842481
0.008278973377902345
0.008583450743411627
0.008915568452576616
0.009279135231113969
0.009678689016554932
0.010119678381880827
0.010608700364638558
0.011153816035277635
0.011764974767923705
0.012454592920150963
0.013238355646486226
0.014136347279535676
0.015174675629394752
0.01638785586151131
0.017822392288278775
0.01954230290896402
0.021637894296519404
0.024240167175454106
0.02754536479720498
0.031858613357290164
0.03767532953904121
0.04584165798061131
0.057891171602551916
0.07680420463078874
0.10886728176165911
0.16867513485861954
0.2941031646420065

0.17519713628179764
0.2951743163038289
0.4200647213323996
0.5049401829935015
0.5126839683976989
0.43968902143831096
0.3185133111796343
0.19489272696183282
0.10072789499886876
0.04397339171153681
0.01621497379582354
0.005050433049167536
0.0013287004001712314
0.00029526474433353545
5.5422001033763094e-05
8.786964885701049e-06
1.176743099031315e-06
1.3310994674871185e-07
1.2718193836385897e-08
1.0264231774073388e-09
6.997026859451648e-11
4.0289020806272935e-12
1.9595031412395443e-13
8.049915028099715e-15
2.7933329780781845e-16
8.18729052652607e-18
2.026953449923087e-19
4.23870730964325e-21
7.487022926212343e-23
1.1170457938968684e-24
1.4077284011406378e-26
1.498486546288498e-28
1.3473266618477553e-30
1.0232436077901643e-32
6.564040575843972e-35
3.5567189933744884e-37
1.6278483050642133e-39
6.29309647460794e-42
2.0549484324124506e-44
5.667917847291318e-47
1.3204812717300578e-49
2.598525755103112e-52
4.319245462771768e-55
6.0642182932965074e-58
7.191638472565772e-61
7.203887937157919e-64
6.095258518327438e-67
4.356155680758823e-70
2.629666869137705e-73
1.3408622306237522e-76
5.775022241031599e-80
2.100918691618377e-83
6.455812511163357e-87
1.6756320316761835e-90
3.673605180974907e-94
6.802873328673816e-98
1.0640900206067296e-101
1.40588706947773e-105
1.5689481206238976e-109
1.4789476799800135e-113
1.1775601982457195e-117
7.919531781433578e-122
4.498854777215228e-126
2.1586912104361534e-130
8.749135698129061e-135
2.99520024164056e-139
8.661092007378974e-144
2.1154634327564928e-148
4.364399260921092e-153
7.605530370076429e-158
1.1194910261492948e-162
1.3918672261896354e-167
1.4617095397062513e-172
1.2966131873950783e-177
9.7150685143295e-183
6.148474576262435e-188
3.2868128471339713e-193
1.4841187452133033e-198
5.660416725677369e-204
1.8235355782265924e-209
4.962107366425973e-215
1.1405232771897305e-220
2.21425803889202e-226
3.6311014860961496e-232
5.029613636445539e-238
5.884599937452824e-244
5.815476983812738e-250
4.854447627938012e-256
3.422790983922992e-262
2.0384826480299983e-268
1.0254623955261247e-274
4.3573108103282384e-281
1.5638799816577202e-287
4.741048322901521e-294
1.2140356044302681e-300
2.6258780071677734e-307
4.7973758925e-314
7.406e-321
0.0
0.0
