1.080624252682561
0.23916562885984893
0.1438555438972318
0.10722578124717529
0.0857803285492076
0.07140573950483521
0.06109747892028342
0.05336782201040302
0.04737477365030195
0.042603555318844556
0.03872211925836736
0.03550724013775108
0.0328036985995745
0.03050045406893054
0.02851611319030506
0.02678973988162174
0.02527486044062659
0.02393544588069199
0.02274315453183858
0.021675399101196945
0.020713965736981668
0.019844010446326894
0.019053318368033804
0.018331749293907965
0.017670817228214657
0.017063367795335127
0.016503328018609924
0.0159855102772721
0.015505457277438944
0.015059318395009003
0.0146437502473933
0.014255836146183544
0.013893020387206866
0.013553054292307543
0.013233951627723886
0.012933951555940433
0.012651487679772398
0.012385162043546378
0.012133723191236432
0.011896047563158792
0.011671123654377995
0.011458038468956006
0.011255965891736906
0.011064156668859473
0.010881929743669173
0.010708664739229424
0.010543795414556268
0.010386803950827108
0.01023721594754089
0.010094596028022648
0.009958543969621793
0.009828691287121825
0.009704698208789433
0.009586250993565353
0.00947305954547413
0.00936485528767555
0.009261389263914266
0.009162430439622133
0.009067764178733026
0.00897719087549857
0.008890524723341252
0.008807592605126181
0.008728233091239997
0.008652295533587104
0.008579639245094946
0.008510132755597507
0.008443653136070567
0.00838008538414917
0.008319321864688891
0.008261261799855785
0.008205810803860934
0.008152880458007066
0.008102387922197814
0.00805425557948425
0.008008410710596303
0.007964785195735201
0.007923315241193298
0.007883941128624266
0.007846606985014113
0.007811260571605472
0.007777853090207375
0.007746339005482888
0.00771667588195018
0.007688824234560627
0.007662747391832593
0.007638411370622747
0.0076157847617099785
0.007594838625451059
0.007575546396843491
0.007557883799400124
0.007541828767303346
0.007527361375364354
0.007514463776366008
0.00750312014541663
0.007493316630987445
0.0074850413123483854
0.007478284163156519
0.007473037020988507
0.007469293562643605
0.007467049285077518
0.0074663014918596214
0.007467049285077518
0.007469293562643605
0.007473037020988507
0.007478284163156519
0.0074850413123483854
0.007493316630987445
0.00750312014541663
0.007514463776366008
0.007527361375364354
0.007541828767303346
0.007557883799400124
0.007575546396843491
0.007594838625451059
0.0076157847617099785
0.007638411370622747
0.007662747391832593
0.007688824234560627
0.00771667588195018
0.007746339005482888
0.007777853090207375
0.007811260571605472
0.007846606985014113
0.007883941128624266
0.007923315241193298
0.007964785195735201
0.008008410710596303
0.00805425557948425
0.008102387922197814
0.008152880458007066
0.008205810803860934
0.008261261799855785
0.008319321864688891
0.00838008538414917
0.008443653136070567
0.008510132755597507
0.008579639245094946
0.008652295533587104
0.008728233091239997
0.008807592605126181
0.008890524723341252
0.00897719087549857
0.009067764178733026
0.009162430439622133
0.009261389263914266
0.00936485528767555
0.00947305954547413
0.009586250993565353
0.009704698208789433
0.009828691287121825
0.009958543969621793
0.010094596028022648
0.01023721594754089
0.010386803950827108
0.010543795414556268
0.010708664739229424
0.010881929743669173
0.011064156668859473
0.011255965891736906
0.011458038468956006
0.011671123654377995
0.011896047563158792
0.012133723191236432
0.012385162043546378
0.012651487679772398
0.012933951555940433
0.013233951627723886
0.013553054292307543
0.013893020387206866
0.014255836146183544
0.0146437502473933
0.015059318395009003
0.015505457277438944
0.0159855102772721
0.016503328018609924
0.017063367795335127
0.017670817228214657
0.018331749293907965
0.019053318368033804
0.019844010446326894
0.020713965736981668
0.021675399101196945
0.02274315453183858
0.02393544588069199
0.02527486044062659
0.02678973988162174
0.02851611319030506
0.03050045406893054
0.0328036985995745
0.03550724013775108
0.03872211925836736
0.042603555318844556
0.04737477365030195
0.05336782201040302
0.06109747892028342
0.07140573950483521
0.0857803285492076
0.10722578124717529
0.1438555438972318
0.23916562885984893

0.372870628254077
0.36096521163359363
0.30882620259281934
0.23524771324644678
0.1633798517425856
0.11096242844608471
0.08587206741990155
0.08735702115241027
0.10960642011229799
0.14453588357381447
0.18308845731897655
0.21608276201242527
0.23559378207352
0.23678593012823324
0.21926650996353247
0.18705187358137018
0.14699890704265656
0.10649566609485252
0.14656711306387485
1.3949671361207845
0.45293342790275926
0.015272640190420288
0.006180095844942373
0.0027343060626615285
0.0011144877803113693
0.00041846865177393134
0.00014474713668434014
4.6122885155595586e-05
1.3538868930737877e-05
3.661067486518209e-06
9.119951278798165e-07
2.0928434097718731e-07
4.424257385374055e-08
8.61595589536616e-09
1.545702761400549e-09
2.554511907428524e-10
3.88910181577356e-11
5.4544394830612055e-12
7.047099041560177e-13
8.387452154651709e-14
9.19621612654517e-15
9.288545566224191e-16
8.642625516111533e-17
7.408036406880334e-18
5.849516273878728e-19
4.2549673515230186e-20
2.8512279757151097e-21
1.7600584398867407e-22
1.0008792037754766e-23
5.243190969926935e-25
2.530283127634288e-26
1.124869123530483e-27
4.6067464036208977e-29
1.7379850962344143e-30
6.040282118820129e-32
1.9338724736239057e-33
5.70371574061071e-35
1.549698981482098e-36
3.87878989038818e-38
8.943439951830075e-40
1.899644649599695e-41
3.717060031616327e-43
6.700176055718928e-45
1.1125826595445853e-46
1.701914710731047e-48
2.398295709528661e-50
3.1133439453689568e-52
3.723153193527704e-54
4.101607923884307e-56
4.1625246056407495e-58
3.8915168658067834e-60
3.35150948866981e-62
2.659018889557819e-64
1.9433983282477285e-66
1.3084636436633667e-68
8.115605509033832e-71
4.637027051637654e-73
2.440718897438411e-75
1.1834647612003111e-77
5.286306392901517e-80
2.1752479312776577e-82
8.2456449487839e-85
2.8793862713360423e-87
9.262637368668534e-90
2.7449145352325802e-92
7.493460546773753e-95
1.8844970251296133e-97
4.365841053062272e-100
9.317508925158479e-103
1.8318552248356238e-105
3.3177366522630562e-108
5.535439477341121e-111
8.507887444836777e-114
1.2046220205332632e-116
1.5712283004204678e-119
1.8879357958998376e-122
2.0897511935371025e-125
2.130891691089845e-128
2.0016475207442983e-131
1.7321012016037397e-134
