0.2729009309904647
0.06698184894604878
0.02422078412046991
0.011752587078471656
0.006984033506176116
0.00474423918376722
0.003520627198314085
0.0027741487949615212
0.0022801241684604367
0.0019325660406346392
0.0016763188425741116
0.0014803327549396486
0.001325979954174878
0.001201486749815818
0.0010990825575800578
0.001013449118996062
0.0009408326088560419
0.0008785124709956953
0.0008244713886451483
0.0007771833510102686
0.0007354735642584479
0.0006984234576583923
0.0006653047909679151
0.0006355330121861365
0.0006086336351138099
0.0005842176006792
0.0005619629504543413
0.0005416010089312658
0.0005229058351917822
0.0005056860781874106
0.0004897786216591832
0.0004750435772282564
0.0004613603041348759
0.0004486242186667768
0.0004367442167055912
0.00042564057646056773
0.0004152432403500065
0.0004054903985393907
0.00039632731420382114
0.0003877053437949834
0.0003795811156210344
0.000371915837720922
0.0003646747119308394
0.0003578264356351432
0.00035134277628680885
0.00034519820661010035
0.00033936959063726843
0.0003338359125146304
0.00032857804144195197
0.0003235785272593656
0.00031882142212703233
0.0003142921244998235
0.00030997724221783055
0.0003058644720410586
0.0003019424933749245
0.00029820087427925407
0.00029462998814093645
0.0002912209396300618
0.0002879654987599117
0.00028485604203954513
0.00028188549984957894
0.00027904730929162626
0.0002763353718634918
0.0002737440153986225
0.00027126795978199396
0.0002689022860176165
0.00026664240827685876
0.0002644840486032257
0.0002624232139892424
0.0002604561755756676
0.0002585794497531999
0.0002567897809728259
0.00025508412609356835
0.0002534596401161006
0.0002519136631679209
0.00025044370862086006
0.00024904745223492953
0.0002477227222341587
0.0002464674902303152
0.0002452798629194668
0.0002441580744843439
0.00024310047964257178
0.00024210554728714448
0.0002411718546711381
0.00024029808209367106
0.0002394830080486047
0.00023872550480150085
0.00023802453436396837
0.00023737914483778938
0.00023678846710416447
0.00023625171183608965
0.00023576816681431136
0.00023533719452953285
0.00023495823005558389
0.00023463077918015269
0.000234354416781422
0.00023412878544058158
0.00023395359428171522
0.000233828618032006
0.0002337536962965758
0.00023372873304359509
0.0002337536962965758
0.000233828618032006
0.00023395359428171522
0.00023412878544058158
0.000234354416781422
0.00023463077918015269
0.00023495823005558389
0.00023533719452953285
0.00023576816681431136
0.00023625171183608965
0.00023678846710416447
0.00023737914483778938
0.00023802453436396837
0.00023872550480150085
0.0002394830080486047
0.00024029808209367106
0.0002411718546711381
0.00024210554728714448
0.00024310047964257178
0.0002441580744843439
0.0002452798629194668
0.0002464674902303152
0.0002477227222341587
0.00024904745223492953
0.00025044370862086006
0.0002519136631679209
0.0002534596401161006
0.00025508412609356835
0.0002567897809728259
0.0002585794497531999
0.0002604561755756676
0.0002624232139892424
0.0002644840486032257
0.00026664240827685876
0.0002689022860176165
0.00027126795978199396
0.0002737440153986225
0.0002763353718634918
0.00027904730929162626
0.00028188549984957894
0.00028485604203954513
0.0002879654987599117
0.0002912209396300618
0.00029462998814093645
0.00029820087427925407
0.0003019424933749245
0.0003058644720410586
0.00030997724221783055
0.0003142921244998235
0.00031882142212703233
0.0003235785272593656
0.00032857804144195197
0.0003338359125146304
0.00033936959063726843
0.00034519820661010035
0.00035134277628680885
0.0003578264356351432
0.0003646747119308394
0.000371915837720922
0.0003795811156210344
0.0003877053437949834
0.00039632731420382114
0.0004054903985393907
0.0004152432403500065
0.00042564057646056773
0.0004367442167055912
0.0004486242186667768
0.0004613603041348759
0.0004750435772282564
0.0004897786216591832
0.0005056860781874106
0.0005229058351917822
0.0005416010089312658
0.0005619629504543413
0.0005842176006792
0.0006086336351138099
0.0006355330121861365
0.0006653047909679151
0.0006984234576583923
0.0007354735642584479
0.0007771833510102686
0.0008244713886451483
0.0008785124709956953
0.0009408326088560419
0.001013449118996062
0.0010990825575800578
0.001201486749815818
0.001325979954174878
0.0014803327549396486
0.0016763188425741116
0.0019325660406346392
0.0022801241684604367
0.0027741487949615212
0.003520627198314085
0.00474423918376722
0.006984033506176116
0.011752587078471656
0.02422078412046991
0.06698184894604878

0.011304939532905227
0.021056087217786616
0.036071974615830886
0.05683881058225282
0.0823764106133226
0.10981042351789502
0.1346378250153718
0.15183553594768892
0.15749348204156563
0.15025694753270422
0.1318528002300925
0.10642091091661447
0.07900369525517582
0.05394493286694792
0.033879479346697536
0.019570666527205318
0.010398179851914938
0.0050814990849649124
0.0022840688829419546
0.000944298634041843
0.0003590809325856686
0.00012559089233232215
4.0402363026259624e-05
1.195468688786124e-05
3.2535123801675125e-06
8.144220815842995e-07
1.8751215957861137e-07
3.9709292535922976e-08
7.734596860813051e-09
1.3856898443978551e-09
2.2833748031883281e-10
3.4607576960632976e-11
4.824452125196707e-12
6.18596740885328e-13
7.295416192236464e-14
7.91362263171393e-15
7.895568747907469e-16
7.24559943299988e-17
6.115726298351783e-18
4.74793297707068e-19
3.390345337565898e-20
2.2267225827094377e-21
1.345151216310087e-22
7.474100313671506e-24
3.819702640904918e-25
1.795490064151348e-26
7.762815710919481e-28
3.087012335089483e-29
1.1291204476419329e-30
3.798612547184691e-32
1.1754185581525415e-33
3.345360363024691e-35
8.757418197253436e-37
2.108589746630597e-38
4.669720746771777e-40
9.512015486980357e-42
1.7821202537679383e-43
3.0710315770331614e-45
4.867594331846481e-47
7.096223577725624e-49
9.515311765904941e-51
1.1735499338197265e-52
1.3312601835057335e-54
1.3890156256170299e-56
1.3330122437558046e-58
1.1766409647750521e-60
9.552930295548459e-63
7.1336545094834415e-65
4.8997097526610206e-67
3.095362058909599e-69
1.7986032526331746e-71
9.612627487808082e-74
4.7253248446966356e-76
2.1365056484827072e-78
8.885036981174088e-81
3.3985780871862886e-83
1.1956885895356922e-85
3.8692049561556026e-88
1.151617364598708e-90
3.152662585881458e-93
7.938338240912209e-96
1.8385037716304476e-98
3.9163569627036473e-101
7.673311562747615e-104
1.3828217892013856e-106
2.2920939486582687e-109
3.4944709442791715e-112
4.900193971535978e-115
6.320157895493735e-118
7.497654153252071e-121
8.180986910795817e-124
8.210484974359635e-127
7.579049477187852e-130
6.434925044600357e-133
5.025219791471668e-136
3.609519973088404e-139
2.3846610368442815e-142
1.4490610433639337e-145
8.09896505245491e-149
4.163467583743779e-152
