0.45225973987562545
0.02336356831511665
0.001687085526643413
0.00017027229565156184
2.400393549256623e-05
4.711219506150843e-06
1.2726442178968775e-06
4.60269758116068e-07
2.1285726478258262e-07
1.1910109982235015e-07
7.657520573681948e-08
5.4325047286678225e-08
4.131783246099999e-08
3.3033827224424355e-08
2.7396433958590487e-08
2.3356252401506486e-08
2.033966012753634e-08
1.8012025815239097e-08
1.616725667172003e-08
1.4672508673754288e-08
1.3438785973123128e-08
1.2404869334976755e-08
1.1526063587671716e-08
1.0770748079830625e-08
1.0115032332695581e-08
9.54075983091601e-09
9.033899387477e-09
8.583445364267217e-09
8.180649570707003e-09
7.818474419719956e-09
7.491196800227821e-09
7.194116580139871e-09
6.92333901029568e-09
6.675610154252055e-09
6.4481909191868924e-09
6.238759562996097e-09
6.045335467372566e-09
5.866218973300149e-09
5.699943476835954e-09
5.545236974942717e-09
5.400990961910143e-09
5.266235092161922e-09
5.140116402824797e-09
5.02188216893984e-09
4.910865673073788e-09
4.806474328585667e-09
4.708179715562766e-09
4.615509180227955e-09
4.528038719499623e-09
4.4453869275082175e-09
4.367209824031487e-09
4.293196418816858e-09
4.223064892717416e-09
4.156559298062059e-09
4.093446697912192e-09
4.033514677744549e-09
3.976569174347448e-09
3.9224325758713716e-09
3.8709420544579345e-09
3.821948099016006e-09
3.775313220780095e-09
3.730910808480598e-09
3.6886241134412483e-09
3.648345347826724e-09
3.6099748816974527e-09
3.573420526573228e-09
3.5385968949303254e-09
3.50542482651369e-09
3.473830873581224e-09
3.443746838248107e-09
3.415109355995543e-09
3.3878595201751777e-09
3.3619425429982214e-09
3.337307449063933e-09
3.313906797969925e-09
3.2916964329682745e-09
3.270635252996744e-09
3.2506850057317025e-09
3.231810099585543e-09
3.2139774328124972e-09
3.19715623809757e-09
3.181317941188207e-09
3.1664360322907526e-09
3.1524859490969054e-09
3.1394449704316837e-09
3.1272921196263784e-09
3.1160080768191787e-09
3.105575099474577e-09
3.095976950491548e-09
3.0871988333410964e-09
3.079227333737261e-09
3.0720503674028826e-09
3.0656571335432635e-09
3.060038073687991e-09
3.0551848356042827e-09
3.0510902420248264e-09
3.0477482639697354e-09
3.0451539984763544e-09
3.0433036505826792e-09
3.0421945194404695e-09
3.0418249884630193e-09
3.0421945194404695e-09
3.0433036505826792e-09
3.0451539984763544e-09
3.0477482639697354e-09
3.0510902420248264e-09
3.0551848356042827e-09
3.060038073687991e-09
3.0656571335432635e-09
3.0720503674028826e-09
3.079227333737261e-09
3.0871988333410964e-09
3.095976950491548e-09
3.105575099474577e-09
3.1160080768191787e-09
3.1272921196263784e-09
3.1394449704316837e-09
3.1524859490969054e-09
3.1664360322907526e-09
3.181317941188207e-09
3.19715623809757e-09
3.2139774328124972e-09
3.231810099585543e-09
3.2506850057317025e-09
3.270635252996744e-09
3.2916964329682745e-09
3.313906797969925e-09
3.337307449063933e-09
3.3619425429982214e-09
3.3878595201751777e-09
3.415109355995543e-09
3.443746838248107e-09
3.473830873581224e-09
3.50542482651369e-09
3.5385968949303254e-09
3.573420526573228e-09
3.6099748816974527e-09
3.648345347826724e-09
3.6886241134412483e-09
3.730910808480598e-09
3.775313220780095e-09
3.821948099016006e-09
3.8709420544579345e-09
3.9224325758713716e-09
3.976569174347448e-09
4.033514677744549e-09
4.093446697912192e-09
4.156559298062059e-09
4.223064892717416e-09
4.293196418816858e-09
4.367209824031487e-09
4.4453869275082175e-09
4.528038719499623e-09
4.615509180227955e-09
4.708179715562766e-09
4.806474328585667e-09
4.910865673073788e-09
5.02188216893984e-09
5.140116402824797e-09
5.266235092161922e-09
5.400990961910143e-09
5.545236974942717e-09
5.699943476835954e-09
5.866218973300149e-09
6.045335467372566e-09
6.238759562996097e-09
6.4481909191868924e-09
6.675610154252055e-09
6.92333901029568e-09
7.194116580139871e-09
7.491196800227821e-09
7.818474419719956e-09
8.180649570707003e-09
8.583445364267217e-09
9.033899387477e-09
9.54075983091601e-09
1.0115032332695581e-08
1.0770748079830625e-08
1.1526063587671716e-08
1.2404869334976755e-08
1.3438785973123128e-08
1.4672508673754288e-08
1.616725667172003e-08
1.8012025815239097e-08
2.033966012753634e-08
2.3356252401506486e-08
2.7396433958590487e-08
3.3033827224424355e-08
4.131783246099999e-08
5.4325047286678225e-08
7.657520573681948e-08
1.1910109982235015e-07
2.1285726478258262e-07
4.60269758116068e-07
1.2726442178968775e-06
4.711219506150843e-06
2.400393549256623e-05
0.00017027229565156184
0.001687085526643413
0.02336356831511665

1.379248065291084e-07
8.575914913269886e-07
4.720584061498161e-06
2.300319707270871e-05
9.923339658211898e-05
0.000378969889871583
0.001281234860060511
0.0038346875167245666
0.010160343833479558
0.023832193840794866
0.04948765013493077
0.09097180970697348
0.14804509682066816
0.2132840675726682
0.27201947189442727
0.30712754184123975
0.30698328325669216
0.27163634720000146
0.21278363756541596
0.14755902208186258
0.09058796423885579
0.04923256055778161
0.023687080705379178
0.010088993632362275
0.003804182542872671
0.0012698488817047093
0.000375249330073191
9.816688323247297e-05
2.2734597598452077e-05
4.661081888323949e-06
8.45986409705857e-07
1.3593059943281912e-07
1.9335182246690662e-08
2.4347619159436017e-09
2.714200475385957e-10
2.6785794748930956e-11
2.3401534882145426e-12
1.8099281806297334e-13
1.239240313838942e-14
7.511504231423507e-16
4.0306537458251105e-17
1.914702300760445e-18
8.052008392688064e-20
2.9976737907607884e-21
9.879653538326248e-23
2.8825460311160797e-24
7.44539905325327e-26
1.7024599358016167e-27
3.4462201170547037e-29
6.175701811844251e-31
9.797309224764124e-33
1.3759558689460614e-34
1.710721787812272e-36
1.8829182309019873e-38
1.8346816885189356e-40
1.5825855082889764e-42
1.208511632205752e-44
8.169804750809318e-47
4.8893340727461755e-49
2.5903887135888973e-51
1.214947070798795e-53
5.044602718632745e-56
1.854273420488004e-58
6.0338952824848665e-61
1.7381968423796313e-63
4.4327918299012764e-66
1.0007668450538307e-68
2.000164308698561e-71
3.538959804902043e-74
5.543228469240197e-77
7.68647324445482e-80
9.435581125767433e-83
1.0253859877327921e-85
9.86468668162543e-89
8.40149175770504e-92
6.334417840784502e-95
4.2279924364265085e-98
2.4982672109991567e-101
1.3068350275990589e-104
6.051734091461409e-108
2.4809390792562466e-111
9.003877032557629e-115
2.89281194697819e-118
8.22788175708455e-122
2.071729611147247e-125
4.618014553582772e-129
9.11286031374678e-133
1.5919569578858518e-136
2.4619834082269675e-140
3.370669058336207e-144
4.085303246216012e-148
4.383385594723277e-152
4.1636311131445124e-156
3.5011603901405724e-160
2.606327341559009e-164
1.7176042486043492e-168
1.0020616547017541e-172
5.175388704508518e-177
2.366293963757647e-181
9.577928933073229e-186
