1.369325341323129
0.08967123023142487
0.010101242228086067
0.0013131694332327642
0.00017914679217260216
2.5177754421252475e-05
3.6314614730173267e-06
5.375812050321548e-07
8.198872980034457e-08
1.3072251862293588e-08
2.504334777099841e-09
5.535869222227155e-10
1.9527556555595922e-10
1.1165128426401699e-10
8.189333562543874e-11
6.610792429294176e-11
5.571920836493196e-11
4.819938048290789e-11
4.248245669563412e-11
3.7993886830919085e-11
3.4382292253344264e-11
3.1417952517314497e-11
2.8944126381502493e-11
2.6850353374010703e-11
2.5056685149223846e-11
2.3503920911437062e-11
2.2147342223069805e-11
2.095257327247334e-11
1.989277506812524e-11
1.8946700477399753e-11
1.809731862242185e-11
1.7330824208428296e-11
1.663591230560926e-11
1.6003239509449213e-11
1.54250181195931e-11
1.489470668596116e-11
1.4406771335193899e-11
1.3956499745836752e-11
1.3539854745388348e-11
1.3153358049759243e-11
1.2793997165000616e-11
1.2459150254655714e-11
1.214652506399852e-11
1.1854108932840788e-11
1.1580127622436632e-11
1.1323011198947433e-11
1.108136560459483e-11
1.0853948842377571e-11
1.0639650925572095e-11
1.0437476916843e-11
1.0246532516507294e-11
1.0066011764755713e-11
9.895186505412399e-12
9.73339732431541e-12
9.580045727535248e-12
9.434587366376743e-12
9.296526149686328e-12
9.165409111141847e-12
9.040821921270245e-12
8.922384951955909e-12
8.809749815977899e-12
8.702596316282946e-12
8.600629749763242e-12
8.503578518661326e-12
8.41119200968491e-12
8.323238706735343e-12
8.239504508038322e-12
8.159791222578499e-12
8.08391522421409e-12
8.011706244791584e-12
7.943006290082931e-12
7.877668664500361e-12
7.8155570923672e-12
7.756544925085832e-12
7.700514424886927e-12
7.647356117001471e-12
7.596968203096817e-12
7.549256029683825e-12
7.504131605953783e-12
7.46151316615802e-12
7.421324772213555e-12
7.383495952717353e-12
7.347961374988878e-12
7.314660547145135e-12
7.28353754755074e-12
7.254540779284678e-12
7.22762274752993e-12
7.202739858027368e-12
7.179852234944484e-12
7.1589235566966474e-12
7.139920908426126e-12
7.122814649995028e-12
7.107578298484584e-12
7.094188424316922e-12
7.082624560228363e-12
7.072869122426798e-12
7.0649073433613135e-12
7.058727215621164e-12
7.0543194465644005e-12
7.051677423355155e-12
7.050797188163655e-12
7.051677423355155e-12
7.0543194465644005e-12
7.058727215621164e-12
7.0649073433613135e-12
7.072869122426798e-12
7.082624560228363e-12
7.094188424316922e-12
7.107578298484584e-12
7.122814649995028e-12
7.139920908426126e-12
7.1589235566966474e-12
7.179852234944484e-12
7.202739858027368e-12
7.22762274752993e-12
7.254540779284678e-12
7.28353754755074e-12
7.314660547145135e-12
7.347961374988878e-12
7.383495952717353e-12
7.421324772213555e-12
7.46151316615802e-12
7.504131605953783e-12
7.549256029683825e-12
7.596968203096817e-12
7.647356117001471e-12
7.700514424886927e-12
7.756544925085832e-12
7.8155570923672e-12
7.877668664500361e-12
7.943006290082931e-12
8.011706244791584e-12
8.08391522421409e-12
8.159791222578499e-12
8.239504508038322e-12
8.323238706735343e-12
8.41119200968491e-12
8.503578518661326e-12
8.600629749763242e-12
8.702596316282946e-12
8.809749815977899e-12
8.922384951955909e-12
9.040821921270245e-12
9.165409111141847e-12
9.296526149686328e-12
9.434587366376743e-12
9.580045727535248e-12
9.73339732431541e-12
9.895186505412399e-12
1.0066011764755713e-11
1.0246532516507294e-11
1.0437476916843e-11
1.0639650925572095e-11
1.0853948842377571e-11
1.108136560459483e-11
1.1323011198947433e-11
1.1580127622436632e-11
1.1854108932840788e-11
1.214652506399852e-11
1.2459150254655714e-11
1.2793997165000616e-11
1.3153358049759243e-11
1.3539854745388348e-11
1.3956499745836752e-11
1.4406771335193899e-11
1.489470668596116e-11
1.54250181195931e-11
1.6003239509449213e-11
1.663591230560926e-11
1.7330824208428296e-11
1.809731862242185e-11
1.8946700477399753e-11
1.989277506812524e-11
2.095257327247334e-11
2.2147342223069805e-11
2.3503920911437062e-11
2.5056685149223846e-11
2.6850353374010703e-11
2.8944126381502493e-11
3.1417952517314497e-11
3.4382292253344264e-11
3.7993886830919085e-11
4.248245669563412e-11
4.819938048290789e-11
5.571920836493196e-11
6.610792429294176e-11
8.189333562543874e-11
1.1165128426401699e-10
1.9527556555595922e-10
5.535869222227155e-10
2.504334777099841e-09
1.3072251862293588e-08
8.198872980034457e-08
5.375812050321548e-07
3.6314614730173267e-06
2.5177754421252475e-05
0.00017914679217260216
0.0013131694332327642
0.010101242228086067
0.08967123023142487

3.1538778356876975e-10
2.526731892721912e-09
1.816809785387058e-08
1.1724538627113498e-07
6.79075509179827e-07
3.530070240078012e-06
1.6701339925334596e-05
0.00023198895150086755
0.019872209808721168
0.40519370849032477
1.430889056312582
0.8717132127670376
0.10720094644261996
0.0399590802996771
0.07536145280689269
0.13284329448556126
0.2101812508484963
0.2984587540064523
0.3803757413538183
0.43545710953444783
0.4624499900528581
0.5538888775504529
0.6134806294700835
0.36418539753688517
0.1779488180258187
0.10075793305073771
0.05396638036238501
0.025987707400286116
0.01123192875381753
0.004356891299304893
0.0015168237245425699
0.0004739467003751572
0.00013291068567082827
3.345232412843406e-05
7.556639376244406e-06
1.5320294050969293e-06
2.787670943102176e-07
4.552520590851156e-08
6.672649800416455e-09
8.777700316735665e-10
1.0363326224538511e-10
1.098129586437197e-11
1.0443450658981307e-12
8.913955238189388e-14
6.828618995796024e-15
4.694953745468919e-16
2.897115150629704e-17
1.6044869895263627e-18
7.975219512975466e-20
3.557829194853179e-21
1.4245035854514916e-22
5.11891598935781e-24
1.6509292443053863e-25
4.778756727257114e-27
1.2414733104026464e-28
2.894648640748381e-30
6.057456819753363e-32
1.1376817765299027e-33
1.9177291928343923e-35
2.9012807762988974e-37
3.9393833466078745e-39
4.800679712583093e-41
5.250651847802905e-43
5.154181604050924e-45
4.540902882250412e-47
3.590547809225511e-49
2.5480926629144093e-51
1.6229521814845832e-53
9.277527148447156e-56
4.7598662230955164e-58
2.191761345157253e-60
9.057905444282533e-63
3.3596830280388064e-65
1.1184197597090694e-67
3.341545357249374e-70
8.960368958017258e-73
2.1564551412972462e-75
4.65790865122465e-78
9.029787062518921e-81
1.5710863457366746e-83
2.4533448739456133e-86
3.438374316491656e-89
4.3249760703286625e-92
4.8825901075298267e-95
4.9471243638880023e-98
4.498745160382966e-101
3.671689605804775e-104
2.6895308542705797e-107
1.768166283372449e-110
1.0432915313035787e-113
5.524897974461089e-117
2.6259040086093868e-120
1.1201325897240127e-123
4.288407264752942e-127
1.4735287585749706e-130
4.544197650076313e-134
1.2577427205644276e-137
3.1243696851035395e-141
6.965768249069976e-145
1.3938358504314251e-148
