0.9632397881244363
0.3324425341832233
0.18932827711469147
0.116549918691896
0.07594050012048016
0.052146409903608124
0.037566585891646666
0.028248644304594627
0.022054853805126288
0.01778539006630272
0.014742830982279447
0.01250814222657984
0.010821578924179637
0.009517349911190416
0.008486693264821175
0.007656411781250313
0.006976058062568924
0.0064100883069670945
0.0059329426424076775
0.005525890518171008
0.005174964779676166
0.0048695816261143466
0.004601601419875665
0.004364678258139404
0.004153802086802409
0.003964971373372584
0.0037949557215155674
0.003641121376928535
0.003501301331773867
0.0033736974768554056
0.003256806071625239
0.0031493603806565804
0.0030502860887151187
0.0029586663279954585
0.00287371400730407
0.0027947497400545107
0.0027211841030724423
0.002652503273318555
0.0025882573200758986
0.0025280506002416125
0.0024715338310305084
0.0024183975095245615
0.0023683664205175967
0.002321195029041677
0.002276663596177662
0.0022345748894191347
0.0021947513843048006
0.0021570328739818124
0.002121274419094348
0.002087344582871256
0.0020551239062409853
0.0020245035857845944
0.0019953843237716
0.001967675324734477
0.0019412934172780892
0.0019161622832864062
0.0018922117795342629
0.0018693773390574563
0.0018475994415756867
0.0018268231438755768
0.0018069976624058384
0.0017880760014620121
0.0017700146212831943
0.0017527731411793091
0.0017363140734803495
0.0017206025846694401
0.0017056062805466737
0.0016912950126842779
0.001677640703787425
0.0016646171898782834
0.0016522000774816974
0.001640366614215631
0.001629095571383715
0.0016183671373354693
0.0016081628205058052
0.0015984653611725332
0.0015892586510814343
0.0015805276601853974
0.0015722583698290036
0.0015644377117845169
0.001557053512610832
0.001550094442864808
0.0015435499707455635
0.0015374103197976126
0.0015316664303389861
0.0015263099243162837
0.0015213330733205863
0.0015167287695267708
0.0015124904993444389
0.001508612319591778
0.0015050888360245752
0.0015019151840714995
0.0014990870116440027
0.0014966004639049427
0.0014944521698944926
0.0014926392309252436
0.0014911592106708457
0.0014900101268841316
0.00148919044469159
0.0014886990714214697
0.0014885353529327022
0.0014886990714214697
0.00148919044469159
0.0014900101268841316
0.0014911592106708457
0.0014926392309252436
0.0014944521698944926
0.0014966004639049427
0.0014990870116440027
0.0015019151840714995
0.0015050888360245752
0.001508612319591778
0.0015124904993444389
0.0015167287695267708
0.0015213330733205863
0.0015263099243162837
0.0015316664303389861
0.0015374103197976126
0.0015435499707455635
0.001550094442864808
0.001557053512610832
0.0015644377117845169
0.0015722583698290036
0.0015805276601853974
0.0015892586510814343
0.0015984653611725332
0.0016081628205058052
0.0016183671373354693
0.001629095571383715
0.001640366614215631
0.0016522000774816974
0.0016646171898782834
0.001677640703787425
0.0016912950126842779
0.0017056062805466737
0.0017206025846694401
0.0017363140734803495
0.0017527731411793091
0.0017700146212831943
0.0017880760014620121
0.0018069976624058384
0.0018268231438755768
0.0018475994415756867
0.0018693773390574563
0.0018922117795342629
0.0019161622832864062
0.0019412934172780892
0.001967675324734477
0.0019953843237716
0.0020245035857845944
0.0020551239062409853
0.002087344582871256
0.002121274419094348
0.0021570328739818124
0.0021947513843048006
0.0022345748894191347
0.002276663596177662
0.002321195029041677
0.0023683664205175967
0.0024183975095245615
0.0024715338310305084
0.0025280506002416125
0.0025882573200758986
0.002652503273318555
0.0027211841030724423
0.0027947497400545107
0.00287371400730407
0.0029586663279954585
0.0030502860887151187
0.0031493603806565804
0.003256806071625239
0.0033736974768554056
0.003501301331773867
0.003641121376928535
0.0037949557215155674
0.003964971373372584
0.004153802086802409
0.004364678258139404
0.004601601419875665
0.0048695816261143466
0.005174964779676166
0.005525890518171008
0.0059329426424076775
0.0064100883069670945
0.006976058062568924
0.007656411781250313
0.008486693264821175
0.009517349911190416
0.010821578924179637
0.01250814222657984
0.014742830982279447
0.01778539006630272
0.022054853805126288
0.028248644304594627
0.037566585891646666
0.052146409903608124
0.07594050012048016
0.116549918691896
0.18932827711469147
0.3324425341832233

0.07119071410194072
0.2174566002589489
0.6110644991136387
0.9553792347323697
0.7512541947987487
0.2956119917268471
0.06242889974974804
0.010443643669690658
0.0030519809907904078
0.0012860871185413486
0.0005234277987876283
0.0001970405102047749
0.00010502751036700492
0.00035002829233599173
0.002061538879036491
0.009728667127180535
0.034987918698970055
0.09568011457240742
0.1989367390688554
0.3144814840608009
0.37797383163886455
0.3453941170176771
0.23996874879420801
0.12675963675801916
0.050908914019202604
0.015545089527029198
0.003608935914817483
0.0006370179362271541
8.54890909807094e-05
8.722807443929568e-06
6.766879139164192e-07
3.991233185421332e-08
1.7898322617233526e-09
6.102448316444238e-11
1.5819124198675344e-12
3.1177932290136603e-14
4.671955862576872e-16
5.322757747731375e-18
4.610640048072391e-20
3.0364929953106683e-22
1.5204421366735025e-24
5.788340332583743e-27
1.6754241346726445e-29
3.6870754481174384e-32
6.169157144183207e-35
7.847949878939491e-38
7.590555118000704e-41
5.581910620149711e-44
3.1215605483611494e-47
1.3329564870134374e-50
4.769683278510977e-54
4.3691194490620343e-57
2.0834735333339417e-59
1.1631120460266298e-61
5.9308200156969574e-64
2.738115788476764e-66
1.1442867180240607e-68
4.328742901599688e-71
1.4822879496402477e-73
4.594594763537305e-76
1.2891566648638672e-78
3.274221325864097e-81
7.527559849252807e-84
1.5665499644994238e-86
2.9510606468156953e-89
5.0321765316443776e-92
7.767431839945994e-95
1.0852827085346922e-97
1.3726258259571062e-100
1.5714671170801105e-103
1.6285544345745692e-106
1.5277177014752102e-109
1.29726228382708e-112
9.971404228333444e-116
6.937910653183957e-119
4.3696326980447783e-122
2.4911794475939317e-125
1.285609111030155e-128
6.005604393260025e-132
2.539500772049166e-135
9.720393078268968e-139
3.367930768195589e-142
1.056297697508277e-145
2.998840451543288e-149
7.706625185288221e-153
1.7927468334154734e-156
3.7750050799093133e-160
7.195483246942754e-164
1.2414986224904161e-167
1.9389935630494172e-171
2.7412607154527016e-175
3.50806932382731e-179
4.0637767502389705e-183
4.261233820780225e-187
4.044685321626172e-191
3.475185266105505e-195
2.7028070014953158e-199
1.9028123343917256e-203
1.2126088408942089e-207
6.995026309139868e-212
