0.374262880191936
0.0074754608386422795
0.0001862937630551335
5.792389924299229e-06
2.247068915702591e-07
1.087611024086665e-08
6.642779316407474e-10
4.977804431521189e-11
4.648914966128761e-12
5.448457525892487e-13
7.982076662514036e-14
1.4575302281204764e-14
3.3153089189966526e-15
9.371429923272416e-16
3.2674388686397424e-16
1.3840284036999073e-16
6.956592131096971e-17
4.0300365669513115e-17
2.611827602169861e-17
1.8444311501791678e-17
1.3896199730094965e-17
1.099312260179418e-17
9.025238758877444e-18
7.624628669584245e-18
6.587367425263152e-18
5.793738552456414e-18
5.16990790778504e-18
4.668365454439927e-18
4.257399275654378e-18
3.915158972695174e-18
3.626166122588788e-18
3.379186655799187e-18
3.1658907485898743e-18
2.979983920533882e-18
2.8166288533753906e-18
2.6720515954190216e-18
2.5432676595546764e-18
2.427887859476093e-18
2.3239782766273265e-18
2.2299576676741815e-18
2.1445212150304875e-18
2.066583105267898e-18
1.995232759696024e-18
1.929701096765429e-18
1.8693342572528303e-18
1.813572944762603e-18
1.7619360364393152e-18
1.7140074731957343e-18
1.6694256919032063e-18
1.627875044903964e-18
1.5890787858098665e-18
1.5527932991372234e-18
1.518803324769384e-18
1.4869179834438837e-18
1.456967451310617e-18
1.428800163587509e-18
1.4022804519636215e-18
1.3772865394950797e-18
1.3537088316486062e-18
1.3314484538637202e-18
1.3104159952682916e-18
1.2905304255493823e-18
1.271718157873028e-18
1.253912235483384e-18
1.2370516234391845e-18
1.2210805900533165e-18
1.2059481651364527e-18
1.1916076642229257e-18
1.178016269666249e-18
1.1651346609039136e-18
1.1529266873624409e-18
1.1413590784489762e-18
1.1304011858906878e-18
1.1200247543666373e-18
1.1102037169518502e-18
1.1009140123787333e-18
1.0921334215320764e-18
1.0838414209431245e-18
1.0760190513457213e-18
1.0686487996118351e-18
1.0617144926016866e-18
1.0552012016509891e-18
1.0490951565792754e-18
1.0433836682427967e-18
1.0380550587764417e-18
1.0330985987742747e-18
1.0285044507499464e-18
1.0242636182984148e-18
1.0203679004507562e-18
1.0168098507757541e-18
1.0135827408366764e-18
1.0106805276601955e-18
1.0080978249176329e-18
1.0058298775574425e-18
1.0038725396627013e-18
1.002222255338931e-18
1.0008760424663714e-18
9.99831479177276e-19
9.99086692943304e-19
9.986403521810414e-19
9.984916603053542e-19
9.986403521810414e-19
9.99086692943304e-19
9.99831479177276e-19
1.0008760424663714e-18
1.002222255338931e-18
1.0038725396627013e-18
1.0058298775574425e-18
1.0080978249176329e-18
1.0106805276601955e-18
1.0135827408366764e-18
1.0168098507757541e-18
1.0203679004507562e-18
1.0242636182984148e-18
1.0285044507499464e-18
1.0330985987742747e-18
1.0380550587764417e-18
1.0433836682427967e-18
1.0490951565792754e-18
1.0552012016509891e-18
1.0617144926016866e-18
1.0686487996118351e-18
1.0760190513457213e-18
1.0838414209431245e-18
1.0921334215320764e-18
1.1009140123787333e-18
1.1102037169518502e-18
1.1200247543666373e-18
1.1304011858906878e-18
1.1413590784489762e-18
1.1529266873624409e-18
1.1651346609039136e-18
1.178016269666249e-18
1.1916076642229257e-18
1.2059481651364527e-18
1.2210805900533165e-18
1.2370516234391845e-18
1.253912235483384e-18
1.271718157873028e-18
1.2905304255493823e-18
1.3104159952682916e-18
1.3314484538637202e-18
1.3537088316486062e-18
1.3772865394950797e-18
1.4022804519636215e-18
1.428800163587509e-18
1.456967451310617e-18
1.4869179834438837e-18
1.518803324769384e-18
1.5527932991372234e-18
1.5890787858098665e-18
1.627875044903964e-18
1.6694256919032063e-18
1.7140074731957343e-18
1.7619360364393152e-18
1.813572944762603e-18
1.8693342572528303e-18
1.929701096765429e-18
1.995232759696024e-18
2.066583105267898e-18
2.1445212150304875e-18
2.2299576676741815e-18
2.3239782766273265e-18
2.427887859476093e-18
2.5432676595546764e-18
2.6720515954190216e-18
2.8166288533753906e-18
2.979983920533882e-18
3.1658907485898743e-18
3.379186655799187e-18
3.626166122588788e-18
3.915158972695174e-18
4.257399275654378e-18
4.668365454439927e-18
5.16990790778504e-18
5.793738552456414e-18
6.587367425263152e-18
7.624628669584245e-18
9.025238758877444e-18
1.099312260179418e-17
1.3896199730094965e-17
1.8444311501791678e-17
2.611827602169861e-17
4.0300365669513115e-17
6.956592131096971e-17
1.3840284036999073e-16
3.2674388686397424e-16
9.371429923272416e-16
3.3153089189966526e-15
1.4575302281204764e-14
7.982076662514036e-14
5.448457525892487e-13
4.648914966128761e-12
4.977804431521189e-11
6.642779316407474e-10
1.087611024086665e-08
2.247068915702591e-07
5.792389924299229e-06
0.0001862937630551335
0.0074754608386422795

4.087320271191699e-17
1.4685725572889782e-15
4.3878421323083725e-14
1.0901981123052505e-12
2.2524683831571648e-11
3.869998778589554e-10
5.529193622725904e-09
6.569186854850447e-08
6.490232848450053e-07
5.3322166589076556e-06
3.6429578204443444e-05
0.00020696616124335336
0.0009777850494312023
0.003841371294682264
0.012549546357050882
0.03409326654407268
0.07702080381951087
0.14469260178296917
0.22603903855377436
0.2936428449341435
0.31721538386350534
0.28496262655427534
0.21287291904397784
0.13223662978076753
0.0683096366162517
0.029343439887055532
0.010481873630769155
0.0031136203795075383
0.0007691149425969628
0.00015798493766477553
2.6986027805389426e-05
3.833196563304944e-06
4.5277460769059717e-07
4.4473558666849e-08
3.6326248319031338e-09
2.4673914696575614e-10
1.3936522387044855e-11
6.545903834604108e-13
2.5567229577041764e-14
8.304176431885162e-16
2.242891734571179e-17
5.037544545873883e-19
9.408672133515986e-21
1.4612906865600195e-22
1.8873121862683016e-24
2.0269811881671472e-26
1.8103166193583577e-28
1.3444919458088284e-30
8.303490969362949e-33
4.2644406710346146e-35
1.8212194589638502e-37
6.467870761275517e-40
1.9101137511333016e-42
4.69089784294318e-45
9.579692422978912e-48
1.6268443441376612e-50
2.2974141124201336e-53
2.697934572776857e-56
2.6346467186561805e-59
2.1394996022872503e-62
1.4447771944886413e-65
8.113129192835179e-69
3.788565079260188e-72
1.4711601697991717e-75
4.750551285467158e-79
1.2756364194563615e-82
2.8484503575038852e-86
5.289190952983624e-90
8.167115247953105e-94
1.0486896165988893e-97
1.1197578044817179e-101
9.94260244383191e-106
7.341332545547936e-110
4.507633168786226e-114
2.301553534104669e-118
9.772202151655793e-123
3.4503460139660503e-127
1.0130519195987691e-131
2.4734298855289575e-136
5.021880224150138e-141
8.47875220084063e-146
1.1904094932600049e-150
1.3898235510616598e-155
1.349341252600586e-160
1.0893884727979964e-165
7.313791902982043e-171
4.083205797862713e-176
1.895652751849614e-181
7.318383237377853e-187
2.3494724506530096e-192
6.272265190475933e-198
1.3924426376235305e-203
2.570567786109166e-209
3.946205108832029e-215
5.037662802295e-221
5.347827383602702e-227
4.72089687018849e-233
3.4655366166117096e-239
2.115511141427343e-245
1.0738879967167942e-251
