0.1713066772095997
0.029968766928828966
0.005622123673669304
0.0011310162715243697
0.00024399124738588526
5.6443842596222844e-05
1.4002184780091475e-05
3.7248763484799584e-06
1.0625868816264077e-06
3.2505185232245984e-07
1.0662868433866372e-07
3.750767223528633e-08
1.4147387549156856e-08
5.721214901185845e-09
2.480084784201205e-09
1.151910450471951e-09
5.72786534029569e-10
3.045076711735871e-10
1.7271325088106018e-10
1.0420517264684776e-10
6.662184261780348e-11
4.492605336691128e-11
3.1789967227634865e-11
2.348080651293556e-11
1.8002043057590343e-11
1.425226660869578e-11
1.1603435138197874e-11
9.673616154655236e-12
8.229458210257722e-12
7.1226316326632395e-12
6.2561450423744955e-12
5.564899816574678e-12
5.004140600783258e-12
4.542410740425338e-12
4.157147346300681e-12
3.8318622559731175e-12
3.5542984520162707e-12
3.315199827515681e-12
3.107474653632916e-12
2.925616694279633e-12
2.7652980118654277e-12
2.6230781421865544e-12
2.4961934060307465e-12
2.382402234770456e-12
2.279870199608697e-12
2.1870835549238556e-12
2.102783513414071e-12
2.0259157702089294e-12
1.955591365887026e-12
1.8910560677750705e-12
1.8316662126352734e-12
1.776869495352994e-12
1.7261895763236016e-12
1.6792136612183456e-12
1.6355824122174655e-12
1.594981701343652e-12
1.5571358293127517e-12
1.5218019179532293e-12
1.4887652482593212e-12
1.4578353649240059e-12
1.4288428056381206e-12
1.4016363423743966e-12
1.376080644379144e-12
1.3520542902071959e-12
1.3294480700027778e-12
1.3081635302090328e-12
1.288111721630506e-12
1.2692121187686938e-12
1.251391683977538e-12
1.234584054533098e-12
1.218728834403674e-12
1.20377097551754e-12
1.189660235791306e-12
1.1763507032097798e-12
1.1638003769224245e-12
1.1519707977090642e-12
1.140826721321759e-12
1.1303358291733681e-12
1.1204684716505774e-12
1.1111974400077356e-12
1.1024977633701105e-12
1.0943465278593722e-12
1.086722715265103e-12
1.0796070590360552e-12
1.072981915663795e-12
1.0668311497874813e-12
1.0611400315686825e-12
1.05589514507501e-12
1.0510843065756552e-12
1.0466964917946177e-12
1.0427217712918235e-12
1.0391512532512524e-12
1.0359770330509672e-12
1.033192149074606e-12
1.0307905442991554e-12
1.0287670332611483e-12
1.0271172740640924e-12
1.0258377451450764e-12
1.0249257265690377e-12
1.024379285666048e-12
1.0241972668709046e-12
1.024379285666048e-12
1.0249257265690377e-12
1.0258377451450764e-12
1.0271172740640924e-12
1.0287670332611483e-12
1.0307905442991554e-12
1.033192149074606e-12
1.0359770330509672e-12
1.0391512532512524e-12
1.0427217712918235e-12
1.0466964917946177e-12
1.0510843065756552e-12
1.05589514507501e-12
1.0611400315686825e-12
1.0668311497874813e-12
1.072981915663795e-12
1.0796070590360552e-12
1.086722715265103e-12
1.0943465278593722e-12
1.1024977633701105e-12
1.1111974400077356e-12
1.1204684716505774e-12
1.1303358291733681e-12
1.140826721321759e-12
1.1519707977090642e-12
1.1638003769224245e-12
1.1763507032097798e-12
1.189660235791306e-12
1.20377097551754e-12
1.218728834403674e-12
1.234584054533098e-12
1.251391683977538e-12
1.2692121187686938e-12
1.288111721630506e-12
1.3081635302090328e-12
1.3294480700027778e-12
1.3520542902071959e-12
1.376080644379144e-12
1.4016363423743966e-12
1.4288428056381206e-12
1.4578353649240059e-12
1.4887652482593212e-12
1.5218019179532293e-12
1.5571358293127517e-12
1.594981701343652e-12
1.6355824122174655e-12
1.6792136612183456e-12
1.7261895763236016e-12
1.776869495352994e-12
1.8316662126352734e-12
1.8910560677750705e-12
1.955591365887026e-12
2.0259157702089294e-12
2.102783513414071e-12
2.1870835549238556e-12
2.279870199608697e-12
2.382402234770456e-12
2.4961934060307465e-12
2.6230781421865544e-12
2.7652980118654277e-12
2.925616694279633e-12
3.107474653632916e-12
3.315199827515681e-12
3.5542984520162707e-12
3.8318622559731175e-12
4.157147346300681e-12
4.542410740425338e-12
5.004140600783258e-12
5.564899816574678e-12
6.2561450423744955e-12
7.1226316326632395e-12
8.229458210257722e-12
9.673616154655236e-12
1.1603435138197874e-11
1.425226660869578e-11
1.8002043057590343e-11
2.348080651293556e-11
3.1789967227634865e-11
4.492605336691128e-11
6.662184261780348e-11
1.0420517264684776e-10
1.7271325088106018e-10
3.045076711735871e-10
5.72786534029569e-10
1.151910450471951e-09
2.480084784201205e-09
5.721214901185845e-09
1.4147387549156856e-08
3.750767223528633e-08
1.0662868433866372e-07
3.2505185232245984e-07
1.0625868816264077e-06
3.7248763484799584e-06
1.4002184780091475e-05
5.6443842596222844e-05
0.00024399124738588526
0.0011310162715243697
0.005622123673669304
0.029968766928828966

3.8271442604210776e-11
4.891795954733908e-09
3.4859669652368587e-07
1.3849676641716457e-05
0.0003067732117369758
0.003788407306155347
0.026082987349341332
0.10011967446940608
0.214260917302316
0.2556394790336723
0.17004909331620932
0.06306409247562865
0.013039213999529568
0.001503080043068674
9.65993573072528e-05
3.4612087927805397e-06
6.914213608343058e-08
7.700505221430497e-10
4.781422046704326e-12
1.655222467320146e-14
3.194604495448655e-17
3.437472695695284e-20
2.0621623280369694e-23
6.897121448262954e-27
1.2860987933881165e-30
1.3370332914388676e-34
7.749461845032581e-39
2.504161305210484e-43
4.511432766378168e-48
4.531355250026109e-53
2.537483145407811e-58
7.922087847644445e-64
1.3789152497533189e-69
1.3381257501915165e-75
7.239652396318072e-82
2.1837349950683148e-88
3.672345944245961e-95
3.4430923483103313e-102
1.7997624613004641e-109
5.244971590417904e-117
8.521823282839614e-125
7.719396358773753e-133
3.898482511568841e-141
1.0976636257810856e-149
1.7230758211034723e-158
1.5079985939559339e-167
7.357985333445803e-177
2.001604791352941e-186
3.03570229507254e-196
2.566855724271319e-206
1.2100551704718141e-216
3.180316316956002e-227
4.660117810536039e-238
3.807017801530489e-249
1.7339411442671178e-260
4.4029649607210005e-272
6.233292969319853e-284
4.919843438252375e-296
2.1649429611646104e-308
5.31e-321
0.0
0.0
0.0
0.0
0.0
0.0
0.0
0.0
0.0
0.0
0.0
0.0
0.0
0.0
0.0
0.0
0.0
0.0
0.0
0.0
0.0
0.0
0.0
0.0
0.0
0.0
0.0
0.0
0.0
0.0
0.0
0.0
0.0
0.0
0.0
0.0
0.0
0.0
0.0
0.0
