1.2382966963558217
0.06908415718070147
0.012763015122899067
0.00463721222626277
0.0022898482388909367
0.00134332277482912
0.0008867617792724464
0.0006375105537453361
0.0004878442373247322
0.00039096641174605595
0.0003244033884807149
0.00027643449551381877
0.00024050927257842166
0.00021274656960136956
0.0001907299595452768
0.0001728900134226243
0.00015816979145547938
0.0001458348813513902
0.00013536093344547142
0.00012636459075720505
0.00011855967281704714
0.00011172856850020733
0.00010570307323756227
0.00010035125419337107
9.556825914554993e-05
9.126976375760253e-05
8.738722010058118e-05
8.386435779173653e-05
8.065457101781753e-05
7.771894182325182e-05
7.502472690672071e-05
7.254418651811224e-05
7.025366891694383e-05
6.813288789325437e-05
6.616434766055717e-05
6.433288133766553e-05
6.262527777479467e-05
6.102997767247401e-05
5.953682448191648e-05
5.8136858937256275e-05
5.682214858282129e-05
5.558564555345458e-05
5.442106730675308e-05
5.332279611038716e-05
5.228579394033815e-05
5.1305530108934076e-05
5.0377919460606836e-05
4.949926938219706e-05
4.866623419871527e-05
4.7875775783804606e-05
4.712512942120545e-05
4.641177412034641e-05
4.5733406724264176e-05
4.508791925795304e-05
4.4473379055054034e-05
4.388801127454504e-05
4.333018347982549e-05
4.279839200292698e-05
4.229124985834186e-05
4.1807476005814356e-05
4.134588579059722e-05
4.090538241416251e-05
4.048494930898349e-05
4.0083643308440185e-05
3.970058851768137e-05
3.933497080384432e-05
3.898603283474998e-05
3.8653069604355805e-05
3.8335424391105115e-05
3.803248510206653e-05
3.7743680961577376e-05
3.7468479508133796e-05
3.720638386762514e-05
3.695693027479039e-05
3.671968581806251e-05
3.6494246385834966e-05
3.6280234794689576e-05
3.6077299082320643e-05
3.5885110949814954e-05
3.5703364339642874e-05
3.553177413720757e-05
3.5370074985119597e-05
3.521802020053077e-05
3.507538078689789e-05
3.494194453246783e-05
3.481751518859673e-05
3.470191172175015e-05
3.459496763368814e-05
3.4496530344930356e-05
3.440646063712851e-05
3.4324632150455136e-05
3.425093093255437e-05
3.418525503599862e-05
3.4127514161559134e-05
3.407762934493352e-05
3.403553268488293e-05
3.400116711101938e-05
3.397448618975338e-05
3.3955453967165924e-05
3.394404484781046e-05
3.394024350868155e-05
3.394404484781046e-05
3.3955453967165924e-05
3.397448618975338e-05
3.400116711101938e-05
3.403553268488293e-05
3.407762934493352e-05
3.4127514161559134e-05
3.418525503599862e-05
3.425093093255437e-05
3.4324632150455136e-05
3.440646063712851e-05
3.4496530344930356e-05
3.459496763368814e-05
3.470191172175015e-05
3.481751518859673e-05
3.494194453246783e-05
3.507538078689789e-05
3.521802020053077e-05
3.5370074985119597e-05
3.553177413720757e-05
3.5703364339642874e-05
3.5885110949814954e-05
3.6077299082320643e-05
3.6280234794689576e-05
3.6494246385834966e-05
3.671968581806251e-05
3.695693027479039e-05
3.720638386762514e-05
3.7468479508133796e-05
3.7743680961577376e-05
3.803248510206653e-05
3.8335424391105115e-05
3.8653069604355805e-05
3.898603283474998e-05
3.933497080384432e-05
3.970058851768137e-05
4.0083643308440185e-05
4.048494930898349e-05
4.090538241416251e-05
4.134588579059722e-05
4.1807476005814356e-05
4.229124985834186e-05
4.279839200292698e-05
4.333018347982549e-05
4.388801127454504e-05
4.4473379055054034e-05
4.508791925795304e-05
4.5733406724264176e-05
4.641177412034641e-05
4.712512942120545e-05
4.7875775783804606e-05
4.866623419871527e-05
4.949926938219706e-05
5.0377919460606836e-05
5.1305530108934076e-05
5.228579394033815e-05
5.332279611038716e-05
5.442106730675308e-05
5.558564555345458e-05
5.682214858282129e-05
5.8136858937256275e-05
5.953682448191648e-05
6.102997767247401e-05
6.262527777479467e-05
6.433288133766553e-05
6.616434766055717e-05
6.813288789325437e-05
7.025366891694383e-05
7.254418651811224e-05
7.502472690672071e-05
7.771894182325182e-05
8.065457101781753e-05
8.386435779173653e-05
8.738722010058118e-05
9.126976375760253e-05
9.556825914554993e-05
0.00010035125419337107
0.00010570307323756227
0.00011172856850020733
0.00011855967281704714
0.00012636459075720505
0.00013536093344547142
0.0001458348813513902
0.00015816979145547938
0.0001728900134226243
0.0001907299595452768
0.00021274656960136956
0.00024050927257842166
0.00027643449551381877
0.0003244033884807149
0.00039096641174605595
0.0004878442373247322
0.0006375105537453361
0.0008867617792724464
0.00134332277482912
0.0022898482388909367
0.00463721222626277
0.012763015122899067
0.06908415718070147

0.0016025724519858372
0.004597549660044698
0.011271613545854297
0.02361547394471243
0.04228227005403666
0.06469532453000937
0.08459860499238782
0.09459374233090408
0.09087178055664848
0.07767503069068311
0.07108151112694241
0.10256283883302536
0.2108251785951471
0.40065873737836516
0.593386007789221
0.660268663324741
0.5493671857448562
0.3464956952370914
0.1807699504533124
0.11329643288251737
0.13257233035186966
0.20356237109192715
0.2915183347800655
0.3622896487810824
0.38719769509439655
0.3555461005831938
0.2804856155012988
0.19009652750069297
0.11068442733177863
0.055366567599690726
0.023793449974844387
0.008784478297389193
0.002786270453245372
0.000759240390489596
0.00017773955038366353
3.574683449752736e-05
6.176462955459384e-06
9.16834255556264e-07
1.1692047225386472e-07
1.2809702079738869e-08
1.2056916043572352e-09
9.749496400564518e-11
6.772934393358594e-12
4.0422232278333246e-13
2.0725855067887617e-14
9.12963383418615e-16
3.4549598201399737e-17
1.123262814061584e-18
3.1373899519882526e-20
7.528429017536018e-22
1.5519901394643497e-23
2.7486680502100743e-25
4.182195882059649e-27
5.466825163728065e-29
6.139241796253495e-31
5.923017711962908e-33
4.909305551888899e-35
3.4957940106865286e-37
2.1385546048008234e-39
1.1239412034573374e-41
5.074760847148416e-44
1.968504026377436e-46
6.560029212700137e-49
1.8781227711701713e-51
4.619456929766637e-54
9.761276283460394e-57
1.772029825065743e-59
2.7636572983855034e-62
3.7029349968019914e-65
4.2624247739011346e-68
4.2151798105740565e-71
3.581164102883982e-74
2.6138525120670746e-77
1.6390291358947744e-80
8.829599561096396e-84
4.086430162065043e-87
1.6247849712844362e-90
5.55004423506828e-94
1.628717395207947e-97
4.10623465607407e-101
8.893864986439872e-105
1.6549544295643194e-108
2.645637184494201e-112
3.6334841605249675e-116
4.2871136401558706e-120
4.345657143198059e-124
3.7843793276009265e-128
2.831278577187247e-132
1.8197816578403616e-136
1.0048580193602224e-140
4.766930951589601e-145
1.9427716562272565e-149
6.802262623878071e-154
2.0461325812436373e-158
5.287652249815506e-163
1.1739260474380043e-167
2.2390682494629098e-172
3.668957349261331e-177
5.164957281125034e-182
6.246540261512091e-187
