0.3808842740411436
0.003411840142878071
4.7666555964218294e-05
1.0386478525153129e-06
3.5298148606618015e-08
1.8645838153477785e-09
1.546141688505814e-10
1.988730068964442e-11
3.935225922122668e-12
1.1588859624768604e-12
4.75401112823572e-13
2.4988773024791336e-13
1.558639381789996e-13
1.0907488904514427e-13
8.248889637764588e-14
6.582524073998563e-14
5.458472528148686e-14
4.656655378300131e-14
4.059361737865391e-14
3.598915628153169e-14
3.234041102813912e-14
2.938305013253878e-14
2.694075233004768e-14
2.4891783634082482e-14
2.3149592698881997e-14
2.1651066485588406e-14
2.0349161035247488e-14
1.9208129346230136e-14
1.820034410480455e-14
1.7304129626359002e-14
1.6502249694403942e-14
1.5780831977615285e-14
1.5128589348849144e-14
1.4536247072139898e-14
1.3996115270581044e-14
1.350176557602786e-14
1.3047783591782857e-14
1.2629577271670245e-14
1.2243227054735648e-14
1.1885367539789617e-14
1.1553093237134575e-14
1.1243882882294853e-14
1.0955538191563748e-14
1.0686133950177342e-14
1.043397706466636e-14
1.0197572759237385e-14
9.975596505793194e-15
9.766870586189809e-15
9.570344420307495e-15
9.38507797364103e-15
9.210227697239153e-15
9.045034561045248e-15
8.888813826445181e-15
8.740946270628146e-15
8.600870628336772e-15
8.468077058829493e-15
8.342101479758133e-15
8.222520636976518e-15
8.108947801424741e-15
8.001029002248362e-15
7.898439720044302e-15
7.800881976226054e-15
7.708081764482212e-15
7.619786778568011e-15
7.53576439754159e-15
7.455799895290572e-15
7.37969484599627e-15
7.307265701217674e-15
7.238342517678847e-15
7.172767817720334e-15
7.110395566815797e-15
7.0510902546318575e-15
6.994726067881374e-15
6.941186144736852e-15
6.890361901872168e-15
6.8421524263202705e-15
6.796463925300402e-15
6.753209228003524e-15
6.712307334048659e-15
6.673683003952205e-15
6.637266387500382e-15
6.602992686393769e-15
6.57080184795203e-15
6.5406382870347e-15
6.5124506336575404e-15
6.486191504069409e-15
6.461817293307094e-15
6.439287987469372e-15
6.418566994150897e-15
6.399620989654159e-15
6.382419781756972e-15
6.3669361869561115e-15
6.353145921236776e-15
6.341027503534727e-15
6.33056217116469e-15
6.32173380658644e-15
6.314528874970211e-15
6.308936372106983e-15
6.3049477822875424e-15
6.302557045848485e-15
6.3017605361537674e-15
6.302557045848485e-15
6.3049477822875424e-15
6.308936372106983e-15
6.314528874970211e-15
6.32173380658644e-15
6.33056217116469e-15
6.341027503534727e-15
6.353145921236776e-15
6.3669361869561115e-15
6.382419781756972e-15
6.399620989654159e-15
6.418566994150897e-15
6.439287987469372e-15
6.461817293307094e-15
6.486191504069409e-15
6.5124506336575404e-15
6.5406382870347e-15
6.57080184795203e-15
6.602992686393769e-15
6.637266387500382e-15
6.673683003952205e-15
6.712307334048659e-15
6.753209228003524e-15
6.796463925300402e-15
6.8421524263202705e-15
6.890361901872168e-15
6.941186144736852e-15
6.994726067881374e-15
7.0510902546318575e-15
7.110395566815797e-15
7.172767817720334e-15
7.238342517678847e-15
7.307265701217674e-15
7.37969484599627e-15
7.455799895290572e-15
7.53576439754159e-15
7.619786778568011e-15
7.708081764482212e-15
7.800881976226054e-15
7.898439720044302e-15
8.001029002248362e-15
8.108947801424741e-15
8.222520636976518e-15
8.342101479758133e-15
8.468077058829493e-15
8.600870628336772e-15
8.740946270628146e-15
8.888813826445181e-15
9.045034561045248e-15
9.210227697239153e-15
9.38507797364103e-15
9.570344420307495e-15
9.766870586189809e-15
9.975596505793194e-15
1.0197572759237385e-14
1.043397706466636e-14
1.0686133950177342e-14
1.0955538191563748e-14
1.1243882882294853e-14
1.1553093237134575e-14
1.1885367539789617e-14
1.2243227054735648e-14
1.2629577271670245e-14
1.3047783591782857e-14
1.350176557602786e-14
1.3996115270581044e-14
1.4536247072139898e-14
1.5128589348849144e-14
1.5780831977615285e-14
1.6502249694403942e-14
1.7304129626359002e-14
1.820034410480455e-14
1.9208129346230136e-14
2.0349161035247488e-14
2.1651066485588406e-14
2.3149592698881997e-14
2.4891783634082482e-14
2.694075233004768e-14
2.938305013253878e-14
3.234041102813912e-14
3.598915628153169e-14
4.059361737865391e-14
4.656655378300131e-14
5.458472528148686e-14
6.582524073998563e-14
8.248889637764588e-14
1.0907488904514427e-13
1.558639381789996e-13
2.4988773024791336e-13
4.75401112823572e-13
1.1588859624768604e-12
3.935225922122668e-12
1.988730068964442e-11
1.546141688505814e-10
1.8645838153477785e-09
3.5298148606618015e-08
1.0386478525153129e-06
4.7666555964218294e-05
0.003411840142878071

2.801652906727883e-13
2.5241595816485257e-12
2.0746324768967438e-11
1.555562345140525e-10
1.0640341264105733e-09
6.639655985350437e-09
3.7797013434844744e-08
1.9628688253681466e-07
9.29922928072868e-07
4.019060277094081e-06
1.5846157542696774e-05
5.699612165297058e-05
0.00018702020377639982
0.0005598267323775884
0.0015287646266689157
0.003808460920028733
0.008655262970973425
0.017944564267284285
0.03393965728642715
0.05856037832105572
0.09217691747578306
0.1323617112086159
0.17339016165624005
0.20720890492023167
0.22589897755990201
0.22466840428593463
0.20384103787375843
0.1687186643987677
0.12739621392167752
0.08775498569559574
0.055145358424823286
0.03161316758661542
0.016532896581316747
0.007887725172393558
0.0034330211360680193
0.0013630854119670948
0.0004937323097340992
0.00016314805941346883
4.918063843418969e-05
1.3524720466620399e-05
3.393003588665083e-06
7.76537129418113e-07
1.6212949077590872e-07
3.08804554517993e-08
5.365710796856511e-09
8.505360208629206e-10
1.2299290139739992e-10
1.6225170451025126e-11
1.9526318768517777e-12
2.1437462004575292e-13
2.1470800968542928e-14
1.9617560935200516e-15
1.635172821990096e-16
1.2433809115373631e-17
8.625149214882634e-19
5.458218588661559e-20
3.1510632226677786e-21
1.6595303349754763e-22
7.973245925389702e-24
3.494676741017775e-25
1.397335668959077e-26
5.097020338415193e-28
1.6961094490635328e-29
5.148885882414157e-31
1.4259179790133016e-32
3.602447904955794e-34
8.302765253380586e-36
1.745700333329019e-37
3.348409120787626e-39
5.859077240382226e-41
9.352803633026372e-43
1.3619974509211447e-44
1.809391971823993e-46
2.192860017109402e-48
2.4244377898430183e-50
2.445305170751303e-52
2.2499712738417333e-54
1.8886120931781998e-56
1.4462069518451214e-58
1.0102759374002474e-60
6.438303704942128e-63
3.743042815868603e-65
1.9851805724757043e-67
9.604994568632321e-70
4.2395144175328345e-72
1.7070922675482967e-74
6.270753937420337e-77
2.1013791052127284e-79
6.42408007025381e-82
1.7915930411328872e-84
4.558161138398287e-87
1.0579420200733692e-89
2.240040888345643e-92
4.326850702205341e-95
7.624471761081806e-98
1.225658541395581e-100
1.7974264060478828e-103
2.404665236151566e-106
2.934810187076705e-109
3.2675880310654575e-112
