0.49824159055087774
0.004338826751837439
3.9340984743213126e-05
3.7141439289212036e-07
2.1430831182402473e-10
3.736963989076466e-12
6.516308914753308e-14
1.1362789109664587e-15
1.9813825177838322e-17
3.4550292269766897e-19
6.0246958610081565e-21
1.0505543628312424e-22
1.8319007232030286e-24
3.194370883212996e-26
5.570173798174366e-28
9.712972563535826e-30
1.6936965467546985e-31
2.9533785144814497e-33
5.149947682102246e-35
8.980222256329244e-37
1.5659322165253458e-38
2.7306335165602818e-40
4.761754061381548e-42
8.304392469435022e-44
1.4486230986854952e-45
2.528757058352512e-47
4.423080219131642e-49
7.780284702540252e-51
1.3903172957313878e-52
2.5918086072385202e-54
5.353129284936373e-56
1.3485108604859392e-57
4.4179277335998345e-59
1.7992085124955477e-60
8.259633817815653e-62
3.990506805223318e-63
1.965538779916882e-64
9.74892047042715e-66
4.847340099324877e-67
2.412314990186034e-68
1.2009157548594e-69
5.979567835114905e-71
2.97788610986625e-72
1.4834778064012904e-73
7.394561534386331e-75
3.6902300227263086e-76
1.8458745943728595e-77
9.275454355507324e-79
4.702581590072672e-80
2.4251108617612503e-81
1.2904654322591389e-82
7.248139688518004e-84
4.4246706156777126e-85
3.0119527902289018e-86
2.3019777770085475e-87
1.942423541390573e-88
1.7581557769250476e-89
1.6624180585185885e-90
1.6127102686648697e-91
1.5889715032847122e-92
1.582956415594086e-93
1.5933267825905693e-94
1.623818254893999e-95
1.6833118059975184e-96
1.7874673418003128e-97
1.9621568086410463e-98
2.249522235879398e-99
2.718326911556986e-100
3.481728949487517e-101
4.728368926644684e-102
6.778140140304768e-103
1.0185253367353188e-103
1.5934994117465517e-104
2.5832299781906057e-105
4.329574954806963e-106
7.503485451908365e-107
1.347087795748808e-107
2.511576128653299e-108
4.874866072903964e-109
9.866535455708774e-110
2.083696009488958e-110
4.590659187925919e-111
1.0543296758189839e-111
2.5222888971544445e-112
6.281714433147545e-113
1.6282112069772892e-113
4.392304338737101e-114
1.2333514106572711e-114
3.605534127097206e-115
1.0974785874266289e-115
3.4784962136503335e-116
1.1480424394922492e-116
3.945361553882724e-117
1.4118026407512484e-117
5.260704857538439e-118
2.0418857461014226e-118
8.266545997470458e-119
3.510802516810132e-119
1.6012660604340661e-119
8.543125068158476e-120
6.569519037423311e-120
8.543125068158476e-120
1.6012660604340661e-119
3.510802516810132e-119
8.266545997470458e-119
2.0418857461014226e-118
5.260704857538439e-118
1.4118026407512484e-117
3.945361553882724e-117
1.1480424394922492e-116
3.4784962136503335e-116
1.0974785874266289e-115
3.605534127097206e-115
1.2333514106572711e-114
4.392304338737101e-114
1.6282112069772892e-113
6.281714433147545e-113
2.5222888971544445e-112
1.0543296758189839e-111
4.590659187925919e-111
2.083696009488958e-110
9.866535455708774e-110
4.874866072903964e-109
2.511576128653299e-108
1.347087795748808e-107
7.503485451908365e-107
4.329574954806963e-106
2.5832299781906057e-105
1.5934994117465517e-104
1.0185253367353188e-103
6.778140140304768e-103
4.728368926644684e-102
3.481728949487517e-101
2.718326911556986e-100
2.249522235879398e-99
1.9621568086410463e-98
1.7874673418003128e-97
1.6833118059975184e-96
1.623818254893999e-95
1.5933267825905693e-94
1.582956415594086e-93
1.5889715032847122e-92
1.6127102686648697e-91
1.6624180585185885e-90
1.7581557769250476e-89
1.942423541390573e-88
2.3019777770085475e-87
3.0119527902289018e-86
4.4246706156777126e-85
7.248139688518004e-84
1.2904654322591389e-82
2.4251108617612503e-81
4.702581590072672e-80
9.275454355507324e-79
1.8458745943728595e-77
3.6902300227263086e-76
7.394561534386331e-75
1.4834778064012904e-73
2.97788610986625e-72
5.979567835114905e-71
1.2009157548594e-69
2.412314990186034e-68
4.847340099324877e-67
9.74892047042715e-66
1.965538779916882e-64
3.990506805223318e-63
8.259633817815653e-62
1.7992085124955477e-60
4.4179277335998345e-59
1.3485108604859392e-57
5.353129284936373e-56
2.5918086072385202e-54
1.3903172957313878e-52
7.780284702540252e-51
4.423080219131642e-49
2.528757058352512e-47
1.4486230986854952e-45
8.304392469435022e-44
4.761754061381548e-42
2.7306335165602818e-40
1.5659322165253458e-38
8.980222256329244e-37
5.149947682102246e-35
2.9533785144814497e-33
1.6936965467546985e-31
9.712972563535826e-30
5.570173798174366e-28
3.194370883212996e-26
1.8319007232030286e-24
1.0505543628312424e-22
6.0246958610081565e-21
3.4550292269766897e-19
1.9813825177838322e-17
1.1362789109664587e-15
6.516308914753308e-14
3.736963989076466e-12
2.1430831182402473e-10
3.7141439289212036e-07
3.9340984743213126e-05
0.004338826751837439

9.769460325694046e-123
1.313916395113796e-112
6.433049188553588e-103
1.1466159915451916e-93
7.43996853509587e-85
1.7574225119248945e-76
1.5112393512827435e-68
4.730884051916474e-61
5.391422126597192e-54
2.236744361380139e-47
3.378168809411329e-41
1.8573695713446833e-35
3.7176396123176646e-30
2.7088704125552358e-25
7.185568839177059e-21
6.938827021989224e-17
2.439287273033816e-13
3.1217047172484683e-10
1.4543625185011082e-07
2.4666385143928777e-05
0.0015229664115330981
0.03423159412257394
0.2801018034867625
0.8343661337378812
0.904793377400959
0.3571857630676125
0.05133231483736169
0.0026855889442554187
5.114936112017918e-05
3.546442058080299e-07
8.95153483231232e-10
8.225345044266755e-13
2.7514569775427554e-16
3.350605598189592e-20
1.485374196221432e-24
2.3971787682155554e-29
1.4083706045269855e-34
3.0122115077429448e-40
2.3453407899096596e-46
6.6478074572025905e-53
6.859664730571678e-60
2.5767917980118067e-67
3.5237716001950804e-75
1.754236547064132e-83
3.17921969617927e-92
2.097514192298003e-101
5.037803894308695e-111
4.404834438784469e-121
1.4020706667086497e-131
1.6246589194087933e-142
6.853406261827123e-154
1.0524530643100524e-165
5.883706207492784e-178
1.1974329452716342e-190
8.871629754374998e-204
2.3928065940394745e-217
2.3494367996391307e-231
8.397923593381663e-246
1.0927782767303022e-260
5.176594770492776e-276
8.927056170840923e-292
5.604338358509272e-308
0.0
0.0
0.0
0.0
0.0
0.0
0.0
0.0
0.0
0.0
0.0
0.0
0.0
0.0
0.0
0.0
0.0
0.0
0.0
0.0
0.0
0.0
0.0
0.0
0.0
0.0
0.0
0.0
0.0
0.0
0.0
0.0
0.0
0.0
0.0
0.0
0.0
0.0
