0.49631055543131186
0.1557649751136023
0.05072630451967852
0.017141299915540524
0.006010372561652166
0.0021867852277142295
0.000825577670981882
0.0003234124530896551
0.00013146264086759982
5.544908267022577e-05
2.426788145512943e-05
1.1020794635932884e-05
5.193182146288667e-06
2.539136748777517e-06
1.2881190164021445e-06
6.779812276086984e-07
3.701915837204228e-07
2.0965713093302326e-07
1.231267600487207e-07
7.495197444849997e-08
4.726668382087124e-08
3.0855415475197385e-08
2.0829126577857614e-08
1.4521898661193955e-08
1.0440710906436181e-08
7.727456615164406e-09
5.876408863004861e-09
4.582204022310953e-09
3.6563267304639917e-09
2.9788100581678837e-09
2.473272797216523e-09
2.0886997135385585e-09
1.7909433447053785e-09
1.556614721344141e-09
1.3694076229852984e-09
1.2177613751256733e-09
1.0933486057819622e-09
9.900803098006175e-10
9.034407350087595e-10
8.300359304417056e-10
7.672828354397609e-10
7.131921727517032e-10
6.662148319891131e-10
6.251318036575207e-10
5.889743698450672e-10
5.569655733114735e-10
5.284768259371303e-10
5.029954088724141e-10
4.800998919029181e-10
4.594413692297046e-10
4.4072900858446393e-10
4.237188285626024e-10
4.0820491332296423e-10
3.9401248300845465e-10
3.809923883711617e-10
3.690167067908287e-10
3.579751962661239e-10
3.4777242241959765e-10
3.3832541694887506e-10
3.2956175840858094e-10
3.2141799065534806e-10
3.1383831283551883e-10
3.0677348896082355e-10
3.00179936006589e-10
2.94018957889793e-10
2.882560992381879e-10
2.8286059799077475e-10
2.778049199060876e-10
2.7306436124783025e-10
2.686167084564584e-10
2.6444194564424517e-10
2.605220023804144e-10
2.5684053554689627e-10
2.5338274010978306e-10
2.501351845176909e-10
2.470856671458524e-10
2.442230907851966e-10
2.4153735265362933e-10
2.390192478017733e-10
2.3666038411314776e-10
2.344531073716053e-10
2.3239043509677673e-10
2.3046599803934953e-10
2.2867398838872836e-10
2.2700911388125545e-10
2.254665571120236e-10
2.240419394508933e-10
2.2273128904651413e-10
2.2153101247332453e-10
2.204378696376254e-10
2.194489516115102e-10
2.1856166110905672e-10
2.1777369535886146e-10
2.1708303116168805e-10
2.164879119525091e-10
2.1598683671322095e-10
2.1557855060639744e-10
2.152620372221162e-10
2.150365123495771e-10
2.149014192033274e-10
2.148564250507449e-10
2.149014192033274e-10
2.150365123495771e-10
2.152620372221162e-10
2.1557855060639744e-10
2.1598683671322095e-10
2.164879119525091e-10
2.1708303116168805e-10
2.1777369535886146e-10
2.1856166110905672e-10
2.194489516115102e-10
2.204378696376254e-10
2.2153101247332453e-10
2.2273128904651413e-10
2.240419394508933e-10
2.254665571120236e-10
2.2700911388125545e-10
2.2867398838872836e-10
2.3046599803934953e-10
2.3239043509677673e-10
2.344531073716053e-10
2.3666038411314776e-10
2.390192478017733e-10
2.4153735265362933e-10
2.442230907851966e-10
2.470856671458524e-10
2.501351845176909e-10
2.5338274010978306e-10
2.5684053554689627e-10
2.605220023804144e-10
2.6444194564424517e-10
2.686167084564584e-10
2.7306436124783025e-10
2.778049199060876e-10
2.8286059799077475e-10
2.882560992381879e-10
2.94018957889793e-10
3.00179936006589e-10
3.0677348896082355e-10
3.1383831283551883e-10
3.2141799065534806e-10
3.2956175840858094e-10
3.3832541694887506e-10
3.4777242241959765e-10
3.579751962661239e-10
3.690167067908287e-10
3.809923883711617e-10
3.9401248300845465e-10
4.0820491332296423e-10
4.237188285626024e-10
4.4072900858446393e-10
4.594413692297046e-10
4.800998919029181e-10
5.029954088724141e-10
5.284768259371303e-10
5.569655733114735e-10
5.889743698450672e-10
6.251318036575207e-10
6.662148319891131e-10
7.131921727517032e-10
7.672828354397609e-10
8.300359304417056e-10
9.034407350087595e-10
9.900803098006175e-10
1.0933486057819622e-09
1.2177613751256733e-09
1.3694076229852984e-09
1.556614721344141e-09
1.7909433447053785e-09
2.0886997135385585e-09
2.473272797216523e-09
2.9788100581678837e-09
3.6563267304639917e-09
4.582204022310953e-09
5.876408863004861e-09
7.727456615164406e-09
1.0440710906436181e-08
1.4521898661193955e-08
2.0829126577857614e-08
3.0855415475197385e-08
4.726668382087124e-08
7.495197444849997e-08
1.231267600487207e-07
2.0965713093302326e-07
3.701915837204228e-07
6.779812276086984e-07
1.2881190164021445e-06
2.539136748777517e-06
5.193182146288667e-06
1.1020794635932884e-05
2.426788145512943e-05
5.544908267022577e-05
0.00013146264086759982
0.0003234124530896551
0.000825577670981882
0.0021867852277142295
0.006010372561652166
0.017141299915540524
0.05072630451967852
0.1557649751136023

7.3620360538315816e-09
2.6465613564437324e-06
0.0003152647368683658
0.012444522263095562
0.1627760345152539
0.70552450399241
1.0133118997200834
0.48226260332516635
0.07605599150351895
0.0039745931646243205
6.882739507106853e-05
3.9494751667469855e-07
7.509773604663307e-10
4.731770851092542e-13
9.87938629729799e-17
6.835111959130384e-21
1.5670061498589415e-25
1.190433587681456e-30
2.9967398672743524e-36
2.499783067456291e-42
6.909792427153341e-49
6.3290289636385655e-56
1.9209610888815733e-63
1.932010379615398e-71
6.438871314883097e-80
7.110815959472083e-89
2.60218718750818e-98
3.1554916307897154e-108
1.2679581918206134e-118
1.6883101748820423e-129
7.449188163936053e-141
1.0891182965843684e-152
5.276556177026557e-165
8.471015593655013e-178
4.506400629821164e-191
7.943895443518212e-205
4.640306235520617e-219
8.981919710984271e-234
5.761042742015519e-249
1.2244538717708113e-264
8.623690530541782e-281
2.0125806833171393e-297
1.5564057976e-314
0.0
0.0
0.0
0.0
0.0
0.0
0.0
0.0
0.0
0.0
0.0
0.0
0.0
0.0
0.0
0.0
0.0
0.0
0.0
0.0
0.0
0.0
0.0
0.0
0.0
0.0
0.0
0.0
0.0
0.0
0.0
0.0
0.0
0.0
0.0
0.0
0.0
0.0
0.0
0.0
0.0
0.0
0.0
0.0
0.0
0.0
0.0
0.0
0.0
0.0
0.0
0.0
0.0
0.0
0.0
0.0
0.0
