0.5511751635701524
0.3356554277644236
0.21464915667657564
0.1437416986666828
0.10046787317697276
0.07302634917174133
0.054988927781385616
0.04273105013473337
0.03414079897504331
0.02794880114176257
0.023369418700572783
0.019902835404321098
0.017222764521894446
0.015111005664059821
0.013418323906197864
0.012040495471084002
0.01090330368617555
0.00995293790601909
0.009149724794532244
0.008463957057418023
0.007873067934816666
0.007359684954484908
0.006910268072247863
0.006514142541319325
0.006162802498864814
0.0058494029078180005
0.0055683843395851395
0.005315192652402949
0.0050860672832346
0.004877879719582818
0.004688009067785272
0.004514245326530266
0.004354713552199459
0.004207813922576193
0.004072174003918676
0.003946610462146285
0.003830098139714156
0.003721744919628419
0.0036207711682679344
0.0035264928251358915
0.003438307415742462
0.0033556824216129776
0.003278145561939003
0.003205276634079114
0.0031367006318691044
0.003072081916596537
0.003011119259299017
0.00295354160757268
0.0028991044574426363
0.0028475867326509274
0.0027987880911786505
0.0027525265928705737
0.002708636673391454
0.0026669673789702386
0.0026273808239145433
0.002589750839042498
0.002553961784248732
0.002519907502606681
0.002487490396877566
0.0024566206121806825
0.0024272153109866144
0.002399198028610395
0.002372498099074656
0.0023470501426394886
0.002322793607501555
0.002299672359187208
0.002277634312033397
0.0022566310978908797
0.002236617767817498
0.0022175525230718513
0.002199396472183932
0.0021821134112807437
0.002165669625191601
0.0021500337071577186
0.002135176395230869
0.0021210704236720584
0.0021076903878581533
0.0020950126213764636
0.002083015084137754
0.002071677260470208
0.002060980066272786
0.0020509057644086453
0.002041437887609368
0.0020325611682405634
0.002024261474350062
0.0020165257514828012
0.0020093419698024527
0.002002699076109897
0.001996586950393412
0.0019909963665857254
0.0019859189572393834
0.001981347181864689
0.0019772742987043436
0.001973694339746113
0.001970602088799795
0.0019679930624877974
0.001965863494019956
0.001964210319643139
0.0019630311676749586
0.0019623243500486343
0.0019620888563130767
0.0019623243500486343
0.0019630311676749586
0.001964210319643139
0.001965863494019956
0.0019679930624877974
0.001970602088799795
0.001973694339746113
0.0019772742987043436
0.001981347181864689
0.0019859189572393834
0.0019909963665857254
0.001996586950393412
0.002002699076109897
0.0020093419698024527
0.0020165257514828012
0.002024261474350062
0.0020325611682405634
0.002041437887609368
0.0020509057644086453
0.002060980066272786
0.002071677260470208
0.002083015084137754
0.0020950126213764636
0.0021076903878581533
0.0021210704236720584
0.002135176395230869
0.0021500337071577186
0.002165669625191601
0.0021821134112807437
0.002199396472183932
0.0022175525230718513
0.002236617767817498
0.0022566310978908797
0.002277634312033397
0.002299672359187208
0.002322793607501555
0.0023470501426394886
0.002372498099074656
0.002399198028610395
0.0024272153109866144
0.0024566206121806825
0.002487490396877566
0.002519907502606681
0.002553961784248732
0.002589750839042498
0.0026273808239145433
0.0026669673789702386
0.002708636673391454
0.0027525265928705737
0.0027987880911786505
0.0028475867326509274
0.0028991044574426363
0.00295354160757268
0.003011119259299017
0.003072081916596537
0.0031367006318691044
0.003205276634079114
0.003278145561939003
0.0033556824216129776
0.003438307415742462
0.0035264928251358915
0.0036207711682679344
0.003721744919628419
0.003830098139714156
0.003946610462146285
0.004072174003918676
0.004207813922576193
0.004354713552199459
0.004514245326530266
0.004688009067785272
0.004877879719582818
0.0050860672832346
0.005315192652402949
0.0055683843395851395
0.0058494029078180005
0.006162802498864814
0.006514142541319325
0.006910268072247863
0.007359684954484908
0.007873067934816666
0.008463957057418023
0.009149724794532244
0.00995293790601909
0.01090330368617555
0.012040495471084002
0.013418323906197864
0.015111005664059821
0.017222764521894446
0.019902835404321098
0.023369418700572783
0.02794880114176257
0.03414079897504331
0.04273105013473337
0.054988927781385616
0.07302634917174133
0.10046787317697276
0.1437416986666828
0.21464915667657564
0.3356554277644236

0.08926569917524536
0.39743390624385844
0.8502017682247011
0.8738882030991162
0.4315851905005619
0.10241273753138179
0.011676648334385455
0.000639674753758864
1.6837476583423335e-05
2.1294702795266365e-07
1.2940258311638148e-09
3.7782534939150385e-12
5.300490052176507e-15
3.5728743159949535e-18
1.157167529831489e-21
1.8007421189383433e-25
1.3464294148181467e-29
4.837182169351066e-34
8.349838585077954e-39
6.92533044758192e-44
2.7598133182345215e-49
5.284400142095665e-55
4.8617035023163254e-61
2.149106943034573e-67
4.564617273998104e-74
4.65830044760446e-81
2.2841646530060674e-88
5.381509380239217e-96
6.091967543341417e-104
3.313506633267974e-112
8.659541384578831e-121
1.0873734482525473e-129
6.5605362626036405e-139
1.901852101848294e-148
2.649054697257767e-158
1.7728904256893151e-168
5.700981713252938e-179
8.808342342998566e-190
6.539062785019151e-201
2.332456824200122e-212
3.997500287301898e-224
3.2918510667345924e-236
1.3024727234336267e-248
2.4761324979458206e-261
2.2618088935950466e-274
9.92692450383316e-288
2.0933908175196945e-301
2.12110757e-315
0.0
0.0
0.0
0.0
0.0
0.0
0.0
0.0
0.0
0.0
0.0
0.0
0.0
0.0
0.0
0.0
0.0
0.0
0.0
0.0
0.0
0.0
0.0
0.0
0.0
0.0
0.0
0.0
0.0
0.0
0.0
0.0
0.0
0.0
0.0
0.0
0.0
0.0
0.0
0.0
0.0
0.0
0.0
0.0
0.0
0.0
0.0
0.0
0.0
0.0
0.0
0.0
