0.267581628320913
0.06083981706652207
0.01631691917016196
0.005154204577140251
0.0019106200017961305
0.0008250628571874406
0.0004100402170559908
0.00023065541897730253
0.0001440539079344864
9.796854435271756e-05
7.129360719161416e-05
5.47112850816591e-05
4.3765909940738784e-05
3.6170273629139665e-05
3.0674507156576485e-05
2.6557026769601902e-05
2.3380690313108633e-05
2.0869264744351004e-05
1.884162292637674e-05
1.71750803501635e-05
1.5784128580915036e-05
1.460764631942169e-05
1.3600955355710942e-05
1.2730740081038733e-05
1.1971711843208874e-05
1.1304366266114276e-05
1.0713442610410775e-05
1.0186844511294285e-05
9.714870332538693e-06
9.289655306826024e-06
8.904761108734422e-06
8.554869731456447e-06
8.235552261316288e-06
7.943092179153677e-06
7.674348866992706e-06
7.426651112511713e-06
7.197713242780578e-06
6.985568504521596e-06
6.788515714892833e-06
6.605076215231465e-06
6.433958891192693e-06
6.274031558171521e-06
6.124297406983488e-06
5.983875500503144e-06
5.851984534684256e-06
5.727929246522179e-06
5.611088980966044e-06
5.500908028595219e-06
5.396887423368727e-06
5.2985779503282755e-06
5.205574160780755e-06
5.117509230189687e-06
5.034050524013157e-06
4.954895760739998e-06
4.879769680694123e-06
4.808421144795225e-06
4.74062060015135e-06
4.676157859712548e-06
4.614840151701118e-06
4.556490401518937e-06
4.500945714604927e-06
4.448056033504723e-06
4.397682946402472e-06
4.349698627697452e-06
4.303984894002923e-06
4.260432361296155e-06
4.218939690933439e-06
4.179412913924519e-06
4.141764824288097e-06
4.105914433525722e-06
4.071786479289644e-06
4.039310982209378e-06
4.008422845605348e-06
3.979061493475317e-06
3.951170542706683e-06
3.924697505958616e-06
3.899593522083732e-06
3.875813111329086e-06
3.853313952878819e-06
3.832056682582363e-06
3.8120047089587234e-06
3.7931240457836546e-06
3.7753831597567734e-06
3.7587528319133705e-06
3.74320603159383e-06
3.728717801914818e-06
3.7152651558030077e-06
3.702826981755857e-06
3.6913839585867198e-06
3.6809184784945848e-06
3.6714145778734536e-06
3.6628578753436873e-06
3.6552355165487328e-06
3.648536125316148e-06
3.642749760832648e-06
3.637867880529647e-06
3.6338833084189345e-06
3.6307902086584725e-06
3.6285840641660685e-06
3.627261660134459e-06
3.626821072335553e-06
3.627261660134459e-06
3.6285840641660685e-06
3.6307902086584725e-06
3.6338833084189345e-06
3.637867880529647e-06
3.642749760832648e-06
3.648536125316148e-06
3.6552355165487328e-06
3.6628578753436873e-06
3.6714145778734536e-06
3.6809184784945848e-06
3.6913839585867198e-06
3.702826981755857e-06
3.7152651558030077e-06
3.728717801914818e-06
3.74320603159383e-06
3.7587528319133705e-06
3.7753831597567734e-06
3.7931240457836546e-06
3.8120047089587234e-06
3.832056682582363e-06
3.853313952878819e-06
3.875813111329086e-06
3.899593522083732e-06
3.924697505958616e-06
3.951170542706683e-06
3.979061493475317e-06
4.008422845605348e-06
4.039310982209378e-06
4.071786479289644e-06
4.105914433525722e-06
4.141764824288097e-06
4.179412913924519e-06
4.218939690933439e-06
4.260432361296155e-06
4.303984894002923e-06
4.349698627697452e-06
4.397682946402472e-06
4.448056033504723e-06
4.500945714604927e-06
4.556490401518937e-06
4.614840151701118e-06
4.676157859712548e-06
4.74062060015135e-06
4.808421144795225e-06
4.879769680694123e-06
4.954895760739998e-06
5.034050524013157e-06
5.117509230189687e-06
5.205574160780755e-06
5.2985779503282755e-06
5.396887423368727e-06
5.500908028595219e-06
5.611088980966044e-06
5.727929246522179e-06
5.851984534684256e-06
5.983875500503144e-06
6.124297406983488e-06
6.274031558171521e-06
6.433958891192693e-06
6.605076215231465e-06
6.788515714892833e-06
6.985568504521596e-06
7.197713242780578e-06
7.426651112511713e-06
7.674348866992706e-06
7.943092179153677e-06
8.235552261316288e-06
8.554869731456447e-06
8.904761108734422e-06
9.289655306826024e-06
9.714870332538693e-06
1.0186844511294285e-05
1.0713442610410775e-05
1.1304366266114276e-05
1.1971711843208874e-05
1.2730740081038733e-05
1.3600955355710942e-05
1.460764631942169e-05
1.5784128580915036e-05
1.71750803501635e-05
1.884162292637674e-05
2.0869264744351004e-05
2.3380690313108633e-05
2.6557026769601902e-05
3.0674507156576485e-05
3.6170273629139665e-05
4.3765909940738784e-05
5.47112850816591e-05
7.129360719161416e-05
9.796854435271756e-05
0.0001440539079344864
0.00023065541897730253
0.0004100402170559908
0.0008250628571874406
0.0019106200017961305
0.005154204577140251
0.01631691917016196
0.06083981706652207

0.0001643586566075848
0.0009768329040632337
0.004538941101348611
0.016489040479577412
0.046832009257011746
0.10399124256826606
0.1805332971640956
0.2450329170434755
0.26001482852287544
0.2157140199415392
0.13991529676086173
0.07095101186764874
0.02812927630007328
0.008718968209596504
0.002112896381007062
0.0004003113226697285
5.929582540668806e-05
6.8668400816617336e-06
6.217221180161925e-07
4.400907820065961e-08
2.435537361670804e-09
1.0537895560230922e-10
3.5646718269697305e-12
9.427396807179018e-14
1.949263679448614e-15
3.151054856827347e-17
3.982427763256069e-19
3.935015250173417e-21
3.03984543940157e-23
1.8359597465460906e-25
8.6692470117262e-28
3.2004140596181984e-30
9.237140121798508e-33
2.0843731182425282e-35
3.677222977724624e-38
5.071904140453274e-41
5.469261367059443e-44
4.610976292464017e-47
3.039230719718679e-50
1.5661776465179664e-53
6.309935818333458e-57
1.987537961559005e-60
4.8945468816408904e-64
9.423584363068377e-68
1.4184901449807404e-71
1.6693334379493363e-75
1.5359123495508676e-79
1.1048322476466993e-83
6.213450190315842e-88
2.7319696499007437e-92
9.391295140523875e-97
2.5239554105085143e-101
5.303278527712331e-106
8.711917725050069e-111
1.1188958514920787e-115
1.1234975553791263e-120
8.819849403825071e-126
5.413233708911894e-131
2.5975203292219953e-136
9.744682704591975e-142
2.858136854208963e-147
6.553976911585983e-153
1.1749878182989655e-158
1.6469044039011324e-164
1.8047206493705604e-170
1.546173244991132e-176
1.0356497156020193e-182
5.423431963899056e-189
2.220455491782799e-195
7.1074942678411915e-202
1.7786788203272739e-208
3.480047078429002e-215
5.3232795605597065e-222
6.3661959145031876e-229
5.952334026633519e-236
4.3511209853269184e-243
2.4866896906735315e-250
1.111088361116249e-257
3.881344330525034e-265
1.0600401543175501e-272
2.2634402293707967e-280
3.778525124671904e-288
4.931535547125839e-296
5.0320922175184605e-304
4.01440869461e-312
2.504e-320
0.0
0.0
0.0
0.0
0.0
0.0
0.0
0.0
0.0
0.0
0.0
0.0
0.0
0.0
