0.33343659344244375
0.026004775091856218
0.0024120240513159055
0.0002660717727677113
3.49063305680489e-05
5.4462195273750804e-06
1.0105486471958424e-06
2.229594957728477e-07
5.8460616736668736e-08
1.8186321375960128e-08
6.68494423762135e-09
2.879523390624343e-09
1.4339586086141165e-09
8.10594326124583e-10
5.094403173328851e-10
3.487426809756001e-10
2.5536606763758353e-10
1.970626386220821e-10
1.58405372215569e-10
1.3146269997192455e-10
1.1189024004319784e-10
9.717290425543682e-11
8.578246293364112e-11
7.675025761254584e-11
6.943920979218162e-11
6.341653582945707e-11
5.837975153869013e-11
5.4112070859682885e-11
5.045463589408642e-11
4.728871556658465e-11
4.4523991229677685e-11
4.209066315520026e-11
3.993401640267426e-11
3.8010606269663556e-11
3.62855327454663e-11
3.473046129713939e-11
3.332216416102091e-11
3.204143052345083e-11
3.0872242037809464e-11
2.9801141822057556e-11
2.8816746338137294e-11
2.7909364034185157e-11
2.70706946374694e-11
2.6293589995964763e-11
2.5571862339459615e-11
2.4900129400914584e-11
2.4273688429905165e-11
2.3688413030367745e-11
2.314066816235533e-11
2.2627239699584946e-11
2.214527572783122e-11
2.169223737228227e-11
2.1265857404006512e-11
2.0864105232274365e-11
2.0485157166623706e-11
2.0127371049384815e-11
1.9789264530088135e-11
1.946949638838243e-11
1.9166850419790158e-11
1.888022148488243e-11
1.860860339189944e-11
1.835107833902694e-11
1.8106807688214358e-11
1.78750238797201e-11
1.7655023327163047e-11
1.744616015805786e-11
1.7247840685649246e-11
1.7059518515159384e-11
1.6880690201976372e-11
1.6710891391365204e-11
1.6549693379396793e-11
1.639670004330566e-11
1.6251545096679363e-11
1.611388963097594e-11
1.5983419910044308e-11
1.5859845388736064e-11
1.5742896930469518e-11
1.5632325201840603e-11
1.5527899225153925e-11
1.5429405072142568e-11
1.5336644684214202e-11
1.5249434806354048e-11
1.5167606023371945e-11
1.5091001888537102e-11
1.501947813582783e-11
1.495290196806032e-11
1.4891151414070732e-11
1.4834114748926233e-11
1.4781689971848565e-11
1.4733784337161297e-11
1.4690313934129333e-11
1.4651203312058086e-11
1.4616385147465667e-11
1.458579995054427e-11
1.455939580849093e-11
1.4537128163620024e-11
1.4518959624473963e-11
1.4504859808429915e-11
1.4494805214561967e-11
1.4488779125764472e-11
1.4486771539375625e-11
1.4488779125764472e-11
1.4494805214561967e-11
1.4504859808429915e-11
1.4518959624473963e-11
1.4537128163620024e-11
1.455939580849093e-11
1.458579995054427e-11
1.4616385147465667e-11
1.4651203312058086e-11
1.4690313934129333e-11
1.4733784337161297e-11
1.4781689971848565e-11
1.4834114748926233e-11
1.4891151414070732e-11
1.495290196806032e-11
1.501947813582783e-11
1.5091001888537102e-11
1.5167606023371945e-11
1.5249434806354048e-11
1.5336644684214202e-11
1.5429405072142568e-11
1.5527899225153925e-11
1.5632325201840603e-11
1.5742896930469518e-11
1.5859845388736064e-11
1.5983419910044308e-11
1.611388963097594e-11
1.6251545096679363e-11
1.639670004330566e-11
1.6549693379396793e-11
1.6710891391365204e-11
1.6880690201976372e-11
1.7059518515159384e-11
1.7247840685649246e-11
1.744616015805786e-11
1.7655023327163047e-11
1.78750238797201e-11
1.8106807688214358e-11
1.835107833902694e-11
1.860860339189944e-11
1.888022148488243e-11
1.9166850419790158e-11
1.946949638838243e-11
1.9789264530088135e-11
2.0127371049384815e-11
2.0485157166623706e-11
2.0864105232274365e-11
2.1265857404006512e-11
2.169223737228227e-11
2.214527572783122e-11
2.2627239699584946e-11
2.314066816235533e-11
2.3688413030367745e-11
2.4273688429905165e-11
2.4900129400914584e-11
2.5571862339459615e-11
2.6293589995964763e-11
2.70706946374694e-11
2.7909364034185157e-11
2.8816746338137294e-11
2.9801141822057556e-11
3.0872242037809464e-11
3.204143052345083e-11
3.332216416102091e-11
3.473046129713939e-11
3.62855327454663e-11
3.8010606269663556e-11
3.993401640267426e-11
4.209066315520026e-11
4.4523991229677685e-11
4.728871556658465e-11
5.045463589408642e-11
5.4112070859682885e-11
5.837975153869013e-11
6.341653582945707e-11
6.943920979218162e-11
7.675025761254584e-11
8.578246293364112e-11
9.717290425543682e-11
1.1189024004319784e-10
1.3146269997192455e-10
1.58405372215569e-10
1.970626386220821e-10
2.5536606763758353e-10
3.487426809756001e-10
5.094403173328851e-10
8.10594326124583e-10
1.4339586086141165e-09
2.879523390624343e-09
6.68494423762135e-09
1.8186321375960128e-08
5.8460616736668736e-08
2.229594957728477e-07
1.0105486471958424e-06
5.4462195273750804e-06
3.49063305680489e-05
0.0002660717727677113
0.0024120240513159055
0.026004775091856218

6.146140770406727e-10
1.1816535327624946e-08
1.7952958289780306e-07
2.155460634112277e-06
2.0450426926522376e-05
0.0001533284945585727
0.0009084511393284675
0.004253422124511959
0.015737422598499865
0.046013676836690026
0.1063159632737233
0.19411908180975632
0.280089087002296
0.3193613510905889
0.2877575554993944
0.20489403898289285
0.11528959702920716
0.051263603185369405
0.018013012277614673
0.005001747586449894
0.0010975274901887594
0.0001903124728099724
2.607818170714282e-05
2.8238756686268777e-06
2.416417906148132e-07
1.6340175950116287e-08
8.731716398505816e-10
3.687234206398673e-11
1.2304388526627692e-12
3.2447224794824906e-14
6.7616593698697e-16
1.1134923284291567e-17
1.4490366809925456e-19
1.4901491486621174e-21
1.2109837297721345e-23
7.776874434940919e-26
3.9466632814809657e-28
1.5827534649029452e-30
5.0159671112329605e-33
1.2561870069674836e-35
2.4860629624142255e-38
3.88801703746422e-41
4.80509971778152e-44
4.692830408252997e-47
3.621808838683337e-50
2.208891572632826e-53
1.0645877924375858e-56
4.0545884129020587e-60
1.2203103017134004e-63
2.9023647427365005e-67
5.454964283566523e-71
8.101959027941825e-75
9.509252586235597e-79
8.819844608479937e-83
6.464481447968961e-87
3.74424848533929e-91
1.7137751517559922e-95
6.198708732949319e-100
1.7717678955001264e-104
4.0019405746760214e-109
7.143197409386506e-114
1.007564550087197e-118
1.123081607753278e-123
9.892543317500736e-129
6.885933365360579e-134
3.787702672814789e-139
1.6464447234219092e-144
5.6555733365541e-150
1.5351977724049977e-155
3.2931403051308413e-161
5.582315094469324e-167
7.477848608842989e-173
7.915843508311205e-179
6.621798189687399e-185
4.377366311229285e-191
2.2866939944384493e-197
9.439770170237281e-204
3.079448884738443e-210
7.938579315963795e-217
1.6172262663507582e-223
2.603496474897319e-230
3.3120845220231294e-237
3.32969180952106e-244
2.645238737828495e-251
1.6606722162412803e-258
8.238747162507914e-266
3.229956250493392e-273
1.0006686966951728e-280
2.4498652533462967e-288
4.739715690443509e-296
7.246371486440987e-304
8.754817692734e-312
8.3586e-320
0.0
0.0
0.0
0.0
0.0
0.0
0.0
