0.25798360996609665
0.19140882178702262
0.14541117131878234
0.11295253918837926
0.0895811335127153
0.07242680567237406
0.05960470485379822
0.04985486662660175
0.04232054991048512
0.036409580221560746
0.031706184135470175
0.027914035462763255
0.024818898476214508
0.02226376250860835
0.020132055437043703
0.01833615615208073
0.016809430036058753
0.015500637443538044
0.014369960756699768
0.01338614884214959
0.012524441918835498
0.011765047584857883
0.011092010282136912
0.010492364509878643
0.009955494704063662
0.009472647068808196
0.009036554147191588
0.008641143767544494
0.008281311664924178
0.007952742540800282
0.007651768252815576
0.0073752546757307035
0.007120510857788073
0.006885215631673283
0.006667357978805706
0.006465188297852317
0.006277178370070103
0.006101988300574032
0.005938439085840382
0.005785489742777978
0.005642218154864499
0.005507804961898474
0.005381519953559621
0.0052627105319472105
0.00515079189115612
0.005045238627729389
0.004945577548279727
0.004851381482595828
0.004762263944368882
0.004677874509010586
0.004597894800222612
0.004522034995061373
0.004450030772038672
0.004381640638951856
0.004316643587155799
0.004254837027277612
0.004196034968255798
0.004140066407317063
0.004086773903293396
0.004036012309696884
0.00398764764734551
0.0039415560991799894
0.003897623112319321
0.003855742594444603
0.003815816193336953
0.0037777526498758156
0.0037414672160693257
0.0037068811307727624
0.003673921146682568
0.0036425191029953686
0.0036126115388135315
0.003584139342977442
0.0035570474365235498
0.0035312844844180556
0.003506802633608508
0.0034835572747779447
0.0034615068254854513
0.003440612532639182
0.003420838292477922
0.003402150486439697
0.0033845178314742042
0.0033679112435133617
0.0033523037129536627
0.0033376701911275518
0.003323987486850959
0.003311234172231944
0.003299390497012805
0.003288438310796235
0.0032783609925763632
0.0032691433870587435
0.0032607717473104813
0.0032532336833335095
0.0032465181162011233
0.003240615237441008
0.0032355164733875283
0.0032312144542626375
0.003227702987778681
0.0032249770370881025
0.0032230327029349947
0.0032218672098917648
0.0032214788965913605
0.0032218672098917648
0.0032230327029349947
0.0032249770370881025
0.003227702987778681
0.0032312144542626375
0.0032355164733875283
0.003240615237441008
0.0032465181162011233
0.0032532336833335095
0.0032607717473104813
0.0032691433870587435
0.0032783609925763632
0.003288438310796235
0.003299390497012805
0.003311234172231944
0.003323987486850959
0.0033376701911275518
0.0033523037129536627
0.0033679112435133617
0.0033845178314742042
0.003402150486439697
0.003420838292477922
0.003440612532639182
0.0034615068254854513
0.0034835572747779447
0.003506802633608508
0.0035312844844180556
0.0035570474365235498
0.003584139342977442
0.0036126115388135315
0.0036425191029953686
0.003673921146682568
0.0037068811307727624
0.0037414672160693257
0.0037777526498758156
0.003815816193336953
0.003855742594444603
0.003897623112319321
0.0039415560991799894
0.00398764764734551
0.004036012309696884
0.004086773903293396
0.004140066407317063
0.004196034968255798
0.004254837027277612
0.004316643587155799
0.004381640638951856
0.004450030772038672
0.004522034995061373
0.004597894800222612
0.004677874509010586
0.004762263944368882
0.004851381482595828
0.004945577548279727
0.005045238627729389
0.00515079189115612
0.0052627105319472105
0.005381519953559621
0.005507804961898474
0.005642218154864499
0.005785489742777978
0.005938439085840382
0.006101988300574032
0.006277178370070103
0.006465188297852317
0.006667357978805706
0.006885215631673283
0.007120510857788073
0.0073752546757307035
0.007651768252815576
0.007952742540800282
0.008281311664924178
0.008641143767544494
0.009036554147191588
0.009472647068808196
0.009955494704063662
0.010492364509878643
0.011092010282136912
0.011765047584857883
0.012524441918835498
0.01338614884214959
0.014369960756699768
0.015500637443538044
0.016809430036058753
0.01833615615208073
0.020132055437043703
0.02226376250860835
0.024818898476214508
0.027914035462763255
0.031706184135470175
0.036409580221560746
0.04232054991048512
0.04985486662660175
0.05960470485379822
0.07242680567237406
0.0895811335127153
0.11295253918837926
0.14541117131878234
0.19140882178702262

0.14584305385280052
0.5373571536772035
0.507941093091132
0.12317900526592572
0.007663604169368019
0.0001223214065990439
5.00892924459111e-07
5.262115259203366e-10
1.4182371098071622e-13
9.806417128526442e-18
1.739582015803926e-22
7.916851245924e-28
9.243428569874282e-34
2.76876899599558e-40
2.127714660159292e-47
4.194817563319347e-55
2.1217089017114178e-63
2.7531606158517557e-72
9.165376865970842e-82
7.827843513170724e-92
1.715169210728954e-102
9.641505158564617e-114
1.3904511414069123e-125
5.144458367498924e-138
4.883111151718868e-151
1.1891224874113957e-164
7.428987082832998e-179
1.1907090194793435e-193
4.896149977738598e-209
5.165077124623201e-225
1.3978865877912387e-241
9.70599569352749e-259
1.7289454043831685e-276
7.90124437102161e-295
9.26366278e-314
0.0
0.0
0.0
0.0
0.0
0.0
0.0
0.0
0.0
0.0
0.0
0.0
0.0
0.0
0.0
0.0
0.0
0.0
0.0
0.0
0.0
0.0
0.0
0.0
0.0
0.0
0.0
0.0
0.0
0.0
0.0
0.0
0.0
0.0
0.0
0.0
0.0
0.0
0.0
0.0
0.0
0.0
0.0
0.0
0.0
0.0
0.0
0.0
0.0
0.0
0.0
0.0
0.0
0.0
0.0
0.0
0.0
0.0
0.0
0.0
0.0
0.0
0.0
0.0
0.0
