0.821613115620559
0.14005605413395641
0.050981979420782204
0.024772958706976805
0.014704207969128715
0.00997600932342956
0.00738645564984775
0.005801530457021598
0.004750689787124073
0.004011408577995481
0.0034671395410043136
0.0030518292748219398
0.0027256429045152655
0.002463320243204473
0.002248163645897921
0.0020687421219663794
0.0019169925418327284
0.0017870785911235942
0.0016746797143829784
0.0015765337271856036
0.0014901342589215116
0.001413525585613198
0.0013451603863493273
0.0012837991434196416
0.0012284377061533773
0.0011782542789927893
0.0011325700471325037
0.0010908195339046122
0.0010525280068761054
0.0010172940596312398
0.0009847760421145785
0.0009546813862232019
0.0009267581331057654
0.000900788151627133
0.0008765816680252322
0.0008539728210542062
0.0008328160257241013
0.0008129829795065921
0.0007943601826819458
0.0007768468729183184
0.0007603532957169044
0.0007447992488207895
0.0007301128513651977
0.0007162294983829294
0.0007030909689613621
0.000690644662387012
0.0006788429413910625
0.0006676425654104522
0.0006570041998205158
0.000646891989541591
0.0006372731873998977
0.0006281178292298127
0.0006193984490161279
0.0006110898284499954
0.0006031687761574177
0.0005956139325908386
0.0005884055971816143
0.0005815255748569726
0.0005749570394479411
0.0005686844118694801
0.0005626932512526722
0.0005569701574609649
0.0005515026836360704
0.0005462792576005852
0.0005412891110990198
0.0005365222159910545
0.0005319692266240201
0.0005276214277088564
0.0005234706871075296
0.0005195094130121964
0.0005157305150589655
0.000512127368973379
0.0005086937843919308
0.0005054239755450421
0.0005023125345228295
0.0004993544068764176
0.0004965448693351052
0.0004938795094439103
0.0004913542069473453
0.0004889651167640945
0.00048670865341390396
0.0004845814767727433
0.0004825804790453962
0.00048070277285628435
0.00047894568036973146
0.0004773067233601626
0.0004757836141610665
0.0004743742474290304
0.000473076692665904
0.00047188918744823843
0.00047081013131868146
0.000469838080299027
0.00046897174198922423
0.0004682099712208541
0.000467551766237475
0.00046699626537783414
0.0004665427442413001
0.00046619061331801926
0.00046593941606927014
0.0004657888274463219
0.0004657386528388163
0.0004657888274463219
0.00046593941606927014
0.00046619061331801926
0.0004665427442413001
0.00046699626537783414
0.000467551766237475
0.0004682099712208541
0.00046897174198922423
0.000469838080299027
0.00047081013131868146
0.00047188918744823843
0.000473076692665904
0.0004743742474290304
0.0004757836141610665
0.0004773067233601626
0.00047894568036973146
0.00048070277285628435
0.0004825804790453962
0.0004845814767727433
0.00048670865341390396
0.0004889651167640945
0.0004913542069473453
0.0004938795094439103
0.0004965448693351052
0.0004993544068764176
0.0005023125345228295
0.0005054239755450421
0.0005086937843919308
0.000512127368973379
0.0005157305150589655
0.0005195094130121964
0.0005234706871075296
0.0005276214277088564
0.0005319692266240201
0.0005365222159910545
0.0005412891110990198
0.0005462792576005852
0.0005515026836360704
0.0005569701574609649
0.0005626932512526722
0.0005686844118694801
0.0005749570394479411
0.0005815255748569726
0.0005884055971816143
0.0005956139325908386
0.0006031687761574177
0.0006110898284499954
0.0006193984490161279
0.0006281178292298127
0.0006372731873998977
0.000646891989541591
0.0006570041998205158
0.0006676425654104522
0.0006788429413910625
0.000690644662387012
0.0007030909689613621
0.0007162294983829294
0.0007301128513651977
0.0007447992488207895
0.0007603532957169044
0.0007768468729183184
0.0007943601826819458
0.0008129829795065921
0.0008328160257241013
0.0008539728210542062
0.0008765816680252322
0.000900788151627133
0.0009267581331057654
0.0009546813862232019
0.0009847760421145785
0.0010172940596312398
0.0010525280068761054
0.0010908195339046122
0.0011325700471325037
0.0011782542789927893
0.0012284377061533773
0.0012837991434196416
0.0013451603863493273
0.001413525585613198
0.0014901342589215116
0.0015765337271856036
0.0016746797143829784
0.0017870785911235942
0.0019169925418327284
0.0020687421219663794
0.002248163645897921
0.002463320243204473
0.0027256429045152655
0.0030518292748219398
0.0034671395410043136
0.004011408577995481
0.004750689787124073
0.005801530457021598
0.00738645564984775
0.00997600932342956
0.014704207969128715
0.024772958706976805
0.050981979420782204
0.14005605413395641

0.022425962995742635
0.044761546531070937
0.07889626603796067
0.12280193428888575
0.16879282237398907
0.20515100273929263
0.23473292522542372
0.3800631218777083
0.5763773624397718
0.321684954074334
0.10280546108707192
0.048901544500227795
0.025602202491915797
0.013959415854560906
0.011411220128129047
0.01669733586022472
0.030073070518902168
0.05254141276129836
0.08425639093691706
0.12284644906835925
0.16260348159200025
0.19534634731564707
0.21299738805807572
0.21078255942431734
0.18931550588556859
0.15432233133941914
0.11417274323759258
0.07666323950693109
0.046720014449976935
0.02584103119231703
0.012972025167296173
0.0059101267547198855
0.0024438631251451673
0.0009171661801609025
0.00031239944674649135
9.65747406506448e-05
2.7096170438365484e-05
6.8999088042512985e-06
1.5946664471314442e-06
3.344933073206621e-07
6.367897720420908e-08
1.1002611953898124e-08
1.7253872473552647e-09
2.455661162314387e-10
3.1720598285799565e-11
3.718821805177604e-12
3.956948864760935e-13
3.8212599061099954e-14
3.3492208613670303e-15
2.664232170792924e-16
1.9234965826195307e-17
1.2603809789885597e-18
7.495547008397261e-20
4.045720670630419e-21
1.9818899118933948e-22
8.811588959908044e-24
3.5556581786749373e-25
1.3021974710165195e-26
4.328373823817727e-28
1.305761161260227e-29
3.575146164491173e-31
8.884130465615782e-33
2.0036742814036745e-34
4.101383597837127e-36
7.619469364351059e-38
1.2847248795779744e-39
1.9660140285797983e-41
2.730575320635394e-43
3.4420151645104903e-45
3.937879916988879e-47
4.088869294372511e-49
3.8533198349205064e-51
3.295778060762759e-53
2.5584205173417464e-55
1.8025070438200387e-57
1.1525853156915645e-59
6.68898565167035e-62
3.523209894267528e-64
1.6842549791310951e-66
7.307490061158738e-69
2.8775289206610376e-71
1.0284003872309658e-73
3.335767984932358e-76
9.820204037888219e-79
2.6238334051664824e-81
6.362723824178305e-84
1.4003640704548664e-86
2.797241200280955e-89
5.071190715020762e-92
8.344129608907627e-95
1.2460722072933528e-97
1.6888708822822648e-100
2.077498683044286e-103
2.319402583736451e-106
2.350187902980266e-109
2.1613251486592507e-112
1.8039674522506555e-115
1.3665589121076618e-118
9.395482552768403e-122
5.862743481294541e-125
