0.6242103708065129
0.0875323595029947
0.021016379324288667
0.005890064758243054
0.0017400198788055674
0.0005307669771965643
0.00016638531465949403
5.351691816424257e-05
1.764438206004584e-05
5.957850505503344e-06
2.05873446063564e-06
7.275467453511882e-07
2.6285762381081077e-07
9.711271591243001e-08
3.673765855887689e-08
1.42794980007262e-08
5.750985075198431e-09
2.4370554836564373e-09
1.1168299690011947e-09
5.745723858937897e-10
3.4259839237571473e-10
2.3747657353096744e-10
1.8579185302281893e-10
1.5750850429879332e-10
1.4002627619658656e-10
1.2789656412388906e-10
1.1867049310078344e-10
1.1119022203472978e-10
1.0487111839772449e-10
9.939320523507217e-11
9.456495301620514e-11
9.026118735552685e-11
8.639363314817045e-11
8.289623244024013e-11
7.971737581195444e-11
7.681550267216671e-11
7.415642554574001e-11
7.171158846982622e-11
6.945686435977865e-11
6.737168392859552e-11
6.54383811921029e-11
6.364168802620752e-11
6.196833575078765e-11
6.040673615772578e-11
5.894672302709251e-11
5.757934060252923e-11
5.629666907653972e-11
5.509167959580046e-11
5.395811304417176e-11
5.289037813689008e-11
5.188346531101487e-11
5.093287361918601e-11
5.0034548389103947e-11
4.918482784316348e-11
4.838039721194135e-11
4.7618249143841044e-11
4.689564942737756e-11
4.6210107214461164e-11
4.555934907177171e-11
4.4941296299896374e-11
4.4354045051719354e-11
4.379584885678392e-11
4.3265103220263385e-11
4.276033201634818e-11
4.228017543831705e-11
4.182337930292634e-11
4.1388785536317267e-11
4.0975323693444925e-11
4.0582003383910074e-11
4.0207907494707117e-11
3.9852186115337456e-11
3.9514051083428274e-11
3.919277107981317e-11
3.88876672112733e-11
3.8598109027059076e-11
3.8323510922118755e-11
3.806332888582415e-11
3.78170575600488e-11
3.7584227574839064e-11
3.736440313372693e-11
3.715717982404493e-11
3.6962182630495074e-11
3.677906413275007e-11
3.66075028700812e-11
3.644720185795449e-11
3.6297887243252546e-11
3.6159307086295406e-11
3.603123025917729e-11
3.591344545112951e-11
3.580576027268413e-11
3.570800045136516e-11
3.562000911248908e-11
3.5541646139427e-11
3.5472787608380007e-11
3.541332529335458e-11
3.5363166237607586e-11
3.5322232388367136e-11
3.529046029213423e-11
3.5267800848334957e-11
3.525421911953453e-11
3.524969419684152e-11
3.525421911953453e-11
3.5267800848334957e-11
3.529046029213423e-11
3.5322232388367136e-11
3.5363166237607586e-11
3.541332529335458e-11
3.5472787608380007e-11
3.5541646139427e-11
3.562000911248908e-11
3.570800045136516e-11
3.580576027268413e-11
3.591344545112951e-11
3.603123025917729e-11
3.6159307086295406e-11
3.6297887243252546e-11
3.644720185795449e-11
3.66075028700812e-11
3.677906413275007e-11
3.6962182630495074e-11
3.715717982404493e-11
3.736440313372693e-11
3.7584227574839064e-11
3.78170575600488e-11
3.806332888582415e-11
3.8323510922118755e-11
3.8598109027059076e-11
3.88876672112733e-11
3.919277107981317e-11
3.9514051083428274e-11
3.9852186115337456e-11
4.0207907494707117e-11
4.0582003383910074e-11
4.0975323693444925e-11
4.1388785536317267e-11
4.182337930292634e-11
4.228017543831705e-11
4.276033201634818e-11
4.3265103220263385e-11
4.379584885678392e-11
4.4354045051719354e-11
4.4941296299896374e-11
4.555934907177171e-11
4.6210107214461164e-11
4.689564942737756e-11
4.7618249143841044e-11
4.838039721194135e-11
4.918482784316348e-11
5.0034548389103947e-11
5.093287361918601e-11
5.188346531101487e-11
5.289037813689008e-11
5.395811304417176e-11
5.509167959580046e-11
5.629666907653972e-11
5.757934060252923e-11
5.894672302709251e-11
6.040673615772578e-11
6.196833575078765e-11
6.364168802620752e-11
6.54383811921029e-11
6.737168392859552e-11
6.945686435977865e-11
7.171158846982622e-11
7.415642554574001e-11
7.681550267216671e-11
7.971737581195444e-11
8.289623244024013e-11
8.639363314817045e-11
9.026118735552685e-11
9.456495301620514e-11
9.939320523507217e-11
1.0487111839772449e-10
1.1119022203472978e-10
1.1867049310078344e-10
1.2789656412388906e-10
1.4002627619658656e-10
1.5750850429879332e-10
1.8579185302281893e-10
2.3747657353096744e-10
3.4259839237571473e-10
5.745723858937897e-10
1.1168299690011947e-09
2.4370554836564373e-09
5.750985075198431e-09
1.42794980007262e-08
3.673765855887689e-08
9.711271591243001e-08
2.6285762381081077e-07
7.275467453511882e-07
2.05873446063564e-06
5.957850505503344e-06
1.764438206004584e-05
5.351691816424257e-05
0.00016638531465949403
0.0005307669771965643
0.0017400198788055674
0.005890064758243054
0.021016379324288667
0.0875323595029947

1.5546109685244548e-09
1.5755805931208524e-08
1.4253457738198534e-07
1.5740184322179148e-05
0.004420658014092295
0.13892902912099583
0.4748501394824745
0.6688463381538877
0.028897672892445617
0.007855429624082007
0.02052111750200878
0.04626194324196611
0.0897362372208231
0.14977273927171916
0.21508921043216256
0.26578190640096244
0.2825876211777455
0.25852454911110545
0.2035032641538425
0.13783575972662773
0.08032918551574074
0.04028151138646025
0.01738037270714078
0.006452579259472565
0.0020612399201717572
0.0005665583914317609
0.00013399288632922994
2.726714971580213e-05
4.7743986384134045e-06
7.193140561195724e-07
9.32479624197382e-08
1.0401143518994801e-08
9.98260212139261e-10
8.2437985175644e-11
5.8577645373704465e-12
3.581437582078765e-13
1.884099338790045e-14
8.528470315498815e-16
3.3216924674531625e-17
1.1131883063885006e-18
3.2099538164357975e-20
7.9643413743054e-22
1.7002856291573336e-23
3.123308160787167e-25
4.9366089038864346e-27
6.71372491804939e-29
7.856322413874935e-31
7.910355246453487e-33
6.85320324368517e-35
5.108720822240929e-37
3.276813040689702e-39
1.808473256244927e-41
8.588028019640383e-44
3.5091000361454164e-46
1.233726746084346e-48
3.732184846913705e-51
9.714674305945566e-54
2.175776487558242e-56
4.192965103537741e-59
6.952630529396214e-62
9.919687452657514e-65
1.2177769816511021e-67
1.2863479754389294e-70
1.1691496616598548e-73
9.143293982390697e-77
6.152564760534292e-80
3.562301207205719e-83
1.774704362630637e-86
7.607506466679107e-90
2.8059477387270543e-93
8.905078663395399e-97
2.431738534358859e-100
5.71369334486728e-104
1.1551487529376879e-107
2.009462165612878e-111
3.0077565981269097e-115
3.873704402325676e-119
4.292706545477804e-123
4.093142442820314e-127
3.3581759796125427e-131
2.370669311169364e-135
1.4399898767807073e-139
7.52608007461112e-144
3.384536210906026e-148
1.3096354720261421e-152
4.360362829046894e-157
1.249153365314535e-161
3.07914279952573e-166
6.530776673721158e-171
1.191847719592784e-175
1.8715336551728185e-180
2.528689162118484e-185
2.939775644578695e-190
2.9407212671234572e-195
2.5311301185180978e-200
1.8745456253718542e-205
1.194533939446302e-210
6.549707510967894e-216
3.090055311785474e-221
1.2543869723235626e-226
