1.2384236480034587
0.19467068201130722
0.08847025167188277
0.06160826131537747
0.04804517012155561
0.039345169721481395
0.0332564372363895
0.028775997024532207
0.02535533599122125
0.02266642895755205
0.020501835125381934
0.018724596236482056
0.017241001949969484
0.01598495752886055
0.01490861192911155
0.013976527043943535
0.01316193116790884
0.012444242372505262
0.011807389658472887
0.011238649107188617
0.010727820683297057
0.010266635356478832
0.009848321059756379
0.009467280173759645
0.009118846610974188
0.008799100570416697
0.008504725652780489
0.008232897486546579
0.007981196069731357
0.007747536154449023
0.007530111496919156
0.007327349862739415
0.007137876447925433
0.006960483938988809
0.006794107850560238
0.0066378060884411064
0.00649074191858821
0.006352169698955926
0.006221422866005277
0.006097903771610755
0.005981075046742331
0.0058704522313149125
0.005765597459156013
0.00566611402625914
0.005571641701705885
0.005481852665625322
0.005396447978664949
0.005315154503708437
0.005237722213790816
0.005163921830951749
0.005093542749616219
0.0050263912053798
0.004962288656101953
0.004901070347213796
0.004842584037315558
0.004786688863625249
0.004733254329765714
0.004682159400840571
0.004633291692830279
0.00458654674510261
0.004541827366330092
0.0044990430453839755
0.0044581094198656605
0.004418947795871849
0.004381484713393278
0.004345651552439147
0.004311384175577078
0.004278622603095827
0.004247310717446852
0.004217395994011063
0.004188829255577269
0.004161564448215779
0.004135558436490562
0.004110770816181311
0.004087163742886991
0.004064701775058822
0.004043351730166165
0.0040230825528363
0.004003865193930802
0.003985672499629296
0.003968479109687407
0.003952261364121286
0.003936997217647486
0.003922666161275269
0.003909249150509662
0.0038967285396786597
0.003885088021947442
0.0038743125746272936
0.0038643884094273885
0.003855302927334394
0.003847044677838323
0.0038396033222537654
0.003832969600913608
0.003827135304038388
0.0038220932461082526
0.0038178372435869116
0.00381436209586776
0.003811663569332009
0.003809738384427299
0.0038085842056929816
0.0038081996346753973
0.0038085842056929816
0.003809738384427299
0.003811663569332009
0.00381436209586776
0.0038178372435869116
0.0038220932461082526
0.003827135304038388
0.003832969600913608
0.0038396033222537654
0.003847044677838323
0.003855302927334394
0.0038643884094273885
0.0038743125746272936
0.003885088021947442
0.0038967285396786597
0.003909249150509662
0.003922666161275269
0.003936997217647486
0.003952261364121286
0.003968479109687407
0.003985672499629296
0.004003865193930802
0.0040230825528363
0.004043351730166165
0.004064701775058822
0.004087163742886991
0.004110770816181311
0.004135558436490562
0.004161564448215779
0.004188829255577269
0.004217395994011063
0.004247310717446852
0.004278622603095827
0.004311384175577078
0.004345651552439147
0.004381484713393278
0.004418947795871849
0.0044581094198656605
0.0044990430453839755
0.004541827366330092
0.00458654674510261
0.004633291692830279
0.004682159400840571
0.004733254329765714
0.004786688863625249
0.004842584037315558
0.004901070347213796
0.004962288656101953
0.0050263912053798
0.005093542749616219
0.005163921830951749
0.005237722213790816
0.005315154503708437
0.005396447978664949
0.005481852665625322
0.005571641701705885
0.00566611402625914
0.005765597459156013
0.0058704522313149125
0.005981075046742331
0.006097903771610755
0.006221422866005277
0.006352169698955926
0.00649074191858821
0.0066378060884411064
0.006794107850560238
0.006960483938988809
0.007137876447925433
0.007327349862739415
0.007530111496919156
0.007747536154449023
0.007981196069731357
0.008232897486546579
0.008504725652780489
0.008799100570416697
0.009118846610974188
0.009467280173759645
0.009848321059756379
0.010266635356478832
0.010727820683297057
0.011238649107188617
0.011807389658472887
0.012444242372505262
0.01316193116790884
0.013976527043943535
0.01490861192911155
0.01598495752886055
0.017241001949969484
0.018724596236482056
0.020501835125381934
0.02266642895755205
0.02535533599122125
0.028775997024532207
0.0332564372363895
0.039345169721481395
0.04804517012155561
0.06160826131537747
0.08847025167188277
0.19467068201130722

0.1894138187791617
0.20067500902198074
0.19113322416198508
0.16365917234381666
0.125981271853169
0.08718431374547848
0.054257120121313264
0.030582731923143498
0.019457354895529837
0.05747624983321271
0.2930337224843465
0.730724086627108
0.8715209570200491
0.7231210393549617
0.7066636456623516
0.6995796885322707
0.546865029118687
0.3223281983826437
0.14278178992866616
0.047528414413703556
0.011888821036130136
0.0022347511787455714
0.00031566357663839794
3.350616172980182e-05
2.6725743557825385e-06
1.6019163130464866e-07
7.215306220883292e-09
2.44216298192285e-10
6.2115431578540494e-12
1.1872154786157374e-13
1.7051617104345093e-15
1.8403963952739168e-17
1.492753048523643e-19
9.101875126011854e-22
4.181798973542823e-24
1.4778465060965798e-26
4.8301702779353407e-29
3.293642275690098e-31
5.410204072645912e-33
9.84467120782909e-35
1.638654981112696e-36
2.4546833909157124e-38
3.3058862187540697e-40
4.002603368394684e-42
4.3567085535467614e-44
4.26320016894171e-46
3.7503707587696254e-48
2.9660191218654554e-50
2.1087978619924994e-52
1.347898599013551e-54
7.745344772838913e-57
4.001156609118773e-59
1.8581963796880043e-61
7.758163574366674e-64
2.9119741668372976e-66
9.82601373698525e-69
2.9807700872443097e-71
8.129069844225037e-74
1.9930330196335172e-76
4.3928805701346565e-79
8.704534716856153e-82
1.550611464406968e-84
2.4832570821015757e-87
3.575210673119849e-90
4.627461955289245e-93
5.384499474402832e-96
5.632602248679887e-99
5.297050249714881e-102
4.478374051313537e-105
3.4038302999110533e-108
2.325823200778205e-111
1.4287188023496487e-114
7.890019658594097e-118
3.9171542508888065e-121
1.7483344908170424e-124
7.015193267872409e-128
2.5305563850132844e-131
8.206418487592073e-135
2.3925034073293382e-138
6.270652484165119e-142
1.4775227089310505e-145
3.129801967797185e-149
5.960199782566155e-153
1.020389635388186e-156
1.5704804092754213e-160
2.1730027259893393e-164
2.7030201445521343e-168
3.022731395566744e-172
3.0388628128380463e-176
2.74652714520539e-180
2.2316082593285686e-184
1.6300963980063585e-188
1.0704586077085482e-192
6.319572971992871e-197
3.3540292874931096e-201
1.6003214685896798e-205
6.864499465773442e-210
2.647108746375077e-214
9.17689903818207e-219
2.860101118124638e-223
