0.057103213167873944
0.036978765696353666
0.02643525171366655
0.02024238211973809
0.016275049044967505
0.013559048867398147
0.011601623892983661
0.010132689199847042
0.008994113483507909
0.008088116064114668
0.007351412176232787
0.006741437283298537
0.006228610647820818
0.005791789060629597
0.005415488117585101
0.005088124521984339
0.004800870191780133
0.004546885028148904
0.004320790888771366
0.004118303207696707
0.0039359680553178195
0.003770971203990935
0.003620997302596964
0.0034841245251500744
0.0033587447290620593
0.0032435022225658005
0.0031372462875571133
0.003038993994426278
0.0029479008045296693
0.0028632371270626124
0.002784369472961873
0.002710745190074321
0.0026418800118904757
0.002577347834218724
0.002516772269170846
0.002459819626865353
0.002406193051548316
0.002355627596924181
0.0023078860700730575
0.0022627555078032074
0.0022200441761293845
0.0021795790046083394
0.002141203383860542
0.002104775267779258
0.0020701655324414
0.002037256552171643
0.002005940960017398
0.0019761205654099
0.001947705406281064
0.0019206129165832456
0.001894767193181206
0.0018700983485794593
0.0018465419380144354
0.0018240384511593113
0.0018025328601238184
0.0017819742166329468
0.0017623152922785071
0.0017435122565892225
0.0017255243883855878
0.0017083138164971166
0.0016918452864399397
0.0016760859500967447
0.001661005175821119
0.0016465743767143904
0.0016327668551036076
0.0016195576614912097
0.0016069234664560625
0.0015948424441667637
0.001583294166325505
0.0015722595054977707
0.001561720546902647
0.0015516605078429858
0.0015420636640461611
0.00153291528226647
0.0015242015585708718
0.0015159095617919996
0.0015080271816873317
0.001500543081392033
0.001493446653796065
0.0014867279815144164
0.0014803778001533786
0.001474387464606118
0.0014687489181379248
0.0014634546640457922
0.0014584977396987478
0.0014538716927849445
0.0014495705596091575
0.0014455888453002725
0.0014419215058028112
0.0014385639315396437
0.0014355119326449996
0.0014327617256778594
0.0014303099217358116
0.0014281535158987542
0.0014262898779403906
0.0014247167442534461
0.0014234322109420254
0.0014224347280415517
0.0014217230948334297
0.0014212964562279212
0.0014211543001948798
0.0014212964562279212
0.0014217230948334297
0.0014224347280415517
0.0014234322109420254
0.0014247167442534461
0.0014262898779403906
0.0014281535158987542
0.0014303099217358116
0.0014327617256778594
0.0014355119326449996
0.0014385639315396437
0.0014419215058028112
0.0014455888453002725
0.0014495705596091575
0.0014538716927849445
0.0014584977396987478
0.0014634546640457922
0.0014687489181379248
0.001474387464606118
0.0014803778001533786
0.0014867279815144164
0.001493446653796065
0.001500543081392033
0.0015080271816873317
0.0015159095617919996
0.0015242015585708718
0.00153291528226647
0.0015420636640461611
0.0015516605078429858
0.001561720546902647
0.0015722595054977707
0.001583294166325505
0.0015948424441667637
0.0016069234664560625
0.0016195576614912097
0.0016327668551036076
0.0016465743767143904
0.001661005175821119
0.0016760859500967447
0.0016918452864399397
0.0017083138164971166
0.0017255243883855878
0.0017435122565892225
0.0017623152922785071
0.0017819742166329468
0.0018025328601238184
0.0018240384511593113
0.0018465419380144354
0.0018700983485794593
0.001894767193181206
0.0019206129165832456
0.001947705406281064
0.0019761205654099
0.002005940960017398
0.002037256552171643
0.0020701655324414
0.002104775267779258
0.002141203383860542
0.0021795790046083394
0.0022200441761293845
0.0022627555078032074
0.0023078860700730575
0.002355627596924181
0.002406193051548316
0.002459819626865353
0.002516772269170846
0.002577347834218724
0.0026418800118904757
0.002710745190074321
0.002784369472961873
0.0028632371270626124
0.0029479008045296693
0.003038993994426278
0.0031372462875571133
0.0032435022225658005
0.0033587447290620593
0.0034841245251500744
0.003620997302596964
0.003770971203990935
0.0039359680553178195
0.004118303207696707
0.004320790888771366
0.004546885028148904
0.004800870191780133
0.005088124521984339
0.005415488117585101
0.005791789060629597
0.006228610647820818
0.006741437283298537
0.007351412176232787
0.008088116064114668
0.008994113483507909
0.010132689199847042
0.011601623892983661
0.013559048867398147
0.016275049044967505
0.02024238211973809
0.02643525171366655
0.036978765696353666

0.07102286703931367
0.06831691601445927
0.05897377679607629
0.04568675010252614
0.0317630519958565
0.019817771681700243
0.011096551963601054
0.005575989115084642
0.0025145276692002103
0.0010176338762270388
0.00036959605616355875
0.00012046579091861701
3.52371503730917e-05
9.249930266986116e-06
2.179098055267903e-06
4.606973593962021e-07
8.740883025485892e-08
1.4883172973036366e-08
2.2742404803335203e-09
3.118730713589186e-10
3.838132863797705e-11
4.238993662472383e-12
4.2015173906830725e-13
3.737233207751851e-14
2.983285850878634e-15
2.1371754315523948e-16
1.373998039723156e-17
7.927434980749558e-19
4.1046856190730204e-20
1.9073383733388927e-21
7.95382860720711e-23
2.9766333679795773e-24
9.997124458440628e-26
3.013182852798576e-27
8.150354733535567e-29
1.9784640837407206e-30
4.310031711615488e-32
8.426231679881805e-34
1.478383006213317e-35
2.3277758761418843e-37
3.289243308618494e-39
4.171108357483472e-41
4.746872642862417e-43
4.848019110452118e-45
4.443464366847723e-47
3.654935489761497e-49
2.697977761701462e-51
1.7873008041894223e-53
1.0625700520139907e-55
5.669152340889696e-58
2.714434203394654e-60
1.1663829056594246e-62
4.497835921542292e-65
1.5565630130824372e-67
4.8342648506236194e-70
1.3473946201484804e-72
3.370232120575209e-75
7.565287784571084e-78
1.5240237278085359e-80
2.7552349544926635e-83
4.470192091126981e-86
6.508701696692865e-89
8.504781979424972e-92
9.973156582381356e-95
1.0495490162888556e-97
9.912277448882215e-101
8.401267417961301e-104
6.390234616027901e-107
4.362037889403592e-110
2.672161480064801e-113
1.4690500771506038e-116
7.247882379659494e-120
3.209122599398425e-123
1.27515246996715e-126
4.547142447273298e-130
1.4551763839045172e-133
4.1792018921593086e-137
1.0771388775537481e-140
2.4914414540875122e-144
5.171664063589239e-148
9.634086968932339e-152
1.6106139406344238e-155
2.41642311034527e-159
3.253532451895391e-163
3.93131588015678e-167
4.263059300935545e-171
4.148637060185917e-175
3.6231819726263844e-179
2.8397197797869477e-183
1.9973835170540036e-187
1.2608054349607965e-191
7.142254450925564e-196
3.6309745086218624e-200
1.6565773421577345e-204
6.782672840191222e-209
2.4922445647777617e-213
8.218282786699597e-218
2.4320479880517827e-222
6.458978433254915e-227
1.5394165963038215e-231
