0.23921066240078442
0.058425419334651736
0.014458608820813526
0.0036253884207313493
0.0009210558049524573
0.0002370940799904918
6.183848509522445e-05
1.6341816848374834e-05
4.375676447165947e-06
1.1871167398728985e-06
3.263210033201617e-07
9.088663003707425e-08
2.564828570104177e-08
7.348222989164749e-09
2.1327413150553822e-09
6.266588707687404e-10
1.8642669662402668e-10
5.6161438617118664e-11
1.7135663311334348e-11
5.2963249709954105e-12
1.6585488435408824e-12
5.26278548328349e-13
1.6922830196927117e-13
5.514662533084325e-14
1.8211973779282414e-14
6.095077066129299e-15
2.067141037752707e-15
7.104131548330077e-16
2.473905455593977e-16
8.729111475379745e-17
3.1207516086590764e-17
1.1304261747976925e-17
4.148725023959915e-18
1.5426785033227653e-18
5.812002262662087e-19
2.21854545573691e-19
8.580375759293753e-20
3.362349451258836e-20
1.3349980286089476e-20
5.370585402282414e-21
2.1891076841611673e-21
9.041026478009515e-22
3.783324449297766e-22
1.6041110497621267e-22
6.891279298405063e-23
2.99964167685487e-23
1.0158362972192236e-23
5.911792146402932e-24
2.6766951148117164e-24
1.2279531073740411e-24
5.707787965805906e-25
2.6881726582612606e-25
1.2827732279187557e-25
6.202204938170894e-26
3.038406547124227e-26
1.5081661584991193e-26
7.585006901778055e-27
3.865148319098356e-27
1.995628298652306e-27
1.043990103061259e-27
5.533708983589091e-28
2.971936093102443e-28
1.6172079851537633e-28
8.916524612620753e-29
4.981139922292213e-29
2.8194559937248473e-29
1.6169827604174305e-29
9.396129083610704e-30
5.53217742153166e-30
3.300249803859645e-30
1.99480854859504e-30
1.2216857914355915e-30
7.580922894756961e-31
4.766389020869546e-31
3.0364259226077738e-31
1.9599417937484235e-31
1.2818381939980742e-31
8.494469107927211e-32
5.70371025540912e-32
3.8806506610766224e-32
2.675400653043566e-32
1.8690748909782404e-32
1.323249357940828e-32
9.494390451497115e-33
6.90477335110402e-33
5.090411950732875e-33
3.815102648159263e-33
2.8847177146858037e-33
2.2188263659982804e-33
1.7323191129733637e-33
1.3736527913622996e-33
1.1071262182487793e-33
9.077987740929058e-34
7.581135512175194e-34
6.4563509198515105e-34
5.615230600142724e-34
4.994969792361416e-34
4.551327058117652e-34
4.253865811098665e-34
4.082794507681573e-34
4.02736708010817e-34
4.082794507681573e-34
4.253865811098665e-34
4.551327058117652e-34
4.994969792361416e-34
5.615230600142724e-34
6.4563509198515105e-34
7.581135512175194e-34
9.077987740929058e-34
1.1071262182487793e-33
1.3736527913622996e-33
1.7323191129733637e-33
2.2188263659982804e-33
2.8847177146858037e-33
3.815102648159263e-33
5.090411950732875e-33
6.90477335110402e-33
9.494390451497115e-33
1.323249357940828e-32
1.8690748909782404e-32
2.675400653043566e-32
3.8806506610766224e-32
5.70371025540912e-32
8.494469107927211e-32
1.2818381939980742e-31
1.9599417937484235e-31
3.0364259226077738e-31
4.766389020869546e-31
7.580922894756961e-31
1.2216857914355915e-30
1.99480854859504e-30
3.300249803859645e-30
5.53217742153166e-30
9.396129083610704e-30
1.6169827604174305e-29
2.8194559937248473e-29
4.981139922292213e-29
8.916524612620753e-29
1.6172079851537633e-28
2.971936093102443e-28
5.533708983589091e-28
1.043990103061259e-27
1.995628298652306e-27
3.865148319098356e-27
7.585006901778055e-27
1.5081661584991193e-26
3.038406547124227e-26
6.202204938170894e-26
1.2827732279187557e-25
2.6881726582612606e-25
5.707787965805906e-25
1.2279531073740411e-24
2.6766951148117164e-24
5.911792146402932e-24
1.0158362972192236e-23
2.99964167685487e-23
6.891279298405063e-23
1.6041110497621267e-22
3.783324449297766e-22
9.041026478009515e-22
2.1891076841611673e-21
5.370585402282414e-21
1.3349980286089476e-20
3.362349451258836e-20
8.580375759293753e-20
2.21854545573691e-19
5.812002262662087e-19
1.5426785033227653e-18
4.148725023959915e-18
1.1304261747976925e-17
3.1207516086590764e-17
8.729111475379745e-17
2.473905455593977e-16
7.104131548330077e-16
2.067141037752707e-15
6.095077066129299e-15
1.8211973779282414e-14
5.514662533084325e-14
1.6922830196927117e-13
5.26278548328349e-13
1.6585488435408824e-12
5.2963249709954105e-12
1.7135663311334348e-11
5.6161438617118664e-11
1.8642669662402668e-10
6.266588707687404e-10
2.1327413150553822e-09
7.348222989164749e-09
2.564828570104177e-08
9.088663003707425e-08
3.263210033201617e-07
1.1871167398728985e-06
4.375676447165947e-06
1.6341816848374834e-05
6.183848509522445e-05
0.0002370940799904918
0.0009210558049524573
0.0036253884207313493
0.014458608820813526
0.058425419334651736

5.743639210062708e-34
3.5116812170615977e-25
9.597868270147612e-18
1.1726441801980019e-11
6.404562781960848e-07
0.0015636677865013555
0.1706598102696804
0.8326256676805186
0.1815934161158481
0.0017704438987430015
7.716067313290889e-07
1.5032860004705293e-11
1.3092391566287071e-17
5.097158347562491e-25
8.870927555824985e-34
6.901471627743766e-44
2.4001929096072476e-55
3.731490645696129e-68
2.5932855089818293e-82
8.056567990150717e-98
1.1188750433830077e-114
6.946161310253973e-133
1.9277020518280016e-152
2.3914798270428483e-173
1.3262497077408688e-195
3.287877648791851e-219
3.6436593015062987e-244
1.8050600018177818e-270
3.997397082471207e-298
0.0
0.0
0.0
0.0
0.0
0.0
0.0
0.0
0.0
0.0
0.0
0.0
0.0
0.0
0.0
0.0
0.0
0.0
0.0
0.0
0.0
0.0
0.0
0.0
0.0
0.0
0.0
0.0
0.0
0.0
0.0
0.0
0.0
0.0
0.0
0.0
0.0
0.0
0.0
0.0
0.0
0.0
0.0
0.0
0.0
0.0
0.0
0.0
0.0
0.0
0.0
0.0
0.0
0.0
0.0
0.0
0.0
0.0
0.0
0.0
0.0
0.0
0.0
0.0
0.0
0.0
0.0
0.0
0.0
0.0
0.0
