1.1225736843062895
0.08498335358916002
0.02050678340036356
0.007440703043101313
0.0035447973616274265
0.0020546851535134547
0.0013639689224490817
0.000993282987378915
0.0007711521644363061
0.00062650779507983
0.0005261677295163346
0.0004530711740743838
0.0003977314580357056
0.0003545241601657935
0.0003199332661445909
0.000291661450541682
0.00026815068457271306
0.00024831028534617666
0.00023135565418869468
0.00021670890776619807
0.00020393556000572919
0.00019270296957648054
0.00018275235147658715
0.0001738794831479133
0.00016592112578008107
0.0001587452882512664
0.00015224412789703384
0.0001463286944120699
0.000140924983929697
0.00013597093883638267
0.00013141413992363464
0.0001272100119727641
0.00012332041466814778
0.0001197125259067879
0.00011635794926818839
0.00011323199497652787
0.00011031309633677825
0.00010758233283832457
0.0001050230378993591
0.00010262047426468712
0.00010036156385031607
9.823466168956362e-05
9.622936581888039e-05
9.433635662073655e-05
9.254726044175938e-05
9.085453331909266e-05
8.925136144480719e-05
8.77315756278463e-05
8.628957751349039e-05
8.492027572040895e-05
8.361903037691763e-05
8.238160479780745e-05
8.120412325397933e-05
8.00830339590955e-05
7.901507653835573e-05
7.799725336043119e-05
7.70268042093615e-05
7.610118385265675e-05
7.521804212798252e-05
7.437520622606875e-05
7.35706648938236e-05
7.280255432061643e-05
7.206914550361846e-05
7.136883291592853e-05
7.070012432490357e-05
7.006163162825422e-05
6.945206259268972e-05
6.88702133946419e-05
6.831496187526293e-05
6.778526143279447e-05
6.728013548481712e-05
6.67986724410317e-05
6.634002113428461e-05
6.590338666368895e-05
6.548802660903943e-05
6.509324758038937e-05
6.471840207074299e-05
6.436288558339952e-05
6.402613400863377e-05
6.37076212271707e-05
6.34068569203585e-05
6.312338456910812e-05
6.285677962558589e-05
6.260664784334944e-05
6.237262375313316e-05
6.215436927284401e-05
6.195157244153905e-05
6.176394626824173e-05
6.159122768743215e-05
6.143317661392682e-05
6.128957509066208e-05
6.116022652362022e-05
6.104495499879781e-05
6.094360467672229e-05
6.085603926057917e-05
6.078214153452916e-05
6.0721812969273217e-05
6.067497339237464e-05
6.06415607212704e-05
6.0621530757308046e-05
6.0614857039530937e-05
6.0621530757308046e-05
6.06415607212704e-05
6.067497339237464e-05
6.0721812969273217e-05
6.078214153452916e-05
6.085603926057917e-05
6.094360467672229e-05
6.104495499879781e-05
6.116022652362022e-05
6.128957509066208e-05
6.143317661392682e-05
6.159122768743215e-05
6.176394626824173e-05
6.195157244153905e-05
6.215436927284401e-05
6.237262375313316e-05
6.260664784334944e-05
6.285677962558589e-05
6.312338456910812e-05
6.34068569203585e-05
6.37076212271707e-05
6.402613400863377e-05
6.436288558339952e-05
6.471840207074299e-05
6.509324758038937e-05
6.548802660903943e-05
6.590338666368895e-05
6.634002113428461e-05
6.67986724410317e-05
6.728013548481712e-05
6.778526143279447e-05
6.831496187526293e-05
6.88702133946419e-05
6.945206259268972e-05
7.006163162825422e-05
7.070012432490357e-05
7.136883291592853e-05
7.206914550361846e-05
7.280255432061643e-05
7.35706648938236e-05
7.437520622606875e-05
7.521804212798252e-05
7.610118385265675e-05
7.70268042093615e-05
7.799725336043119e-05
7.901507653835573e-05
8.00830339590955e-05
8.120412325397933e-05
8.238160479780745e-05
8.361903037691763e-05
8.492027572040895e-05
8.628957751349039e-05
8.77315756278463e-05
8.925136144480719e-05
9.085453331909266e-05
9.254726044175938e-05
9.433635662073655e-05
9.622936581888039e-05
9.823466168956362e-05
0.00010036156385031607
0.00010262047426468712
0.0001050230378993591
0.00010758233283832457
0.00011031309633677825
0.00011323199497652787
0.00011635794926818839
0.0001197125259067879
0.00012332041466814778
0.0001272100119727641
0.00013141413992363464
0.00013597093883638267
0.000140924983929697
0.0001463286944120699
0.00015224412789703384
0.0001587452882512664
0.00016592112578008107
0.0001738794831479133
0.00018275235147658715
0.00019270296957648054
0.00020393556000572919
0.00021670890776619807
0.00023135565418869468
0.00024831028534617666
0.00026815068457271306
0.000291661450541682
0.0003199332661445909
0.0003545241601657935
0.0003977314580357056
0.0004530711740743838
0.0005261677295163346
0.00062650779507983
0.0007711521644363061
0.000993282987378915
0.0013639689224490817
0.0020546851535134547
0.0035447973616274265
0.007440703043101313
0.02050678340036356
0.08498335358916002

0.0028873580861729915
0.00717577208766298
0.016115340992148508
0.03270493384613416
0.05997773667168524
0.09939629885133196
0.14885198820779907
0.20144022387282642
0.24635057346512299
0.2722725495567435
0.2720086542628604
0.24579087945233968
0.20130368267670767
0.15044928055956186
0.1048788963089968
0.0727162899288858
0.05761518111611626
0.05958566783344506
0.07622643933172307
0.10342213909158718
0.13560815667989262
0.1688156380790823
0.23408698758350513
0.4706320024742461
0.8110579246023819
0.7080750424935007
0.31505564082369936
0.12241523724631809
0.0689495955335044
0.04274087404621955
0.02476294544543481
0.013203434370549483
0.00647560624290771
0.002921326250666992
0.0012122321008553073
0.00046269796574832417
0.00016244841965325216
5.246135241153318e-05
1.558366358922646e-05
4.25800078640618e-06
1.0701582430588802e-06
2.47398097506532e-07
5.260787999896794e-08
1.0289904330351683e-08
1.8513049562702509e-09
3.063731356281479e-10
4.663688014864935e-11
6.5300181602851466e-12
8.41018170610819e-13
9.963282850384431e-14
1.085689484161301e-14
1.0882154653087953e-15
1.0032986935639751e-16
8.508474284378698e-18
6.637113205974756e-19
4.7622572394782786e-20
3.1430592418962696e-21
1.908087884064801e-22
1.0654921922802691e-23
5.472783400748821e-25
2.5856654924585727e-26
1.1236796339669114e-27
4.491783034576649e-29
1.6515857311645477e-30
5.585853799593537e-32
1.7377371982937596e-33
4.972613695828727e-35
1.308854699131311e-36
3.16886868004869e-38
7.0570490897569144e-40
1.4455999534411818e-41
2.723825011424656e-43
4.720808375316071e-45
7.525920590664526e-47
1.1035931135359545e-48
1.4885534129263192e-50
1.8468258919127214e-52
2.107626144129176e-54
2.2124185466878585e-56
2.136225498585932e-58
1.897286818851476e-60
1.549976005867467e-62
1.1647240727826575e-64
8.050580906018863e-67
5.118438352399447e-69
2.993324674856895e-71
1.6101868119650816e-73
7.96718305416671e-76
3.6260969937492066e-78
1.5180292111375826e-80
5.845570886600033e-83
2.070521882972234e-85
6.745883070481659e-88
2.0216402895724454e-90
5.5728204387282684e-93
1.4130330065731608e-95
3.2956088001814405e-98
7.070092437898957e-101
1.3951490925049727e-103
2.5323413155951097e-106
