0.21983051898723407
0.16075834632872787
0.12222735414873889
0.096110720788483
0.0777839424349654
0.06451702657619152
0.0546423795531063
0.04710861834767476
0.04123320864594521
0.036560970805917505
0.03278073604649647
0.02967489060466957
0.02708803832831411
0.02490706736140056
0.02304818567048761
0.021448312561829205
0.020059251271132908
0.01884367267201633
0.017772300523793978
0.0168219078094307
0.015973869565457623
0.015213103379263999
0.014527283825421778
0.013906253082807709
0.013341573820188614
0.012826186476441768
0.012354143997174112
0.011920404642537288
0.011520668761781892
0.011151249164984459
0.010808967392938107
0.010491070115577117
0.010195161296946278
0.009919146801313145
0.00966118888513794
0.00941966859658424
0.00919315453998064
0.008980376794214633
0.008780205028184565
0.008591630052582656
0.008413748199666237
0.008245748041806241
0.008086899053297888
0.007936541894034177
0.007794080052592195
0.007658972633416687
0.007530728110662847
0.007408898901846542
0.007293076639263366
0.007182888037357657
0.0070779912707697405
0.00697807279138719
0.006882844523943894
0.006792041389000776
0.006705419109864032
0.006622752266437895
0.0065438325644000895
0.006468467292615467
0.006396477945517159
0.0063276989904073894
0.006261976762361513
0.006199168471740462
0.00613914131129554
0.006081771651540788
0.00602694431451704
0.005974551917316858
0.005924494277811363
0.005876677875945474
0.005831015364768697
0.005787425126062961
0.005745830866032453
0.005706161247046039
0.00566834955188157
0.005632333377322728
0.00559805435431065
0.005565457892161438
0.005534492944632423
0.005505111795859619
0.005477269864400458
0.005450925523803222
0.005426039938290692
0.005402576912293287
0.005380502752698226
0.00535978614279874
0.0053403980270321375
0.005322311505689589
0.005305501738864961
0.00528994585898609
0.005275622891340608
0.005262513682070673
0.005250600833167536
0.005239868644048356
0.005230303059345055
0.005221891622578218
0.005214623435429287
0.005208489122361391
0.005203480800374011
0.005199592053709218
0.005196817913358208
0.005195154841246178
0.005194600719001975
0.005195154841246178
0.005196817913358208
0.005199592053709218
0.005203480800374011
0.005208489122361391
0.005214623435429287
0.005221891622578218
0.005230303059345055
0.005239868644048356
0.005250600833167536
0.005262513682070673
0.005275622891340608
0.00528994585898609
0.005305501738864961
0.005322311505689589
0.0053403980270321375
0.00535978614279874
0.005380502752698226
0.005402576912293287
0.005426039938290692
0.005450925523803222
0.005477269864400458
0.005505111795859619
0.005534492944632423
0.005565457892161438
0.00559805435431065
0.005632333377322728
0.00566834955188157
0.005706161247046039
0.005745830866032453
0.005787425126062961
0.005831015364768697
0.005876677875945474
0.005924494277811363
0.005974551917316858
0.00602694431451704
0.006081771651540788
0.00613914131129554
0.006199168471740462
0.006261976762361513
0.0063276989904073894
0.006396477945517159
0.006468467292615467
0.0065438325644000895
0.006622752266437895
0.006705419109864032
0.006792041389000776
0.006882844523943894
0.00697807279138719
0.0070779912707697405
0.007182888037357657
0.007293076639263366
0.007408898901846542
0.007530728110662847
0.007658972633416687
0.007794080052592195
0.007936541894034177
0.008086899053297888
0.008245748041806241
0.008413748199666237
0.008591630052582656
0.008780205028184565
0.008980376794214633
0.00919315453998064
0.00941966859658424
0.00966118888513794
0.009919146801313145
0.010195161296946278
0.010491070115577117
0.010808967392938107
0.011151249164984459
0.011520668761781892
0.011920404642537288
0.012354143997174112
0.012826186476441768
0.013341573820188614
0.013906253082807709
0.014527283825421778
0.015213103379263999
0.015973869565457623
0.0168219078094307
0.017772300523793978
0.01884367267201633
0.020059251271132908
0.021448312561829205
0.02304818567048761
0.02490706736140056
0.02708803832831411
0.02967489060466957
0.03278073604649647
0.036560970805917505
0.04123320864594521
0.04710861834767476
0.0546423795531063
0.06451702657619152
0.0777839424349654
0.096110720788483
0.12222735414873889
0.16075834632872787

0.25093057335776753
0.3855459947899795
0.3356722802474602
0.1656042307607245
0.04629606110981982
0.007333871961221808
0.0006583233669067358
3.348589286276039e-05
9.651641059706909e-07
1.576366174487685e-08
1.458914088347041e-10
7.651013972867572e-13
2.273656945909089e-15
3.8286665762919134e-18
3.653312492230876e-21
1.9753441149309005e-24
6.052229245183737e-28
1.0507626877450934e-31
1.033738239273591e-35
5.762795211243879e-40
1.8204236020306373e-44
3.258580051484342e-49
3.30522475983899e-54
1.8997229371196671e-59
6.187229157342221e-65
1.1418756247224245e-70
1.1941477625672186e-76
7.076426532934352e-83
2.3762197497593643e-89
4.521430568069401e-96
4.875080563738449e-103
2.9785465651759886e-110
1.0312017871299692e-117
2.023017250035353e-125
2.248910545513792e-133
1.416646333378029e-141
5.05670209530933e-150
1.0227982159753005e-158
1.1722742374752119e-167
7.6135139142054565e-177
2.8019329390438762e-186
5.843149441098947e-196
6.904828826298497e-206
4.62354943723563e-216
1.7543440192960755e-226
3.7719912935659567e-237
4.5956110881340066e-248
3.1727256640690885e-259
1.2411904935025989e-270
2.751446201623082e-282
3.456211226630743e-294
2.4601194441087506e-306
9.92267e-319
0.0
0.0
0.0
0.0
0.0
0.0
0.0
0.0
0.0
0.0
0.0
0.0
0.0
0.0
0.0
0.0
0.0
0.0
0.0
0.0
0.0
0.0
0.0
0.0
0.0
0.0
0.0
0.0
0.0
0.0
0.0
0.0
0.0
0.0
0.0
0.0
0.0
0.0
0.0
0.0
0.0
0.0
0.0
0.0
0.0
0.0
0.0
