0.15782543149925685
0.004563131446193212
0.0001965356105663217
1.2609625828979884e-05
1.2048643363885494e-06
1.7114168920288284e-07
3.582337818507032e-08
1.0758889989379095e-08
4.397661316954516e-09
2.2807545906942866e-09
1.4017239473084182e-09
9.680677898651448e-10
7.244309418157385e-10
5.732972712028765e-10
4.722845483051642e-10
4.0079906755931225e-10
3.4790644040751886e-10
3.073656658785266e-10
2.753964625020341e-10
2.495933029912809e-10
2.2836088376706896e-10
2.1060357422085917e-10
1.9554609296066195e-10
1.826255328027865e-10
1.7142393675061376e-10
1.6162483276638486e-10
1.5298441607946782e-10
1.4531196157189986e-10
1.384562113366328e-10
1.3229572478520994e-10
1.2673191426560024e-10
1.2168393677265177e-10
1.1708489154701548e-10
1.1287895148619756e-10
1.0901917228759082e-10
1.0546580021334829e-10
1.0218495133093115e-10
9.914757072813027e-11
9.632860501474356e-11
9.370633893356779e-11
9.126185941790153e-11
8.897861948297588e-11
8.684208095617549e-11
8.483941993968265e-11
8.295928254594005e-11
8.119158119142485e-11
7.952732381832906e-11
7.795847000879583e-11
7.6477809186448e-11
7.507885705540897e-11
7.375576717424179e-11
7.250325515038334e-11
7.131653340643924e-11
7.019125484074321e-11
6.91234640017896e-11
6.810955463547176e-11
6.71462326577508e-11
6.623048376289393e-11
6.535954500610745e-11
6.453087980498865e-11
6.37421558912392e-11
6.299122581608175e-11
6.227610967262609e-11
6.159497974828956e-11
6.094614686209534e-11
6.03280481767001e-11
5.973923630450744e-11
5.917836955216305e-11
5.86442031688651e-11
5.813558148189883e-11
5.7651430818132e-11
5.7190753123314296e-11
5.6752620202263384e-11
5.6336168512681937e-11
5.594059445367908e-11
5.556515009726576e-11
5.520913931732851e-11
5.487191427599876e-11
5.455287223204704e-11
5.425145264004203e-11
5.3967134512609534e-11
5.369943402127732e-11
5.3447902314160415e-11
5.321212353117986e-11
5.299171299966014e-11
5.278631559505638e-11
5.259560425325218e-11
5.241927862237455e-11
5.225706384341386e-11
5.210870945013968e-11
5.197398837988235e-11
5.1852696087724365e-11
5.1744649757526656e-11
5.1649687604016425e-11
5.1567668260896113e-11
5.1498470250606314e-11
5.144199153199829e-11
5.1398149122751705e-11
5.136687879391756e-11
5.134813483448057e-11
5.1341889884327476e-11
5.134813483448057e-11
5.136687879391756e-11
5.1398149122751705e-11
5.144199153199829e-11
5.1498470250606314e-11
5.1567668260896113e-11
5.1649687604016425e-11
5.1744649757526656e-11
5.1852696087724365e-11
5.197398837988235e-11
5.210870945013968e-11
5.225706384341386e-11
5.241927862237455e-11
5.259560425325218e-11
5.278631559505638e-11
5.299171299966014e-11
5.321212353117986e-11
5.3447902314160415e-11
5.369943402127732e-11
5.3967134512609534e-11
5.425145264004203e-11
5.455287223204704e-11
5.487191427599876e-11
5.520913931732851e-11
5.556515009726576e-11
5.594059445367908e-11
5.6336168512681937e-11
5.6752620202263384e-11
5.7190753123314296e-11
5.7651430818132e-11
5.813558148189883e-11
5.86442031688651e-11
5.917836955216305e-11
5.973923630450744e-11
6.03280481767001e-11
6.094614686209534e-11
6.159497974828956e-11
6.227610967262609e-11
6.299122581608175e-11
6.37421558912392e-11
6.453087980498865e-11
6.535954500610745e-11
6.623048376289393e-11
6.71462326577508e-11
6.810955463547176e-11
6.91234640017896e-11
7.019125484074321e-11
7.131653340643924e-11
7.250325515038334e-11
7.375576717424179e-11
7.507885705540897e-11
7.6477809186448e-11
7.795847000879583e-11
7.952732381832906e-11
8.119158119142485e-11
8.295928254594005e-11
8.483941993968265e-11
8.684208095617549e-11
8.897861948297588e-11
9.126185941790153e-11
9.370633893356779e-11
9.632860501474356e-11
9.914757072813027e-11
1.0218495133093115e-10
1.0546580021334829e-10
1.0901917228759082e-10
1.1287895148619756e-10
1.1708489154701548e-10
1.2168393677265177e-10
1.2673191426560024e-10
1.3229572478520994e-10
1.384562113366328e-10
1.4531196157189986e-10
1.5298441607946782e-10
1.6162483276638486e-10
1.7142393675061376e-10
1.826255328027865e-10
1.9554609296066195e-10
2.1060357422085917e-10
2.2836088376706896e-10
2.495933029912809e-10
2.753964625020341e-10
3.073656658785266e-10
3.4790644040751886e-10
4.0079906755931225e-10
4.722845483051642e-10
5.732972712028765e-10
7.244309418157385e-10
9.680677898651448e-10
1.4017239473084182e-09
2.2807545906942866e-09
4.397661316954516e-09
1.0758889989379095e-08
3.582337818507032e-08
1.7114168920288284e-07
1.2048643363885494e-06
1.2609625828979884e-05
0.0001965356105663217
0.004563131446193212

2.3267365840454776e-09
1.4737203255865352e-08
8.425810905174257e-08
4.348476459179899e-07
2.025775518544228e-06
8.518719014396782e-06
3.2335981571067036e-05
0.000110796638371294
0.0003426856345712667
0.0009567401384181242
0.002411131349616795
0.005484998652361122
0.011263178338051667
0.02087729251266493
0.03493141446620492
0.052757832820361825
0.0719260984302462
0.08851458524537159
0.09832681109319455
0.09859567175339898
0.08924266402751727
0.07291484922013845
0.05377596568758484
0.0358005116942268
0.0215138942766813
0.011670181385958068
0.005714325332667197
0.002525696128722257
0.001007687832971142
0.0003629106482629706
0.00011797831455038762
3.462050861858144e-05
9.1705098225345e-06
2.1927155520344288e-06
4.732601024978852e-07
9.220325862625923e-08
1.6215167033252833e-08
2.5740996967384384e-09
3.688570428729311e-10
4.771111620249118e-11
5.570701063665992e-12
5.871227525800138e-13
5.585688953069001e-14
4.7968193684440395e-15
3.7184227357644244e-16
2.601914006116561e-17
1.6434477308499445e-18
9.370173518428477e-20
4.822454631111779e-21
2.240358131652503e-22
9.394972760016726e-24
3.5563326965650786e-25
1.215172744714567e-26
3.7480246424948046e-28
1.0435076450501184e-29
2.6225127771465197e-31
5.949334263534265e-33
1.2182822260275958e-34
2.2519369448880948e-36
3.757450982521538e-38
5.659254197131331e-40
7.694029719722119e-42
9.44228919007314e-44
1.0459947758894031e-45
1.04594901087765e-47
9.44104986963048e-50
7.692346697215511e-52
5.657521174236075e-54
3.7559716565187866e-56
2.2508533724032766e-58
1.2175894683979444e-60
5.945430974724069e-63
2.6205628490750107e-65
1.0426405188790124e-67
3.744582444945361e-70
1.2139504922660512e-72
3.552444766426693e-75
9.383880594223623e-78
2.2375172475883766e-80
4.815918076237126e-83
9.356653986905787e-86
1.6409329218103446e-88
2.5977052211418116e-91
3.712083068749562e-94
4.788222083841024e-97
5.575189896165886e-100
5.859678974312629e-103
5.559257143839032e-106
4.760893670640743e-109
3.6803488094712676e-112
2.568137430805846e-115
1.6176193010753955e-118
9.197359445581617e-122
4.72039975512828e-125
2.1868710668033278e-128
9.145266345748923e-132
3.452218837455817e-135
1.1763296877742136e-138
3.618166743552565e-142
1.0045623039683645e-145
