0.2386737334581691
0.006851899011838515
0.00019942142898235604
1.8407859612308125e-09
6.471591625809157e-11
2.7523999909457996e-12
1.2884501719336264e-13
6.272021842257632e-15
3.0977561741022243e-16
1.5379401197167708e-17
7.649381876542698e-19
3.807082774413755e-20
1.8952046925019464e-21
9.435267129615987e-23
4.697472897278795e-24
2.338721836836677e-25
1.164378911406512e-26
5.797097535380529e-28
2.8862042661089677e-29
1.4369563783516125e-30
7.154184348277265e-32
3.561858618325418e-33
1.7733449794888076e-34
8.828964762928413e-36
4.395682720874876e-37
2.1884815611595825e-38
1.0895808110177737e-39
5.424703432953724e-41
2.7008008069064027e-42
1.344649544216027e-43
6.694615878910982e-45
3.3330529846440255e-46
1.6594293682469047e-47
8.261812341302649e-49
4.1133141592327225e-50
2.0478985330819226e-51
1.0195886432056316e-52
5.076232952954005e-54
2.5273075750758183e-55
1.2582723545063414e-56
6.264569215900765e-58
3.1189454000663408e-59
1.552831519897552e-60
7.731093312793534e-62
3.849085117761519e-63
1.916347039925017e-64
9.540934080453767e-66
4.750155308078365e-67
2.3649669690465892e-68
1.1774515840488645e-69
5.862224518308702e-71
2.918667642808202e-72
1.453156619189316e-73
7.235212975781027e-75
3.602569180212301e-76
1.7939789302877907e-77
8.93531497546305e-79
4.4522178113125435e-80
2.2201820943187195e-81
1.1088841838996021e-82
5.555690735295944e-84
2.8005754058123544e-85
1.4285656117316432e-86
7.45166454033797e-88
4.046092554473193e-89
2.347459013902503e-90
1.4986886577684056e-91
1.0730685766163122e-92
8.581506615897597e-94
7.48162969074323e-95
6.904444932774848e-96
6.587766098767042e-97
6.401055837205554e-98
6.27932094806721e-99
6.190200773053164e-100
6.117581473917653e-101
6.053438068431877e-102
5.993772829515175e-103
5.936593149566264e-104
5.8809048043211126e-105
5.826210769522169e-106
5.772261761446375e-107
5.718932141184355e-108
5.666158293596657e-109
5.613908204969427e-110
5.5621667226977014e-111
5.51092885816393e-112
5.460197466254483e-113
5.409983691832319e-114
5.360309722679211e-115
5.311214158235741e-116
5.262760999050411e-117
5.215054101530838e-118
5.1682601401228e-119
5.122644946703446e-120
5.07863095289651e-121
5.036888003974521e-122
4.99848154903204e-123
4.965570859333064e-124
4.988635593156763e-125
9.85090408749491e-126
4.988635593156763e-125
4.965570859333064e-124
4.99848154903204e-123
5.036888003974521e-122
5.07863095289651e-121
5.122644946703446e-120
5.1682601401228e-119
5.215054101530838e-118
5.262760999050411e-117
5.311214158235741e-116
5.360309722679211e-115
5.409983691832319e-114
5.460197466254483e-113
5.51092885816393e-112
5.5621667226977014e-111
5.613908204969427e-110
5.666158293596657e-109
5.718932141184355e-108
5.772261761446375e-107
5.826210769522169e-106
5.8809048043211126e-105
5.936593149566264e-104
5.993772829515175e-103
6.053438068431877e-102
6.117581473917653e-101
6.190200773053164e-100
6.27932094806721e-99
6.401055837205554e-98
6.587766098767042e-97
6.904444932774848e-96
7.48162969074323e-95
8.581506615897597e-94
1.0730685766163122e-92
1.4986886577684056e-91
2.347459013902503e-90
4.046092554473193e-89
7.45166454033797e-88
1.4285656117316432e-86
2.8005754058123544e-85
5.555690735295944e-84
1.1088841838996021e-82
2.2201820943187195e-81
4.4522178113125435e-80
8.93531497546305e-79
1.7939789302877907e-77
3.602569180212301e-76
7.235212975781027e-75
1.453156619189316e-73
2.918667642808202e-72
5.862224518308702e-71
1.1774515840488645e-69
2.3649669690465892e-68
4.750155308078365e-67
9.540934080453767e-66
1.916347039925017e-64
3.849085117761519e-63
7.731093312793534e-62
1.552831519897552e-60
3.1189454000663408e-59
6.264569215900765e-58
1.2582723545063414e-56
2.5273075750758183e-55
5.076232952954005e-54
1.0195886432056316e-52
2.0478985330819226e-51
4.1133141592327225e-50
8.261812341302649e-49
1.6594293682469047e-47
3.3330529846440255e-46
6.694615878910982e-45
1.344649544216027e-43
2.7008008069064027e-42
5.424703432953724e-41
1.0895808110177737e-39
2.1884815611595825e-38
4.395682720874876e-37
8.828964762928413e-36
1.7733449794888076e-34
3.561858618325418e-33
7.154184348277265e-32
1.4369563783516125e-30
2.8862042661089677e-29
5.797097535380529e-28
1.164378911406512e-26
2.338721836836677e-25
4.697472897278795e-24
9.435267129615987e-23
1.8952046925019464e-21
3.807082774413755e-20
7.649381876542698e-19
1.5379401197167708e-17
3.0977561741022243e-16
6.272021842257632e-15
1.2884501719336264e-13
2.7523999909457996e-12
6.471591625809157e-11
1.8407859612308125e-09
0.00019942142898235604
0.006851899011838515

3.0186509620642602e-201
3.95949106846983e-179
2.6468298831956343e-158
9.017224545361493e-139
1.565596830617654e-120
1.3853106597508123e-103
6.247044682975955e-88
1.435695179625961e-73
1.6815510858803714e-60
1.0037327232289541e-48
3.0534182285148184e-38
4.7338522459329476e-29
3.740272952716544e-21
1.506094035488122e-14
3.090730046482144e-09
3.2324383702153185e-05
0.017228982355102694
0.46800359887997656
0.6478865332421786
0.04570975639628472
0.0001643535367965192
3.011683956707246e-08
2.812547917621721e-13
1.3385995010467695e-19
3.246845182810726e-27
4.0135871424331814e-36
2.5285061030794844e-46
8.118120798307395e-58
1.3283337467095936e-70
1.1076921975966982e-84
4.70750923577821e-100
1.0195850492122421e-116
1.1254233718215482e-134
6.330945793848418e-154
1.8150201624517427e-174
2.651883897586411e-196
1.9746391912788982e-219
7.493439272332584e-244
1.4492216904982222e-269
1.4283960895134873e-296
0.0
0.0
0.0
0.0
0.0
0.0
0.0
0.0
0.0
0.0
0.0
0.0
0.0
0.0
0.0
0.0
0.0
0.0
0.0
0.0
0.0
0.0
0.0
0.0
0.0
0.0
0.0
0.0
0.0
0.0
0.0
0.0
0.0
0.0
0.0
0.0
0.0
0.0
0.0
0.0
0.0
0.0
0.0
0.0
0.0
0.0
0.0
0.0
0.0
0.0
0.0
0.0
0.0
0.0
0.0
0.0
0.0
0.0
0.0
0.0
