0.34533984661112105
0.013491856247886756
0.0005751493567862191
2.6753061711191227e-05
1.3578451823019735e-06
7.519879995544509e-08
4.817301452210142e-09
2.9482107536579607e-10
2.0253517753735022e-11
1.5810249789379505e-12
1.387237548468205e-13
1.338493485003322e-14
1.3960278934878784e-15
1.564877298063914e-16
1.8921333744790247e-17
2.486420408537441e-18
2.907260413874007e-19
5.624515300968865e-20
9.689698515669688e-21
1.82275805242768e-21
3.7391555189333687e-22
8.36315149765409e-23
2.0402602745252845e-23
5.4309317822720904e-24
1.5775639544889833e-24
5.000337504853124e-25
1.7292342308763992e-25
6.523113191459584e-26
2.6829442000718033e-26
1.2020912929368237e-26
5.857577595182416e-27
3.095778038531235e-27
1.7673894997847516e-27
1.084041539939043e-27
7.0964922830701855e-28
4.9219724264990675e-28
3.589683752659055e-28
2.7329985779847103e-28
2.1577664260262214e-28
1.7563776425682372e-28
1.4666233098745773e-28
1.2511206808270435e-28
1.0865944287650216e-28
9.580755971994033e-29
8.556487734023517e-29
7.725671355214269e-29
7.041263535214845e-29
6.4697259525346e-29
5.986660558408629e-29
5.573989395149509e-29
5.218091330411231e-29
4.9085454012099645e-29
4.637266981968138e-29
4.397903423389992e-29
4.185404265357487e-29
3.9957109358182913e-29
3.825529547648026e-29
3.6721623539678313e-29
3.533381189616622e-29
3.407331357928456e-29
3.292457863975411e-29
3.187448237435476e-29
3.09118780333949e-29
3.002724386943859e-29
2.9212402362298925e-29
2.846029515402109e-29
2.7764801344529294e-29
2.7120589802893885e-29
2.6522998362462307e-29
2.5967934413413904e-29
2.54517926398939e-29
2.497138658131754e-29
2.4523891407688286e-29
2.4106795843766046e-29
2.3717861598035487e-29
2.3355088979989298e-29
2.3016687645661963e-29
2.2701051613299027e-29
2.2406737851021625e-29
2.2132447865777265e-29
2.1877011824919505e-29
2.1639374823905675e-29
2.1418584980054816e-29
2.12137830863237e-29
2.1024193603169574e-29
2.0849116802755308e-29
2.0687921909572047e-29
2.0540041106236116e-29
2.0404964293737632e-29
2.028223451255642e-29
2.017144394544072e-29
2.0072230434770364e-29
1.9984274457703279e-29
1.990729651106678e-29
1.984105486547259e-29
1.9785343654630858e-29
1.9739991271499917e-29
1.9704859047889487e-29
1.967984019856657e-29
1.9664859014908806e-29
1.9659870296805444e-29
1.9664859014908806e-29
1.967984019856657e-29
1.9704859047889487e-29
1.9739991271499917e-29
1.9785343654630858e-29
1.984105486547259e-29
1.990729651106678e-29
1.9984274457703279e-29
2.0072230434770364e-29
2.017144394544072e-29
2.028223451255642e-29
2.0404964293737632e-29
2.0540041106236116e-29
2.0687921909572047e-29
2.0849116802755308e-29
2.1024193603169574e-29
2.12137830863237e-29
2.1418584980054816e-29
2.1639374823905675e-29
2.1877011824919505e-29
2.2132447865777265e-29
2.2406737851021625e-29
2.2701051613299027e-29
2.3016687645661963e-29
2.3355088979989298e-29
2.3717861598035487e-29
2.4106795843766046e-29
2.4523891407688286e-29
2.497138658131754e-29
2.54517926398939e-29
2.5967934413413904e-29
2.6522998362462307e-29
2.7120589802893885e-29
2.7764801344529294e-29
2.846029515402109e-29
2.9212402362298925e-29
3.002724386943859e-29
3.09118780333949e-29
3.187448237435476e-29
3.292457863975411e-29
3.407331357928456e-29
3.533381189616622e-29
3.6721623539678313e-29
3.825529547648026e-29
3.9957109358182913e-29
4.185404265357487e-29
4.397903423389992e-29
4.637266981968138e-29
4.9085454012099645e-29
5.218091330411231e-29
5.573989395149509e-29
5.986660558408629e-29
6.4697259525346e-29
7.041263535214845e-29
7.725671355214269e-29
8.556487734023517e-29
9.580755971994033e-29
1.0865944287650216e-28
1.2511206808270435e-28
1.4666233098745773e-28
1.7563776425682372e-28
2.1577664260262214e-28
2.7329985779847103e-28
3.589683752659055e-28
4.9219724264990675e-28
7.0964922830701855e-28
1.084041539939043e-27
1.7673894997847516e-27
3.095778038531235e-27
5.857577595182416e-27
1.2020912929368237e-26
2.6829442000718033e-26
6.523113191459584e-26
1.7292342308763992e-25
5.000337504853124e-25
1.5775639544889833e-24
5.4309317822720904e-24
2.0402602745252845e-23
8.36315149765409e-23
3.7391555189333687e-22
1.82275805242768e-21
9.689698515669688e-21
5.624515300968865e-20
2.907260413874007e-19
2.486420408537441e-18
1.8921333744790247e-17
1.564877298063914e-16
1.3960278934878784e-15
1.338493485003322e-14
1.387237548468205e-13
1.5810249789379505e-12
2.0253517753735022e-11
2.9482107536579607e-10
4.817301452210142e-09
7.519879995544509e-08
1.3578451823019735e-06
2.6753061711191227e-05
0.0005751493567862191
0.013491856247886756

6.14489596062976e-28
9.81777196652466e-25
9.824735912280144e-22
6.157981337805865e-19
2.4174939153023277e-16
5.944316830880076e-14
9.154782841421275e-12
8.830873893389061e-10
5.3354230084845096e-08
2.0190337092853127e-06
4.78550551111689e-05
0.0007104305190265072
0.006605792645765305
0.03847138334046422
0.14033312833002898
0.32062113621874955
0.4588107968267946
0.41122986572436104
0.23085814670078486
0.08117369214492205
0.01787701207776986
0.002465949084504113
0.00021305062633169842
1.1528984718951978e-05
3.9075887453467555e-07
8.29537789153626e-09
1.1029937153485566e-10
9.185851901312224e-13
4.791542877453491e-15
1.5654559681901504e-17
3.2034346791212483e-20
4.1058249278778986e-23
3.2960555296245706e-26
1.6572886293431503e-29
5.219288696744746e-33
1.0295181969365789e-36
1.27193896823607e-40
9.842559682421479e-45
4.770450338734893e-49
1.4481723112475027e-53
2.753535235908359e-58
3.2792201606298646e-63
2.4460202640619718e-68
1.1427706141616319e-73
3.344010373224695e-79
6.128944745054154e-85
7.035797548367776e-91
5.058834840914508e-97
2.278228108341325e-103
6.426188327061497e-110
1.1353224619427732e-116
1.2563034428538185e-123
8.707217798621236e-131
3.7798433717989173e-138
1.0277269341797297e-145
1.7502142325728508e-153
1.866870624746807e-161
1.247230639930733e-169
5.219018770728336e-178
1.3678563301655764e-186
2.2454410018339018e-195
2.3087257717599054e-204
1.4868001335814583e-213
5.997114908206931e-223
1.5151013575395273e-232
2.3974554328413852e-242
2.376123099131427e-252
1.4750164647798256e-262
5.7350120963144694e-273
1.3966299359221003e-283
2.13028590217859e-294
2.035185398964997e-305
1.2178102e-316
0.0
0.0
0.0
0.0
0.0
0.0
0.0
0.0
0.0
0.0
0.0
0.0
0.0
0.0
0.0
0.0
0.0
0.0
0.0
0.0
0.0
0.0
0.0
0.0
0.0
0.0
0.0
