0.4884902111954071
0.13242767754235513
0.07386624522072845
0.05171519218998383
0.0393724744999629
0.03147652300838324
0.026060009453784602
0.022159213212415152
0.01924069416566855
0.016988180786988702
0.015204399088225483
0.013761096645914017
0.012571865212886078
0.011576673080177888
0.010732681242466272
0.010008593109986242
0.009381066320358579
0.008832368786660738
0.008348808356040608
0.007919656604322974
0.007536396029490793
0.007192183619119778
0.006881462115888318
0.006599673962130268
0.006343047829849913
0.0061084372557538074
0.005893197211235436
0.005695088652866952
0.0055122039612239175
0.005342908148705511
0.005185792095936031
0.0050396350527620835
0.004903374339725707
0.004776080693258203
0.004656938069584311
0.004545226997435301
0.004440310775182982
0.004341623962892973
0.004248662737503238
0.004160976769494351
0.004078162348993884
0.0039998565433285345
0.003925732210341244
0.0038554937250983657
0.003788873303995872
0.0037256278312933024
0.003665536109942295
0.0036083964721356277
0.003554024695975881
0.003502252183585779
0.003452924363271165
0.0034058992843277974
0.0033610463780101955
0.003318245362256543
0.0032773852711481355
0.0032383635929029006
0.0032010855025621414
0.0031654631775102676
0.00313141518563514
0.0030988659373457233
0.003067745193857753
0.003037987625172999
0.003009532412042674
0.0029823228869449558
0.0029563062097401394
0.0029314330742114874
0.0029076574421687783
0.002884936302196575
0.0028632294504797842
0.0028424992914432056
0.002822710656206197
0.0028038306370840745
0.0027858284365690597
0.002768675229399751
0.0027523440364825313
0.0027368096095640275
0.002722048325673263
0.0027080380904575324
0.0026947582496292632
0.0026821895078236267
0.002670313854239953
0.0026591144945051328
0.0026485757882552413
0.0026386831919834766
0.0026294232067488672
0.0026207833303818406
0.0026127520138601733
0.0026053186215625242
0.0025984733951373074
0.002592207420752235
0.0025865125995150435
0.002581381620878847
0.002576807938866569
0.002572785750968254
0.0025693099795829383
0.0025663762558933646
0.0025639809060773538
0.002562120939774218
0.0025607940407384516
0.0025599985596260542
0.0025597335088715627
0.0025599985596260542
0.0025607940407384516
0.002562120939774218
0.0025639809060773538
0.0025663762558933646
0.0025693099795829383
0.002572785750968254
0.002576807938866569
0.002581381620878847
0.0025865125995150435
0.002592207420752235
0.0025984733951373074
0.0026053186215625242
0.0026127520138601733
0.0026207833303818406
0.0026294232067488672
0.0026386831919834766
0.0026485757882552413
0.0026591144945051328
0.002670313854239953
0.0026821895078236267
0.0026947582496292632
0.0027080380904575324
0.002722048325673263
0.0027368096095640275
0.0027523440364825313
0.002768675229399751
0.0027858284365690597
0.0028038306370840745
0.002822710656206197
0.0028424992914432056
0.0028632294504797842
0.002884936302196575
0.0029076574421687783
0.0029314330742114874
0.0029563062097401394
0.0029823228869449558
0.003009532412042674
0.003037987625172999
0.003067745193857753
0.0030988659373457233
0.00313141518563514
0.0031654631775102676
0.0032010855025621414
0.0032383635929029006
0.0032773852711481355
0.003318245362256543
0.0033610463780101955
0.0034058992843277974
0.003452924363271165
0.003502252183585779
0.003554024695975881
0.0036083964721356277
0.003665536109942295
0.0037256278312933024
0.003788873303995872
0.0038554937250983657
0.003925732210341244
0.0039998565433285345
0.004078162348993884
0.004160976769494351
0.004248662737503238
0.004341623962892973
0.004440310775182982
0.004545226997435301
0.004656938069584311
0.004776080693258203
0.004903374339725707
0.0050396350527620835
0.005185792095936031
0.005342908148705511
0.0055122039612239175
0.005695088652866952
0.005893197211235436
0.0061084372557538074
0.006343047829849913
0.006599673962130268
0.006881462115888318
0.007192183619119778
0.007536396029490793
0.007919656604322974
0.008348808356040608
0.008832368786660738
0.009381066320358579
0.010008593109986242
0.010732681242466272
0.011576673080177888
0.012571865212886078
0.013761096645914017
0.015204399088225483
0.016988180786988702
0.01924069416566855
0.022159213212415152
0.026060009453784602
0.03147652300838324
0.0393724744999629
0.05171519218998383
0.07386624522072845
0.13242767754235513

0.12569730852222175
0.16653062276537814
0.1846415508841314
0.17132947842793866
0.13304665815835
0.08647185374725802
0.047084701722624106
0.021775391117011936
0.010011202258004573
0.01066623554038038
0.23115357860253807
0.33051845920176753
0.10970208302415206
0.16420900383856052
0.19667947065891536
0.18556315847349997
0.13790707106109046
0.08073139579624265
0.037227119440848076
0.013521891189254948
0.003868801718756839
0.0008719197966930532
0.00015478812352394872
2.1645108310140405e-05
2.3842013093508164e-06
2.0686504492554122e-07
1.4138141776080444e-08
7.611295510493808e-10
3.227645775838235e-11
1.078137567927647e-12
2.8367660679236463e-14
5.879412053510618e-16
9.598542766439928e-18
1.2343483502623655e-19
1.2503488773746674e-21
9.97667229120532e-24
6.270486487235476e-26
3.1044008701271003e-28
1.2106410272413264e-30
3.718895795898005e-33
8.998573376588323e-36
1.7151193475452542e-38
2.5749930466434353e-41
3.0452209301804757e-44
2.836759921172994e-47
2.0815525991332719e-50
1.2031318607204048e-53
5.477723375807615e-57
1.9644817405944062e-60
5.549539248063294e-64
1.2348860618926952e-67
2.1645014508297903e-71
2.988476909380147e-75
3.2501466616287446e-79
2.7843065167995157e-83
1.8788502194262528e-87
9.986844935132103e-92
4.181436292864e-96
1.3790616866124509e-100
3.582638036400179e-105
7.331337330375661e-110
1.1817469878073879e-114
1.5004683395456644e-119
1.5006872717725864e-124
1.1822643467770963e-129
7.336687441474773e-135
3.586298818995974e-140
1.3808737047617911e-145
4.1881524042285564e-151
1.000580477913449e-156
1.8829665467718908e-162
2.7912209381046236e-168
3.259168807059833e-174
2.997647258223673e-180
2.171776999855062e-186
1.2393984905809814e-192
5.5714434557487455e-199
1.9728111892933584e-205
5.502554447456332e-212
1.2089384920446123e-218
2.0922091321636232e-225
2.8521148650277256e-232
3.0625977701879958e-239
2.590442425266235e-246
1.7259132730024366e-253
9.057849860993434e-261
3.744493776104653e-268
1.2193536150634267e-275
3.1282472733912857e-283
6.332871822927559e-291
1.0295057423600725e-298
1.606573653599316e-306
5.449256058e-314
4.377e-321
0.0
0.0
0.0
0.0
0.0
0.0
