0.2327423526960701
0.010888809301043925
0.0006613010175324975
5.2135245848999424e-05
5.335475298232903e-06
7.087505066396308e-07
1.2215492169938648e-07
2.7266343449380632e-08
7.834744787973325e-09
2.8558700772029726e-09
1.2863842771453802e-09
6.908667052156364e-10
4.257871984893682e-10
2.9090242844516067e-10
2.1446386764316588e-10
1.6720887672976935e-10
1.3590757426964434e-10
1.1400133268588092e-10
9.797876182902287e-11
8.583360310346981e-11
7.635467085746934e-11
6.87757277311409e-11
6.259224845398267e-11
5.7460417373671206e-11
5.313887131858709e-11
4.94537332090805e-11
4.627687578870157e-11
4.3511983536464155e-11
4.108536487310357e-11
3.8939744499277957e-11
3.702997543302584e-11
3.5320017478746694e-11
3.378076937773785e-11
3.2388487792570597e-11
3.112361695373375e-11
2.996991041235118e-11
2.8913763702147863e-11
2.794370139508783e-11
2.704997862369169e-11
2.6224268471255415e-11
2.5459414482052908e-11
2.474923305957254e-11
2.408835444606334e-11
2.3472093803334583e-11
2.2896345973088312e-11
2.2357499009612897e-11
2.1852362703040397e-11
2.137810915529605e-11
2.093222310923572e-11
2.0512460218304525e-11
2.011681181820174e-11
1.974347505169115e-11
1.9390827423491477e-11
1.90574050393551e-11
1.874188392333261e-11
1.8443063918329558e-11
1.8159854763809067e-11
1.789126401576293e-11
1.763638653160085e-11
1.739439528927033e-11
1.716453334794759e-11
1.6946106788770544e-11
1.6738478499678197e-11
1.654106268954939e-11
1.6353320034344808e-11
1.6174753372525123e-11
1.600490387918264e-11
1.5843347658517633e-11
1.5689692702860875e-11
1.5543576173673496e-11
1.5404661966073183e-11
1.5272638523628292e-11
1.5147216874582203e-11
1.502812886444408e-11
1.4915125563113625e-11
1.4807975827480833e-11
1.4706465002829457e-11
1.4610393748432946e-11
1.4519576974514289e-11
1.4433842879286802e-11
1.4353032076137515e-11
1.4276996802185944e-11
1.420560020047521e-11
1.4138715668948809e-11
1.4076226270154235e-11
1.401802419630787e-11
1.396401028496771e-11
1.3914093581102723e-11
1.3868190941828749e-11
1.382622668050985e-11
1.3788132247307253e-11
1.3753845943602153e-11
1.3723312668028608e-11
1.3696483692133402e-11
1.367331646393526e-11
1.365377443788938e-11
1.3637826929978659e-11
1.3625448996852683e-11
1.3616621338122268e-11
1.3611330221093407e-11
1.3609567427392194e-11
1.3611330221093407e-11
1.3616621338122268e-11
1.3625448996852683e-11
1.3637826929978659e-11
1.365377443788938e-11
1.367331646393526e-11
1.3696483692133402e-11
1.3723312668028608e-11
1.3753845943602153e-11
1.3788132247307253e-11
1.382622668050985e-11
1.3868190941828749e-11
1.3914093581102723e-11
1.396401028496771e-11
1.401802419630787e-11
1.4076226270154235e-11
1.4138715668948809e-11
1.420560020047521e-11
1.4276996802185944e-11
1.4353032076137515e-11
1.4433842879286802e-11
1.4519576974514289e-11
1.4610393748432946e-11
1.4706465002829457e-11
1.4807975827480833e-11
1.4915125563113625e-11
1.502812886444408e-11
1.5147216874582203e-11
1.5272638523628292e-11
1.5404661966073183e-11
1.5543576173673496e-11
1.5689692702860875e-11
1.5843347658517633e-11
1.600490387918264e-11
1.6174753372525123e-11
1.6353320034344808e-11
1.654106268954939e-11
1.6738478499678197e-11
1.6946106788770544e-11
1.716453334794759e-11
1.739439528927033e-11
1.763638653160085e-11
1.789126401576293e-11
1.8159854763809067e-11
1.8443063918329558e-11
1.874188392333261e-11
1.90574050393551e-11
1.9390827423491477e-11
1.974347505169115e-11
2.011681181820174e-11
2.0512460218304525e-11
2.093222310923572e-11
2.137810915529605e-11
2.1852362703040397e-11
2.2357499009612897e-11
2.2896345973088312e-11
2.3472093803334583e-11
2.408835444606334e-11
2.474923305957254e-11
2.5459414482052908e-11
2.6224268471255415e-11
2.704997862369169e-11
2.794370139508783e-11
2.8913763702147863e-11
2.996991041235118e-11
3.112361695373375e-11
3.2388487792570597e-11
3.378076937773785e-11
3.5320017478746694e-11
3.702997543302584e-11
3.8939744499277957e-11
4.108536487310357e-11
4.3511983536464155e-11
4.627687578870157e-11
4.94537332090805e-11
5.313887131858709e-11
5.7460417373671206e-11
6.259224845398267e-11
6.87757277311409e-11
7.635467085746934e-11
8.583360310346981e-11
9.797876182902287e-11
1.1400133268588092e-10
1.3590757426964434e-10
1.6720887672976935e-10
2.1446386764316588e-10
2.9090242844516067e-10
4.257871984893682e-10
6.908667052156364e-10
1.2863842771453802e-09
2.8558700772029726e-09
7.834744787973325e-09
2.7266343449380632e-08
1.2215492169938648e-07
7.087505066396308e-07
5.335475298232903e-06
5.2135245848999424e-05
0.0006613010175324975
0.010888809301043925

5.975092089164631e-10
6.545655618778894e-09
6.132387322228633e-08
4.913306730172572e-07
3.366557627349911e-06
1.972722981639717e-05
9.885850318277989e-05
0.0004236720678480617
0.0015527928043597675
0.004867041649333594
0.013046213786828275
0.029906927279069916
0.05863095576827615
0.09829921020600596
0.1409421715371312
0.17282229338307808
0.18122847874256456
0.1625253093358769
0.12464746000515452
0.08175489034740707
0.04585766349176997
0.021997735774764667
0.009024266554437934
0.003166020509054875
0.0009499120749434544
0.00024373672322423399
5.3484310765767664e-05
1.0036902707952701e-05
1.6107973282875047e-06
2.2108025777233944e-07
2.594937483467568e-08
2.6047839785587645e-09
2.2360648769734972e-10
1.6415910037792436e-11
1.030655208430549e-12
5.53387973554133e-14
2.541054070636803e-15
9.978516312787214e-17
3.351088614876549e-18
9.624401417603009e-20
2.3639017379574988e-21
4.965385674520915e-23
8.919580499266048e-25
1.3702624201338916e-26
1.800242210928252e-28
2.0226745464900478e-30
1.943519728591761e-32
1.5970546335038464e-34
1.1223245637780982e-36
6.745047908948188e-39
3.466725737164341e-41
1.5237783757315197e-43
5.727854836993524e-46
1.841323412459929e-48
5.062161808781442e-51
1.1901723215549954e-53
2.3930487436722288e-56
4.114917370990602e-59
6.051159052459277e-62
7.609986621904628e-65
8.184593109542953e-68
7.527975023590736e-71
5.921437105517341e-74
3.983308541002495e-77
2.2915463696417606e-80
1.1274082986386239e-83
4.743530313656776e-87
1.7068289827768615e-90
5.252259952738118e-94
1.382198101365106e-97
3.11072949367442e-101
5.9871767197409905e-105
9.854844656748818e-109
1.3872200716179036e-112
1.6699705812508157e-116
1.719254431980053e-120
1.5136984284131495e-124
1.1397417124096389e-128
7.339076273843027e-133
4.0415153727271906e-137
1.9033337311427224e-141
7.665730183041855e-146
2.6403408143785957e-150
7.777398010134228e-155
1.959189910795731e-159
4.220720775623289e-164
7.776149186016297e-169
1.2252096854283782e-173
1.6509127973887306e-178
1.9024170180905487e-183
1.8748010407271123e-188
1.580056166007479e-193
1.138826959225476e-198
7.019575177261421e-204
3.70025619984195e-209
1.6680944439686213e-214
6.430982860643996e-220
2.1203226071989892e-225
5.978529975483895e-231
1.4416331283037412e-236
