1.9395423900066489
0.07560601161337004
0.007317819167612611
0.0009072765213002069
0.00012757241355273462
2.0108473281759267e-05
3.549539857085004e-06
7.016151862391072e-07
1.5529418510670693e-07
3.849125274566387e-08
1.068168774920087e-08
3.337447639630637e-09
1.153700225741803e-09
4.4840981449547934e-10
1.9443383572815002e-10
9.37003662258432e-11
4.988742043026343e-11
2.9102757556056e-11
1.8415701495038205e-11
1.2501511238328794e-11
9.005110200757917e-12
6.813440915504934e-12
5.3673030767801384e-12
4.36960263001251e-12
3.654268096307403e-12
3.124098958305731e-12
2.7197967244128927e-12
2.4038122168421417e-12
2.151559899524506e-12
1.946452163530092e-12
1.7769923522003063e-12
1.6350174836687702e-12
1.514604354981327e-12
1.4113700999061319e-12
1.3220138650128735e-12
1.24400966916636e-12
1.1753963008483865e-12
1.1146308572920026e-12
1.0604848613828788e-12
1.0119693922530226e-12
9.682803255228266e-13
9.287577329133993e-13
8.928553983013949e-13
8.601176604579566e-13
8.301616295038431e-13
8.026633913894131e-13
7.773472047626068e-13
7.539769663714418e-13
7.323494128968668e-13
7.122886639894484e-13
6.93641810074619e-13
6.762753205381462e-13
6.60072100963555e-13
6.449290675334394e-13
6.307551362806953e-13
6.174695472362302e-13
6.050004605594323e-13
5.932837748198471e-13
5.822621277136197e-13
5.718840473720438e-13
5.621032285880725e-13
5.528779131487653e-13
5.441703573164505e-13
5.359463725745675e-13
5.281749282172878e-13
5.208278063462017e-13
5.138793014435768e-13
5.07305957997963e-13
5.010863407250527e-13
4.952008328022066e-13
4.896314582563085e-13
4.843617252411658e-13
4.793764874359642e-13
4.746618212090211e-13
4.70204916536263e-13
4.659939799535053e-13
4.62018148065509e-13
4.582674103408067e-13
4.5473254009585783e-13
4.5140503272048247e-13
4.4827705032302953e-13
4.453413720819051e-13
4.4259134968285854e-13
4.4002086730121297e-13
4.3762430565705627e-13
4.353965097309611e-13
4.3333275977947745e-13
4.314287453346321e-13
4.296805419109566e-13
4.280845901780037e-13
4.266376773865977e-13
4.2533692086382383e-13
4.2417975341548926e-13
4.231639104959523e-13
4.222874190241805e-13
4.2154858774200803e-13
4.2094599902610373e-13
4.204785020793865e-13
4.2014520744076425e-13
4.1994548276433345e-13
4.198789498307271e-13
4.1994548276433345e-13
4.2014520744076425e-13
4.204785020793865e-13
4.2094599902610373e-13
4.2154858774200803e-13
4.222874190241805e-13
4.231639104959523e-13
4.2417975341548926e-13
4.2533692086382383e-13
4.266376773865977e-13
4.280845901780037e-13
4.296805419109566e-13
4.314287453346321e-13
4.3333275977947745e-13
4.353965097309611e-13
4.3762430565705627e-13
4.4002086730121297e-13
4.4259134968285854e-13
4.453413720819051e-13
4.4827705032302953e-13
4.5140503272048247e-13
4.5473254009585783e-13
4.582674103408067e-13
4.62018148065509e-13
4.659939799535053e-13
4.70204916536263e-13
4.746618212090211e-13
4.793764874359642e-13
4.843617252411658e-13
4.896314582563085e-13
4.952008328022066e-13
5.010863407250527e-13
5.07305957997963e-13
5.138793014435768e-13
5.208278063462017e-13
5.281749282172878e-13
5.359463725745675e-13
5.441703573164505e-13
5.528779131487653e-13
5.621032285880725e-13
5.718840473720438e-13
5.822621277136197e-13
5.932837748198471e-13
6.050004605594323e-13
6.174695472362302e-13
6.307551362806953e-13
6.449290675334394e-13
6.60072100963555e-13
6.762753205381462e-13
6.93641810074619e-13
7.122886639894484e-13
7.323494128968668e-13
7.539769663714418e-13
7.773472047626068e-13
8.026633913894131e-13
8.301616295038431e-13
8.601176604579566e-13
8.928553983013949e-13
9.287577329133993e-13
9.682803255228266e-13
1.0119693922530226e-12
1.0604848613828788e-12
1.1146308572920026e-12
1.1753963008483865e-12
1.24400966916636e-12
1.3220138650128735e-12
1.4113700999061319e-12
1.514604354981327e-12
1.6350174836687702e-12
1.7769923522003063e-12
1.946452163530092e-12
2.151559899524506e-12
2.4038122168421417e-12
2.7197967244128927e-12
3.124098958305731e-12
3.654268096307403e-12
4.36960263001251e-12
5.3673030767801384e-12
6.813440915504934e-12
9.005110200757917e-12
1.2501511238328794e-11
1.8415701495038205e-11
2.9102757556056e-11
4.988742043026343e-11
9.37003662258432e-11
1.9443383572815002e-10
4.4840981449547934e-10
1.153700225741803e-09
3.337447639630637e-09
1.068168774920087e-08
3.849125274566387e-08
1.5529418510670693e-07
7.016151862391072e-07
3.549539857085004e-06
2.0108473281759267e-05
0.00012757241355273462
0.0009072765213002069
0.007317819167612611
0.07560601161337004

1.664417601514144e-11
9.343619599821334e-10
3.6567220492522755e-08
9.976833036402005e-07
1.8976556615608865e-05
0.000251632115639852
0.0023261551605539715
0.014991160130431275
0.0673528160966845
0.21096005341029517
0.4606474241990761
0.7012308591135419
0.7441788927234851
0.5505765370311098
0.2839775505015939
0.10212615654899213
0.025733665463461883
0.0054040955496261435
0.005479560360526558
0.02072141948073199
0.07548046169016168
0.29120790496403753
0.9643268558346848
1.7813528367743687
1.6115206722949074
0.8696723799273407
0.43826968290988944
0.2275101014904512
0.09962161733006714
0.034293446090165366
0.009211195785339554
0.0019298078961017039
0.00031535648959853585
4.0195649745186945e-05
3.9961880863432645e-06
3.0988629890871256e-07
1.8743401846598525e-08
8.842682755700949e-10
3.25393789171592e-11
9.339509345657305e-13
2.0908768281702457e-14
3.6510890466760944e-16
4.972857190725818e-18
5.2829820688699127e-20
4.377658432717747e-22
2.829398999188093e-24
1.426382839598095e-26
5.60876962240596e-29
1.720238587839164e-31
4.115279679193298e-34
7.678910625425126e-37
1.1176078843139547e-39
1.2687290610860741e-42
1.1234090173056689e-45
7.75883489075258e-49
4.1796960575699566e-52
1.756234401093023e-55
5.755855003179857e-59
1.4713866014827071e-62
2.933819128727978e-66
4.562779289373177e-70
5.534968762047298e-74
5.237095260505388e-78
3.865052165892352e-82
2.224896603433427e-86
9.989733280995788e-91
3.498545607980733e-95
9.55676206647366e-100
2.036214820546186e-104
3.3839660831431663e-109
4.386498607262737e-114
4.4350607897707457e-119
3.4976048694253283e-124
2.1514512001442413e-129
1.0322427503515231e-134
3.862973865278598e-140
1.1275901808860142e-145
2.5672631531643976e-151
4.559099564608333e-157
6.31505813132322e-163
6.822840448926203e-169
5.749666636097218e-175
3.7792855039571477e-181
1.937609812019948e-187
7.748408971435702e-194
2.4168424054964794e-200
5.879951127150412e-207
1.1158059864539446e-213
1.651555774501551e-220
1.906722051594223e-227
1.7170032636325537e-234
1.2059920332461876e-241
6.60704620471435e-249
2.8233182528559595e-256
9.410266321883031e-264
2.4464344306928624e-271
4.9608355754408655e-279
7.846313784182819e-287
9.679793628785632e-295
9.314426314529995e-303
