1.4289244137621666
0.23427401198235065
0.07588121172998465
0.031228279027431416
0.014888466775311077
0.008039822839617884
0.004845884191549863
0.0032094683821760435
0.0022970883381847776
0.001748545842641951
0.0013962106518999589
0.0011566608748992176
0.0009857632613926458
0.0008588310776043577
0.0007613388613753869
0.0006843411562768755
0.0006220992101903344
0.0005707949923564287
0.0005278049632010106
0.0004912740882675009
0.00045985713369321886
0.0004325564891914771
0.00040861752048236045
0.00038745924362803543
0.0003686272870531094
0.00035176127404039354
0.0003365717527238849
0.00032282358217796574
0.00031032376960491435
0.00029891243140702114
0.00028845598285110846
0.000278841941757779
0.00026997491747765404
0.0002617734815448836
0.00025416770200037365
0.0002470971828111304
0.00024050949165015377
0.00023435888913431622
0.00022860529414779466
0.00022321343559259793
0.00021815215249835503
0.0002133938130578496
0.00020891382964694332
0.00020469025181192824
0.0002007034229735091
0.0001969356894994737
0.00019337115305207233
0.00018999545887846177
0.00018679561409962485
0.00018375983115170988
0.00018087739240894057
0.00017813853271847667
0.00017553433714246602
0.00017305665165987663
0.00017069800495280688
0.00016845153970614793
0.000166310952099223
0.0001642704383739729
0.00016232464753476904
0.0001604686393766727
0.00015869784715721004
0.00015700804432575762
0.00015539531480783666
0.00015385602641176474
0.00015238680698444334
0.00015098452299340014
0.0001496462602550395
0.00014836930656561345
0.00014715113602270735
0.00014598939485189477
0.00014488188857629533
0.00014382657038671437
0.00014282153058726128
0.00014186498700628222
0.0001409552762754168
0.00014009084589089265
0.00013927024698102912
0.00013849212771255607
0.00013775522727591219
0.00013705837039633807
0.00013640046232342944
0.00013578048425698052
0.0001351974891715176
0.0001346505980059694
0.00013413899618852182
0.00013366193046990662
0.00013321870604123738
0.00013280868391506617
0.00013243127855063714
0.0001320859557063818
0.0001317722305045764
0.00013148966569477625
0.00013123787010419082
0.00013101649726457478
0.00013082524420651083
0.00013066385041316002
0.0001305320969266713
0.00013042980560148642
0.00013035683849975792
0.00013031309742503585
0.00013029852359126907
0.00013031309742503585
0.00013035683849975792
0.00013042980560148642
0.0001305320969266713
0.00013066385041316002
0.00013082524420651083
0.00013101649726457478
0.00013123787010419082
0.00013148966569477625
0.0001317722305045764
0.0001320859557063818
0.00013243127855063714
0.00013280868391506617
0.00013321870604123738
0.00013366193046990662
0.00013413899618852182
0.0001346505980059694
0.0001351974891715176
0.00013578048425698052
0.00013640046232342944
0.00013705837039633807
0.00013775522727591219
0.00013849212771255607
0.00013927024698102912
0.00014009084589089265
0.0001409552762754168
0.00014186498700628222
0.00014282153058726128
0.00014382657038671437
0.00014488188857629533
0.00014598939485189477
0.00014715113602270735
0.00014836930656561345
0.0001496462602550395
0.00015098452299340014
0.00015238680698444334
0.00015385602641176474
0.00015539531480783666
0.00015700804432575762
0.00015869784715721004
0.0001604686393766727
0.00016232464753476904
0.0001642704383739729
0.000166310952099223
0.00016845153970614793
0.00017069800495280688
0.00017305665165987663
0.00017553433714246602
0.00017813853271847667
0.00018087739240894057
0.00018375983115170988
0.00018679561409962485
0.00018999545887846177
0.00019337115305207233
0.0001969356894994737
0.0002007034229735091
0.00020469025181192824
0.00020891382964694332
0.0002133938130578496
0.00021815215249835503
0.00022321343559259793
0.00022860529414779466
0.00023435888913431622
0.00024050949165015377
0.0002470971828111304
0.00025416770200037365
0.0002617734815448836
0.00026997491747765404
0.000278841941757779
0.00028845598285110846
0.00029891243140702114
0.00031032376960491435
0.00032282358217796574
0.0003365717527238849
0.00035176127404039354
0.0003686272870531094
0.00038745924362803543
0.00040861752048236045
0.0004325564891914771
0.00045985713369321886
0.0004912740882675009
0.0005278049632010106
0.0005707949923564287
0.0006220992101903344
0.0006843411562768755
0.0007613388613753869
0.0008588310776043577
0.0009857632613926458
0.0011566608748992176
0.0013962106518999589
0.001748545842641951
0.0022970883381847776
0.0032094683821760435
0.004845884191549863
0.008039822839617884
0.014888466775311077
0.031228279027431416
0.07588121172998465
0.23427401198235065

0.006160947679079757
0.018821165014755607
0.06067513761965553
0.17924657738123945
0.3984863412810337
0.6052287325996288
0.6314060152389743
0.5047414737970689
0.3784731339582269
0.30032919789673385
0.23610858754683622
0.16982479145540946
0.11236569045964692
0.08610545972658316
0.12767014238796587
0.2791864057910703
0.5259197677512525
0.7355775289677922
0.744924112859813
0.5438325264444891
0.2859594158872996
0.10827787273807983
0.029522064312124233
0.0057958611704493615
0.0008193155143044078
8.339618689873106e-05
6.112302797103315e-06
3.22576968925637e-07
1.225890402083444e-08
3.355303069577474e-10
6.618708162243115e-12
9.441201008068722e-14
9.922839462104462e-16
8.598484165619596e-18
9.835841514834956e-20
2.251429550552557e-21
6.457149268776568e-23
1.721422550754809e-24
4.064413979262009e-26
8.458403896060604e-28
1.5509496789343433e-29
2.5056230039588225e-31
3.5664978773306173e-33
4.472768420187148e-35
4.9421856585044964e-37
4.8113826675332885e-39
4.126947486406663e-41
3.118862194891515e-43
2.0766897992577737e-45
1.218302886685945e-47
6.297194637204314e-50
2.8677887761941193e-52
1.1506822252808946e-54
4.0679148016630096e-57
1.2670579918416363e-59
3.477197323208621e-62
8.40756785038838e-65
1.7910991389643345e-67
3.361840226442486e-70
5.5595893451182105e-73
8.1005882643995e-76
1.0399168209456937e-78
1.1762207802790584e-81
1.1721610677840815e-84
1.0291861602253887e-87
7.961754507989553e-91
5.426650193793136e-94
3.258840257511574e-97
1.7242590649262032e-100
8.038040002444786e-104
3.3014597627683447e-107
1.1947307839846604e-110
3.809274764617672e-114
1.070096011372793e-117
2.6485696065479026e-121
5.775748006109447e-125
1.109719666701567e-128
1.8785663068996007e-132
2.8018699589986136e-136
3.6819477484315667e-140
4.263001321437313e-144
4.34872067948658e-148
3.9085507920412555e-152
3.0951250953400173e-156
2.15947834395925e-160
1.3274791232412414e-164
7.189765845040932e-169
3.430915274799063e-173
1.4424920901060476e-177
5.343491063496125e-182
1.7439937914167235e-186
5.0150236072225875e-191
1.2706011058977377e-195
2.836309870708361e-200
5.578357248011768e-205
9.666453616326855e-210
1.4758296083326574e-214
1.9852420552580008e-219
2.3528753209628515e-224
2.456928750470058e-229
