1.3419644284185557
0.4639719873584822
0.3091914824054346
0.22185404649577004
0.16464723066068196
0.1258177809147033
0.09872814959733023
0.07934432925577224
0.06514419679828429
0.05451248432417659
0.04639104385145007
0.040071695588859646
0.03507079923530253
0.03105170275920193
0.02777582730039626
0.02507122221930476
0.022811981883993086
0.02090453871778992
0.01927838513460872
0.017879695324837207
0.016666875700938527
0.015607417331066232
0.014675639858797971
0.01385105411716564
0.013117159655667749
0.012460551736414818
0.011870251100992728
0.011337195871556963
0.0108538526941075
0.010413916454240169
0.01001207640824107
0.009643832564336851
0.009305350409536377
0.008993345136522573
0.008704988741783215
0.00843783498681436
0.008189758409156934
0.00795890445823528
0.00774364849632795
0.007542561907143925
0.00735438393614714
0.007177998178857805
0.007012412858353781
0.006856744207600007
0.0067102024082398536
0.006572079644158003
0.006441739912260786
0.0063186102996336865
0.006202173489406689
0.006091961300244639
0.005987549098651072
0.005888550950979728
0.005794615404544718
0.0057054218055649
0.00562067707669808
0.0055401128892671484
0.005463483175467732
0.005390561934283919
0.005321141291850478
0.005255029782847776
0.005192050824408364
0.005132041358121335
0.005074850639178798
0.005020339154629368
0.004968377655177379
0.004918846287067731
0.004871633812385879
0.004826636907630842
0.004783759531727634
0.00474291235576871
0.0047040122477404805
0.004666981806324465
0.0046317489385833506
0.004598246476966554
0.004566411831612186
0.004536186674394219
0.00450751665157528
0.00448035112228527
0.004454642920361133
0.004430348137359728
0.004407425924799058
0.004385838313897531
0.004365550051270481
0.004346528449210838
0.004328743249329659
0.004312166498464679
0.004296772435882989
0.004282537390909519
0.0042694396902075455
0.0042574595740225455
0.004246579120777375
0.004236782179476277
0.004228054309438345
0.004220382726938678
0.004213756258388409
0.004208165299733527
0.00420360178179767
0.004200059141336393
0.004197532297610171
0.004196017634321113
0.004195512986794504
0.004196017634321113
0.004197532297610171
0.004200059141336393
0.00420360178179767
0.004208165299733527
0.004213756258388409
0.004220382726938678
0.004228054309438345
0.004236782179476277
0.004246579120777375
0.0042574595740225455
0.0042694396902075455
0.004282537390909519
0.004296772435882989
0.004312166498464679
0.004328743249329659
0.004346528449210838
0.004365550051270481
0.004385838313897531
0.004407425924799058
0.004430348137359728
0.004454642920361133
0.00448035112228527
0.00450751665157528
0.004536186674394219
0.004566411831612186
0.004598246476966554
0.0046317489385833506
0.004666981806324465
0.0047040122477404805
0.00474291235576871
0.004783759531727634
0.004826636907630842
0.004871633812385879
0.004918846287067731
0.004968377655177379
0.005020339154629368
0.005074850639178798
0.005132041358121335
0.005192050824408364
0.005255029782847776
0.005321141291850478
0.005390561934283919
0.005463483175467732
0.0055401128892671484
0.00562067707669808
0.0057054218055649
0.005794615404544718
0.005888550950979728
0.005987549098651072
0.006091961300244639
0.006202173489406689
0.0063186102996336865
0.006441739912260786
0.006572079644158003
0.0067102024082398536
0.006856744207600007
0.007012412858353781
0.007177998178857805
0.00735438393614714
0.007542561907143925
0.00774364849632795
0.00795890445823528
0.008189758409156934
0.00843783498681436
0.008704988741783215
0.008993345136522573
0.009305350409536377
0.009643832564336851
0.01001207640824107
0.010413916454240169
0.0108538526941075
0.011337195871556963
0.011870251100992728
0.012460551736414818
0.013117159655667749
0.01385105411716564
0.014675639858797971
0.015607417331066232
0.016666875700938527
0.017879695324837207
0.01927838513460872
0.02090453871778992
0.022811981883993086
0.02507122221930476
0.02777582730039626
0.03105170275920193
0.03507079923530253
0.040071695588859646
0.04639104385145007
0.05451248432417659
0.06514419679828429
0.07934432925577224
0.09872814959733023
0.1258177809147033
0.16464723066068196
0.22185404649577004
0.3091914824054346
0.4639719873584822

0.1904881984362742
0.8001681863213487
1.3032745276223268
0.8230608693142354
0.20154379076839746
0.019135874400257054
0.0007044799490571817
1.005824184078297e-05
1.704871957970245e-07
3.8884336021737904e-06
8.247056598673414e-05
0.0010956260383658113
0.009116989564183784
0.04751889275269008
0.155133971050672
0.3172292677121662
0.4063173151426322
0.3259883117496767
0.2077015907466108
1.4362370555381436
0.45484713303749646
0.0027090991528788085
9.713479688193877e-05
4.703603253516429e-06
1.427344149880766e-07
2.713016657960561e-09
3.229995843714953e-11
2.408669474714993e-13
1.1250665077803164e-15
3.291583874194429e-18
6.0319453463300255e-21
6.92365807205468e-24
4.977824353600748e-27
2.2416575438546337e-30
6.323022207034693e-34
1.1171355950202962e-37
1.236268531828316e-41
8.569302658189903e-46
3.7205221221499397e-50
1.0117845482092833e-54
1.723447015552008e-59
1.838796092246735e-64
1.2288388978700645e-69
5.143776267059738e-75
1.348636572268886e-80
2.214795014372994e-86
2.2782316657425575e-92
1.4678712785474516e-98
5.923846601629802e-105
1.4974260262008625e-111
2.370897029880169e-118
2.351287582091315e-125
1.4605773113106722e-132
5.682887935154347e-140
1.384966842633971e-147
2.114148076995369e-155
2.0214228515312348e-163
1.2106111837015738e-171
4.541276388659648e-180
1.0670307360170714e-188
1.5703688311598978e-197
1.4476119053790578e-206
8.358500402907782e-216
3.022945597687001e-225
6.847909897715887e-235
9.716536479916874e-245
8.635563376649623e-255
4.807237826048773e-265
1.676201723772853e-275
3.6608564513900835e-286
5.008006210427718e-297
4.291140752674315e-308
2.3031e-319
0.0
0.0
0.0
0.0
0.0
0.0
0.0
0.0
0.0
0.0
0.0
0.0
0.0
0.0
0.0
0.0
0.0
0.0
0.0
0.0
0.0
0.0
0.0
0.0
0.0
0.0
0.0
