1.0735552750678226
0.016125179934764526
0.0003302351791461092
9.138825521641747e-06
3.3668417231900395e-07
1.6153035593613157e-08
1.0201858070174162e-09
8.411275572586128e-11
1.0123544048042705e-11
2.0595821245944852e-12
7.271961996187685e-13
3.7799051213943733e-13
2.4322891341967534e-13
1.7604522280055726e-13
1.368367088322192e-13
1.1151108199305663e-13
9.39625740655371e-14
8.116013310133419e-14
7.144507708832093e-14
6.384069055423241e-14
5.773781043373676e-14
5.273844570216668e-14
4.857239691943744e-14
4.5050208799993135e-14
4.203534010818543e-14
3.9427027741821894e-14
3.71493649911329e-14
3.51441281212931e-14
3.33659388534821e-14
3.1778924989635456e-14
3.035436672355003e-14
2.9069006441831715e-14
2.7903814394317766e-14
2.684307344484327e-14
2.5873690950626716e-14
2.4984674818222383e-14
2.4166729911551724e-14
2.3411943832130467e-14
2.2713539860476042e-14
2.206568092579014e-14
2.1463312743675957e-14
2.090203730456868e-14
2.0378010089101356e-14
1.9887855985847774e-14
1.942860006517854e-14
1.899761023974706e-14
1.8592549500618607e-14
1.8211335916941032e-14
1.7852108968130313e-14
1.751320107089093e-14
1.719311339086248e-14
1.689049520629757e-14
1.6604126230772655e-14
1.6332901412333698e-14
1.607581781430743e-14
1.5831963253274264e-14
1.5600506426215212e-14
1.5380688304535397e-14
1.5171814609784694e-14
1.4973249216192e-14
1.4784408349966137e-14
1.460475547576612e-14
1.4433796777649093e-14
1.427107715583506e-14
1.4116176672317141e-14
1.3968707388119348e-14
1.3828310543204512e-14
1.3694654036938588e-14
1.3567430172848343e-14
1.3446353636349526e-14
1.3331159678320728e-14
1.3221602480975955e-14
1.3117453685547397e-14
1.3018501063910522e-14
1.2924547318536256e-14
1.2835408997095591e-14
1.2750915509718243e-14
1.267090823835877e-14
1.2595239728983512e-14
1.2523772958388438e-14
1.2456380668414448e-14
1.2392944761163e-14
1.2333355749548102e-14
1.2277512258164719e-14
1.2225320570020986e-14
1.2176694215182682e-14
1.2131553597821937e-14
1.208982565855599e-14
1.2051443569312696e-14
1.2016346458272701e-14
1.1984479162719129e-14
1.1955792007878427e-14
1.1930240610064326e-14
1.1907785702644215e-14
1.1888392983536288e-14
1.1872032983119299e-14
1.1858680951597037e-14
1.1848316765008378e-14
1.184092484921345e-14
1.1836494121318103e-14
1.1835017948124714e-14
1.1836494121318103e-14
1.184092484921345e-14
1.1848316765008378e-14
1.1858680951597037e-14
1.1872032983119299e-14
1.1888392983536288e-14
1.1907785702644215e-14
1.1930240610064326e-14
1.1955792007878427e-14
1.1984479162719129e-14
1.2016346458272701e-14
1.2051443569312696e-14
1.208982565855599e-14
1.2131553597821937e-14
1.2176694215182682e-14
1.2225320570020986e-14
1.2277512258164719e-14
1.2333355749548102e-14
1.2392944761163e-14
1.2456380668414448e-14
1.2523772958388438e-14
1.2595239728983512e-14
1.267090823835877e-14
1.2750915509718243e-14
1.2835408997095591e-14
1.2924547318536256e-14
1.3018501063910522e-14
1.3117453685547397e-14
1.3221602480975955e-14
1.3331159678320728e-14
1.3446353636349526e-14
1.3567430172848343e-14
1.3694654036938588e-14
1.3828310543204512e-14
1.3968707388119348e-14
1.4116176672317141e-14
1.427107715583506e-14
1.4433796777649093e-14
1.460475547576612e-14
1.4784408349966137e-14
1.4973249216192e-14
1.5171814609784694e-14
1.5380688304535397e-14
1.5600506426215212e-14
1.5831963253274264e-14
1.607581781430743e-14
1.6332901412333698e-14
1.6604126230772655e-14
1.689049520629757e-14
1.719311339086248e-14
1.751320107089093e-14
1.7852108968130313e-14
1.8211335916941032e-14
1.8592549500618607e-14
1.899761023974706e-14
1.942860006517854e-14
1.9887855985847774e-14
2.0378010089101356e-14
2.090203730456868e-14
2.1463312743675957e-14
2.206568092579014e-14
2.2713539860476042e-14
2.3411943832130467e-14
2.4166729911551724e-14
2.4984674818222383e-14
2.5873690950626716e-14
2.684307344484327e-14
2.7903814394317766e-14
2.9069006441831715e-14
3.035436672355003e-14
3.1778924989635456e-14
3.33659388534821e-14
3.51441281212931e-14
3.71493649911329e-14
3.9427027741821894e-14
4.203534010818543e-14
4.5050208799993135e-14
4.857239691943744e-14
5.273844570216668e-14
5.773781043373676e-14
6.384069055423241e-14
7.144507708832093e-14
8.116013310133419e-14
9.39625740655371e-14
1.1151108199305663e-13
1.368367088322192e-13
1.7604522280055726e-13
2.4322891341967534e-13
3.7799051213943733e-13
7.271961996187685e-13
2.0595821245944852e-12
1.0123544048042705e-11
8.411275572586128e-11
1.0201858070174162e-09
1.6153035593613157e-08
3.3668417231900395e-07
9.138825521641747e-06
0.0003302351791461092
0.016125179934764526

5.296835645827431e-13
4.243550391612297e-12
3.122535429027378e-11
2.1150448025034155e-10
1.327562002944353e-09
7.85313728128468e-09
4.5291484624987085e-08
2.6656347415854787e-07
1.639061641126858e-06
1.0204663530344312e-05
6.024552630931748e-05
0.00031822879719224943
0.0014508273459748226
0.0056015233953594454
0.018143264687209622
0.049077074119381094
0.11065107945278649
0.2078831832206035
0.3260980660742294
0.4357365884937447
0.5644701565246528
0.8424440519711058
1.0393772276871314
0.7268905825173908
0.328865722208066
0.17857325354122955
0.13563971480539508
0.10897672848109922
0.08384386677080152
0.06012314025036741
0.0397708344850614
0.024179429710172597
0.013495532357477028
0.006912902131750882
0.0032495551057063845
0.0014017586242802834
0.000554890101396513
0.0002015695281156567
6.719344411158777e-05
2.0554789858755387e-05
5.770099409256343e-06
1.4864067362010314e-06
3.513792806535552e-07
7.622523099976688e-08
1.5174188127435794e-08
2.7720195838373573e-09
4.646984666056826e-10
7.148753131950022e-11
1.009191247688211e-11
1.3073767765059608e-12
1.5542188505102942e-13
1.695538646453497e-14
1.6974122392367762e-15
1.5593768435453692e-16
1.314616101677794e-17
1.0170233616006024e-18
7.220163394808732e-20
4.7037825644010615e-21
2.8121052110806513e-22
1.5427658166949877e-23
7.766986765024178e-25
3.588304071071964e-26
1.5212830474665226e-27
5.918544655795009e-29
2.1130216504411464e-30
6.922725005980202e-32
2.081298296868198e-33
5.7421653282999e-35
1.4537883068232343e-36
3.3776198277369754e-38
7.201193397249578e-40
1.408906909441413e-41
2.52955565111084e-43
4.1676409167388326e-45
6.301159355531938e-47
8.742482024330975e-49
1.1130973484174907e-50
1.3005158919626766e-52
1.3943836893869447e-54
1.3719334331078075e-56
1.2387050282725603e-58
1.026329652247083e-60
7.803509576572547e-63
5.4447403519243745e-65
3.486169471946656e-67
2.0483488960335273e-69
1.1044434501123901e-71
5.4647103911686905e-74
2.4812751899061e-76
1.0338721351187587e-78
3.9531458962432846e-81
1.3870846653769918e-83
4.4662930291345305e-86
1.31970107746194e-88
3.5783930724987183e-91
8.903989366969576e-94
2.0331308777034565e-96
4.260201635658753e-99
8.191795245874044e-102
1.445480167978493e-104
