0.40734677119618423
0.06221459379283455
0.012677692694036777
0.0034227216427930463
0.0012028778937320794
0.0005329401900001625
0.00028517326397060655
0.00017625756209248614
0.00012109208644828629
8.980096050656801e-05
7.039483794592726e-05
5.748545493892091e-05
4.840959511633524e-05
4.174184718223757e-05
3.666669694547646e-05
3.2690681853786094e-05
2.9500742678091814e-05
2.6890120733667067e-05
2.4717482113355478e-05
2.2883307213135713e-05
2.131569284275895e-05
1.9961507352883664e-05
1.878070596885471e-05
1.7742574729018172e-05
1.6823186767026152e-05
1.6003641169097564e-05
1.5268819186481056e-05
1.46064899208986e-05
1.4006656739289852e-05
1.3461072488758257e-05
1.2962875014706341e-05
1.2506309705342286e-05
1.2086515858680978e-05
1.169936044980092e-05
1.134130751524204e-05
1.1009314591845664e-05
1.0700749913672495e-05
1.0413325685939304e-05
1.0145043919932234e-05
9.89415216246609e-06
9.659107079515216e-06
9.43854431947656e-06
9.231253431328497e-06
9.036156877893183e-06
8.85229238671791e-06
8.67879803675952e-06
8.514899599709783e-06
8.359899748959275e-06
8.21316882316125e-06
8.074136889817852e-06
7.942286900790468e-06
7.81714876879817e-06
7.698294223839238e-06
7.585332332604043e-06
7.477905583540574e-06
7.375686456214788e-06
7.278374406700732e-06
7.185693211508313e-06
7.09738862145642e-06
7.013226284281001e-06
6.93298990091322e-06
6.8564795854980955e-06
6.78351040352953e-06
6.713911066100237e-06
6.647522761322425e-06
6.584198106563791e-06
6.523800207341761e-06
6.4662018105912015e-06
6.411284541620199e-06
6.358938215437935e-06
6.3090602143150134e-06
6.261554924449032e-06
6.216333225482216e-06
6.17331202737396e-06
6.132413849787e-06
6.093566439715805e-06
6.056702423582578e-06
6.021758990459831e-06
5.988677603458082e-06
5.957403736650178e-06
5.927886635196275e-06
5.9000790965914476e-06
5.873937271185471e-06
5.849420480325794e-06
5.8264910506534245e-06
5.805114163240395e-06
5.785257716399097e-06
5.766892201120429e-06
5.749990588211179e-06
5.734528226303212e-06
5.720482749999005e-06
5.707833997501547e-06
5.696563937152362e-06
5.686656602370659e-06
5.6780980345501184e-06
5.670876233528401e-06
5.664981115298911e-06
5.660404476685102e-06
5.657139966745468e-06
5.655183064722766e-06
5.654531064394391e-06
5.655183064722766e-06
5.657139966745468e-06
5.660404476685102e-06
5.664981115298911e-06
5.670876233528401e-06
5.6780980345501184e-06
5.686656602370659e-06
5.696563937152362e-06
5.707833997501547e-06
5.720482749999005e-06
5.734528226303212e-06
5.749990588211179e-06
5.766892201120429e-06
5.785257716399097e-06
5.805114163240395e-06
5.8264910506534245e-06
5.849420480325794e-06
5.873937271185471e-06
5.9000790965914476e-06
5.927886635196275e-06
5.957403736650178e-06
5.988677603458082e-06
6.021758990459831e-06
6.056702423582578e-06
6.093566439715805e-06
6.132413849787e-06
6.17331202737396e-06
6.216333225482216e-06
6.261554924449032e-06
6.3090602143150134e-06
6.358938215437935e-06
6.411284541620199e-06
6.4662018105912015e-06
6.523800207341761e-06
6.584198106563791e-06
6.647522761322425e-06
6.713911066100237e-06
6.78351040352953e-06
6.8564795854980955e-06
6.93298990091322e-06
7.013226284281001e-06
7.09738862145642e-06
7.185693211508313e-06
7.278374406700732e-06
7.375686456214788e-06
7.477905583540574e-06
7.585332332604043e-06
7.698294223839238e-06
7.81714876879817e-06
7.942286900790468e-06
8.074136889817852e-06
8.21316882316125e-06
8.359899748959275e-06
8.514899599709783e-06
8.67879803675952e-06
8.85229238671791e-06
9.036156877893183e-06
9.231253431328497e-06
9.43854431947656e-06
9.659107079515216e-06
9.89415216246609e-06
1.0145043919932234e-05
1.0413325685939304e-05
1.0700749913672495e-05
1.1009314591845664e-05
1.134130751524204e-05
1.169936044980092e-05
1.2086515858680978e-05
1.2506309705342286e-05
1.2962875014706341e-05
1.3461072488758257e-05
1.4006656739289852e-05
1.46064899208986e-05
1.5268819186481056e-05
1.6003641169097564e-05
1.6823186767026152e-05
1.7742574729018172e-05
1.878070596885471e-05
1.9961507352883664e-05
2.131569284275895e-05
2.2883307213135713e-05
2.4717482113355478e-05
2.6890120733667067e-05
2.9500742678091814e-05
3.2690681853786094e-05
3.666669694547646e-05
4.174184718223757e-05
4.840959511633524e-05
5.748545493892091e-05
7.039483794592726e-05
8.980096050656801e-05
0.00012109208644828629
0.00017625756209248614
0.00028517326397060655
0.0005329401900001625
0.0012028778937320794
0.0034227216427930463
0.012677692694036777
0.06221459379283455

0.0002631527127875126
0.0010008997118517726
0.0033084111490436913
0.009503740860200036
0.02372552846066176
0.051473464743935056
0.09705035052688203
0.15902192747627067
0.2264451986351473
0.2802305110909107
0.30137964692040037
0.2816816910364051
0.22879657425020744
0.16150523886137075
0.09907632976732039
0.05282012251911085
0.0244723174259157
0.009853646746920422
0.003447982707357106
0.0010485263959122953
0.00027710212460131477
6.364239898753081e-05
1.270279902128271e-05
2.2034262072191577e-06
3.321572933334174e-07
4.35146278736663e-08
4.954193367665216e-09
4.901814045907755e-10
4.2148964447353765e-11
3.1496564437551112e-12
2.0454348871893043e-13
1.1543947210948318e-14
5.661991380046318e-16
2.413405367358597e-17
8.940000505336444e-19
2.878001467878917e-20
8.051757334200865e-22
1.9576567341287042e-23
4.136457880136282e-25
7.595683654278249e-27
1.2121359448325547e-28
1.6810552598681045e-30
2.0260905379191224e-32
2.1221784764194083e-34
1.931751069476748e-36
1.528152217148733e-38
1.0505779201709955e-40
6.276768639489042e-43
3.2590436068447574e-45
1.470585978090433e-47
5.766826275729021e-50
1.9653029912441687e-52
5.820608114325007e-55
1.4981434654350475e-57
3.3510788510334104e-60
6.514214999288715e-63
1.1004890563762847e-65
1.6156808100915424e-68
2.061444296964522e-71
2.285776903201943e-74
2.2026336751791796e-77
1.8445775049727803e-80
1.3424488278213719e-83
8.490724914753362e-87
4.6670021402416e-90
2.2293457473920208e-93
9.254715120041714e-97
3.3388344059382874e-100
1.046822151908406e-103
2.8523126428907e-107
6.754100962921925e-111
1.389901963452897e-114
2.4856901261933205e-118
3.863278388628881e-122
5.218085858687162e-126
6.125092271427965e-130
6.248276632226902e-134
5.539289472274704e-138
4.267701857545119e-142
2.8574608010072183e-146
1.6626953781545553e-150
8.407972767737465e-155
3.6950141164549013e-159
1.411195250399479e-163
4.683864350468931e-168
1.3510384545607788e-172
3.386704546040881e-177
7.377905862740901e-182
1.3968028329308312e-186
2.2981760976274106e-191
3.2860767173589685e-196
4.083365845869637e-201
4.409659787206991e-206
4.1384534556710785e-211
3.375337968790536e-216
2.3924488038568276e-221
1.4737174977829788e-226
7.889182917590384e-232
3.6702530648475205e-237
1.483905323948791e-242
