1.0728334592050905
0.17876458857341307
0.10549178799327875
0.07624933885779321
0.060047565332259877
0.04961703097211521
0.04229656628585868
0.03687060671284728
0.03269203625589512
0.029379548023160396
0.026692500150166408
0.02447131352767836
0.022606042375487256
0.021018551746102357
0.019651851473996902
0.01846343833542749
0.017420994346163805
0.016499525029362277
0.015679406859081115
0.014945025052253294
0.014283804222281852
0.01368550624346696
0.01314171345862976
0.012645442740713143
0.012190853436497073
0.011773023663137261
0.011387777044851374
0.011031547135152135
0.0107012703189349
0.010394300466438477
0.010108340364507938
0.009841386207115691
0.009591682338141215
0.009357684107208893
0.00913802719390359
0.008931502125406804
0.008737032991509958
0.008553659573155147
0.008380522263378935
0.008216849285265523
0.008061945809355535
0.007915184649606777
0.007775998277437533
0.007643871941321322
0.007518337717648174
0.007398969349248649
0.007285377752718403
0.007177207095732685
0.007074131361868272
0.006975851333807137
0.006882091936770134
0.00679259989308272
0.006707141646274456
0.006625501519350105
0.006547480077074942
0.006472892666476005
0.006401568113424768
0.006333347556255746
0.006268083399988494
0.006205638376937462
0.006145884701380579
0.006088703307567383
0.006033983161725001
0.005981620639902366
0.005931518964509622
0.0058835876932865645
0.005837742255191829
0.005793903528361191
0.005751997455853743
0.00571195469540107
0.005673710299807516
0.005637203425028134
0.005602377063282456
0.005569177798853169
0.005537555584474695
0.0055074635364421864
0.0054788577467705475
0.005451697110909181
0.005425943169674309
0.005401559964199286
0.005378513902826701
0.005356773638976007
0.005336309959118609
0.005317095680080347
0.005299105554970104
0.005282316187104246
0.005266705951360487
0.0052522549224525575
0.005238944809669321
0.005226758897669588
0.005215681992967143
0.0052057003757801975
0.005196801756955819
0.005188975239713475
0.005182211285982899
0.005176501687140403
0.00517183953897487
0.005168219220740151
0.005165636378174788
0.005164087910393049
0.005163571960573522
0.005164087910393049
0.005165636378174788
0.005168219220740151
0.00517183953897487
0.005176501687140403
0.005182211285982899
0.005188975239713475
0.005196801756955819
0.0052057003757801975
0.005215681992967143
0.005226758897669588
0.005238944809669321
0.0052522549224525575
0.005266705951360487
0.005282316187104246
0.005299105554970104
0.005317095680080347
0.005336309959118609
0.005356773638976007
0.005378513902826701
0.005401559964199286
0.005425943169674309
0.005451697110909181
0.0054788577467705475
0.0055074635364421864
0.005537555584474695
0.005569177798853169
0.005602377063282456
0.005637203425028134
0.005673710299807516
0.00571195469540107
0.005751997455853743
0.005793903528361191
0.005837742255191829
0.0058835876932865645
0.005931518964509622
0.005981620639902366
0.006033983161725001
0.006088703307567383
0.006145884701380579
0.006205638376937462
0.006268083399988494
0.006333347556255746
0.006401568113424768
0.006472892666476005
0.006547480077074942
0.006625501519350105
0.006707141646274456
0.00679259989308272
0.006882091936770134
0.006975851333807137
0.007074131361868272
0.007177207095732685
0.007285377752718403
0.007398969349248649
0.007518337717648174
0.007643871941321322
0.007775998277437533
0.007915184649606777
0.008061945809355535
0.008216849285265523
0.008380522263378935
0.008553659573155147
0.008737032991509958
0.008931502125406804
0.00913802719390359
0.009357684107208893
0.009591682338141215
0.009841386207115691
0.010108340364507938
0.010394300466438477
0.0107012703189349
0.011031547135152135
0.011387777044851374
0.011773023663137261
0.012190853436497073
0.012645442740713143
0.01314171345862976
0.01368550624346696
0.014283804222281852
0.014945025052253294
0.015679406859081115
0.016499525029362277
0.017420994346163805
0.01846343833542749
0.019651851473996902
0.021018551746102357
0.022606042375487256
0.02447131352767836
0.026692500150166408
0.029379548023160396
0.03269203625589512
0.03687060671284728
0.04229656628585868
0.04961703097211521
0.060047565332259877
0.07624933885779321
0.10549178799327875
0.17876458857341307

0.2582129579148016
0.24786189367350675
0.21857517271093463
0.17717045370271256
0.1333872833529536
0.10362947535489289
0.11957481948422297
0.19542929774041426
0.25099436444482853
0.19480723692173843
0.08636127014144726
0.02192355814974857
0.0035471876462104023
0.001053444235347564
0.002080423159895732
0.005664087660214076
0.014236714207680365
0.032160833087088024
0.0651375549168266
0.11825309663416096
0.19242372673825842
0.2806521878227929
0.36689500910756573
0.42991116087314973
0.45152227224103486
0.42505308919730583
0.3586499029803227
0.27124503664402017
0.18387234883288314
0.1117209421048426
0.06084379525755024
0.02970034845996107
0.01299482199131489
0.0050961554416085785
0.001791342127068817
0.0005643882374661765
0.00015938260107490934
4.034292731537814e-05
9.152873223572803e-06
1.8612770727895668e-06
3.392564786940101e-07
5.54253971637891e-08
8.116205209870778e-09
1.0652726231701944e-09
1.2532336704410374e-10
1.3214991387972579e-11
1.2490081031200448e-12
1.0581011074883663e-13
8.03438471584783e-15
5.468165111026113e-16
3.335755088761487e-17
1.8239386922985568e-18
8.939018931993277e-20
3.926747892298175e-21
1.5461076287788501e-22
5.456447341996348e-24
1.7260117789820942e-25
4.89374215894231e-27
1.2436608223339784e-28
2.832868171057137e-30
5.783813995799604e-32
1.0584389477144852e-33
1.7361244301919638e-35
2.5524628271602067e-37
3.363578323777603e-39
3.972896083944707e-41
4.206069144397143e-43
3.991252022023293e-45
3.3947315511981686e-47
2.588005908949504e-49
1.7684330870988465e-51
1.0831174224807878e-53
5.946014899304981e-56
2.9257686765725338e-58
1.2903796948499e-60
5.101038442114564e-63
1.8074371893252584e-65
5.740257477838447e-68
1.6340414676799025e-70
4.169253631466461e-73
9.534921005138399e-76
1.954516875560849e-78
3.5910817452528763e-81
5.913909843703268e-84
8.729465427142533e-87
1.1549525461602123e-89
1.3696328805020947e-92
1.4558202227936911e-95
1.3869948987996594e-98
1.1844194246063446e-101
9.065666117641995e-105
6.219528478896197e-108
3.824535908257768e-111
2.1079658286343344e-114
1.0413864715920437e-117
4.611304894195721e-121
1.8302030991426149e-124
6.510858787734052e-128
2.076064333640708e-131
5.933444442416407e-135
