0.5581153788745181
0.15602318388367042
0.04688640791035744
0.015145876862758267
0.005259240921945664
0.0019629591242424083
0.0007874227298951994
0.0003393926172452827
0.00015709920930909944
7.802254625822446e-05
4.1511471557389914e-05
2.3604256677436934e-05
1.4297144673448318e-05
9.185434072673941e-06
6.228108443888078e-06
4.432157708960397e-06
3.2915472418872356e-06
2.536860808162828e-06
2.0186291276832065e-06
1.650669505791429e-06
1.3814723877992232e-06
1.1792078737852692e-06
1.0235908571119216e-06
9.013206261459263e-07
8.03444687981488e-07
7.237905383512609e-07
6.580073888873654e-07
6.029657784657368e-07
5.563725366162774e-07
5.16518433390009e-07
4.821094125727816e-07
4.521515789642628e-07
4.258714326471864e-07
4.0265963802808755e-07
3.820307762866625e-07
3.6359412665149537e-07
3.470321718453353e-07
3.3208458920871073e-07
3.185361890114441e-07
3.062077280075654e-07
2.949488416775902e-07
2.8463255467981427e-07
2.7515097895459107e-07
2.664119141981479e-07
2.583361401838976e-07
2.508552440741736e-07
2.4390986477986424e-07
2.3744826491670061e-07
2.314251619582114e-07
2.2580076587490376e-07
2.2053998233947103e-07
2.1561174950759458e-07
2.1098848319786797e-07
2.0664561053094344e-07
2.0256117613972561e-07
1.9871550821775108e-07
1.9509093414535166e-07
1.916715373820543e-07
1.8844294885851314e-07
1.853921673324876e-07
1.8250740415974387e-07
1.797779487248873e-07
1.771940514195507e-07
1.7474682157743028e-07
1.724281382017895e-07
1.7023057167034888e-07
1.681473148899537e-07
1.6617212261094512e-07
1.6429925780815597e-07
1.625234442105256e-07
1.6083982411877737e-07
1.592439210099513e-07
1.5773160610607793e-07
1.5629906859481483e-07
1.5494278899432045e-07
1.5365951530374911e-07
1.5244624161721746e-07
1.5130018892158853e-07
1.5021878783479668e-07
1.4919966307266117e-07
1.482406194590086e-07
1.473396293171156e-07
1.4649482110054723e-07
1.457044691388751e-07
1.4496698438890223e-07
1.442809060952305e-07
1.4364489427556123e-07
1.4305772295625706e-07
1.425182740926158e-07
1.4202553211618362e-07
1.415785790584168e-07
1.4117659020621072e-07
1.408188302503648e-07
1.405046498930306e-07
1.4023348288468757e-07
1.4000484346527094e-07
1.3981832418780737e-07
1.3967359410634694e-07
1.3957039731317422e-07
1.3950855181326754e-07
1.3948794872681002e-07
1.3950855181326754e-07
1.3957039731317422e-07
1.3967359410634694e-07
1.3981832418780737e-07
1.4000484346527094e-07
1.4023348288468757e-07
1.405046498930306e-07
1.408188302503648e-07
1.4117659020621072e-07
1.415785790584168e-07
1.4202553211618362e-07
1.425182740926158e-07
1.4305772295625706e-07
1.4364489427556123e-07
1.442809060952305e-07
1.4496698438890223e-07
1.457044691388751e-07
1.4649482110054723e-07
1.473396293171156e-07
1.482406194590086e-07
1.4919966307266117e-07
1.5021878783479668e-07
1.5130018892158853e-07
1.5244624161721746e-07
1.5365951530374911e-07
1.5494278899432045e-07
1.5629906859481483e-07
1.5773160610607793e-07
1.592439210099513e-07
1.6083982411877737e-07
1.625234442105256e-07
1.6429925780815597e-07
1.6617212261094512e-07
1.681473148899537e-07
1.7023057167034888e-07
1.724281382017895e-07
1.7474682157743028e-07
1.771940514195507e-07
1.797779487248873e-07
1.8250740415974387e-07
1.853921673324876e-07
1.8844294885851314e-07
1.916715373820543e-07
1.9509093414535166e-07
1.9871550821775108e-07
2.0256117613972561e-07
2.0664561053094344e-07
2.1098848319786797e-07
2.1561174950759458e-07
2.2053998233947103e-07
2.2580076587490376e-07
2.314251619582114e-07
2.3744826491670061e-07
2.4390986477986424e-07
2.508552440741736e-07
2.583361401838976e-07
2.664119141981479e-07
2.7515097895459107e-07
2.8463255467981427e-07
2.949488416775902e-07
3.062077280075654e-07
3.185361890114441e-07
3.3208458920871073e-07
3.470321718453353e-07
3.6359412665149537e-07
3.820307762866625e-07
4.0265963802808755e-07
4.258714326471864e-07
4.521515789642628e-07
4.821094125727816e-07
5.16518433390009e-07
5.563725366162774e-07
6.029657784657368e-07
6.580073888873654e-07
7.237905383512609e-07
8.03444687981488e-07
9.013206261459263e-07
1.0235908571119216e-06
1.1792078737852692e-06
1.3814723877992232e-06
1.650669505791429e-06
2.0186291276832065e-06
2.536860808162828e-06
3.2915472418872356e-06
4.432157708960397e-06
6.228108443888078e-06
9.185434072673941e-06
1.4297144673448318e-05
2.3604256677436934e-05
4.1511471557389914e-05
7.802254625822446e-05
0.00015709920930909944
0.0003393926172452827
0.0007874227298951994
0.0019629591242424083
0.005259240921945664
0.015145876862758267
0.04688640791035744
0.15602318388367042

5.721551862793986e-06
0.00016816334063429552
0.002810313703936734
0.026704488492316224
0.14428451169971526
0.4432626637147021
0.7742987845810965
0.7690631294159515
0.43433156393704603
0.13947192026243568
0.025465848825310222
0.0026438421403545452
0.0001560697993931666
5.238515236438068e-06
9.997779134915718e-08
1.0849378308553664e-09
6.694407656174533e-12
2.348688628720216e-14
4.685378957198822e-17
5.314592716369884e-20
3.427687659467467e-23
1.2570092730356983e-26
2.6210886496957937e-30
3.1076415947596462e-34
2.0950101398710866e-38
8.030587538712027e-43
1.7503080874308082e-47
2.169140414800875e-52
1.5285048473192334e-57
6.124236623160235e-63
1.3952212810460129e-68
1.8073414507791844e-74
1.3312000155867353e-80
5.57509672570575e-87
1.327600743262082e-93
1.7975813549416062e-100
1.3839347371859626e-107
6.058270403655954e-115
1.5079525796783578e-122
2.134188144992834e-130
1.7174484461531527e-138
7.858518924061121e-147
2.0445780071135522e-155
3.0246327770381504e-164
2.5441786925267965e-173
1.2168262099368116e-182
3.309142641316837e-192
5.1169174167690055e-202
4.4989101053024595e-212
2.249117841403841e-222
6.393270701957998e-233
1.033332203287744e-243
9.496483596751374e-255
4.962398859428795e-266
1.4744379548312627e-277
2.490963266475572e-289
2.3928426011227325e-301
1.30697394143e-313
0.0
0.0
0.0
0.0
0.0
0.0
0.0
0.0
0.0
0.0
0.0
0.0
0.0
0.0
0.0
0.0
0.0
0.0
0.0
0.0
0.0
0.0
0.0
0.0
0.0
0.0
0.0
0.0
0.0
0.0
0.0
0.0
0.0
0.0
0.0
0.0
0.0
0.0
0.0
0.0
0.0
0.0
