0.5954166985433728
0.025027817739637952
0.001647053894810002
0.00016955890549626303
2.716138513471525e-05
6.628225653083886e-06
2.340056504681566e-06
1.103885213806254e-06
6.400790077703971e-07
4.2664374649300933e-07
3.1219062878642334e-07
2.4345679908609594e-07
1.9855270488598175e-07
1.6729326160187793e-07
1.4444465160927257e-07
1.270935438286415e-07
1.1350942742567654e-07
1.0260803288324964e-07
9.367919704059109e-08
8.624013100166714e-08
7.995207596543269e-08
7.457080271234757e-08
6.991605555519254e-08
6.585204607732162e-08
6.227462844086743e-08
5.9102645369495676e-08
5.627195194485642e-08
5.373120252010847e-08
5.1438824994500746e-08
4.936081114121872e-08
4.7469078220488584e-08
4.5740237279960235e-08
4.415465542793342e-08
4.2695733601093495e-08
4.1349344345682986e-08
4.0103389834169687e-08
3.89474512254081e-08
3.7872508129176984e-08
3.687071238635086e-08
3.5935204304916326e-08
3.5059962356362284e-08
3.4239679447257974e-08
3.346966045099386e-08
3.2745736863809457e-08
3.2064195342480455e-08
3.142171756327638e-08
3.0815329366919675e-08
3.0242357561427366e-08
2.9700393072588488e-08
2.9187259381634154e-08
2.8700985387191448e-08
2.8239782107722613e-08
2.7802021899392805e-08
2.73862216067314e-08
2.6991026673279e-08
2.6615197849619647e-08
2.6257599419449747e-08
2.5917188847754818e-08
2.5593007655300652e-08
2.5284173353861413e-08
2.49898723016821e-08
2.470935335956066e-08
2.444192224539701e-08
2.4186936499706286e-08
2.3943800986924973e-08
2.3711963867752517e-08
2.3490912986592544e-08
2.328017262565352e-08
2.3079300583655865e-08
2.2887885542551105e-08
2.2705544690335536e-08
2.253192157205967e-08
2.236668414459586e-08
2.2209523013715705e-08
2.206014983461631e-08
2.1918295859279617e-08
2.178371061600175e-08
2.1656160708131856e-08
2.1535428720547064e-08
2.1421312223692998e-08
2.1313622866162396e-08
2.1212185547790012e-08
2.1116837666128846e-08
2.102742842995617e-08
2.0943818234151846e-08
2.086587809090813e-08
2.0793489112778423e-08
2.072654204356266e-08
2.066493683346534e-08
2.060858225535603e-08
2.0557395559317147e-08
2.0511302162984572e-08
2.0470235375478085e-08
2.0434136152984447e-08
2.0402952884299458e-08
2.037664120485978e-08
2.0355163838003664e-08
2.0338490462393692e-08
2.0326597604717783e-08
2.0319468556957454e-08
2.031709331767834e-08
2.0319468556957454e-08
2.0326597604717783e-08
2.0338490462393692e-08
2.0355163838003664e-08
2.037664120485978e-08
2.0402952884299458e-08
2.0434136152984447e-08
2.0470235375478085e-08
2.0511302162984572e-08
2.0557395559317147e-08
2.060858225535603e-08
2.066493683346534e-08
2.072654204356266e-08
2.0793489112778423e-08
2.086587809090813e-08
2.0943818234151846e-08
2.102742842995617e-08
2.1116837666128846e-08
2.1212185547790012e-08
2.1313622866162396e-08
2.1421312223692998e-08
2.1535428720547064e-08
2.1656160708131856e-08
2.178371061600175e-08
2.1918295859279617e-08
2.206014983461631e-08
2.2209523013715705e-08
2.236668414459586e-08
2.253192157205967e-08
2.2705544690335536e-08
2.2887885542551105e-08
2.3079300583655865e-08
2.328017262565352e-08
2.3490912986592544e-08
2.3711963867752517e-08
2.3943800986924973e-08
2.4186936499706286e-08
2.444192224539701e-08
2.470935335956066e-08
2.49898723016821e-08
2.5284173353861413e-08
2.5593007655300652e-08
2.5917188847754818e-08
2.6257599419449747e-08
2.6615197849619647e-08
2.6991026673279e-08
2.73862216067314e-08
2.7802021899392805e-08
2.8239782107722613e-08
2.8700985387191448e-08
2.9187259381634154e-08
2.9700393072588488e-08
3.0242357561427366e-08
3.0815329366919675e-08
3.142171756327638e-08
3.2064195342480455e-08
3.2745736863809457e-08
3.346966045099386e-08
3.4239679447257974e-08
3.5059962356362284e-08
3.5935204304916326e-08
3.687071238635086e-08
3.7872508129176984e-08
3.89474512254081e-08
4.0103389834169687e-08
4.1349344345682986e-08
4.2695733601093495e-08
4.415465542793342e-08
4.5740237279960235e-08
4.7469078220488584e-08
4.936081114121872e-08
5.1438824994500746e-08
5.373120252010847e-08
5.627195194485642e-08
5.9102645369495676e-08
6.227462844086743e-08
6.585204607732162e-08
6.991605555519254e-08
7.457080271234757e-08
7.995207596543269e-08
8.624013100166714e-08
9.367919704059109e-08
1.0260803288324964e-07
1.1350942742567654e-07
1.270935438286415e-07
1.4444465160927257e-07
1.6729326160187793e-07
1.9855270488598175e-07
2.4345679908609594e-07
3.1219062878642334e-07
4.2664374649300933e-07
6.400790077703971e-07
1.103885213806254e-06
2.340056504681566e-06
6.628225653083886e-06
2.716138513471525e-05
0.00016955890549626303
0.001647053894810002
0.025027817739637952

9.392133699945223e-07
4.14039325166796e-06
1.6664289007215757e-05
6.123501899045547e-05
0.00020543800824706181
0.0006292592465160178
0.001759731009151516
0.004492942278892978
0.010473293216510042
0.02228966579201407
0.04331035287092739
0.0768329942918739
0.12444334207709179
0.1840193298003955
0.2484409002562017
0.30623203119978426
0.34462438710582416
0.3540864188978811
0.3321547010333154
0.2844719228969622
0.22243661857165262
0.15879653857013654
0.10350078641193143
0.061590558012771315
0.03346204655494616
0.016598113515572586
0.007516797191352384
0.0031079556028886348
0.0011732340285725135
0.0004043545798073854
0.00012723539811489908
3.6552864013596934e-05
9.587441776126955e-06
2.2958945618583565e-06
5.019598840024353e-07
1.0019682321159322e-07
1.8260251939400828e-08
3.0382775831672956e-09
4.6154707658884606e-10
6.401362638127764e-11
8.105815755169045e-12
9.371063837181116e-13
9.891198915933004e-14
9.531842250223004e-15
8.386343131302986e-16
6.736530499844586e-17
4.940464739781186e-18
3.30801293301053e-19
2.022248232933141e-20
1.1286768084712878e-21
5.751387237543772e-23
2.6757373959513877e-24
1.136533492339554e-25
4.4074648711320984e-27
1.5604984861843056e-28
5.0443558384389436e-30
1.4887300313370088e-31
4.0113823068233244e-33
9.868247449765805e-35
2.21642927892527e-36
4.5450178907487945e-38
8.509130548282419e-40
1.454462898421383e-41
2.26980202509464e-43
3.2340086856207744e-45
4.206900649827501e-47
4.9963309852356304e-49
5.417613476874903e-51
5.363307578085609e-53
4.84758309158272e-55
4.000236711349292e-57
3.0137969666693393e-59
2.073051841400573e-61
1.3018897422136003e-63
7.464592748843846e-66
3.907562229889381e-68
1.867555679065405e-70
8.149089457056478e-73
3.2464781407945307e-75
1.1808201398594891e-77
3.92123519170258e-80
1.188857775413251e-82
3.290824973835965e-85
8.316633006285494e-88
1.9189257098264944e-90
4.0423755341083705e-93
7.774688953002408e-96
1.3652030825623902e-98
2.188665381018385e-101
3.20353407617731e-104
4.2810194249846615e-107
5.223155072291788e-110
5.818171418696208e-113
5.917087291380185e-116
5.494109501182652e-119
4.657517729006705e-122
3.6047868788050733e-125
2.5472556927036617e-128
1.6433624542626187e-131
9.679703408976375e-135
