0.26538692711765616
0.008868155636159192
0.00038990135064501216
2.2555049610628553e-05
1.7167217505356725e-06
1.71916465266022e-07
2.2649184043416535e-08
3.922848806799927e-09
8.912664278347404e-10
2.6337502876870445e-10
9.937587431405911e-11
4.639172489512762e-11
2.5739865727516596e-11
1.6300707970555646e-11
1.1378562863926887e-11
8.529448794520438e-12
6.735941267659496e-12
5.529809632380638e-12
4.674991302174019e-12
4.043166627698305e-12
3.5600183475440938e-12
3.1801383153911167e-12
2.87449289973501e-12
2.6237846479332474e-12
2.4147532596077956e-12
2.238020890497704e-12
2.0867872539710177e-12
1.956011827539424e-12
1.84188556117884e-12
1.7414802816906428e-12
1.6525103556458344e-12
1.5731671298985178e-12
1.5020016672936395e-12
1.4378402145975866e-12
1.379722284123623e-12
1.3268546338201513e-12
1.27857660473377e-12
1.2343336916459506e-12
1.1936571631511957e-12
1.156148182331679e-12
1.1214653145325982e-12
1.0893146116234464e-12
1.0594416757068744e-12
1.0316252577403319e-12
1.0056720567119116e-12
9.814124654844408e-13
9.586970688047131e-13
9.373937432187063e-13
9.173852418977846e-13
8.985671726042388e-13
8.808462963051233e-13
8.641390887937955e-13
8.48370519199346e-13
8.334730082628603e-13
8.193855363338997e-13
8.06052876636461e-13
7.934249338059572e-13
7.814561712609162e-13
7.701051138382346e-13
7.593339144370443e-13
7.491079752977861e-13
7.393956160785894e-13
7.301677821497692e-13
7.213977875633995e-13
7.130610880113818e-13
7.05135079796128e-13
6.975989214299008e-13
6.904333749737169e-13
6.836206646417835e-13
6.771443505468297e-13
6.709892157566901e-13
6.651411650823924e-13
6.595871342303039e-13
6.543150081318013e-13
6.493135474185258e-13
6.4457232214375e-13
6.400816519642201e-13
6.358325520948877e-13
6.318166844336466e-13
6.280263133265366e-13
6.244542655075424e-13
6.210938938025344e-13
6.17939044235245e-13
6.149840262154671e-13
6.122235855267442e-13
6.096528798634406e-13
6.072674566958192e-13
6.050632332671929e-13
6.030364785497478e-13
6.011837970057048e-13
5.995021140183971e-13
5.979886628738929e-13
5.966409731882442e-13
5.954568606885052e-13
5.944344182675408e-13
5.935720082435029e-13
5.928682557648366e-13
5.923220433109454e-13
5.91932506247274e-13
5.916990294017338e-13
5.916212446371338e-13
5.916990294017338e-13
5.91932506247274e-13
5.923220433109454e-13
5.928682557648366e-13
5.935720082435029e-13
5.944344182675408e-13
5.954568606885052e-13
5.966409731882442e-13
5.979886628738929e-13
5.995021140183971e-13
6.011837970057048e-13
6.030364785497478e-13
6.050632332671929e-13
6.072674566958192e-13
6.096528798634406e-13
6.122235855267442e-13
6.149840262154671e-13
6.17939044235245e-13
6.210938938025344e-13
6.244542655075424e-13
6.280263133265366e-13
6.318166844336466e-13
6.358325520948877e-13
6.400816519642201e-13
6.4457232214375e-13
6.493135474185258e-13
6.543150081318013e-13
6.595871342303039e-13
6.651411650823924e-13
6.709892157566901e-13
6.771443505468297e-13
6.836206646417835e-13
6.904333749737169e-13
6.975989214299008e-13
7.05135079796128e-13
7.130610880113818e-13
7.213977875633995e-13
7.301677821497692e-13
7.393956160785894e-13
7.491079752977861e-13
7.593339144370443e-13
7.701051138382346e-13
7.814561712609162e-13
7.934249338059572e-13
8.06052876636461e-13
8.193855363338997e-13
8.334730082628603e-13
8.48370519199346e-13
8.641390887937955e-13
8.808462963051233e-13
8.985671726042388e-13
9.173852418977846e-13
9.373937432187063e-13
9.586970688047131e-13
9.814124654844408e-13
1.0056720567119116e-12
1.0316252577403319e-12
1.0594416757068744e-12
1.0893146116234464e-12
1.1214653145325982e-12
1.156148182331679e-12
1.1936571631511957e-12
1.2343336916459506e-12
1.27857660473377e-12
1.3268546338201513e-12
1.379722284123623e-12
1.4378402145975866e-12
1.5020016672936395e-12
1.5731671298985178e-12
1.6525103556458344e-12
1.7414802816906428e-12
1.84188556117884e-12
1.956011827539424e-12
2.0867872539710177e-12
2.238020890497704e-12
2.4147532596077956e-12
2.6237846479332474e-12
2.87449289973501e-12
3.1801383153911167e-12
3.5600183475440938e-12
4.043166627698305e-12
4.674991302174019e-12
5.529809632380638e-12
6.735941267659496e-12
8.529448794520438e-12
1.1378562863926887e-11
1.6300707970555646e-11
2.5739865727516596e-11
4.639172489512762e-11
9.937587431405911e-11
2.6337502876870445e-10
8.912664278347404e-10
3.922848806799927e-09
2.2649184043416535e-08
1.71916465266022e-07
1.7167217505356725e-06
2.2555049610628553e-05
0.00038990135064501216
0.008868155636159192

2.5781518280079107e-11
3.2330066449456305e-10
3.4938927277183304e-09
3.253998872778226e-08
2.611740906832166e-07
1.806540267148442e-06
1.0768868234201422e-05
5.532193239644067e-05
0.00024492295016330737
0.0009344724114307444
0.0030726164274492134
0.008706729938522229
0.02126212472858791
0.04474691622475241
0.08115670797094829
0.12685003606858453
0.17086835164094596
0.1983524304898525
0.1984350042509761
0.17108183705503222
0.12711429320928475
0.08139350128070003
0.04491484821877268
0.02135969287512121
0.008753967562348319
0.0030918593112906137
0.0009411078084848635
0.0002468674843244009
5.58075899409294e-05
1.0872452176708373e-05
1.8254359787520395e-06
2.6412564334825007e-07
3.2935130721581576e-08
3.539264964098964e-09
3.277718287238454e-10
2.6159836975634655e-11
1.7992988568242945e-12
1.066538252928893e-13
5.448217427717681e-15
2.398486549541609e-16
9.09965664208912e-18
2.975209726974093e-19
8.383300366770122e-21
2.0357166573857013e-22
4.260146121878533e-24
7.683100650547501e-26
1.1941349553956932e-27
1.5994665502870096e-29
1.8462978950330059e-31
1.8366789508181715e-33
1.5745975989555784e-35
1.1633510408132288e-37
7.407247266682393e-40
4.0645059519425784e-42
1.922044981087652e-44
7.832929039841122e-47
2.750994353999915e-49
8.326453628684917e-52
2.171877360171924e-54
4.882198022765705e-57
9.45802253783304e-60
1.579029197231907e-62
2.2718771217853665e-65
2.8169839828514773e-68
3.0101544448001157e-71
2.772030740007073e-74
2.1999467404084667e-77
1.5046349780818463e-80
8.86859866683131e-84
4.50488503669204e-87
1.972047105254643e-90
7.439705054854923e-94
2.4187947322041996e-97
6.777151147558922e-101
1.636440393277067e-104
3.4053211208566046e-108
6.10690009040004e-112
9.438183562775982e-116
1.2570741221149877e-119
1.4429065819782977e-123
1.4273168887594132e-127
1.216767094879143e-131
8.939214742923389e-136
5.659735634203589e-140
3.088145705623824e-144
1.4521259358856234e-148
5.88458232791799e-153
2.0550948264071697e-157
6.185188652918682e-162
1.6042752993343357e-166
3.5859952087132975e-171
6.90788938894361e-176
1.1467953060169293e-180
1.6407080170331047e-185
2.02293326307415e-190
2.1494961555829816e-195
1.9683242889462854e-200
1.5533219969124935e-205
1.0564068168404743e-210
6.191640885119977e-216
