0.3705146982247258
0.17579366993867643
0.10302109652178124
0.06938011603595863
0.05120183366338637
0.040196083308536516
0.0329518119404004
0.027875498421920483
0.02414400296854711
0.02129659684730964
0.019058125670579355
0.017255311241289564
0.01577413016332351
0.014536735491622514
0.013488293118245908
0.012589131874885008
0.011809879293255148
0.011128345199603207
0.010527465892078506
0.009993912540328343
0.009517127390463752
0.00908864247363985
0.008701589090564779
0.008350338752515608
0.008030236372878707
0.007737399279443421
0.007468563906537756
0.007220967508489103
0.006992255926778636
0.006780410968828434
0.006583692710686751
0.006400593271529873
0.006229799489521685
0.006070162565189141
0.005920673203342029
0.005780441127589502
0.0056486780971112096
0.005524683747563514
0.005407833723812526
0.005297569683694884
0.005193390837940914
0.005094846758100931
0.005001531236453001
0.004913077022886976
0.0048291512962270805
0.004749451753306943
0.004673703219809863
0.004601654703548876
0.004533076824341204
0.004467759565590659
0.004405510301642133
0.004346152062315092
0.004289522002072305
0.004235470046283987
0.004183857691203092
0.0041345569377311585
0.0040874493419517524
0.004042425167840903
0.003999382629612541
0.003958227212887912
0.003918871065345107
0.00388123244875192
0.003845235245348617
0.0038108085124561207
0.003777886079964386
0.003746406186025436
0.003716311146852538
0.0036875470570254666
0.003660063517133281
0.0036338133859605526
0.003608752554748692
0.003584839741347922
0.0035620363023234768
0.0035403060612967064
0.0035196151519922146
0.0034999318746295528
0.0034812265644454427
0.003463471471262575
0.003446640649136144
0.00343070985521113
0.0034156564570139037
0.0034014593474821888
0.0033880988671091687
0.003375556732641647
0.00336381597182951
0.0033528608637752636
0.003342676884478699
0.0033332506572134857
0.0033245699074102818
0.0033166234217551554
0.0033094010112432706
0.00330289347795622
0.003297092585357479
0.0032919910319243865
0.003287582427957304
0.003283861275427135
0.003280822950741758
0.003278463690329924
0.003276780578958442
0.0032757715407147406
0.003275435332602688
0.0032757715407147406
0.003276780578958442
0.003278463690329924
0.003280822950741758
0.003283861275427135
0.003287582427957304
0.0032919910319243865
0.003297092585357479
0.00330289347795622
0.0033094010112432706
0.0033166234217551554
0.0033245699074102818
0.0033332506572134857
0.003342676884478699
0.0033528608637752636
0.00336381597182951
0.003375556732641647
0.0033880988671091687
0.0034014593474821888
0.0034156564570139037
0.00343070985521113
0.003446640649136144
0.003463471471262575
0.0034812265644454427
0.0034999318746295528
0.0035196151519922146
0.0035403060612967064
0.0035620363023234768
0.003584839741347922
0.003608752554748692
0.0036338133859605526
0.003660063517133281
0.0036875470570254666
0.003716311146852538
0.003746406186025436
0.003777886079964386
0.0038108085124561207
0.003845235245348617
0.00388123244875192
0.003918871065345107
0.003958227212887912
0.003999382629612541
0.004042425167840903
0.0040874493419517524
0.0041345569377311585
0.004183857691203092
0.004235470046283987
0.004289522002072305
0.004346152062315092
0.004405510301642133
0.004467759565590659
0.004533076824341204
0.004601654703548876
0.004673703219809863
0.004749451753306943
0.0048291512962270805
0.004913077022886976
0.005001531236453001
0.005094846758100931
0.005193390837940914
0.005297569683694884
0.005407833723812526
0.005524683747563514
0.0056486780971112096
0.005780441127589502
0.005920673203342029
0.006070162565189141
0.006229799489521685
0.006400593271529873
0.006583692710686751
0.006780410968828434
0.006992255926778636
0.007220967508489103
0.007468563906537756
0.007737399279443421
0.008030236372878707
0.008350338752515608
0.008701589090564779
0.00908864247363985
0.009517127390463752
0.009993912540328343
0.010527465892078506
0.011128345199603207
0.011809879293255148
0.012589131874885008
0.013488293118245908
0.014536735491622514
0.01577413016332351
0.017255311241289564
0.019058125670579355
0.02129659684730964
0.02414400296854711
0.027875498421920483
0.0329518119404004
0.040196083308536516
0.05120183366338637
0.06938011603595863
0.10302109652178124
0.17579366993867643

0.16160584612957846
0.20343570480468076
0.23587895673994172
0.2519086779264955
0.24779296306950488
0.22450536261789356
0.18735115696649277
0.14400512534386636
0.10195098583008566
0.06648088920390804
0.039929522771179844
0.022089369990758122
0.011255491114197248
0.005282475351602015
0.0022835073775299398
0.0009091996686649401
0.00033343257661118115
0.00011262860319431797
3.504138616671818e-05
1.0041665887608876e-05
2.650465567534016e-06
6.44362823783218e-07
1.4428816006611857e-07
2.975930775873491e-08
5.6533628927680196e-09
9.89197051489772e-10
1.594228880296845e-10
2.366521429298937e-11
3.2356543406451874e-12
4.074794483064007e-13
4.726516827625026e-14
5.049735343203356e-15
4.969216700990603e-16
4.5040081215661863e-17
3.760125182045167e-18
2.891327935987584e-19
2.0477847809408107e-20
1.3358668708526024e-21
8.026643199233982e-23
4.4421850543151395e-24
2.2643900872906825e-25
1.0631578577876689e-26
4.597652800813043e-28
1.831329536637531e-29
6.718753969911736e-31
2.2704026570727173e-32
7.066574541956462e-34
2.0258482591165787e-35
5.349297977867535e-37
1.3010038402973686e-38
2.914420925121968e-40
6.013369413668713e-42
1.1428136053353307e-43
2.0004367751090958e-45
3.2252706723039306e-47
4.789601875087133e-49
6.55125603456122e-51
8.253566224296759e-53
9.577465975059116e-55
1.0236500340570407e-56
1.007730266738831e-58
9.137534084000757e-61
7.631424767862391e-63
5.870487321512802e-65
4.1594373915491446e-67
2.7144818286938897e-69
1.6316657439217953e-71
9.033735337610741e-74
4.6067584359821425e-76
2.163791581181476e-78
9.361109461743037e-81
3.730191519509809e-83
1.3690737612965728e-85
4.628225106071917e-88
1.4410996427626737e-90
4.133000493356329e-93
1.0917641105216227e-95
2.6563425573550428e-98
5.952936591389012e-101
1.2287692738561352e-103
2.3361533068915114e-106
4.090950698127641e-109
6.59840642111093e-112
9.802701722347712e-115
1.3413571365296381e-117
1.6905770549592915e-120
1.962535070507895e-123
2.0984169823338775e-126
2.0666078191414043e-129
1.8746329839227278e-132
1.566268991302469e-135
1.2053366322209644e-138
8.543626840148225e-142
5.577866260998243e-145
3.354175888641759e-148
1.857785112351847e-151
9.477570720881289e-155
4.4533876379567966e-158
1.927417840850211e-161
7.683394988490204e-165
