0.45809049280968583
0.03844294647739181
0.005128396048625909
0.00107102327990513
0.00033503515758884347
0.00014520638792575
7.966898366905986e-05
5.1262501819437585e-05
3.666235116383655e-05
2.8154963301595703e-05
2.2717012079586107e-05
1.899204081974845e-05
1.6302399475187803e-05
1.427915091874417e-05
1.270698340115147e-05
1.1452903857992481e-05
1.0430820199078767e-05
9.582771596632605e-06
8.868420383610693e-06
8.258886934586254e-06
7.732983625622782e-06
7.27483227815137e-06
6.872309953674649e-06
6.516007372467699e-06
6.198513979762888e-06
5.913916642267242e-06
5.657441354292409e-06
5.42519270631283e-06
5.213961463251462e-06
5.0210804174077164e-06
4.84431499830425e-06
4.681779268691745e-06
4.531870708377559e-06
4.393219072419531e-06
4.264645911677883e-06
4.1451322552864455e-06
4.033792601617829e-06
3.9298538292542865e-06
3.832637977436819e-06
3.7415480937787057e-06
3.6560565313174807e-06
3.5756952150450105e-06
3.5000475024113786e-06
3.4287413418353175e-06
3.3614434943527445e-06
3.2978546308194847e-06
3.2377051539355664e-06
3.180751623270272e-06
3.1267736842934407e-06
3.0755714205484525e-06
3.0269630625845616e-06
2.9807829988974274e-06
2.936880043516712e-06
2.8951159224976018e-06
2.855363947782922e-06
2.8175078519871e-06
2.781440761834643e-06
2.7470642914386416e-06
2.714287739467364e-06
2.6830273766293114e-06
2.6532058118968663e-06
2.6247514275565417e-06
2.597597874576596e-06
2.5716836209663826e-06
2.546951546803701e-06
2.5233485804570027e-06
2.500825371253666e-06
2.4793359944640034e-06
2.4588376850003336e-06
2.4392905966851237e-06
2.4206575843336194e-06
2.4029040062341146e-06
2.3859975449011856e-06
2.3699080442305674e-06
2.3546073614044944e-06
2.3400692320881465e-06
2.32626914762529e-06
2.3131842430877126e-06
2.3007931951615106e-06
2.2890761289662186e-06
2.2780145330021694e-06
2.2675911815092648e-06
2.2577900635979437e-06
2.248596318581965e-06
2.239996177003783e-06
2.231976906897769e-06
2.2245267648851708e-06
2.2176349517382616e-06
2.2112915720902457e-06
2.205487598002701e-06
2.2002148361341727e-06
2.195465898282398e-06
2.1912341750989265e-06
2.1875138127989362e-06
2.184299692711125e-06
2.1815874135329963e-06
2.1793732761757825e-06
2.1776542711010313e-06
2.1764280680675956e-06
2.1756930082236313e-06
2.175448098493433e-06
2.1756930082236313e-06
2.1764280680675956e-06
2.1776542711010313e-06
2.1793732761757825e-06
2.1815874135329963e-06
2.184299692711125e-06
2.1875138127989362e-06
2.1912341750989265e-06
2.195465898282398e-06
2.2002148361341727e-06
2.205487598002701e-06
2.2112915720902457e-06
2.2176349517382616e-06
2.2245267648851708e-06
2.231976906897769e-06
2.239996177003783e-06
2.248596318581965e-06
2.2577900635979437e-06
2.2675911815092648e-06
2.2780145330021694e-06
2.2890761289662186e-06
2.3007931951615106e-06
2.3131842430877126e-06
2.32626914762529e-06
2.3400692320881465e-06
2.3546073614044944e-06
2.3699080442305674e-06
2.3859975449011856e-06
2.4029040062341146e-06
2.4206575843336194e-06
2.4392905966851237e-06
2.4588376850003336e-06
2.4793359944640034e-06
2.500825371253666e-06
2.5233485804570027e-06
2.546951546803701e-06
2.5716836209663826e-06
2.597597874576596e-06
2.6247514275565417e-06
2.6532058118968663e-06
2.6830273766293114e-06
2.714287739467364e-06
2.7470642914386416e-06
2.781440761834643e-06
2.8175078519871e-06
2.855363947782922e-06
2.8951159224976018e-06
2.936880043516712e-06
2.9807829988974274e-06
3.0269630625845616e-06
3.0755714205484525e-06
3.1267736842934407e-06
3.180751623270272e-06
3.2377051539355664e-06
3.2978546308194847e-06
3.3614434943527445e-06
3.4287413418353175e-06
3.5000475024113786e-06
3.5756952150450105e-06
3.6560565313174807e-06
3.7415480937787057e-06
3.832637977436819e-06
3.9298538292542865e-06
4.033792601617829e-06
4.1451322552864455e-06
4.264645911677883e-06
4.393219072419531e-06
4.531870708377559e-06
4.681779268691745e-06
4.84431499830425e-06
5.0210804174077164e-06
5.213961463251462e-06
5.42519270631283e-06
5.657441354292409e-06
5.913916642267242e-06
6.198513979762888e-06
6.516007372467699e-06
6.872309953674649e-06
7.27483227815137e-06
7.732983625622782e-06
8.258886934586254e-06
8.868420383610693e-06
9.582771596632605e-06
1.0430820199078767e-05
1.1452903857992481e-05
1.270698340115147e-05
1.427915091874417e-05
1.6302399475187803e-05
1.899204081974845e-05
2.2717012079586107e-05
2.8154963301595703e-05
3.666235116383655e-05
5.1262501819437585e-05
7.966898366905986e-05
0.00014520638792575
0.00033503515758884347
0.00107102327990513
0.005128396048625909
0.03844294647739181

0.00010248435386107098
0.000316865623090189
0.0008977353600107597
0.00233065068628742
0.0055444911136139
0.012086535873290151
0.02414335654612444
0.04419255384039108
0.07412354821871862
0.11392497712968348
0.160449123425201
0.2070672407961678
0.24487310786828348
0.2653544889935002
0.2634919998764659
0.23975301510234975
0.1999016460734802
0.15272998605215457
0.10692712820324886
0.06859731904756827
0.040325710834640455
0.02172263822700875
0.010722566696215727
0.004849987197406832
0.00201019448465832
0.0007634686543846885
0.00026570516331619247
8.473531062797226e-05
2.4761930870255707e-05
6.630713094832468e-06
1.6270152206284023e-06
3.6582943283927465e-07
7.537395790030433e-08
1.4230483195052084e-08
2.4619182164062374e-09
3.9028624527084155e-10
5.6695490758113025e-11
7.546914693766842e-12
9.205470955369404e-13
1.0289119996119841e-13
1.0538191863701132e-14
9.890303513508122e-16
8.505675042526333e-17
6.702913311616075e-18
4.840319927728382e-19
3.202876419558366e-20
1.942056878525221e-21
1.0790445050928421e-22
5.4937946072173036e-24
2.563073904505042e-25
1.0957348841618195e-26
4.292452485041299e-28
1.5408528066012974e-29
5.068418413627772e-31
1.5277047021517908e-32
4.219509992205808e-34
1.0679238186884915e-35
2.476704398051412e-37
5.2633678906986786e-39
1.0249647439864518e-40
1.8289834534018148e-42
2.990654716920171e-44
4.481035889765221e-46
6.152423448950298e-48
7.740511570828681e-50
8.923778020283012e-52
9.427216959202761e-54
9.125861946315585e-56
8.095057465571929e-58
6.579935350788171e-60
4.900935265511624e-62
3.344967901955478e-64
2.0919947592317774e-66
1.198905296419022e-68
6.296001377501324e-71
3.029705385900282e-73
1.3359543935749544e-75
5.398070039548401e-78
1.9986697840117926e-80
6.781085612772956e-83
2.1082060588997593e-85
6.005961388043434e-88
1.5678613833505773e-90
3.7504936994229804e-93
8.22100412146138e-96
1.651265627036883e-98
3.0392376765830304e-101
5.1258753060377804e-104
7.921858101556292e-107
1.1218679206417625e-109
1.4558346426602835e-112
1.7311632270178836e-115
1.8863385322231916e-118
1.8834621757965825e-121
1.723256077666438e-124
1.4447688975152429e-127
1.1099479095970714e-130
7.81380305078878e-134
5.04055052586431e-137
2.979539404373926e-140
