0.15797715207106477
0.0957098889227686
0.06257702530027506
0.04366641905190526
0.03217580487202884
0.02479752693299031
0.019825998410078677
0.016333366665195633
0.013789750416224562
0.011878972688590238
0.010404773108600565
0.009240928142662946
0.008303632879524212
0.007535634663509754
0.006896805572484578
0.006358365524133235
0.005899241323074543
0.005503712095640263
0.00515985034623671
0.004858467293441941
0.004592385115007373
0.004355925568371992
0.004144544600545208
0.003954567219798151
0.003782992364198384
0.0036273473870865615
0.003485578213746353
0.003355965482414801
0.003237059846419563
0.003127631568192703
0.0030266308876353057
0.002933156594554391
0.0028464309067881607
0.0027657792376805713
0.0026906137861360635
0.002620420138563625
0.0025547462614099762
0.0024931934043207695
0.002435408540352011
0.0023810780503767995
0.0023299224205558192
0.0022816917692805535
0.0022361620568689847
0.0021931318600780323
0.0021524196161099496
0.002113861258660854
0.002077308182763759
0.002042625486529771
0.0020096904470098716
0.0019783911947615237
0.001948625557676151
0.0019203000494899237
0.0018933289823832916
0.0018676336863484078
0.0018431418207051661
0.0018197867653847169
0.0017975070814604322
0.0017762460319594347
0.0017559511552884832
0.0017365738847008492
0.001718069208152019
0.0017003953636709778
0.0016835135660344285
0.001667387761093187
0.0016519844045792312
0.001637272262631785
0.001623222231632278
0.001609807175240235
0.001597001776782545
0.0015847824053735655
0.0015731269943383512
0.0015620149306803924
0.0015514269544823463
0.0015413450672564742
0.0015317524483735494
0.001522633378797052
0.001513973171435545
0.001505758107501749
0.0014979753783334797
0.0014906130321904346
0.0014836599255928279
0.0014771056788140014
0.0014709406351800843
0.0014651558238662358
0.001459742925911525
0.0014546942432035852
0.001450002670210241
0.0014456616682587328
0.001441665242184273
0.0014380079191887436
0.0014346847297676468
0.0014316911905791578
0.001429023289143526
0.0014266774702742355
0.0014246506241545349
0.0014229400759841896
0.00142154357713183
0.0014204592977381198
0.001419685820724272
0.0014192221371693119
0.0014190676430279696
0.0014192221371693119
0.001419685820724272
0.0014204592977381198
0.00142154357713183
0.0014229400759841896
0.0014246506241545349
0.0014266774702742355
0.001429023289143526
0.0014316911905791578
0.0014346847297676468
0.0014380079191887436
0.001441665242184273
0.0014456616682587328
0.001450002670210241
0.0014546942432035852
0.001459742925911525
0.0014651558238662358
0.0014709406351800843
0.0014771056788140014
0.0014836599255928279
0.0014906130321904346
0.0014979753783334797
0.001505758107501749
0.001513973171435545
0.001522633378797052
0.0015317524483735494
0.0015413450672564742
0.0015514269544823463
0.0015620149306803924
0.0015731269943383512
0.0015847824053735655
0.001597001776782545
0.001609807175240235
0.001623222231632278
0.001637272262631785
0.0016519844045792312
0.001667387761093187
0.0016835135660344285
0.0017003953636709778
0.001718069208152019
0.0017365738847008492
0.0017559511552884832
0.0017762460319594347
0.0017975070814604322
0.0018197867653847169
0.0018431418207051661
0.0018676336863484078
0.0018933289823832916
0.0019203000494899237
0.001948625557676151
0.0019783911947615237
0.0020096904470098716
0.002042625486529771
0.002077308182763759
0.002113861258660854
0.0021524196161099496
0.0021931318600780323
0.0022361620568689847
0.0022816917692805535
0.0023299224205558192
0.0023810780503767995
0.002435408540352011
0.0024931934043207695
0.0025547462614099762
0.002620420138563625
0.0026906137861360635
0.0027657792376805713
0.0028464309067881607
0.002933156594554391
0.0030266308876353057
0.003127631568192703
0.003237059846419563
0.003355965482414801
0.003485578213746353
0.0036273473870865615
0.003782992364198384
0.003954567219798151
0.004144544600545208
0.004355925568371992
0.004592385115007373
0.004858467293441941
0.00515985034623671
0.005503712095640263
0.005899241323074543
0.006358365524133235
0.006896805572484578
0.007535634663509754
0.008303632879524212
0.009240928142662946
0.010404773108600565
0.011878972688590238
0.013789750416224562
0.016333366665195633
0.019825998410078677
0.02479752693299031
0.03217580487202884
0.04366641905190526
0.06257702530027506
0.0957098889227686

0.0679071180388332
0.13748275888000044
0.1939411067586888
0.1906251475001624
0.13055070090312368
0.062296968699772325
0.020713014727741855
0.004798532107460469
0.0007745727036286969
8.711735139796854e-05
6.8270931788474165e-06
3.7278264839052465e-07
1.4182873863860095e-08
3.759771777780911e-10
6.9446029211896436e-12
8.937623290921411e-14
8.014664826508003e-16
5.0076893062506985e-18
2.1801083537992478e-20
6.613136305135613e-23
1.3977373204623326e-25
2.0584121674399595e-28
2.1121648524919007e-31
1.5101217913642844e-34
7.522892045385342e-38
2.6112375165748234e-41
6.315338243169097e-45
1.0642301218881851e-48
1.2495774236156978e-52
1.0223026468377958e-56
5.8275296565249886e-61
2.3146119524753713e-65
6.405611313916437e-70
1.235184023641298e-74
1.6595542001894286e-79
1.5536024875422573e-84
1.0133910562003012e-89
4.6057771217038496e-95
1.4585370355147453e-100
3.2182568064198644e-106
4.947805551709322e-112
5.30021202022784e-118
3.956057122170848e-124
2.0574086288669033e-130
7.455336530508921e-137
1.8823597992343052e-143
3.311514937248393e-150
4.0591910236665556e-157
3.4668971076753307e-164
2.063151442057068e-171
8.55480185475537e-179
2.4715960590536064e-186
4.975465569091859e-194
6.978766189632617e-202
6.820437970179487e-210
4.644452981816877e-218
2.2036649788083596e-226
7.285263443087116e-235
1.6781610777388552e-243
2.693461171826882e-252
3.0121492454998944e-261
2.3470964986617032e-270
1.2743070820433846e-279
4.820653761995183e-289
1.2706515631213074e-298
2.333649897671385e-308
2.9863e-318
0.0
0.0
0.0
0.0
0.0
0.0
0.0
0.0
0.0
0.0
0.0
0.0
0.0
0.0
0.0
0.0
0.0
0.0
0.0
0.0
0.0
0.0
0.0
0.0
0.0
0.0
0.0
0.0
0.0
0.0
0.0
0.0
0.0
