0.3590710994321662
0.0042157698018581696
5.4066249879778355e-05
7.574056278362645e-07
1.159069294134206e-08
3.392908113794873e-10
5.930537029741103e-12
1.0411882272643779e-13
1.850684686227859e-15
3.401980957784317e-17
6.802972294069148e-19
1.620023776881363e-20
4.986666788093162e-22
1.9480070264540538e-23
8.787814455886472e-25
4.237865944585943e-26
2.107287303951462e-27
1.0698939613909885e-28
5.573893489032441e-30
3.0289550315679933e-31
1.7637863497987466e-32
1.1365229324137784e-33
8.295240715814767e-35
6.865633561091212e-36
6.3284306051535385e-37
6.3616849081835e-38
6.893260135276282e-39
8.04643691237383e-40
1.0181653651095793e-40
1.4066811680840485e-41
2.1304460481026468e-42
3.5372103798593088e-43
6.425500465253118e-44
1.2748042191125395e-44
2.760589314969195e-45
6.5264396189610636e-46
1.6851571712745452e-46
4.753188629536129e-47
1.464567481412127e-47
4.9290621848004244e-48
1.811611447514135e-48
7.26856007812705e-49
3.1811217442383317e-49
1.5164439540554648e-49
7.863385444218004e-50
4.403135828085644e-50
2.657831356129861e-50
1.7162474051807409e-50
1.1768606769519413e-50
8.504094548393187e-51
6.427450149952524e-51
5.0461476860903694e-51
4.0901943397214154e-51
3.405050486012632e-51
2.8986744547150263e-51
2.5142153402003326e-51
2.2153715355571727e-51
1.978250342935877e-51
1.7866871370735745e-51
1.629468580868885e-51
1.498637166908573e-51
1.3884280293943865e-51
1.2945856162145187e-51
1.2139143973185662e-51
1.1439771786531896e-51
1.0828885553314923e-51
1.0291709375914273e-51
9.816525104625411e-52
9.39393790693838e-52
9.01634005615228e-52
8.677514211350515e-52
8.372336257825231e-52
8.096550151953805e-52
7.84659548819899e-52
7.619474118376858e-52
7.412646012884773e-52
7.223947242008002e-52
7.051524850898939e-52
6.893784753580344e-52
6.749349745784949e-52
6.617025446119668e-52
6.495772496897362e-52
6.384683743250479e-52
6.282965399047164e-52
6.1899214269531474e-52
6.1049405264603394e-52
6.027485251316871e-52
5.957082876329008e-52
5.893317710124176e-52
5.835824610449722e-52
5.7842835058621356e-52
5.7384147651788545e-52
5.697975286039199e-52
5.66275519804079e-52
5.632575095474395e-52
5.607283730671551e-52
5.586756112180639e-52
5.570891963008433e-52
5.559614503489027e-52
5.552869531360429e-52
5.5506247786599865e-52
5.552869531360429e-52
5.559614503489027e-52
5.570891963008433e-52
5.586756112180639e-52
5.607283730671551e-52
5.632575095474395e-52
5.66275519804079e-52
5.697975286039199e-52
5.7384147651788545e-52
5.7842835058621356e-52
5.835824610449722e-52
5.893317710124176e-52
5.957082876329008e-52
6.027485251316871e-52
6.1049405264603394e-52
6.1899214269531474e-52
6.282965399047164e-52
6.384683743250479e-52
6.495772496897362e-52
6.617025446119668e-52
6.749349745784949e-52
6.893784753580344e-52
7.051524850898939e-52
7.223947242008002e-52
7.412646012884773e-52
7.619474118376858e-52
7.84659548819899e-52
8.096550151953805e-52
8.372336257825231e-52
8.677514211350515e-52
9.01634005615228e-52
9.39393790693838e-52
9.816525104625411e-52
1.0291709375914273e-51
1.0828885553314923e-51
1.1439771786531896e-51
1.2139143973185662e-51
1.2945856162145187e-51
1.3884280293943865e-51
1.498637166908573e-51
1.629468580868885e-51
1.7866871370735745e-51
1.978250342935877e-51
2.2153715355571727e-51
2.5142153402003326e-51
2.8986744547150263e-51
3.405050486012632e-51
4.0901943397214154e-51
5.0461476860903694e-51
6.427450149952524e-51
8.504094548393187e-51
1.1768606769519413e-50
1.7162474051807409e-50
2.657831356129861e-50
4.403135828085644e-50
7.863385444218004e-50
1.5164439540554648e-49
3.1811217442383317e-49
7.26856007812705e-49
1.811611447514135e-48
4.9290621848004244e-48
1.464567481412127e-47
4.753188629536129e-47
1.6851571712745452e-46
6.5264396189610636e-46
2.760589314969195e-45
1.2748042191125395e-44
6.425500465253118e-44
3.5372103798593088e-43
2.1304460481026468e-42
1.4066811680840485e-41
1.0181653651095793e-40
8.04643691237383e-40
6.893260135276282e-39
6.3616849081835e-38
6.3284306051535385e-37
6.865633561091212e-36
8.295240715814767e-35
1.1365229324137784e-33
1.7637863497987466e-32
3.0289550315679933e-31
5.573893489032441e-30
1.0698939613909885e-28
2.107287303951462e-27
4.237865944585943e-26
8.787814455886472e-25
1.9480070264540538e-23
4.986666788093162e-22
1.620023776881363e-20
6.802972294069148e-19
3.401980957784317e-17
1.850684686227859e-15
1.0411882272643779e-13
5.930537029741103e-12
3.392908113794873e-10
1.159069294134206e-08
7.574056278362645e-07
5.4066249879778355e-05
0.0042157698018581696

1.3709532726009634e-50
3.1354954176679386e-46
4.517352256541475e-42
4.0997371559842723e-38
2.3438096588988654e-34
8.440786874188279e-31
1.9148634031583447e-27
2.736446316676331e-24
2.463373899273002e-21
1.3969086536665013e-18
4.989993148046543e-16
1.1228614194292208e-13
1.5916465792889604e-11
1.4212202592139283e-09
7.994115309587308e-08
2.8325246395555555e-06
6.322244011281877e-05
0.0008889208243513952
0.007873161793165995
0.04392679744756256
0.15438467078414506
0.3418008039196829
0.47669023224053697
0.41878748559775975
0.23176369550708606
0.08079628420545307
0.017743187359253076
0.0024545176429748797
0.00021389219981028844
1.1741349218672289e-05
4.060086935061786e-07
8.843963258638137e-09
1.213536367296678e-10
1.0489455171108684e-12
5.7114625830557555e-15
1.9590071001048038e-17
4.2327142799084765e-20
5.760977326922517e-23
4.939325511072335e-26
2.667677950612119e-29
9.075977691532297e-33
1.945125868235583e-36
2.626009353879523e-40
2.2332590221050967e-44
1.196399423002288e-48
4.037453764261443e-53
8.582883117468512e-58
1.149352127205539e-62
9.695434548634213e-68
5.151998443507073e-73
1.724560508199205e-78
3.6364315705865647e-84
4.830217329228551e-90
4.041589430786806e-96
2.1302569157925183e-102
7.073038856836112e-109
1.4793617084534612e-115
1.9491127928907433e-122
1.6176845582492028e-129
8.457557852195621e-137
2.785418038183917e-144
5.7786988136736836e-152
7.552035186193097e-160
6.217162505601514e-168
3.224146022970353e-176
1.0532499714435145e-184
2.1674170148639048e-193
2.809621192489135e-202
2.294284816639509e-211
1.1801607352552007e-220
3.824100178815368e-230
7.80569593572899e-240
1.0036638173433163e-249
8.12941276938774e-260
4.147862507966392e-270
1.3331646767538662e-280
2.699215216504165e-291
3.442591548272428e-302
2.7658444517e-313
5e-324
0.0
0.0
0.0
0.0
0.0
0.0
0.0
0.0
0.0
0.0
0.0
0.0
0.0
0.0
0.0
0.0
0.0
0.0
0.0
0.0
