0.20244373810433328
0.0032837094113259235
6.153017018565554e-05
1.331908968491936e-06
3.330611663231807e-08
8.118238121080922e-10
2.72459273325429e-11
1.148889932792685e-12
2.594737428811382e-14
2.9810142241932555e-15
1.754399052327154e-16
1.170130165676182e-17
9.098308362160684e-19
8.318806538150363e-20
8.864216708072137e-21
1.0894551240800429e-21
1.5402501160996017e-22
2.5107422272532374e-23
4.729311440688533e-24
1.0297380082187585e-24
2.5902706730987102e-25
7.522516584246895e-26
2.5193899136198997e-26
9.705585805378327e-27
4.278359443306495e-27
2.1392251268384488e-27
1.1983146808125533e-27
7.40768953134344e-28
4.973407099997745e-28
3.5717425751842345e-28
2.7075155429659893e-28
2.1425678245480496e-28
1.7544849463723358e-28
1.4764961011914738e-28
1.270207419280069e-28
1.1124852672189838e-28
9.888023835673942e-29
8.896964568695425e-29
8.088017152437288e-29
7.417111609645531e-29
6.852952773302997e-29
6.372808412831235e-29
5.959829134136764e-29
5.601297808347877e-29
5.287458695370649e-29
5.0107172214176287e-29
4.765082217770333e-29
4.545770112459942e-29
4.348919393316229e-29
4.171381489038322e-29
4.0105654757094275e-29
3.8643212689357834e-29
3.730850718444548e-29
3.608639194521886e-29
3.4964024050749264e-29
3.3930446597507013e-29
3.297625827339486e-29
3.209334959586752e-29
3.1274690738031483e-29
3.0514159617901465e-29
2.980640166473598e-29
2.9146714695835294e-29
2.853095384027017e-29
2.7955452574682284e-29
2.741695679092702e-29
2.691256946758734e-29
2.643970401893511e-29
2.5996044783325956e-29
2.5579513415842874e-29
2.5188240187628748e-29
2.4820539381951238e-29
2.4474888126019518e-29
2.4149908116534355e-29
2.3844349792453464e-29
2.3557078585510616e-29
2.3287062941504934e-29
2.3033363856272186e-29
2.279512571189522e-29
2.2571568232936198e-29
2.236197941071729e-29
2.2165709267079233e-29
2.1982164348514501e-29
2.1810802857827265e-29
2.1651130344096754e-29
2.1502695883181905e-29
2.1365088690682055e-29
2.1237935117468775e-29
2.1120895984878066e-29
2.1013664222607225e-29
2.091596277746392e-29
2.082754276550779e-29
2.0748181843922346e-29
2.067768278225311e-29
2.0615872215528886e-29
2.0562599564313392e-29
2.05177361089727e-29
2.0481174207438755e-29
2.0452826647542712e-29
2.0432626126620644e-29
2.0420524852590507e-29
2.0416494262091482e-29
2.0420524852590507e-29
2.0432626126620644e-29
2.0452826647542712e-29
2.0481174207438755e-29
2.05177361089727e-29
2.0562599564313392e-29
2.0615872215528886e-29
2.067768278225311e-29
2.0748181843922346e-29
2.082754276550779e-29
2.091596277746392e-29
2.1013664222607225e-29
2.1120895984878066e-29
2.1237935117468775e-29
2.1365088690682055e-29
2.1502695883181905e-29
2.1651130344096754e-29
2.1810802857827265e-29
2.1982164348514501e-29
2.2165709267079233e-29
2.236197941071729e-29
2.2571568232936198e-29
2.279512571189522e-29
2.3033363856272186e-29
2.3287062941504934e-29
2.3557078585510616e-29
2.3844349792453464e-29
2.4149908116534355e-29
2.4474888126019518e-29
2.4820539381951238e-29
2.5188240187628748e-29
2.5579513415842874e-29
2.5996044783325956e-29
2.643970401893511e-29
2.691256946758734e-29
2.741695679092702e-29
2.7955452574682284e-29
2.853095384027017e-29
2.9146714695835294e-29
2.980640166473598e-29
3.0514159617901465e-29
3.1274690738031483e-29
3.209334959586752e-29
3.297625827339486e-29
3.3930446597507013e-29
3.4964024050749264e-29
3.608639194521886e-29
3.730850718444548e-29
3.8643212689357834e-29
4.0105654757094275e-29
4.171381489038322e-29
4.348919393316229e-29
4.545770112459942e-29
4.765082217770333e-29
5.0107172214176287e-29
5.287458695370649e-29
5.601297808347877e-29
5.959829134136764e-29
6.372808412831235e-29
6.852952773302997e-29
7.417111609645531e-29
8.088017152437288e-29
8.896964568695425e-29
9.888023835673942e-29
1.1124852672189838e-28
1.270207419280069e-28
1.4764961011914738e-28
1.7544849463723358e-28
2.1425678245480496e-28
2.7075155429659893e-28
3.5717425751842345e-28
4.973407099997745e-28
7.40768953134344e-28
1.1983146808125533e-27
2.1392251268384488e-27
4.278359443306495e-27
9.705585805378327e-27
2.5193899136198997e-26
7.522516584246895e-26
2.5902706730987102e-25
1.0297380082187585e-24
4.729311440688533e-24
2.5107422272532374e-23
1.5402501160996017e-22
1.0894551240800429e-21
8.864216708072137e-21
8.318806538150363e-20
9.098308362160684e-19
1.170130165676182e-17
1.754399052327154e-16
2.9810142241932555e-15
2.594737428811382e-14
1.148889932792685e-12
2.72459273325429e-11
8.118238121080922e-10
3.330611663231807e-08
1.331908968491936e-06
6.153017018565554e-05
0.0032837094113259235

7.2512151288912035e-28
2.2335848818889405e-25
5.1850403795511275e-23
9.071097488556736e-21
1.195984457915067e-18
1.188363344850483e-16
8.89879022498939e-15
5.021930530122981e-13
2.1358386554989875e-11
6.845799793766722e-10
1.6536285266899196e-08
3.0102996450940627e-07
4.129899745306377e-06
4.2699943552717904e-05
0.0003327155529907243
0.0019537856455615647
0.008646467957154555
0.028837563792098817
0.07248304173748492
0.13730054529622865
0.19600453688372238
0.21087155275957312
0.17097313614517365
0.10447100438122625
0.04810848405466107
0.016695736587816572
0.004366641181548197
0.000860691350182888
0.000127851368367178
1.4312692233933392e-05
1.2075226756005096e-06
7.677631562754777e-08
3.6788937862444677e-09
1.3285112662559225e-10
3.6155239609266647e-12
7.415411504370522e-14
1.1461917514997767e-15
1.3351722920929807e-17
1.1721288447618887e-19
7.754814363165224e-22
3.866566362881318e-24
1.4529060793802338e-26
4.114410536669704e-29
8.780832970469904e-32
1.4122832835553979e-34
1.7118508831788233e-37
1.563752632662185e-40
1.0765350804769878e-43
5.585297737891057e-47
2.183848374829695e-50
6.435119921967334e-54
1.429054584063515e-57
2.3916575772715696e-61
3.016526833826209e-65
2.867301723897819e-69
2.0539866127749813e-73
1.1088679512168288e-77
4.511490679550687e-82
1.3833061489160059e-86
3.19649890786302e-91
5.566584722921706e-96
7.305687584491437e-101
7.225890556369702e-106
5.3861652360847564e-111
3.025700768781566e-116
1.2809444275271947e-121
4.0868868304597305e-127
9.826818732716491e-133
1.7807021712738853e-138
2.431798809295334e-144
2.50277613258762e-150
1.9412183054608883e-156
1.134709684044536e-162
4.998654899162753e-169
1.6595087934428538e-175
4.152063352438041e-182
7.829001833823385e-189
1.112517441154297e-195
1.1914210575477576e-202
9.615718152226685e-210
5.848657487311215e-217
2.6809496777939235e-224
9.261453398331311e-232
2.4111689335273448e-239
4.7307951510568916e-247
6.995176173018716e-255
7.795090834806653e-263
6.546387576885889e-271
4.143241592218206e-279
1.976226922511307e-287
7.103810622447145e-296
1.9244381114098313e-304
3.92893218586e-313
6.1e-322
0.0
0.0
0.0
0.0
0.0
0.0
