0.5434150466676916
0.04246950272917337
0.0036404611747806286
0.00034227040033310113
3.529522812798845e-05
3.992053455390411e-06
4.95233967815497e-07
6.73842211351388e-08
1.0044123998853852e-08
1.6421215578247348e-09
2.950773264317507e-10
5.8173367815093284e-11
1.2571729386503763e-11
2.9782798940857835e-12
7.73720672885541e-13
2.2046744949440166e-13
6.890460945409148e-14
2.36174466276376e-14
8.875008660009648e-15
3.654203641068515e-15
1.6465818210643719e-15
8.102122405573006e-16
4.3383016277033973e-16
2.5151041327222367e-16
1.568460517737867e-16
1.0441302657352481e-16
7.35945438614861e-17
5.4477678050103295e-17
4.203213006081217e-17
3.3574203076698716e-17
2.76043511128941e-17
2.3248306128003988e-17
1.9976137883985594e-17
1.745503919319606e-17
1.5469150273760253e-17
1.387430464279795e-17
1.2571627439744866e-17
1.149165488785883e-17
1.0584509275362969e-17
9.813660409495907e-18
9.151868336854378e-18
8.57848573996486e-18
8.077627436281862e-18
7.63690467784092e-18
7.246534638272501e-18
6.898703716966368e-18
6.587105487660259e-18
6.306600724868325e-18
6.052964026186089e-18
5.822692708326191e-18
5.612861062283843e-18
5.4210080445006866e-18
5.24504989222053e-18
5.0832115138358104e-18
4.933972161911406e-18
4.796022072320444e-18
4.668227596578395e-18
4.549602966206025e-18
4.4392872759575255e-18
4.3365256039361e-18
4.240653433631664e-18
4.151083728705526e-18
4.06729615221016e-18
3.988828029546226e-18
3.915266737267316e-18
3.846243264002565e-18
3.781426739804244e-18
3.7205197694945506e-18
3.6632544365851985e-18
3.6093888689553364e-18
3.558704277120582e-18
3.511002391691781e-18
3.4661032393365877e-18
3.4238432068598667e-18
3.3840733514059558e-18
3.346657921643669e-18
3.3114730604261184e-18
3.27840566406047e-18
3.2473523771662025e-18
3.2182187052942603e-18
3.1909182301433634e-18
3.1653719144396527e-18
3.1415074854192666e-18
3.119258887432644e-18
3.098565795525399e-18
3.0793731829846224e-18
3.061630936805508e-18
3.045293515858925e-18
3.030319647249003e-18
3.0166720569598824e-18
3.004317231418234e-18
2.9932252070562812e-18
2.9833693853596033e-18
2.9747263712345555e-18
2.9672758328392985e-18
2.9610003812969792e-18
2.9558854689552665e-18
2.9519193050781447e-18
2.949092788057872e-18
2.9473994534211767e-18
2.946835437077477e-18
2.9473994534211767e-18
2.949092788057872e-18
2.9519193050781447e-18
2.9558854689552665e-18
2.9610003812969792e-18
2.9672758328392985e-18
2.9747263712345555e-18
2.9833693853596033e-18
2.9932252070562812e-18
3.004317231418234e-18
3.0166720569598824e-18
3.030319647249003e-18
3.045293515858925e-18
3.061630936805508e-18
3.0793731829846224e-18
3.098565795525399e-18
3.119258887432644e-18
3.1415074854192666e-18
3.1653719144396527e-18
3.1909182301433634e-18
3.2182187052942603e-18
3.2473523771662025e-18
3.27840566406047e-18
3.3114730604261184e-18
3.346657921643669e-18
3.3840733514059558e-18
3.4238432068598667e-18
3.4661032393365877e-18
3.511002391691781e-18
3.558704277120582e-18
3.6093888689553364e-18
3.6632544365851985e-18
3.7205197694945506e-18
3.781426739804244e-18
3.846243264002565e-18
3.915266737267316e-18
3.988828029546226e-18
4.06729615221016e-18
4.151083728705526e-18
4.240653433631664e-18
4.3365256039361e-18
4.4392872759575255e-18
4.549602966206025e-18
4.668227596578395e-18
4.796022072320444e-18
4.933972161911406e-18
5.0832115138358104e-18
5.24504989222053e-18
5.4210080445006866e-18
5.612861062283843e-18
5.822692708326191e-18
6.052964026186089e-18
6.306600724868325e-18
6.587105487660259e-18
6.898703716966368e-18
7.246534638272501e-18
7.63690467784092e-18
8.077627436281862e-18
8.57848573996486e-18
9.151868336854378e-18
9.813660409495907e-18
1.0584509275362969e-17
1.149165488785883e-17
1.2571627439744866e-17
1.387430464279795e-17
1.5469150273760253e-17
1.745503919319606e-17
1.9976137883985594e-17
2.3248306128003988e-17
2.76043511128941e-17
3.3574203076698716e-17
4.203213006081217e-17
5.4477678050103295e-17
7.35945438614861e-17
1.0441302657352481e-16
1.568460517737867e-16
2.5151041327222367e-16
4.3383016277033973e-16
8.102122405573006e-16
1.6465818210643719e-15
3.654203641068515e-15
8.875008660009648e-15
2.36174466276376e-14
6.890460945409148e-14
2.2046744949440166e-13
7.73720672885541e-13
2.9782798940857835e-12
1.2571729386503763e-11
5.8173367815093284e-11
2.950773264317507e-10
1.6421215578247348e-09
1.0044123998853852e-08
6.73842211351388e-08
4.95233967815497e-07
3.992053455390411e-06
3.529522812798845e-05
0.00034227040033310113
0.0036404611747806286
0.04246950272917337

1.0618286853457833e-16
2.4782950900610813e-14
3.719216390846071e-12
3.58880404447199e-10
2.2266292612966453e-08
8.882719463126031e-07
2.2784727998535977e-05
0.0003757868843344379
0.00398510029651559
0.02717294825672564
0.1191335642666292
0.335839192234766
0.6087352986898995
0.7094559950840736
0.5316457027800102
0.2561645453242742
0.07936254773435526
0.015809278486467387
0.0020249223137021348
0.00016676486273300157
8.830811252733925e-06
3.006744479645875e-07
6.582521860088218e-09
9.265907612123379e-11
8.386552868968335e-13
4.880663662109255e-15
1.826308496672651e-17
4.3940932248406015e-20
6.797735490043253e-23
6.761750226935634e-26
4.324678775410501e-29
1.7784778199580278e-32
4.702652842604218e-36
7.995345836305724e-40
8.740402966883378e-44
6.143636694075013e-48
2.7766392812804795e-52
8.068880227048673e-57
1.5076722535073576e-61
1.8113421097428306e-66
1.3992454158631684e-71
6.950037849767959e-77
2.2196286128722288e-82
4.557989572522053e-88
6.018194339211317e-94
5.109271207224891e-100
2.789019639825198e-106
9.789129112566759e-113
2.209206989558912e-119
3.205742452192358e-126
2.9910296354163966e-133
1.7943727762130637e-140
6.921568080930525e-148
1.7167070325025314e-155
2.7377119101617084e-163
2.807237600708851e-171
1.8508467772341315e-179
7.846240751151012e-188
2.138713743473154e-196
3.748379539329246e-205
4.224101301587381e-214
3.0607295670204895e-223
1.4259866536692733e-232
4.271750024490118e-242
8.22803382195857e-252
1.019028132250626e-261
8.114768731155e-272
4.154951782649932e-282
1.367904245027591e-292
2.895644713365987e-303
3.941256672e-314
0.0
0.0
0.0
0.0
0.0
0.0
0.0
0.0
0.0
0.0
0.0
0.0
0.0
0.0
0.0
0.0
0.0
0.0
0.0
0.0
0.0
0.0
0.0
0.0
0.0
0.0
0.0
0.0
0.0
