0.8444727925483564
0.21532050869342045
0.1263982633608299
0.08748290387618349
0.06575351926930711
0.0522461014342677
0.04318661564414582
0.03675121885405133
0.03197234984018957
0.028297211511701642
0.025390323764829484
0.023037703934883358
0.021097082323955067
0.019470500587623316
0.018088469879314395
0.016900416821216964
0.015868706722601874
0.014964783207672973
0.014166603766135828
0.013456893298714658
0.01282192811889225
0.012250672351342778
0.011734153570335838
0.011265004068532487
0.010837118849311175
0.010445397217732046
0.010085545137246308
0.009753922358398634
0.009447422949563477
0.009163381035887853
0.008899495766604442
0.008653771095327865
0.00842446707747358
0.008210060199558777
0.008009210848573306
0.007820736468523985
0.0076435892790282615
0.00747683767782977
0.00731965063682456
0.007171284544998418
0.007031072062687882
0.00689841263788626
0.006772764402874305
0.006653637222677284
0.006540586709034664
0.006433209047198917
0.00633113650983893
0.006234033554048491
0.006141593415055474
0.006053535124546207
0.0059696008932254
0.005889553806844107
0.00581317579285381
0.005740265821406389
0.005670638309873091
0.005604121704604604
0.0055405572174626475
0.005479797697852577
0.005421706623682574
0.005366157196954779
0.00531303153162683
0.0052622199230268965
0.005213620189507939
0.005167137078226996
0.005122681727964294
0.0050801711827820825
0.005039527951085926
0.005000679605310457
0.004963558418022653
0.00492810103073154
0.004894248152124548
0.004861944282827034
0.0048311374641102365
0.004801779048260801
0.004773823488577754
0.004747228147184904
0.0047219531190424106
0.004697961070714066
0.004675217092599701
0.004653688563477569
0.004633345026321883
0.0046141580744677654
0.0045961012472912595
0.004579149934657404
0.00456328128946575
0.004548474147691194
0.004534708955379773
0.004521967702114605
0.004510233860517535
0.004499492331397672
0.00448972939419955
0.004480932662441508
0.00447309104386979
0.004466194705085748
0.004460235040433184
0.004455204644960406
0.004451097291297317
0.004447907910311952
0.0044456325754339745
0.004444268490554331
0.004443813981431411
0.004444268490554331
0.0044456325754339745
0.004447907910311952
0.004451097291297317
0.004455204644960406
0.004460235040433184
0.004466194705085748
0.00447309104386979
0.004480932662441508
0.00448972939419955
0.004499492331397672
0.004510233860517535
0.004521967702114605
0.004534708955379773
0.004548474147691194
0.00456328128946575
0.004579149934657404
0.0045961012472912595
0.0046141580744677654
0.004633345026321883
0.004653688563477569
0.004675217092599701
0.004697961070714066
0.0047219531190424106
0.004747228147184904
0.004773823488577754
0.004801779048260801
0.0048311374641102365
0.004861944282827034
0.004894248152124548
0.00492810103073154
0.004963558418022653
0.005000679605310457
0.005039527951085926
0.0050801711827820825
0.005122681727964294
0.005167137078226996
0.005213620189507939
0.0052622199230268965
0.00531303153162683
0.005366157196954779
0.005421706623682574
0.005479797697852577
0.0055405572174626475
0.005604121704604604
0.005670638309873091
0.005740265821406389
0.00581317579285381
0.005889553806844107
0.0059696008932254
0.006053535124546207
0.006141593415055474
0.006234033554048491
0.00633113650983893
0.006433209047198917
0.006540586709034664
0.006653637222677284
0.006772764402874305
0.00689841263788626
0.007031072062687882
0.007171284544998418
0.00731965063682456
0.00747683767782977
0.0076435892790282615
0.007820736468523985
0.008009210848573306
0.008210060199558777
0.00842446707747358
0.008653771095327865
0.008899495766604442
0.009163381035887853
0.009447422949563477
0.009753922358398634
0.010085545137246308
0.010445397217732046
0.010837118849311175
0.011265004068532487
0.011734153570335838
0.012250672351342778
0.01282192811889225
0.013456893298714658
0.014166603766135828
0.014964783207672973
0.015868706722601874
0.016900416821216964
0.018088469879314395
0.019470500587623316
0.021097082323955067
0.023037703934883358
0.025390323764829484
0.028297211511701642
0.03197234984018957
0.03675121885405133
0.04318661564414582
0.0522461014342677
0.06575351926930711
0.08748290387618349
0.1263982633608299
0.21532050869342045

0.21963836837551148
0.2660423801749153
0.2945830626685633
0.29818037325953267
0.2759082379450537
0.2333805257242369
0.18045914383585349
0.12755794207372448
0.08242338701820422
0.04868647225417033
0.026290962229170232
0.013004228173993356
0.006161687252928062
0.004683708042604058
0.012093909321809725
0.03700131523900768
0.08031306872879672
0.12905296306661232
0.350938357391496
0.916601693462858
0.5940077024002752
0.07955406007865705
0.0033448944897426407
0.00021815331794104438
1.768606714178845e-05
9.872350019615417e-07
3.668632997274153e-08
9.076793449306162e-10
1.500631604465859e-11
1.7180277206833993e-13
1.9488573367568993e-15
6.798281499458296e-17
4.6806977537862435e-18
3.194011241103481e-19
1.9998571132679516e-20
1.1447948652677742e-21
5.990621887165492e-23
2.8656985082787405e-24
1.2531510408922167e-25
5.009457233565191e-27
1.8305949504478038e-28
6.1151649954317284e-30
1.8674046301809658e-31
5.212943474785745e-33
1.3302765421381246e-34
3.103238699328455e-36
6.617634316170933e-38
1.2900444647708124e-39
2.298904482549741e-41
3.7449972843790545e-43
5.576945747839623e-45
7.591990656323193e-47
9.447768490178535e-49
1.0747740031294307e-50
1.1176849319490348e-52
1.0625172060106183e-54
9.233511187353245e-57
7.335202714507937e-59
5.326865039881996e-61
3.5362714896264324e-63
2.1460203609102067e-65
1.190519214675303e-67
6.037446743584044e-70
2.798881742037532e-72
1.1861240667476754e-74
4.595047650417024e-77
1.6272873686488078e-79
5.2680855618625943e-82
1.5590344759905197e-84
4.217673441389336e-87
1.043048529814886e-89
2.358035897159929e-92
4.873159674432404e-95
9.206301716985784e-98
1.5899157024513088e-100
2.5100208316267113e-103
3.62238732673839e-106
4.778887184507705e-109
5.763323575856544e-112
6.353800301459177e-115
6.403367849876721e-118
5.899261855302201e-121
4.96822469714803e-124
3.824891475918782e-127
2.6918529891143023e-130
1.7318006213530506e-133
1.0184947082213545e-136
5.475628751535517e-140
2.691061023875045e-143
1.209003142432844e-146
4.965301742237749e-150
1.8641385792329108e-153
6.397717742404353e-157
2.0071798553720586e-160
5.756544100091172e-164
1.509217092516483e-167
3.6170617809102633e-171
7.924547464347289e-175
1.5871111684704015e-178
2.9057253159293988e-182
