0.5862302853391773
0.006047386439679257
6.664811575478364e-05
7.847452811007992e-07
8.99925682234791e-09
1.8141360592189494e-10
3.1634180048294176e-12
5.5163235102810405e-14
9.619688173346072e-16
1.6777372685518814e-17
2.9270788306497623e-19
5.111701420804073e-21
8.951437068688386e-23
1.579785489273563e-24
2.848752580211744e-26
5.435544490401315e-28
1.1808544930046461e-29
3.2194048307031397e-31
1.1391477109292707e-32
4.863788140476793e-34
2.2815682919801394e-35
1.1123831436058317e-36
5.505741508240108e-38
2.7439705384947916e-39
1.3750490532117827e-40
6.94492983930103e-42
3.5577019244201006e-43
1.8708877106726489e-44
1.0305044414653487e-45
6.116645622771243e-47
4.029670925028352e-48
2.993267315720662e-49
2.4867926595675067e-50
2.2551172463418536e-51
2.1778343030638727e-52
2.2058191912754384e-53
2.3325441749525167e-54
2.584958540013412e-55
3.0284364287728716e-56
3.787335170876194e-57
5.091158234623327e-58
7.3719794689951495e-59
1.1474098626669212e-59
1.912308173445668e-60
3.402200553155718e-61
6.45320571656583e-62
1.3053676211235793e-62
2.818701185854629e-63
6.502571273949922e-64
1.6032431453454754e-64
4.224549985133889e-65
1.1894627102454129e-65
3.5780511314387493e-66
1.1498511838562841e-66
3.947620918251839e-67
1.4478730788437085e-67
5.673031833095493e-68
2.374375511601174e-68
1.06131211115623e-68
5.064315334816533e-69
2.577903542608541e-69
1.3981595093817221e-69
8.064690135695786e-70
4.934287196521216e-70
3.1914284738179314e-70
2.173084183625286e-70
1.5505645310867002e-70
1.1536326809404643e-70
8.905303128973838e-71
7.09902323914599e-71
5.8188384847819476e-71
4.885154659871329e-71
4.186454265097461e-71
3.651537850505522e-71
3.2336511590341267e-71
2.9013064888552494e-71
2.6327984921454367e-71
2.4128410497982567e-71
2.2304546884755577e-71
2.0776093550095134e-71
1.948333947298931e-71
1.8381205010156726e-71
1.743518161110205e-71
1.6618517187867304e-71
1.5910233680391482e-71
1.529370992394031e-71
1.4755654578993656e-71
1.4285352206493212e-71
1.3874103300636027e-71
1.3514803882589891e-71
1.3201626748114562e-71
1.2929777939810471e-71
1.269530882635531e-71
1.2494970808875349e-71
1.232610227647778e-71
1.2186540625745195e-71
1.2074553981719913e-71
1.1988788668154662e-71
1.1928229522291866e-71
1.1892170944743618e-71
1.1880197195101588e-71
1.1892170944743618e-71
1.1928229522291866e-71
1.1988788668154662e-71
1.2074553981719913e-71
1.2186540625745195e-71
1.232610227647778e-71
1.2494970808875349e-71
1.269530882635531e-71
1.2929777939810471e-71
1.3201626748114562e-71
1.3514803882589891e-71
1.3874103300636027e-71
1.4285352206493212e-71
1.4755654578993656e-71
1.529370992394031e-71
1.5910233680391482e-71
1.6618517187867304e-71
1.743518161110205e-71
1.8381205010156726e-71
1.948333947298931e-71
2.0776093550095134e-71
2.2304546884755577e-71
2.4128410497982567e-71
2.6327984921454367e-71
2.9013064888552494e-71
3.2336511590341267e-71
3.651537850505522e-71
4.186454265097461e-71
4.885154659871329e-71
5.8188384847819476e-71
7.09902323914599e-71
8.905303128973838e-71
1.1536326809404643e-70
1.5505645310867002e-70
2.173084183625286e-70
3.1914284738179314e-70
4.934287196521216e-70
8.064690135695786e-70
1.3981595093817221e-69
2.577903542608541e-69
5.064315334816533e-69
1.06131211115623e-68
2.374375511601174e-68
5.673031833095493e-68
1.4478730788437085e-67
3.947620918251839e-67
1.1498511838562841e-66
3.5780511314387493e-66
1.1894627102454129e-65
4.224549985133889e-65
1.6032431453454754e-64
6.502571273949922e-64
2.818701185854629e-63
1.3053676211235793e-62
6.45320571656583e-62
3.402200553155718e-61
1.912308173445668e-60
1.1474098626669212e-59
7.3719794689951495e-59
5.091158234623327e-58
3.787335170876194e-57
3.0284364287728716e-56
2.584958540013412e-55
2.3325441749525167e-54
2.2058191912754384e-53
2.1778343030638727e-52
2.2551172463418536e-51
2.4867926595675067e-50
2.993267315720662e-49
4.029670925028352e-48
6.116645622771243e-47
1.0305044414653487e-45
1.8708877106726489e-44
3.5577019244201006e-43
6.94492983930103e-42
1.3750490532117827e-40
2.7439705384947916e-39
5.505741508240108e-38
1.1123831436058317e-36
2.2815682919801394e-35
4.863788140476793e-34
1.1391477109292707e-32
3.2194048307031397e-31
1.1808544930046461e-29
5.435544490401315e-28
2.848752580211744e-26
1.579785489273563e-24
8.951437068688386e-23
5.111701420804073e-21
2.9270788306497623e-19
1.6777372685518814e-17
9.619688173346072e-16
5.5163235102810405e-14
3.1634180048294176e-12
1.8141360592189494e-10
8.99925682234791e-09
7.847452811007992e-07
6.664811575478364e-05
0.006047386439679257

1.8305671045111243e-70
1.7411197017556833e-64
8.934163907417466e-59
2.4732129496648254e-53
3.6936132347029453e-48
2.97593631804982e-43
1.2935349258837314e-38
3.03329741531343e-34
3.837374106428772e-30
2.619000590544836e-26
9.643159761509258e-23
1.9155144717957556e-19
2.0527394223443297e-16
1.1867644225315041e-13
3.701498039405935e-11
6.22834755303581e-09
5.653930481074481e-07
2.7689199439212844e-05
0.0007315645368914275
0.010427427997367048
0.08018332561423076
0.33263905614825207
0.744465753927337
0.8988733809262027
0.5855104145401459
0.2057562514150675
0.03900800717370548
0.003989668377281808
0.00022014161239432392
6.553145302229817e-06
1.0523973894891751e-07
9.117841462319193e-10
4.261736763663483e-12
1.0746412708046046e-14
1.461917010924151e-17
1.0729123239761333e-20
4.248034723422745e-24
9.073904249157747e-28
1.0456410781069078e-31
6.500599202354629e-36
2.1802507983493745e-40
3.944952951761168e-45
3.8508758013242586e-50
2.0279605657156822e-55
5.761582826223269e-61
8.830929612493633e-67
7.30219366415107e-73
3.2574861691950383e-79
7.839603966535911e-86
1.0178598352807526e-92
7.129583190528758e-100
2.694155225450055e-107
5.4924156706188925e-115
6.0406891925295294e-123
3.5841971821419686e-131
1.147306904605266e-139
1.981297220713008e-148
1.8458736207416803e-157
9.277620555479336e-167
2.5156693546996827e-176
3.680042397812988e-186
2.904252655007669e-196
1.2365118360419376e-206
2.8401708815432706e-217
3.519435199040717e-228
2.352793360128632e-239
8.485489657102772e-251
1.6510200256103543e-262
1.7330459725939074e-274
9.814092247814928e-287
2.998282142737759e-299
4.941709031304e-312
0.0
0.0
0.0
0.0
0.0
0.0
0.0
0.0
0.0
0.0
0.0
0.0
0.0
0.0
0.0
0.0
0.0
0.0
0.0
0.0
0.0
0.0
0.0
0.0
0.0
0.0
0.0
0.0
