0.2042463116595987
0.0015540277250913994
1.4687752536475553e-05
1.7244236673286565e-07
2.887930066032839e-09
5.349772152927621e-11
1.0994976371019068e-12
2.7765339678835216e-14
9.39884333632953e-16
4.198330161058374e-17
2.319056148323213e-18
1.5479492857511596e-19
1.2690154341903768e-20
1.298165887972002e-21
1.6575359010613257e-22
2.629450616656927e-23
5.174902467357652e-24
1.2628870156518666e-24
3.8088790756155375e-25
1.4089815341282621e-25
6.262035591013164e-26
3.27610616747321e-26
1.9576600820235557e-26
1.298551940783299e-26
9.329207203544998e-27
7.118889552818417e-27
5.6857710519051116e-27
4.7021956970187375e-27
3.995205387832245e-27
3.4674567910868374e-27
3.0610635536271177e-27
2.7399351201944163e-27
2.4806334719188265e-27
2.267390803209693e-27
2.089269066457043e-27
1.9384746012018123e-27
1.8093220647909563e-27
1.697577122571044e-27
1.6000275323286646e-27
1.514196116821511e-27
1.4381442817817188e-27
1.370334734876456e-27
1.3095337733107582e-27
1.2547405532964744e-27
1.205135097875294e-27
1.1600395377270671e-27
1.1188888417445836e-27
1.0812084499226486e-27
1.0465969925564242e-27
1.0147128030842011e-27
9.852632923175428e-28
9.579965034980055e-28
9.326943457003108e-28
9.091671306392318e-28
8.872491303216705e-28
8.667949406226398e-28
8.476764858809737e-28
8.297805369472888e-28
8.13006643235772e-28
7.972654006860978e-28
7.824769938879093e-28
7.685699632264068e-28
7.554801576983197e-28
7.431498417029479e-28
7.315269301369598e-28
7.2056433089074685e-28
7.102193776415761e-28
7.004533388792548e-28
6.9123099154717345e-28
6.8252024966114825e-28
6.742918398774687e-28
6.665190172953731e-28
6.591773158566981e-28
6.522443285929317e-28
6.456995137038315e-28
6.39524023061092e-28
6.3370055023835495e-28
6.282131955935647e-28
6.230473462861941e-28
6.181895694121254e-28
6.13627516692734e-28
6.093498393698693e-28
6.053461121414328e-28
6.016067651284099e-28
5.981230229978946e-28
5.948868504814299e-28
5.918909036268928e-28
5.891284862076342e-28
5.865935107867331e-28
5.842804639987677e-28
5.821843756679109e-28
5.80300791430653e-28
5.786257485750833e-28
5.771557548473198e-28
5.758877700101238e-28
5.748191899696162e-28
5.739478333139175e-28
5.732719301329349e-28
5.727901130118666e-28
5.725014101126816e-28
5.724052402781863e-28
5.725014101126816e-28
5.727901130118666e-28
5.732719301329349e-28
5.739478333139175e-28
5.748191899696162e-28
5.758877700101238e-28
5.771557548473198e-28
5.786257485750833e-28
5.80300791430653e-28
5.821843756679109e-28
5.842804639987677e-28
5.865935107867331e-28
5.891284862076342e-28
5.918909036268928e-28
5.948868504814299e-28
5.981230229978946e-28
6.016067651284099e-28
6.053461121414328e-28
6.093498393698693e-28
6.13627516692734e-28
6.181895694121254e-28
6.230473462861941e-28
6.282131955935647e-28
6.3370055023835495e-28
6.39524023061092e-28
6.456995137038315e-28
6.522443285929317e-28
6.591773158566981e-28
6.665190172953731e-28
6.742918398774687e-28
6.8252024966114825e-28
6.9123099154717345e-28
7.004533388792548e-28
7.102193776415761e-28
7.2056433089074685e-28
7.315269301369598e-28
7.431498417029479e-28
7.554801576983197e-28
7.685699632264068e-28
7.824769938879093e-28
7.972654006860978e-28
8.13006643235772e-28
8.297805369472888e-28
8.476764858809737e-28
8.667949406226398e-28
8.872491303216705e-28
9.091671306392318e-28
9.326943457003108e-28
9.579965034980055e-28
9.852632923175428e-28
1.0147128030842011e-27
1.0465969925564242e-27
1.0812084499226486e-27
1.1188888417445836e-27
1.1600395377270671e-27
1.205135097875294e-27
1.2547405532964744e-27
1.3095337733107582e-27
1.370334734876456e-27
1.4381442817817188e-27
1.514196116821511e-27
1.6000275323286646e-27
1.697577122571044e-27
1.8093220647909563e-27
1.9384746012018123e-27
2.089269066457043e-27
2.267390803209693e-27
2.4806334719188265e-27
2.7399351201944163e-27
3.0610635536271177e-27
3.4674567910868374e-27
3.995205387832245e-27
4.7021956970187375e-27
5.6857710519051116e-27
7.118889552818417e-27
9.329207203544998e-27
1.298551940783299e-26
1.9576600820235557e-26
3.27610616747321e-26
6.262035591013164e-26
1.4089815341282621e-25
3.8088790756155375e-25
1.2628870156518666e-24
5.174902467357652e-24
2.629450616656927e-23
1.6575359010613257e-22
1.298165887972002e-21
1.2690154341903768e-20
1.5479492857511596e-19
2.319056148323213e-18
4.198330161058374e-17
9.39884333632953e-16
2.7765339678835216e-14
1.0994976371019068e-12
5.349772152927621e-11
2.887930066032839e-09
1.7244236673286565e-07
1.4687752536475553e-05
0.0015540277250913994

2.2056611930024647e-26
2.0894338679721376e-24
1.6398174882761532e-22
1.0662019033725625e-20
5.7432860751415885e-19
2.5630583942346897e-17
9.476186696630233e-16
2.902590516889983e-14
7.365716370244199e-13
1.5485358605380017e-11
2.6971468851162316e-10
3.8919296906299835e-09
4.652671916783565e-08
4.6080473037498694e-07
3.781015728527468e-06
2.570260223236465e-05
0.00014475139654981684
0.0006753757854751419
0.0026106296416877114
0.008360304581523825
0.022180737949072583
0.0487536278569265
0.08877995917073671
0.13393682506902424
0.16740256758001165
0.17334099521395785
0.1487022406400809
0.10568437789369015
0.062227325273464626
0.030354880587442883
0.012267412795279655
0.004107281660883575
0.0011392867555307237
0.0002618114688233368
4.9844970315599576e-05
7.861964385912e-06
1.0273486595187136e-06
1.1121969531343874e-07
9.9752226796942e-09
7.412087775053244e-10
4.562843402051454e-11
2.3270602628538735e-12
9.832336930512339e-14
3.441778604556551e-15
9.981278295103855e-17
2.398095392728106e-18
4.7733557274519297e-20
7.871512740895441e-22
1.0753990802291031e-23
1.2171894364432487e-25
1.1413628810564714e-27
8.866788928613713e-30
5.706713268289287e-32
3.042865736024766e-34
1.3441773826334101e-36
4.919346722103003e-39
1.4915414912279208e-41
3.746625636966064e-44
7.796906354139267e-47
1.3442541676656433e-49
1.9200720294457733e-52
2.2721170808055855e-55
2.2275165936352106e-58
1.8092069412959e-61
1.2173980412084951e-64
6.786627427359175e-68
3.1343859590620614e-71
1.199300443758862e-74
3.8017238867152286e-78
9.98412948257184e-82
2.172285452295687e-85
3.915620907902309e-89
5.847381640449164e-93
7.234346344542663e-97
7.415052149135737e-101
6.2966010666232454e-105
4.42970906442706e-109
2.5817921992250813e-113
1.2466496545951101e-117
4.987060234987094e-122
1.6528059304018847e-126
4.538122001164162e-131
1.0323038040634708e-135
1.945431503159757e-140
3.0373960010950935e-145
3.9288364047543624e-150
4.210207783354111e-155
3.737835377712432e-160
2.7492476758235255e-165
1.675269257470736e-170
8.457313454733922e-176
3.5371810646617245e-181
1.225629517291647e-186
3.51834309491975e-192
8.367471080040939e-198
1.6486456009623512e-203
2.691147192405764e-209
3.639356938998916e-215
4.077452478511032e-221
3.784689193250093e-227
