1.486868547780139
0.6145128966554928
0.42077320936868257
0.32801580768336314
0.26766570399589795
0.22318851476940466
0.18877764602707195
0.1615361803955655
0.13965686391024743
0.1218850662938549
0.10730674286868284
0.0952394498475883
0.08516584604114323
0.07668925949352239
0.06950259908508052
0.06336604736534607
0.05809079664755491
0.053527051257874936
0.04955509095135472
0.04607855725529518
0.04301936984052637
0.04031384841665003
0.03790973320617977
0.03576388014672874
0.03384046629303872
0.03210958360835503
0.030546130335442297
0.029128931798542448
0.0278400391661794
0.026664167060923345
0.0255882401141336
0.024601025473415354
0.023692833484080612
0.022855272722243518
0.022081048576202675
0.02136379688899901
0.020697945961428748
0.020078601599578572
0.019501450969749257
0.01896268186811352
0.018458914676608547
0.017987144801281392
0.017544693805698085
0.017129167783880916
0.016738421782825502
0.016370529298067916
0.016023756037948263
0.01569653729165618
0.015387458349493004
0.015095237516261533
0.014818711334408848
0.014556821695752174
0.014308604571893797
0.014073180135837048
0.01384974408249642
0.013637559985072588
0.013435952548700949
0.013244301643240067
0.01306203701424162
0.0128886335856019
0.012723607279600301
0.012566511290360058
0.012416932755531646
0.012274489778455612
0.012138828759419568
0.012009622000059018
0.011886565549607698
0.011769377265701703
0.011657795065882442
0.01155157534891148
0.011450491567575305
0.011354332936879959
0.011262903263463556
0.0111760198837317
0.011093512699681948
0.011015223302659263
0.010941004176400326
0.010870717971702694
0.010804236845913799
0.010741441861190373
0.010682222436145146
0.010626475846086128
0.010574106767574462
0.01052502686348877
0.01047915440519441
0.010436413928781611
0.010396735922662981
0.010360056544113011
0.010326317362594489
0.010295465127952647
0.010267451561771217
0.010242233170377401
0.010219771078158718
0.010200030880015004
0.010182982511916187
0.010168600138672532
0.010156862058150161
0.01014775062128262
0.01014125216734038
0.010137356974025374
0.010136059222058501
0.010137356974025374
0.01014125216734038
0.01014775062128262
0.010156862058150161
0.010168600138672532
0.010182982511916187
0.010200030880015004
0.010219771078158718
0.010242233170377401
0.010267451561771217
0.010295465127952647
0.010326317362594489
0.010360056544113011
0.010396735922662981
0.010436413928781611
0.01047915440519441
0.01052502686348877
0.010574106767574462
0.010626475846086128
0.010682222436145146
0.010741441861190373
0.010804236845913799
0.010870717971702694
0.010941004176400326
0.011015223302659263
0.011093512699681948
0.0111760198837317
0.011262903263463556
0.011354332936879959
0.011450491567575305
0.01155157534891148
0.011657795065882442
0.011769377265701703
0.011886565549607698
0.012009622000059018
0.012138828759419568
0.012274489778455612
0.012416932755531646
0.012566511290360058
0.012723607279600301
0.0128886335856019
0.01306203701424162
0.013244301643240067
0.013435952548700949
0.013637559985072588
0.01384974408249642
0.014073180135837048
0.014308604571893797
0.014556821695752174
0.014818711334408848
0.015095237516261533
0.015387458349493004
0.01569653729165618
0.016023756037948263
0.016370529298067916
0.016738421782825502
0.017129167783880916
0.017544693805698085
0.017987144801281392
0.018458914676608547
0.01896268186811352
0.019501450969749257
0.020078601599578572
0.020697945961428748
0.02136379688899901
0.022081048576202675
0.022855272722243518
0.023692833484080612
0.024601025473415354
0.0255882401141336
0.026664167060923345
0.0278400391661794
0.029128931798542448
0.030546130335442297
0.03210958360835503
0.03384046629303872
0.03576388014672874
0.03790973320617977
0.04031384841665003
0.04301936984052637
0.04607855725529518
0.04955509095135472
0.053527051257874936
0.05809079664755491
0.06336604736534607
0.06950259908508052
0.07668925949352239
0.08516584604114323
0.0952394498475883
0.10730674286868284
0.1218850662938549
0.13965686391024743
0.1615361803955655
0.18877764602707195
0.22318851476940466
0.26766570399589795
0.32801580768336314
0.42077320936868257
0.6145128966554928

0.4428905735902772
1.926070556312287
0.7396979008592848
0.03342047607578995
0.03817163637239368
0.12555335186795874
0.3031072214267816
0.5360413094020087
0.6944391100426114
0.6590282337068128
0.45815012164745395
0.23331654040414224
0.08703966012784668
0.023786074862152846
0.004761703098212483
0.0006982899323923152
7.501415562368033e-05
5.904910552691022e-06
5.601509519588059e-07
1.3741957894756778e-05
0.000426245958464818
0.006581554406575433
0.05053592063250361
0.19296339940691967
0.36639771275650856
0.34596615846249057
0.16244918525079832
0.037931892286530246
0.004404478888195405
0.00025432415459215993
7.302704697893779e-06
1.0427565389337638e-07
7.404319617879208e-10
2.6145108340615508e-12
4.590910085788291e-15
4.0087611530638505e-18
1.7407028013698728e-21
3.758738636527339e-25
4.036107090695078e-29
2.1551935894294528e-33
5.722857672257235e-38
7.556882273686252e-43
4.96221321319579e-48
1.6203589713146085e-53
2.6311772657520795e-59
2.124672667234191e-65
8.531728108348099e-72
1.7036682719656935e-78
1.691749734563592e-85
8.353918835408713e-93
2.0513862432054725e-100
2.5049997044509932e-108
1.521146253172809e-116
4.593432279464585e-125
6.897738436332011e-134
5.1508987345046615e-143
1.931932918852972e-152
6.2765422071542326e-161
1.33878036687916e-167
2.216488533912224e-174
2.6882279719425166e-181
2.3883646902540144e-188
1.5544226810381034e-195
7.410910077892671e-203
2.5882599920194845e-210
6.621832505380209e-218
1.24103039985413e-225
1.7038077329722241e-233
1.7135338438720096e-241
1.2624050541311285e-249
6.8130048658893805e-258
2.693472898796307e-266
7.800464372286356e-275
1.6548637453705429e-283
2.5718045600533342e-292
2.927841882065139e-301
2.44169386726185e-310
1.49163e-319
0.0
0.0
0.0
0.0
0.0
0.0
0.0
0.0
0.0
0.0
0.0
0.0
0.0
0.0
0.0
0.0
0.0
0.0
0.0
0.0
0.0
0.0
