0.30530059242724517
0.004369801279291274
8.310872821989302e-05
2.1003056197038625e-06
7.052924915572273e-08
3.1009006340977415e-09
1.8684612660107667e-10
1.4748092216889297e-11
1.539341611552117e-12
2.1393191593576656e-13
3.9495599761566286e-14
9.634181265177402e-15
3.068523900562053e-15
1.2449903906568863e-15
6.196570644241538e-16
3.6224978468978075e-16
2.3877652410747384e-16
1.7180740030008713e-16
1.3173064066983777e-16
1.058194274187623e-16
8.801361305251279e-17
7.517097428328048e-17
6.554159900379948e-17
5.80906632421694e-17
5.2174419615560715e-17
4.7374815282692584e-17
4.3410214118248607e-17
4.008479812265119e-17
3.7258645954992723e-17
3.4829367301886767e-17
3.272045395849889e-17
3.0873673223599054e-17
2.924397070413833e-17
2.7795974754702605e-17
2.6501548969594758e-17
2.5338046083676403e-17
2.4287040951812185e-17
2.3333396866864373e-17
2.2464567763695656e-17
2.1670069948925576e-17
2.094107740753393e-17
2.0270108377638073e-17
1.965078015106967e-17
1.9077615448710318e-17
1.854588819049073e-17
1.805149964879199e-17
1.7590878247534068e-17
1.7160897919151794e-17
1.6758811141850364e-17
1.6382193676118043e-17
1.6028898689993116e-17
1.5697018468487826e-17
1.538485228747259e-17
1.509087932747252e-17
1.4813735730844506e-17
1.4552195083199224e-17
1.4305151738871465e-17
1.4071606519751936e-17
1.3850654403629074e-17
1.3641473887441281e-17
1.3443317766370445e-17
1.3255505114468517e-17
1.3077414288768246e-17
1.2908476808341793e-17
1.274817198390144e-17
1.2596022193352988e-17
1.2451588715053559e-17
1.2314468044055417e-17
1.2184288627862726e-17
1.2060707967609186e-17
1.1943410038418639e-17
1.1832102989308693e-17
1.1726517088558976e-17
1.1626402885168164e-17
1.1531529561013109e-17
1.1441683451716868e-17
1.1356666717128521e-17
1.1276296144795345e-17
1.1200402071934611e-17
1.1128827413241708e-17
1.1061426783450102e-17
1.0998065704924136e-17
1.0938619891750484e-17
1.0882974602824066e-17
1.0831024057322879e-17
1.0782670906751804e-17
1.0737825758424402e-17
1.0696406745857834e-17
1.0658339142090616e-17
1.062355501240624e-17
1.059199290336629e-17
1.0563597565431533e-17
1.0538319706785492e-17
1.051611577627717e-17
1.0496947773673307e-17
1.048078308565915e-17
1.0467594346255002e-17
1.0457359320526252e-17
1.0450060810660307e-17
1.0445686583668026e-17
1.0444229320141569e-17
1.0445686583668026e-17
1.0450060810660307e-17
1.0457359320526252e-17
1.0467594346255002e-17
1.048078308565915e-17
1.0496947773673307e-17
1.051611577627717e-17
1.0538319706785492e-17
1.0563597565431533e-17
1.059199290336629e-17
1.062355501240624e-17
1.0658339142090616e-17
1.0696406745857834e-17
1.0737825758424402e-17
1.0782670906751804e-17
1.0831024057322879e-17
1.0882974602824066e-17
1.0938619891750484e-17
1.0998065704924136e-17
1.1061426783450102e-17
1.1128827413241708e-17
1.1200402071934611e-17
1.1276296144795345e-17
1.1356666717128521e-17
1.1441683451716868e-17
1.1531529561013109e-17
1.1626402885168164e-17
1.1726517088558976e-17
1.1832102989308693e-17
1.1943410038418639e-17
1.2060707967609186e-17
1.2184288627862726e-17
1.2314468044055417e-17
1.2451588715053559e-17
1.2596022193352988e-17
1.274817198390144e-17
1.2908476808341793e-17
1.3077414288768246e-17
1.3255505114468517e-17
1.3443317766370445e-17
1.3641473887441281e-17
1.3850654403629074e-17
1.4071606519751936e-17
1.4305151738871465e-17
1.4552195083199224e-17
1.4813735730844506e-17
1.509087932747252e-17
1.538485228747259e-17
1.5697018468487826e-17
1.6028898689993116e-17
1.6382193676118043e-17
1.6758811141850364e-17
1.7160897919151794e-17
1.7590878247534068e-17
1.805149964879199e-17
1.854588819049073e-17
1.9077615448710318e-17
1.965078015106967e-17
2.0270108377638073e-17
2.094107740753393e-17
2.1670069948925576e-17
2.2464567763695656e-17
2.3333396866864373e-17
2.4287040951812185e-17
2.5338046083676403e-17
2.6501548969594758e-17
2.7795974754702605e-17
2.924397070413833e-17
3.0873673223599054e-17
3.272045395849889e-17
3.4829367301886767e-17
3.7258645954992723e-17
4.008479812265119e-17
4.3410214118248607e-17
4.7374815282692584e-17
5.2174419615560715e-17
5.80906632421694e-17
6.554159900379948e-17
7.517097428328048e-17
8.801361305251279e-17
1.058194274187623e-16
1.3173064066983777e-16
1.7180740030008713e-16
2.3877652410747384e-16
3.6224978468978075e-16
6.196570644241538e-16
1.2449903906568863e-15
3.068523900562053e-15
9.634181265177402e-15
3.9495599761566286e-14
2.1393191593576656e-13
1.539341611552117e-12
1.4748092216889297e-11
1.8684612660107667e-10
3.1009006340977415e-09
7.052924915572273e-08
2.1003056197038625e-06
8.310872821989302e-05
0.004369801279291274

4.418028589252721e-16
9.303256353569418e-15
1.6970221456210067e-13
2.6815511566757275e-12
3.6705464006903256e-11
4.352325880467624e-10
4.47052109096424e-09
3.977781703017181e-08
3.065983396232179e-07
2.0471266245454353e-06
1.1840380798621705e-05
5.93243090183317e-05
0.00025748134090861904
0.0009680658301986168
0.0031528991196622795
0.008895314646497145
0.02173995341881159
0.04602586497036438
0.0844095070537611
0.1340993967770681
0.18454757367118732
0.22000670177883502
0.22720063259965503
0.20324937432639398
0.15750522073442197
0.10573207252949209
0.06148435082549469
0.03097194603758736
0.013515074720130449
0.005108747797716221
0.0016728481913131283
0.0004745092183657077
0.00011659470609063221
2.4817559128378837e-05
4.57599302440841e-06
7.30899554971161e-07
1.0112908931660142e-07
1.2121058590021603e-08
1.2584937406626078e-09
1.131898864949134e-10
8.818815245233176e-12
5.951945134558903e-13
3.4797949171699474e-14
1.7623592196752688e-15
7.73181182090053e-17
2.938422030095134e-18
9.673711304154038e-20
2.7587867326664783e-21
6.815366108404955e-23
1.4584995753063544e-24
2.703768343836531e-26
4.341888895552015e-28
6.039958970950103e-30
7.278390055316336e-32
7.59771010734563e-34
6.870307363581468e-36
5.381652732941186e-38
3.6517516037036825e-40
2.1465096355721907e-42
1.0929757120961715e-44
4.820967850953377e-47
1.842061029261714e-49
6.097051301344619e-52
1.7481622548740226e-54
4.3419986490550584e-57
9.342082198153939e-60
1.7411802790589398e-62
2.8111877407138507e-65
3.931714879529835e-68
4.7634349317954265e-71
4.999246065083729e-74
4.545010019288169e-77
3.579408224582093e-80
2.4419326046089213e-83
1.4431190868188919e-86
7.387827102958793e-90
3.2762522385472456e-93
1.2585891790246118e-96
4.188289678096868e-100
1.207356389337703e-103
3.0149513815368246e-107
6.521855869854629e-111
1.2221039160752646e-114
1.9837691393401515e-118
2.7894602634528834e-122
3.3977802191952646e-126
3.5852252255151858e-130
3.277054457039057e-134
2.5947584121078237e-138
1.779738740229519e-142
1.0574543658866442e-146
5.4426833778020164e-151
2.4266691078841895e-155
9.372471052719039e-160
3.1357664501210693e-164
9.088231183312803e-169
2.2817133208483432e-173
4.96236659900964e-178
9.34894634574743e-183
1.5257470710027722e-187
