0.18253419176077884
0.008492726198365
0.0004112156752108324
2.0721053992679577e-05
1.0866095618411155e-06
5.9300058256233244e-08
4.328165925408376e-09
2.2052032525734264e-10
1.1477837902297377e-11
6.208744352812405e-13
3.5809968939265044e-14
2.268418348130902e-15
1.6107889380520646e-16
1.2794758789108823e-17
1.110975471231404e-18
1.0240628327236967e-19
9.785815961790898e-21
9.54987457504933e-22
9.442603581953956e-23
9.430362905906144e-24
9.514299171686363e-25
9.723456003494379e-26
1.011771480245315e-26
1.0799608101771213e-27
1.193717684710691e-28
1.3803549936441874e-29
1.684425542266647e-30
2.1792725016787756e-31
2.987245896450682e-32
4.316011565201634e-33
6.525737363525373e-34
1.025751958534594e-34
1.6687303147927166e-35
2.804519791549683e-36
4.87132011230693e-37
8.762034957067066e-38
1.6363079166970162e-38
3.180304219332759e-39
6.44329897530307e-40
1.3615473089525211e-40
2.999974395190364e-41
6.887078265421141e-42
1.6460163290639977e-42
4.093194705342095e-43
1.0587832905494125e-43
2.848867402641184e-44
7.97490183930168e-45
2.3229778058032562e-45
7.041879354737115e-46
2.2216825731930394e-46
7.295025110132159e-47
2.4929417958286223e-47
8.865957700557766e-48
3.281397866821056e-48
1.2638870691759271e-48
5.066096594087607e-49
2.113271093190444e-49
9.173890300257286e-50
4.144445957041646e-50
1.9484471168048868e-50
9.532543597185391e-51
4.8529518311142576e-51
2.5706478241384603e-51
1.416623586076358e-51
8.119647342057121e-52
4.8386977896103796e-52
2.9963236221516886e-52
1.9265509837096276e-52
1.2848490665178552e-52
8.876205698362072e-53
6.34169768489271e-53
4.677056557620038e-53
3.5532271376105554e-53
2.774524696580288e-53
2.2216310366203143e-53
1.819971220357757e-53
1.5220860634205548e-53
1.2967304424714732e-53
1.1231977740412086e-53
9.873918917462579e-54
8.795409600594173e-54
7.927562641264924e-54
7.22094562362196e-54
6.639644081794455e-54
6.157100053848986e-54
5.7534349966114e-54
5.413585505056654e-54
5.1260073700843494e-54
4.8817626097795845e-54
4.673868202320484e-54
4.4968260535559984e-54
4.346280098965698e-54
4.2187637171037346e-54
4.111512104285493e-54
4.0223219761257355e-54
3.949446216141031e-54
3.8915147160026204e-54
3.847475186399115e-54
3.816549517807829e-54
3.7982025747884005e-54
3.7921212776839525e-54
3.7982025747884005e-54
3.816549517807829e-54
3.847475186399115e-54
3.8915147160026204e-54
3.949446216141031e-54
4.0223219761257355e-54
4.111512104285493e-54
4.2187637171037346e-54
4.346280098965698e-54
4.4968260535559984e-54
4.673868202320484e-54
4.8817626097795845e-54
5.1260073700843494e-54
5.413585505056654e-54
5.7534349966114e-54
6.157100053848986e-54
6.639644081794455e-54
7.22094562362196e-54
7.927562641264924e-54
8.795409600594173e-54
9.873918917462579e-54
1.1231977740412086e-53
1.2967304424714732e-53
1.5220860634205548e-53
1.819971220357757e-53
2.2216310366203143e-53
2.774524696580288e-53
3.5532271376105554e-53
4.677056557620038e-53
6.34169768489271e-53
8.876205698362072e-53
1.2848490665178552e-52
1.9265509837096276e-52
2.9963236221516886e-52
4.8386977896103796e-52
8.119647342057121e-52
1.416623586076358e-51
2.5706478241384603e-51
4.8529518311142576e-51
9.532543597185391e-51
1.9484471168048868e-50
4.144445957041646e-50
9.173890300257286e-50
2.113271093190444e-49
5.066096594087607e-49
1.2638870691759271e-48
3.281397866821056e-48
8.865957700557766e-48
2.4929417958286223e-47
7.295025110132159e-47
2.2216825731930394e-46
7.041879354737115e-46
2.3229778058032562e-45
7.97490183930168e-45
2.848867402641184e-44
1.0587832905494125e-43
4.093194705342095e-43
1.6460163290639977e-42
6.887078265421141e-42
2.999974395190364e-41
1.3615473089525211e-40
6.44329897530307e-40
3.180304219332759e-39
1.6363079166970162e-38
8.762034957067066e-38
4.87132011230693e-37
2.804519791549683e-36
1.6687303147927166e-35
1.025751958534594e-34
6.525737363525373e-34
4.316011565201634e-33
2.987245896450682e-32
2.1792725016787756e-31
1.684425542266647e-30
1.3803549936441874e-29
1.193717684710691e-28
1.0799608101771213e-27
1.011771480245315e-26
9.723456003494379e-26
9.514299171686363e-25
9.430362905906144e-24
9.442603581953956e-23
9.54987457504933e-22
9.785815961790898e-21
1.0240628327236967e-19
1.110975471231404e-18
1.2794758789108823e-17
1.6107889380520646e-16
2.268418348130902e-15
3.5809968939265044e-14
6.208744352812405e-13
1.1477837902297377e-11
2.2052032525734264e-10
4.328165925408376e-09
5.9300058256233244e-08
1.0866095618411155e-06
2.0721053992679577e-05
0.0004112156752108324
0.008492726198365

4.474219808590817e-53
1.6649104583049357e-46
2.2264766535132783e-40
1.0700377727484534e-34
1.8481353366700688e-29
1.1471550784542655e-24
2.5589640947408795e-20
2.0514453476685488e-16
5.910298420524314e-13
6.1194524829337e-10
2.277033515867142e-07
3.0449486865243602e-05
0.0014633365915947278
0.0252733135694874
0.15686781162207097
0.34991228412618924
0.28050347087444594
0.08081109447358836
0.00836676241818722
0.00031131323485957934
4.162856405588898e-06
2.000501934937199e-08
3.45493769635945e-11
2.144347487529315e-14
4.783037717886113e-18
3.8341239343856786e-22
1.1045418797934962e-26
1.1435414905721176e-31
4.2547629112286024e-37
5.689217040214163e-43
2.733904491431602e-49
4.721368235051134e-56
2.930259672230097e-63
6.535789276910122e-71
5.2389430060547897e-79
1.509186824877484e-87
1.5624136896840158e-96
5.813032685262302e-106
7.772544071941211e-116
3.734885744242603e-126
6.449783650058953e-137
4.002825634591168e-148
8.927747458906243e-160
7.156008045645894e-172
2.0613580925396542e-184
2.1339771459356833e-197
7.93925560652629e-211
1.0615085677060028e-224
5.100595956103513e-239
8.807893194025987e-254
5.466090981250982e-269
1.2190888847777838e-284
9.771192875364459e-301
2.8145793e-317
0.0
0.0
0.0
0.0
0.0
0.0
0.0
0.0
0.0
0.0
0.0
0.0
0.0
0.0
0.0
0.0
0.0
0.0
0.0
0.0
0.0
0.0
0.0
0.0
0.0
0.0
0.0
0.0
0.0
0.0
0.0
0.0
0.0
0.0
0.0
0.0
0.0
0.0
0.0
0.0
0.0
0.0
0.0
0.0
0.0
0.0
