0.7212987313437016
0.04684757987067716
0.02882061733196721
0.023148717728421725
0.019283923923322035
0.016459521439642327
0.01432355410945492
0.01266254520451952
0.01134017916478145
0.010266192436415633
0.009378907808449974
0.008635000405707915
0.008003284768195805
0.007460822104575342
0.006990411079581046
0.00657892850641454
0.006216206401985006
0.005894255930716385
0.005606720762188848
0.005348485277716976
0.0051153892669778015
0.004904017124646428
0.004711539995761896
0.004535596104494699
0.004374198991396135
0.0042256664049827
0.004088564657003146
0.003961664680566702
0.003843907034342688
0.0037343738099033606
0.003632265912781977
0.003536884561251006
0.003447616121199328
0.0033639195990355997
0.0032853162669308138
0.0032113810097802965
0.0031417350708611127
0.003076039940357773
0.0030139921828540323
0.0029553190402901836
0.002899774678527744
0.0028471369706005237
0.0027972047295009065
0.002749795319112154
0.002704742584532203
0.002661895053214576
0.002621114366594894
0.0025822739085772746
0.0025452576027349474
0.0025099588545770255
0.0024762796189401882
0.0024441295756310443
0.0024134253989925637
0.0023840901091916836
0.0023560524948020066
0.0023292465977470486
0.0023036112529256983
0.0022790896759029167
0.00225562909294818
0.0022331804084686794
0.002211697905535991
0.0021911389757619222
0.0021714638752566295
0.0021526355038122814
0.002134619204808857
0.002117382583643761
0.002100895342750994
0.0020851291315046785
0.0020700574095009056
0.0020556553218854137
0.0020418995855460897
0.002028768385121915
0.002016241277896183
0.0020042991067439255
0.001992923920393403
0.0019820989003407397
0.0019718082938268515
0.001962037352347825
0.001952772275224887
0.0019440001578089853
0.0019357089439385247
0.0019278873823076088
0.0019205249864368448
0.0019136119979698454
0.0019071393530464705
0.0019010986515289284
0.0018954821288795214
0.001890282630509243
0.0018854935884350097
0.0018811090001001557
0.0018771234092281952
0.001873531888593931
0.001870330024608912
0.0018675139036301574
0.0018650800999121203
0.001863025665132151
0.001861348119429351
0.0018600454439057874
0.001859116074547651
0.0018585588975321612
0.0018583732458939265
0.0018585588975321612
0.001859116074547651
0.0018600454439057874
0.001861348119429351
0.001863025665132151
0.0018650800999121203
0.0018675139036301574
0.001870330024608912
0.001873531888593931
0.0018771234092281952
0.0018811090001001557
0.0018854935884350097
0.001890282630509243
0.0018954821288795214
0.0019010986515289284
0.0019071393530464705
0.0019136119979698454
0.0019205249864368448
0.0019278873823076088
0.0019357089439385247
0.0019440001578089853
0.001952772275224887
0.001962037352347825
0.0019718082938268515
0.0019820989003407397
0.001992923920393403
0.0020042991067439255
0.002016241277896183
0.002028768385121915
0.0020418995855460897
0.0020556553218854137
0.0020700574095009056
0.0020851291315046785
0.002100895342750994
0.002117382583643761
0.002134619204808857
0.0021526355038122814
0.0021714638752566295
0.0021911389757619222
0.002211697905535991
0.0022331804084686794
0.00225562909294818
0.0022790896759029167
0.0023036112529256983
0.0023292465977470486
0.0023560524948020066
0.0023840901091916836
0.0024134253989925637
0.0024441295756310443
0.0024762796189401882
0.0025099588545770255
0.0025452576027349474
0.0025822739085772746
0.002621114366594894
0.002661895053214576
0.002704742584532203
0.002749795319112154
0.0027972047295009065
0.0028471369706005237
0.002899774678527744
0.0029553190402901836
0.0030139921828540323
0.003076039940357773
0.0031417350708611127
0.0032113810097802965
0.0032853162669308138
0.0033639195990355997
0.003447616121199328
0.003536884561251006
0.003632265912781977
0.0037343738099033606
0.003843907034342688
0.003961664680566702
0.004088564657003146
0.0042256664049827
0.004374198991396135
0.004535596104494699
0.004711539995761896
0.004904017124646428
0.0051153892669778015
0.005348485277716976
0.005606720762188848
0.005894255930716385
0.006216206401985006
0.00657892850641454
0.006990411079581046
0.007460822104575342
0.008003284768195805
0.008635000405707915
0.009378907808449974
0.010266192436415633
0.01134017916478145
0.01266254520451952
0.01432355410945492
0.016459521439642327
0.019283923923322035
0.023148717728421725
0.02882061733196721
0.04684757987067716

0.09288725035060934
0.083862458793068
0.05943832347268921
0.03307143139784502
0.014445315942375945
0.004953265656419987
0.00133358139758601
0.00028322457775055323
5.419769466454264e-05
3.9216502980040205e-05
0.00012939731793427812
0.00043799828023788866
0.0013035146836723058
0.003400978628714677
0.007834251658697597
0.016337285240374175
0.032809194593871376
0.06870910740614865
0.14969367874755748
0.30338496840417795
0.5099111333097643
0.666286648314815
0.6578350619855714
0.4852929320265558
0.26674124635369223
0.10958874492053187
0.03405473568431622
0.008247721858584262
0.0016652031433789965
0.0003151034171962739
6.226280354298207e-05
1.2785549416963224e-05
2.516833190331035e-06
4.475037399993791e-07
7.019907757440985e-08
9.651337905183866e-09
1.161260306661713e-09
1.2224833371049177e-10
1.125927839889785e-11
9.072569488411727e-13
6.395904468328569e-14
3.944804950057849e-15
2.1286340276399297e-16
1.0049127717944395e-17
4.1505689324640086e-19
1.4998188091666935e-20
4.741566656032518e-22
1.3114653606850156e-23
3.173537889857479e-25
6.71865670668652e-27
1.2444375698268577e-28
2.0165810261475068e-30
2.8589735588619406e-32
3.5461450892729557e-34
3.8481745414326504e-36
3.6534647642793307e-38
3.034638643411168e-40
2.205265809542044e-42
1.4020606614537646e-44
7.79874219140374e-47
3.795196117222502e-49
1.6158304270618136e-51
6.018790688256475e-54
1.9614380616961787e-56
5.592317964591021e-59
1.394957620346792e-61
3.044262308937881e-64
5.812393753367656e-67
9.709120332160884e-70
1.4189158485084442e-72
1.8142005535229964e-75
2.0293915620115196e-78
1.9860871663567082e-81
1.700523584586149e-84
1.2738518250207185e-87
8.348473391829491e-91
4.786820261860304e-94
2.4012593760127447e-97
1.0538600129993631e-100
4.046491928609092e-104
1.3593344713843006e-107
3.995083693294916e-111
1.0272527981929787e-114
2.310897505013219e-118
4.5481620915690414e-122
7.83146631188345e-126
1.1797829994563359e-129
1.5549380212177196e-133
1.7929820094667983e-137
1.8088005461807218e-141
1.5964573793000252e-145
1.232752456027703e-149
8.328107527564082e-154
4.922306707328513e-158
2.5453230924291446e-162
1.1515135798550067e-166
4.557714425605337e-171
1.578254569976683e-175
4.78144209591226e-180
1.267338550423641e-184
