0.09042478766856128
0.05164666547302631
0.03358350173708828
0.023969480727561988
0.018287303483998762
0.014643156509240573
0.012152125641537951
0.010361640397568591
0.009022181774983297
0.007987281041580023
0.007166320474275952
0.006500693522169056
0.00595104010389153
0.005490058327478289
0.005098275139325926
0.004761460794185499
0.004468994189845772
0.004212798225438922
0.003986627891500389
0.0037855828994680955
0.0036057669216907114
0.0034440447724669596
0.0032978663835352734
0.0031651371951982614
0.0030441213579092304
0.0029333684924074638
0.0028316576096385484
0.00273795369568085
0.0026513737587700254
0.002571160025626612
0.0024966585963817523
0.002427302307955203
0.0023625968716057635
0.002302109579456864
0.002245460042737931
0.0021923125488414095
0.002142369717259064
0.002095367204575986
0.002051069262027272
0.0020092649900022505
0.001969765165454288
0.0019323995427325167
0.0018970145475821132
0.0018634712992139817
0.001831643907359277
0.001801418000804343
0.0017726894515826814
0.001745363265191111
0.001719352612211483
0.0016945779808001163
0.00167096643284337
0.001648450949317293
0.0016269698526481676
0.001606466295740832
0.001586887808895827
0.0015681858971327547
0.0015503156815224446
0.0015332355790420261
0.0015169070162352005
0.0015012941726094094
0.0014863637502523133
0.0014720847666183847
0.0014584283678359107
0.0014453676602263943
0.0014328775580213784
0.0014209346455136438
0.0014095170520969042
0.0013986043388357582
0.0013881773953701667
0.001378218346099796
0.0013687104647163132
0.0013596380962587265
0.0013509865859603828
0.0013427422142381078
0.0013348921372458215
0.001327424332478122
0.0013203275489649712
0.0013135912616477265
0.0013072056295702237
0.0013011614575570696
0.001295450161085523
0.0012900637340877243
0.001284994719447163
0.001280236181977481
0.0012757816836934082
0.0012716252612030778
0.0012677614050684897
0.001264185040996666
0.0012608915127383282
0.0012578765665838781
0.0012551363373582353
0.0012526673358268605
0.0012504664374351408
0.0012485308723123975
0.0012468582164801667
0.0012454463842122108
0.0012442936215010076
0.001243398500592321
0.0012427599155559624
0.0012423770788670373
0.0012422495189779276
0.0012423770788670373
0.0012427599155559624
0.001243398500592321
0.0012442936215010076
0.0012454463842122108
0.0012468582164801667
0.0012485308723123975
0.0012504664374351408
0.0012526673358268605
0.0012551363373582353
0.0012578765665838781
0.0012608915127383282
0.001264185040996666
0.0012677614050684897
0.0012716252612030778
0.0012757816836934082
0.001280236181977481
0.001284994719447163
0.0012900637340877243
0.001295450161085523
0.0013011614575570696
0.0013072056295702237
0.0013135912616477265
0.0013203275489649712
0.001327424332478122
0.0013348921372458215
0.0013427422142381078
0.0013509865859603828
0.0013596380962587265
0.0013687104647163132
0.001378218346099796
0.0013881773953701667
0.0013986043388357582
0.0014095170520969042
0.0014209346455136438
0.0014328775580213784
0.0014453676602263943
0.0014584283678359107
0.0014720847666183847
0.0014863637502523133
0.0015012941726094094
0.0015169070162352005
0.0015332355790420261
0.0015503156815224446
0.0015681858971327547
0.001586887808895827
0.001606466295740832
0.0016269698526481676
0.001648450949317293
0.00167096643284337
0.0016945779808001163
0.001719352612211483
0.001745363265191111
0.0017726894515826814
0.001801418000804343
0.001831643907359277
0.0018634712992139817
0.0018970145475821132
0.0019323995427325167
0.001969765165454288
0.0020092649900022505
0.002051069262027272
0.002095367204575986
0.002142369717259064
0.0021923125488414095
0.002245460042737931
0.002302109579456864
0.0023625968716057635
0.002427302307955203
0.0024966585963817523
0.002571160025626612
0.0026513737587700254
0.00273795369568085
0.0028316576096385484
0.0029333684924074638
0.0030441213579092304
0.0031651371951982614
0.0032978663835352734
0.0034440447724669596
0.0036057669216907114
0.0037855828994680955
0.003986627891500389
0.004212798225438922
0.004468994189845772
0.004761460794185499
0.005098275139325926
0.005490058327478289
0.00595104010389153
0.006500693522169056
0.007166320474275952
0.007987281041580023
0.009022181774983297
0.010361640397568591
0.012152125641537951
0.014643156509240573
0.018287303483998762
0.023969480727561988
0.03358350173708828
0.05164666547302631

0.0612678472723799
0.07599726932769717
0.0826301502605795
0.07875067502005362
0.06578777759488467
0.04817384754969341
0.030920936595236176
0.017396790535647216
0.008579477043551007
0.0037087510862204333
0.001405302259157247
0.00046675286268963714
0.00013588747347120369
3.467744132681228e-05
7.756929693063306e-06
1.5209251889308193e-06
2.61397264190857e-07
3.937942868723659e-08
5.20011528954977e-09
6.019102254953225e-10
6.10696819668221e-11
5.43118733820411e-12
4.2338853738552105e-13
2.8930677003696306e-14
1.7328193350584877e-15
9.097522989450364e-17
4.18666513809618e-18
1.6888398902584485e-19
5.971506627283564e-21
1.8507789302759373e-22
5.028058972654647e-24
1.1973506841412025e-25
2.4992952195747302e-27
4.572870874426112e-29
7.333908814317863e-31
1.0309966673085898e-32
1.2704401338461107e-34
1.3722281879290672e-36
1.2991929508135089e-38
1.0781921428834724e-40
7.843210260910669e-43
5.001113842800767e-45
2.795212383008286e-47
1.3694244273043538e-49
5.8808014535403716e-52
2.2136560960344997e-54
7.30396989004194e-57
2.112433200744611e-59
5.355280001659952e-62
1.190026326248341e-64
2.3179610994808426e-67
3.9575909596749577e-70
5.922851653513759e-73
7.76973117817938e-76
8.934213341132814e-79
9.00496092181836e-82
7.955775766606097e-85
6.16110235042894e-88
4.1822452913714085e-91
2.4884892338145646e-94
1.2978880068168369e-97
5.933539808542498e-101
2.3777472574213885e-104
8.352042705965016e-108
2.5715496338442236e-111
6.94020507954119e-115
1.641817515031308e-118
3.4044946258416803e-122
6.188075579059005e-126
9.859020138288935e-130
1.3768514489583969e-133
1.6854489625655793e-137
1.808503335726131e-141
1.7009760945294658e-145
1.4023366806828068e-149
1.0134015535107577e-153
6.4192756539418395e-158
3.5642296030797045e-162
1.7346845419482317e-166
7.400320548597952e-171
2.7672968141834826e-175
9.070602645917038e-180
2.6061039195673395e-184
6.563303757949252e-189
1.4488668214029745e-193
2.80355847083536e-198
4.755169004141941e-203
7.069642999624092e-208
9.213066332774546e-213
1.0524127488881882e-217
1.0537635953693522e-222
9.248588763556585e-228
7.115131569010433e-233
4.798059058089664e-238
2.836112351443328e-243
1.469455575784321e-248
6.6736692481008005e-254
2.65673406628405e-259
9.270575137167489e-265
2.835570566392585e-270
