1.010641923174501
0.1062139739653514
0.050498775655530875
0.03258876372636207
0.021667262718176115
0.014577503958642416
0.009914424893697262
0.006816009727804875
0.004736602222241503
0.003327160372811487
0.002362356686208227
0.0016954118332698919
0.001229854834390304
0.0009017155923116084
0.0006682011783689446
0.0005004349744948758
0.00037876243268652207
0.00028969132371129287
0.00022388118964662611
0.00017481162387215736
0.00013789318491771527
0.00010986916672878258
8.840995449380398e-05
7.18358621624806e-05
5.892632581785085e-05
4.878756731914768e-05
4.076013565290498e-05
3.435384101068969e-05
2.9201638805682377e-05
2.5026714622597955e-05
2.161882854698932e-05
1.881719824942271e-05
1.649803042283553e-05
1.4565378420832376e-05
1.2944395400993187e-05
1.1576323662908011e-05
1.0414750195982037e-05
9.422791346745076e-06
8.57096336709312e-06
7.835562281036219e-06
7.197424156213484e-06
6.640971114930124e-06
6.153473176590208e-06
5.7244740197610835e-06
5.345341905967076e-06
5.008916673687132e-06
4.7092308522792755e-06
4.4412882488113575e-06
4.200887319249955e-06
3.984479604988033e-06
3.7890557543160577e-06
3.6120533442137147e-06
3.4512820084818756e-06
3.3048623650957436e-06
3.1711759936753795e-06
3.0488242988028163e-06
2.9365945481034093e-06
2.833431726688332e-06
2.738415125166443e-06
2.6507387947018216e-06
2.569695172977238e-06
2.4946613196864423e-06
2.4250873071768182e-06
2.3604863971384422e-06
2.3004267024484833e-06
2.244524088036238e-06
2.192436108756036e-06
2.143856817912551e-06
2.098512309015025e-06
2.056156876877806e-06
2.0165697034058743e-06
1.979551989146858e-06
1.9449244646249142e-06
1.9125252261303352e-06
1.8822078494481778e-06
1.853839742311632e-06
1.827300702436396e-06
1.8024816530529797e-06
1.7792835320842675e-06
1.7576163146617506e-06
1.7373981516542021e-06
1.7185546093942408e-06
1.7010179979104751e-06
1.6847267767709246e-06
1.6696250291707704e-06
1.6556619961984866e-06
1.6427916643256196e-06
1.6309724001174112e-06
1.6201666269793285e-06
1.6103405394595576e-06
1.6014638512373048e-06
1.5935095734561941e-06
1.5864538205237016e-06
1.580275640902019e-06
1.5749568707720186e-06
1.5704820087678e-06
1.5668381102613024e-06
1.5640146999303378e-06
1.5620037015742716e-06
1.5607993843537587e-06
1.5603983248285335e-06
1.5607993843537587e-06
1.5620037015742716e-06
1.5640146999303378e-06
1.5668381102613024e-06
1.5704820087678e-06
1.5749568707720186e-06
1.580275640902019e-06
1.5864538205237016e-06
1.5935095734561941e-06
1.6014638512373048e-06
1.6103405394595576e-06
1.6201666269793285e-06
1.6309724001174112e-06
1.6427916643256196e-06
1.6556619961984866e-06
1.6696250291707704e-06
1.6847267767709246e-06
1.7010179979104751e-06
1.7185546093942408e-06
1.7373981516542021e-06
1.7576163146617506e-06
1.7792835320842675e-06
1.8024816530529797e-06
1.827300702436396e-06
1.853839742311632e-06
1.8822078494481778e-06
1.9125252261303352e-06
1.9449244646249142e-06
1.979551989146858e-06
2.0165697034058743e-06
2.056156876877806e-06
2.098512309015025e-06
2.143856817912551e-06
2.192436108756036e-06
2.244524088036238e-06
2.3004267024484833e-06
2.3604863971384422e-06
2.4250873071768182e-06
2.4946613196864423e-06
2.569695172977238e-06
2.6507387947018216e-06
2.738415125166443e-06
2.833431726688332e-06
2.9365945481034093e-06
3.0488242988028163e-06
3.1711759936753795e-06
3.3048623650957436e-06
3.4512820084818756e-06
3.6120533442137147e-06
3.7890557543160577e-06
3.984479604988033e-06
4.200887319249955e-06
4.4412882488113575e-06
4.7092308522792755e-06
5.008916673687132e-06
5.345341905967076e-06
5.7244740197610835e-06
6.153473176590208e-06
6.640971114930124e-06
7.197424156213484e-06
7.835562281036219e-06
8.57096336709312e-06
9.422791346745076e-06
1.0414750195982037e-05
1.1576323662908011e-05
1.2944395400993187e-05
1.4565378420832376e-05
1.649803042283553e-05
1.881719824942271e-05
2.161882854698932e-05
2.5026714622597955e-05
2.9201638805682377e-05
3.435384101068969e-05
4.076013565290498e-05
4.878756731914768e-05
5.892632581785085e-05
7.18358621624806e-05
8.840995449380398e-05
0.00010986916672878258
0.00013789318491771527
0.00017481162387215736
0.00022388118964662611
0.00028969132371129287
0.00037876243268652207
0.0005004349744948758
0.0006682011783689446
0.0009017155923116084
0.001229854834390304
0.0016954118332698919
0.002362356686208227
0.003327160372811487
0.004736602222241503
0.006816009727804875
0.009914424893697262
0.014577503958642416
0.021667262718176115
0.03258876372636207
0.050498775655530875
0.1062139739653514

4.701456137837944e-05
0.029441705274731444
0.4188773634923873
0.13539548429987433
0.0009942940189902267
1.658894748127795e-07
6.288081690905688e-13
3.3841282566047446e-15
2.0138016953719398e-12
6.039580938605726e-10
9.128726080659387e-08
6.95387391421643e-06
0.0002669664671648826
0.005165351532798077
0.05036818694262151
0.24753572472370683
0.7790529767683412
2.8145713023685945
0.49413832801822005
0.1526291905502163
0.024387850304164824
0.0019639155989797474
7.970496676072969e-05
1.630276305844749e-06
1.6805456519170694e-08
8.730772638798555e-11
2.2859583285048384e-13
3.0164574669743905e-16
2.0060389863455935e-19
6.72349054374878e-23
1.1356996554435598e-26
9.668196218368288e-31
4.148018494982624e-35
8.9691064528219e-40
9.773968597915792e-45
5.367919155398024e-50
1.4857791506394508e-55
2.0726015537497437e-61
1.457104318376549e-67
5.162721970470228e-74
9.218921055045051e-81
8.296496240640457e-88
3.7628994350253884e-95
8.601293536944118e-103
9.908734520324294e-111
5.752887517658601e-119
1.683320602332221e-127
2.482338832958269e-136
1.84488181509979e-145
6.91017912261243e-155
1.3044376532396182e-164
1.2409966640275528e-174
5.950194579125687e-185
1.4378215487882863e-195
1.7510239029713614e-206
1.0747128147164767e-217
3.3243446781162135e-229
5.182423878700559e-241
4.0716747928830593e-253
1.61222815538722e-265
3.217312049063691e-278
3.2357364105602036e-291
1.6400849849841702e-304
4.1896e-318
0.0
0.0
0.0
0.0
0.0
0.0
0.0
0.0
0.0
0.0
0.0
0.0
0.0
0.0
0.0
0.0
0.0
0.0
0.0
0.0
0.0
0.0
0.0
0.0
0.0
0.0
0.0
0.0
0.0
0.0
0.0
0.0
0.0
0.0
0.0
0.0
