0.4619865809175498
0.05428651586453327
0.008698534361837732
0.0018935674874008064
0.0005534156451717656
0.0002114683878137647
0.0001012856443038359
5.7859861707126975e-05
3.7638712924339824e-05
2.687686200041835e-05
2.0515830273504784e-05
1.6435782269035757e-05
1.3646378794548768e-05
1.164115838500197e-05
1.0140881227796214e-05
8.981619383967334e-06
8.06194280883204e-06
7.316244516928851e-06
6.70045768651652e-06
6.184012030689113e-06
5.745100855164377e-06
5.36778742984816e-06
5.040175370348251e-06
4.753216916362981e-06
4.499915972448678e-06
4.274782464080242e-06
4.073450800670064e-06
3.892407976822119e-06
3.728796451376322e-06
3.5802689937995355e-06
3.4448802682401968e-06
3.321004797868324e-06
3.2072741456738366e-06
3.102528279183304e-06
3.005777532748281e-06
2.9161725775656893e-06
2.832980506082247e-06
2.7555656307147844e-06
2.6833739505042317e-06
2.6159204958474024e-06
2.552778949517736e-06
2.493573081458633e-06
2.4379696389504137e-06
2.385672412282916e-06
2.3364172557962023e-06
2.2899678899430314e-06
2.246112345394752e-06
2.2046599377234314e-06
2.1654386827364375e-06
2.1282930795174994e-06
2.093082201689051e-06
2.0596780481444995e-06
2.027964113105306e-06
1.9978341422943085e-06
1.9691910476353572e-06
1.9419459574621506e-06
1.916017382957917e-06
1.8913304846175785e-06
1.8678164250556284e-06
1.845411796578793e-06
1.8240581136844306e-06
1.8037013620986154e-06
1.7842915971842385e-06
1.7657825855711979e-06
1.7481314847218988e-06
1.7312985558732882e-06
1.715246906414121e-06
1.6999422582812835e-06
1.6853527394069946e-06
1.6714486956319056e-06
1.658202520827763e-06
1.6455885032559461e-06
1.6335826864318437e-06
1.6221627429756046e-06
1.611307860112267e-06
1.6009986356426564e-06
1.5912169833443693e-06
1.5819460468824438e-06
1.5731701214145034e-06
1.5648745821673258e-06
1.5570458193427605e-06
1.5496711787821433e-06
1.542738907881257e-06
1.5362381063034387e-06
1.5301586810877303e-06
1.5244913057927285e-06
1.519227383355788e-06
1.514359012382062e-06
1.5098789566090606e-06
1.5057806173204295e-06
1.5020580085079412e-06
1.498705734603523e-06
1.495718970623952e-06
1.4930934445897739e-06
1.4908254220974015e-06
1.4889116929393563e-06
1.4873495596825006e-06
1.4861368281279691e-06
1.4852717995895852e-06
1.484753264939915e-06
1.4845805003849593e-06
1.484753264939915e-06
1.4852717995895852e-06
1.4861368281279691e-06
1.4873495596825006e-06
1.4889116929393563e-06
1.4908254220974015e-06
1.4930934445897739e-06
1.495718970623952e-06
1.498705734603523e-06
1.5020580085079412e-06
1.5057806173204295e-06
1.5098789566090606e-06
1.514359012382062e-06
1.519227383355788e-06
1.5244913057927285e-06
1.5301586810877303e-06
1.5362381063034387e-06
1.542738907881257e-06
1.5496711787821433e-06
1.5570458193427605e-06
1.5648745821673258e-06
1.5731701214145034e-06
1.5819460468824438e-06
1.5912169833443693e-06
1.6009986356426564e-06
1.611307860112267e-06
1.6221627429756046e-06
1.6335826864318437e-06
1.6455885032559461e-06
1.658202520827763e-06
1.6714486956319056e-06
1.6853527394069946e-06
1.6999422582812835e-06
1.715246906414121e-06
1.7312985558732882e-06
1.7481314847218988e-06
1.7657825855711979e-06
1.7842915971842385e-06
1.8037013620986154e-06
1.8240581136844306e-06
1.845411796578793e-06
1.8678164250556284e-06
1.8913304846175785e-06
1.916017382957917e-06
1.9419459574621506e-06
1.9691910476353572e-06
1.9978341422943085e-06
2.027964113105306e-06
2.0596780481444995e-06
2.093082201689051e-06
2.1282930795174994e-06
2.1654386827364375e-06
2.2046599377234314e-06
2.246112345394752e-06
2.2899678899430314e-06
2.3364172557962023e-06
2.385672412282916e-06
2.4379696389504137e-06
2.493573081458633e-06
2.552778949517736e-06
2.6159204958474024e-06
2.6833739505042317e-06
2.7555656307147844e-06
2.832980506082247e-06
2.9161725775656893e-06
3.005777532748281e-06
3.102528279183304e-06
3.2072741456738366e-06
3.321004797868324e-06
3.4448802682401968e-06
3.5802689937995355e-06
3.728796451376322e-06
3.892407976822119e-06
4.073450800670064e-06
4.274782464080242e-06
4.499915972448678e-06
4.753216916362981e-06
5.040175370348251e-06
5.36778742984816e-06
5.745100855164377e-06
6.184012030689113e-06
6.70045768651652e-06
7.316244516928851e-06
8.06194280883204e-06
8.981619383967334e-06
1.0140881227796214e-05
1.164115838500197e-05
1.3646378794548768e-05
1.6435782269035757e-05
2.0515830273504784e-05
2.687686200041835e-05
3.7638712924339824e-05
5.7859861707126975e-05
0.0001012856443038359
0.0002114683878137647
0.0005534156451717656
0.0018935674874008064
0.008698534361837732
0.05428651586453327

6.877490838932244e-05
0.00028618340520013643
0.001044443869152874
0.003343120223286005
0.009385234236221424
0.02310811229725042
0.04990109255022994
0.09451089392699806
0.15699286652349462
0.22872003002155541
0.292250128734195
0.32751519563267095
0.3219099716712609
0.27750041489960103
0.20980656595462252
0.13912358037611058
0.08091120104563669
0.041270789954593684
0.018463037305433878
0.007244188532249462
0.0024928868884106534
0.0007523876080864788
0.0001991622052619725
4.6237937173659645e-05
9.414910727085651e-06
1.6813579971694236e-06
2.63348235696475e-07
3.6176526375135693e-08
4.358625414145331e-09
4.6057298547996127e-10
4.2684835033368525e-11
3.469564656719251e-12
2.473446919053176e-13
1.5465231877628778e-14
8.480793896736724e-16
4.078897704186289e-17
1.7205819005464485e-18
6.365523388960947e-20
2.0654710778720053e-21
5.878010393251909e-23
1.4671273489659614e-24
3.211674384655492e-26
6.166254347209586e-28
1.0383352383867681e-29
1.5334865925135848e-31
1.986317208371496e-33
2.2565421945150607e-35
2.248353237408719e-37
1.964770645737856e-39
1.5058628169995188e-41
1.01224395107975e-43
5.967757982706537e-46
3.085769245253573e-48
1.3994001685186982e-50
5.566043923790662e-53
1.9416796020306215e-55
5.94066057104091e-58
1.59410946887248e-60
3.751697169727134e-63
7.743969638028863e-66
1.4019280949105921e-68
2.2259431507257747e-71
3.099763995818626e-74
3.785902475131845e-77
4.0554256793700304e-80
3.810041472670794e-83
3.139418339535446e-86
2.2687931935149896e-89
1.4380264094191884e-92
7.994016586567144e-96
3.897529938104186e-99
1.6666334971499014e-102
6.250532023515296e-106
2.0559857227544527e-109
5.931293790319039e-113
1.5007384496666864e-116
3.330326511255439e-120
6.4817884324070855e-124
1.1064431895702376e-127
1.656493057988714e-131
2.175085594769977e-135
2.504893788526362e-139
2.5300465466913332e-143
2.241268762966826e-147
1.741348103022511e-151
1.1865976603321677e-155
7.091655169407293e-160
3.717217421719602e-164
1.708891736095625e-168
6.890287874785924e-173
2.4366122099545875e-177
7.557213591811912e-182
2.0557164423937953e-186
4.9044572555385986e-191
1.0262305280974267e-195
1.8833244192830215e-200
3.031318548554126e-205
4.279216387988485e-210
5.298136594958637e-215
5.753184285501195e-220
