0.48592399748093085
0.2822598783098027
0.16752847856848962
0.10159593142701137
0.0629500538409996
0.0398496129339435
0.025770666499583008
0.017023614025435986
0.011485108257003445
0.007911985083206693
0.005563977286193107
0.003992874979039945
0.002922823221261547
0.002181296479104135
0.0016586824010516343
0.0012842592602956484
0.001011705732182533
0.0008102335355168056
0.0006590838620310989
0.0005440640751025886
0.0004553387234141028
0.0003860019237293715
0.0003311428092866292
0.00028722605662730345
0.0002516762402234563
0.00022259563237790988
0.00019857039281127354
0.00017853597190080784
0.00016168262156368956
0.00014738836490899043
0.00013517096125887853
0.00012465314488057958
0.00011553723030412282
0.00010758639004841193
0.00010061072930690943
9.445684002667496e-05
8.899990046448333e-05
8.413765250131715e-05
7.978577530723972e-05
7.587430544892571e-05
7.234484710776693e-05
6.914838319472811e-05
6.624354666098179e-05
6.35952466306224e-05
6.117356989381238e-05
5.8952897438429615e-05
5.6911189931974e-05
5.502940672055771e-05
5.329103093898102e-05
5.168167941076452e-05
5.018878065721585e-05
4.880130789370938e-05
4.750955663659964e-05
4.630495867322523e-05
4.51799258073241e-05
4.4127718092885996e-05
4.314233229377877e-05
4.2218407117008475e-05
4.135114241181317e-05
4.05362300413296e-05
3.976979454625344e-05
3.9048342052304344e-05
3.836871614212656e-05
3.7728059630528565e-05
3.712378135988103e-05
3.6553527278054634e-05
3.601515518080691e-05
3.550671259902113e-05
3.5026417392640944e-05
3.457264068070959e-05
3.4143891793155627e-05
3.373880497691871e-05
3.3356127628329025e-05
3.299470985668251e-05
3.2653495211778005e-05
3.2331512431689034e-05
3.2027868086956366e-05
3.174174001430442e-05
3.1472371447392436e-05
3.1219065764416814e-05
3.098118178291602e-05
3.0758129541173686e-05
3.054936651339948e-05
3.0354394212583314e-05
3.017275514072914e-05
3.00040300512155e-05
2.9847835492413722e-05
2.9703821605520028e-05
2.9571670152904278e-05
2.9451092756216092e-05
2.9341829326077066e-05
2.9243646667476858e-05
2.9156337247022975e-05
2.9079718110008402e-05
2.9013629936887905e-05
2.8957936230222418e-05
2.8912522624485816e-05
2.8877296312350153e-05
2.8852185582194815e-05
2.8837139462638722e-05
2.8832127470887854e-05
2.8837139462638722e-05
2.8852185582194815e-05
2.8877296312350153e-05
2.8912522624485816e-05
2.8957936230222418e-05
2.9013629936887905e-05
2.9079718110008402e-05
2.9156337247022975e-05
2.9243646667476858e-05
2.9341829326077066e-05
2.9451092756216092e-05
2.9571670152904278e-05
2.9703821605520028e-05
2.9847835492413722e-05
3.00040300512155e-05
3.017275514072914e-05
3.0354394212583314e-05
3.054936651339948e-05
3.0758129541173686e-05
3.098118178291602e-05
3.1219065764416814e-05
3.1472371447392436e-05
3.174174001430442e-05
3.2027868086956366e-05
3.2331512431689034e-05
3.2653495211778005e-05
3.299470985668251e-05
3.3356127628329025e-05
3.373880497691871e-05
3.4143891793155627e-05
3.457264068070959e-05
3.5026417392640944e-05
3.550671259902113e-05
3.601515518080691e-05
3.6553527278054634e-05
3.712378135988103e-05
3.7728059630528565e-05
3.836871614212656e-05
3.9048342052304344e-05
3.976979454625344e-05
4.05362300413296e-05
4.135114241181317e-05
4.2218407117008475e-05
4.314233229377877e-05
4.4127718092885996e-05
4.51799258073241e-05
4.630495867322523e-05
4.750955663659964e-05
4.880130789370938e-05
5.018878065721585e-05
5.168167941076452e-05
5.329103093898102e-05
5.502940672055771e-05
5.6911189931974e-05
5.8952897438429615e-05
6.117356989381238e-05
6.35952466306224e-05
6.624354666098179e-05
6.914838319472811e-05
7.234484710776693e-05
7.587430544892571e-05
7.978577530723972e-05
8.413765250131715e-05
8.899990046448333e-05
9.445684002667496e-05
0.00010061072930690943
0.00010758639004841193
0.00011553723030412282
0.00012465314488057958
0.00013517096125887853
0.00014738836490899043
0.00016168262156368956
0.00017853597190080784
0.00019857039281127354
0.00022259563237790988
0.0002516762402234563
0.00028722605662730345
0.0003311428092866292
0.0003860019237293715
0.0004553387234141028
0.0005440640751025886
0.0006590838620310989
0.0008102335355168056
0.001011705732182533
0.0012842592602956484
0.0016586824010516343
0.002181296479104135
0.002922823221261547
0.003992874979039945
0.005563977286193107
0.007911985083206693
0.011485108257003445
0.017023614025435986
0.025770666499583008
0.0398496129339435
0.0629500538409996
0.10159593142701137
0.16752847856848962
0.2822598783098027

0.0010805180326484596
0.07490144598833505
0.7839952469966657
1.239086720748555
0.29570251663033287
0.010655488967793688
5.7977140539444385e-05
4.763270499399951e-08
5.9090646767990404e-12
1.1068717081137293e-16
3.1306958346045435e-22
1.3370557283707487e-28
8.622301156476567e-36
8.395796653277699e-44
1.234427761638914e-52
2.740529580773777e-62
9.186886547146464e-73
4.650153158937705e-84
3.554112792370546e-96
4.1016651296563367e-109
7.147501248556644e-123
1.8806731501229864e-137
7.472010160452782e-153
4.4825653356512447e-169
4.060512464614434e-186
5.553926303911083e-204
1.1470554759310146e-222
3.5771222070216186e-242
1.6844114207906116e-262
1.1976436673476993e-283
1.2857961250069074e-305
0.0
0.0
0.0
0.0
0.0
0.0
0.0
0.0
0.0
0.0
0.0
0.0
0.0
0.0
0.0
0.0
0.0
0.0
0.0
0.0
0.0
0.0
0.0
0.0
0.0
0.0
0.0
0.0
0.0
0.0
0.0
0.0
0.0
0.0
0.0
0.0
0.0
0.0
0.0
0.0
0.0
0.0
0.0
0.0
0.0
0.0
0.0
0.0
0.0
0.0
0.0
0.0
0.0
0.0
0.0
0.0
0.0
0.0
0.0
0.0
0.0
0.0
0.0
0.0
0.0
0.0
0.0
0.0
0.0
