0.18020010292873195
0.08631406169766559
0.04499652688634406
0.02541841218940761
0.015468231542398325
0.010068498931880642
0.006955088080153675
0.005057845411862831
0.0038425651026051965
0.0030286581496210543
0.002461633175800365
0.0020526516895948803
0.0017485518448248406
0.001516341631406482
0.0013348559023034516
0.0011901010856376132
0.0010725684110164608
0.0009756340928126018
0.0008945788736526716
0.0008259709459973589
0.0007672679256479264
0.0007165542375794384
0.0006723641863414857
0.0006335604315398939
0.0005992490164605876
0.000568718966786487
0.0005413986937781224
0.000516824077744766
0.000494614793128812
0.0004744565309633337
0.000456087496835006
0.0004392880466584124
0.00042387265180338974
0.0004096836120527692
0.0003965860932995973
0.000384464178837549
0.0003732177030978993
0.0003627596944721343
0.00035301429602348585
0.00034391506395203673
0.00033540356676831274
0.00032742822544294225
0.0003199433478867705
0.00031290832108501305
0.000306286931859305
0.0003000467931434352
0.0002941588572576352
0.0002885970012668507
0.0002833376723443356
0.0002783595833085289
0.0002736434502907893
0.00026917176592469315
0.00026492860260106957
0.0002608994412658282
0.0002570710219956334
0.00025343121320510985
0.00024996889684634067
0.0002466738673787349
0.0002435367426321785
0.0002405488849723854
0.00023770233141545864
0.0002349897315375741
0.00023240429219242577
0.00022993972818929372
0.00022759021820288985
0.0002253503652862496
0.00022321516144290423
0.00022117995578689522
0.00021924042588092587
0.00021739255189577952
0.00021563259327947418
0.0002139570676636246
0.00021236273176812375
0.00021084656409433062
0.0002094057492221546
0.00020803766354830907
0.0002067398623220602
0.00020551006785142218
0.0002043461587672778
0.00020324616024564932
0.00020220823509952194
0.00020123067566147517
0.00020031189638705725
0.00019945042711652137
0.00019864490693934488
0.00019789407861199997
0.0001971967834848272
0.00019655195689867339
0.00019595862401625797
0.00019541589605710305
0.00019492296690834534
0.0001944791100869034
0.00019408367603133573
0.00019373608970433884
0.00019343584848922722
0.00019318252036594767
0.00019297574235422322
0.0001928152192133352
0.00019270072238984962
0.00019263208920629424
0.00019260922228542563
0.00019263208920629424
0.00019270072238984962
0.0001928152192133352
0.00019297574235422322
0.00019318252036594767
0.00019343584848922722
0.00019373608970433884
0.00019408367603133573
0.0001944791100869034
0.00019492296690834534
0.00019541589605710305
0.00019595862401625797
0.00019655195689867339
0.0001971967834848272
0.00019789407861199997
0.00019864490693934488
0.00019945042711652137
0.00020031189638705725
0.00020123067566147517
0.00020220823509952194
0.00020324616024564932
0.0002043461587672778
0.00020551006785142218
0.0002067398623220602
0.00020803766354830907
0.0002094057492221546
0.00021084656409433062
0.00021236273176812375
0.0002139570676636246
0.00021563259327947418
0.00021739255189577952
0.00021924042588092587
0.00022117995578689522
0.00022321516144290423
0.0002253503652862496
0.00022759021820288985
0.00022993972818929372
0.00023240429219242577
0.0002349897315375741
0.00023770233141545864
0.0002405488849723854
0.0002435367426321785
0.0002466738673787349
0.00024996889684634067
0.00025343121320510985
0.0002570710219956334
0.0002608994412658282
0.00026492860260106957
0.00026917176592469315
0.0002736434502907893
0.0002783595833085289
0.0002833376723443356
0.0002885970012668507
0.0002941588572576352
0.0003000467931434352
0.000306286931859305
0.00031290832108501305
0.0003199433478867705
0.00032742822544294225
0.00033540356676831274
0.00034391506395203673
0.00035301429602348585
0.0003627596944721343
0.0003732177030978993
0.000384464178837549
0.0003965860932995973
0.0004096836120527692
0.00042387265180338974
0.0004392880466584124
0.000456087496835006
0.0004744565309633337
0.000494614793128812
0.000516824077744766
0.0005413986937781224
0.000568718966786487
0.0005992490164605876
0.0006335604315398939
0.0006723641863414857
0.0007165542375794384
0.0007672679256479264
0.0008259709459973589
0.0008945788736526716
0.0009756340928126018
0.0010725684110164608
0.0011901010856376132
0.0013348559023034516
0.001516341631406482
0.0017485518448248406
0.0020526516895948803
0.002461633175800365
0.0030286581496210543
0.0038425651026051965
0.005057845411862831
0.006955088080153675
0.010068498931880642
0.015468231542398325
0.02541841218940761
0.04499652688634406
0.08631406169766559

0.008821847903806392
0.03938972991895489
0.11233062022884582
0.2045997163694327
0.23801460914090034
0.1768454613673962
0.08392202196812443
0.02543605036243166
0.004923966960010872
0.0006087967155625347
4.807520978962837e-05
2.424721102012453e-06
7.81077473441112e-08
1.6070084121494894e-09
2.1117081897054183e-11
1.7723168846785136e-13
9.500370937089044e-16
3.2526060581180026e-18
7.112365839354048e-21
9.933182732223808e-24
8.860423475721539e-27
5.047917517592731e-30
1.8367994367596806e-33
4.268771828473071e-37
6.336301918237461e-41
6.007039675453431e-45
3.637281006120202e-49
1.4066463568429171e-53
3.474439177422182e-58
5.481207178524794e-63
5.5228015607868596e-68
3.5541387374153525e-73
1.460834547937222e-78
3.834947318095609e-84
6.4299780461385e-90
6.885750695299754e-96
4.7096085999611645e-102
2.057358872000541e-108
5.740199788307343e-115
1.022905890647368e-121
1.1642227125093527e-128
8.463074660837462e-136
3.9292710961010196e-143
1.16516527112571e-150
2.206758389322494e-158
2.6694006243017355e-166
2.062359852574499e-174
1.0176697152445862e-182
3.2073102488503464e-191
6.456048885109325e-200
8.300119880660707e-209
6.815435884547827e-218
3.574329823381902e-227
1.197256847813292e-236
2.5613666545083373e-246
3.4998375755915387e-256
3.0543284997826436e-266
1.702453725759938e-276
6.06075327141811e-287
1.3780647047060755e-297
2.0012637615953133e-308
1.8562e-319
0.0
0.0
0.0
0.0
0.0
0.0
0.0
0.0
0.0
0.0
0.0
0.0
0.0
0.0
0.0
0.0
0.0
0.0
0.0
0.0
0.0
0.0
0.0
0.0
0.0
0.0
0.0
0.0
0.0
0.0
0.0
0.0
0.0
0.0
0.0
0.0
0.0
0.0
