0.6448357500838544
0.0713283526708714
0.014572589076855479
0.0037181691753898414
0.0011326189736640617
0.0004217108626334527
0.0001969058951237608
0.00011369025957875593
7.706974331930688e-05
5.801453017096849e-05
4.6613820826720296e-05
3.9048650619432525e-05
3.36502550763722e-05
2.9596630878252714e-05
2.6438429548727042e-05
2.3908407697274482e-05
2.1836846914094626e-05
2.011036335538733e-05
1.8650147722538262e-05
1.7399657395499793e-05
1.6317254933697223e-05
1.537160048922621e-05
1.4538658597234136e-05
1.3799692615341864e-05
1.3139885275365381e-05
1.2547368251961667e-05
1.201252588879451e-05
1.1527486843473533e-05
1.1085747102438159e-05
1.0681886460294915e-05
1.0311352553618318e-05
9.970294426058618e-06
9.655432887400164e-06
9.363958534110178e-06
9.09345079641226e-06
8.841813132375167e-06
8.607220739880036e-06
8.388078058936929e-06
8.182983994390086e-06
7.990703273747458e-06
7.810142715697751e-06
7.640331455996408e-06
7.4804043828960935e-06
7.3295881913329705e-06
7.1871895860148795e-06
7.0525852573722035e-06
6.925213327612674e-06
6.804566021737023e-06
6.690183363953929e-06
6.581647736206539e-06
6.478579164551878e-06
6.380631222489942e-06
6.287487459225987e-06
6.1988582761968605e-06
6.1144781877214834e-06
6.034103411909844e-06
5.9575097464257235e-06
5.884490690694499e-06
5.814855781954986e-06
5.748429117393259e-06
5.685048038643137e-06
5.624561958333782e-06
5.5668313112239966e-06
5.511726614877822e-06
5.4591276268824525e-06
5.408922587348348e-06
5.361007536913819e-06
5.315285701743113e-06
5.271666938092817e-06
5.230067229954291e-06
5.190408234083675e-06
5.15261686742499e-06
5.116624932532834e-06
5.082368777122587e-06
5.049788984329522e-06
5.018830090653557e-06
4.989440328911743e-06
4.96157139382303e-06
4.935178228115108e-06
4.910218827276525e-06
4.886654061282831e-06
4.86444751180715e-06
4.843565323586231e-06
4.823976068755677e-06
4.805650623094742e-06
4.7885620532341196e-06
4.772685513981061e-06
4.757998155006585e-06
4.74447903622081e-06
4.732109051235602e-06
4.72087085837997e-06
4.710748818793663e-06
4.701728941179118e-06
4.6937988328420234e-06
4.686947656696716e-06
4.681166093955226e-06
4.67644631225831e-06
4.672781939043843e-06
4.670168039982853e-06
4.668601102346604e-06
4.668079023199913e-06
4.668601102346604e-06
4.670168039982853e-06
4.672781939043843e-06
4.67644631225831e-06
4.681166093955226e-06
4.686947656696716e-06
4.6937988328420234e-06
4.701728941179118e-06
4.710748818793663e-06
4.72087085837997e-06
4.732109051235602e-06
4.74447903622081e-06
4.757998155006585e-06
4.772685513981061e-06
4.7885620532341196e-06
4.805650623094742e-06
4.823976068755677e-06
4.843565323586231e-06
4.86444751180715e-06
4.886654061282831e-06
4.910218827276525e-06
4.935178228115108e-06
4.96157139382303e-06
4.989440328911743e-06
5.018830090653557e-06
5.049788984329522e-06
5.082368777122587e-06
5.116624932532834e-06
5.15261686742499e-06
5.190408234083675e-06
5.230067229954291e-06
5.271666938092817e-06
5.315285701743113e-06
5.361007536913819e-06
5.408922587348348e-06
5.4591276268824525e-06
5.511726614877822e-06
5.5668313112239966e-06
5.624561958333782e-06
5.685048038643137e-06
5.748429117393259e-06
5.814855781954986e-06
5.884490690694499e-06
5.9575097464257235e-06
6.034103411909844e-06
6.1144781877214834e-06
6.1988582761968605e-06
6.287487459225987e-06
6.380631222489942e-06
6.478579164551878e-06
6.581647736206539e-06
6.690183363953929e-06
6.804566021737023e-06
6.925213327612674e-06
7.0525852573722035e-06
7.1871895860148795e-06
7.3295881913329705e-06
7.4804043828960935e-06
7.640331455996408e-06
7.810142715697751e-06
7.990703273747458e-06
8.182983994390086e-06
8.388078058936929e-06
8.607220739880036e-06
8.841813132375167e-06
9.09345079641226e-06
9.363958534110178e-06
9.655432887400164e-06
9.970294426058618e-06
1.0311352553618318e-05
1.0681886460294915e-05
1.1085747102438159e-05
1.1527486843473533e-05
1.201252588879451e-05
1.2547368251961667e-05
1.3139885275365381e-05
1.3799692615341864e-05
1.4538658597234136e-05
1.537160048922621e-05
1.6317254933697223e-05
1.7399657395499793e-05
1.8650147722538262e-05
2.011036335538733e-05
2.1836846914094626e-05
2.3908407697274482e-05
2.6438429548727042e-05
2.9596630878252714e-05
3.36502550763722e-05
3.9048650619432525e-05
4.6613820826720296e-05
5.801453017096849e-05
7.706974331930688e-05
0.00011369025957875593
0.0001969058951237608
0.0004217108626334527
0.0011326189736640617
0.0037181691753898414
0.014572589076855479
0.0713283526708714

0.00022063157014243868
0.0006393436235572926
0.0016909356143135859
0.004195353786788961
0.011826984714040582
0.046925073996352595
0.16457248128995716
0.32652734535410116
0.33732693274944664
0.22136466468731325
0.16198147047591696
0.16296560946626532
0.1680709904501675
0.15965301413068858
0.13826286055701031
0.10913434724699321
0.07865217196314649
0.052609777724745045
0.03649764314390959
0.037900967736385294
0.06639457320094867
0.12307725253226409
0.18505546921422159
0.21190428443974527
0.18242355537660992
0.11772453207913833
0.05690824639418983
0.02060209510370853
0.005585286094966091
0.0011338847739627185
0.00017237929001284597
1.9625125926959272e-05
1.673435960128857e-06
1.069214786822661e-07
5.127199373016284e-09
1.8578476999087824e-10
5.254141020316771e-12
1.351468389315925e-13
4.918694119347696e-15
3.0888875591359633e-16
2.2749464698906544e-17
1.5946567231143643e-18
1.0238368273879146e-19
5.993113775697711e-21
3.1969954853910587e-22
1.5541202207641874e-23
6.8846104366193145e-25
2.779241304088292e-26
1.0224104105068397e-27
3.427491553831412e-29
1.0470794744962733e-30
2.9149762608955815e-32
7.395073945923081e-34
1.709630049160883e-35
3.601752671073877e-37
6.914770238253483e-39
1.2097447444824557e-40
1.928687460374807e-42
2.8020900790059784e-44
3.7098337758154666e-46
4.4758851294186265e-48
4.9210246012232175e-50
4.930423934902859e-52
4.5015814517951304e-54
3.745398956681046e-56
2.8397700888106415e-58
1.96209666037096e-60
1.2354060945764756e-62
7.0884487418061926e-65
3.7063360152498366e-67
1.7659991862485752e-69
7.668109947606079e-72
3.034158655945813e-74
1.0940580451575882e-76
3.5949641569397754e-79
1.0764674148970072e-81
2.9373745945198616e-84
7.304153699306597e-87
1.655131847152075e-89
3.4178060159981165e-92
6.43153070507574e-95
1.1028930695036905e-97
1.723473423195525e-100
2.45430140884236e-103
3.184955181942888e-106
3.766438469367946e-109
4.0589205580224435e-112
3.9860463873931146e-115
3.567190218297416e-118
2.9091245225447465e-121
2.1619740499976367e-124
1.46416750888598e-127
9.036144692250259e-131
5.081918671451867e-134
2.604500033690327e-137
1.2163908568375592e-140
5.176950942069481e-144
2.007830628128581e-147
7.096304177676728e-151
2.2855435123790375e-154
