0.6270568044719825
0.08447287684532366
0.03493075450178365
0.02339737558386882
0.01759337588698501
0.013836803284752345
0.01122147957402388
0.00933015323839054
0.007921582141921985
0.006845656315188518
0.006005334326550926
0.005336013464068793
0.004793564769040205
0.004347133492630235
0.0039746823464014034
0.003660162713448009
0.003391677514536365
0.0031602625138785643
0.0029590618068549373
0.0027827597021667008
0.0026271825622189225
0.002489015314219424
0.002365596617813701
0.0022547688252773116
0.0021547666656929524
0.002064133669348185
0.0019816587173734413
0.0019063273665142013
0.0018372841428470309
0.0017738030645316112
0.0017152643992354275
0.0016611361892586698
0.0016109594545892756
0.0015643362567283913
0.0015209200051010986
0.0014804075344614258
0.0014425325906668065
0.0014070604438794195
0.0013737834099743192
0.001342517107931124
0.0013130973170309515
0.0012853773255172595
0.0012592256840194655
0.0012345242939672235
0.0012111667745465522
0.0011890570622949102
0.0011681082058257726
0.001148241324888829
0.0011293847083720947
0.0011114730302157019
0.0010944466657492875
0.001078251093853114
0.0010628363727081841
0.0010481566788453057
0.0010341699008084263
0.0010208372800778337
0.001008123093005173
0.0009959943684356442
0.0009844206364660482
0.0009733737044371239
0.0009628274568062827
0.0009527576760099039
0.000943141881817011
0.000933959187010077
0.0009251901675134638
0.0009168167453335145
0.0009088220828830527
0.0009011904874424795
0.0008939073246642367
0.0008869589401609279
0.0008803325883329578
0.0008740163676918455
0.000867999162022562
0.0008622705868042386
0.000856820940374967
0.0008516411593844858
0.0008467227781294952
0.0008420578914110914
0.0008376391205932397
0.0008334595825759709
0.0008295128614277429
0.000825792982448643
0.0008222943884602986
0.0008190119181398789
0.000815940786234758
0.0008130765655115639
0.0008104151703086966
0.0008079528415752032
0.0008056861332913343
0.0008036119001773251
0.0008017272866071388
0.0008000297166531541
0.0007985168851962433
0.0007971867500434367
0.0007960375250025102
0.0007950676738694557
0.0007942759052909536
0.0007936611684697515
0.0007932226496863071
0.0007929597696152495
0.0007928721814201925
0.0007929597696152495
0.0007932226496863071
0.0007936611684697515
0.0007942759052909536
0.0007950676738694557
0.0007960375250025102
0.0007971867500434367
0.0007985168851962433
0.0008000297166531541
0.0008017272866071388
0.0008036119001773251
0.0008056861332913343
0.0008079528415752032
0.0008104151703086966
0.0008130765655115639
0.000815940786234758
0.0008190119181398789
0.0008222943884602986
0.000825792982448643
0.0008295128614277429
0.0008334595825759709
0.0008376391205932397
0.0008420578914110914
0.0008467227781294952
0.0008516411593844858
0.000856820940374967
0.0008622705868042386
0.000867999162022562
0.0008740163676918455
0.0008803325883329578
0.0008869589401609279
0.0008939073246642367
0.0009011904874424795
0.0009088220828830527
0.0009168167453335145
0.0009251901675134638
0.000933959187010077
0.000943141881817011
0.0009527576760099039
0.0009628274568062827
0.0009733737044371239
0.0009844206364660482
0.0009959943684356442
0.001008123093005173
0.0010208372800778337
0.0010341699008084263
0.0010481566788453057
0.0010628363727081841
0.001078251093853114
0.0010944466657492875
0.0011114730302157019
0.0011293847083720947
0.001148241324888829
0.0011681082058257726
0.0011890570622949102
0.0012111667745465522
0.0012345242939672235
0.0012592256840194655
0.0012853773255172595
0.0013130973170309515
0.001342517107931124
0.0013737834099743192
0.0014070604438794195
0.0014425325906668065
0.0014804075344614258
0.0015209200051010986
0.0015643362567283913
0.0016109594545892756
0.0016611361892586698
0.0017152643992354275
0.0017738030645316112
0.0018372841428470309
0.0019063273665142013
0.0019816587173734413
0.002064133669348185
0.0021547666656929524
0.0022547688252773116
0.002365596617813701
0.002489015314219424
0.0026271825622189225
0.0027827597021667008
0.0029590618068549373
0.0031602625138785643
0.003391677514536365
0.003660162713448009
0.0039746823464014034
0.004347133492630235
0.004793564769040205
0.005336013464068793
0.006005334326550926
0.006845656315188518
0.007921582141921985
0.00933015323839054
0.01122147957402388
0.013836803284752345
0.01759337588698501
0.02339737558386882
0.03493075450178365
0.08447287684532366

0.03763902780579299
0.0823418409988468
0.10572915754315247
0.07968247969110326
0.035249327634296
0.009169709320292152
0.0015658133250992055
0.0015856074891262145
0.009453649164395705
0.0435042007844616
0.14024379637167336
0.3150339391662225
0.492977360962331
0.5393253062311896
0.4181752373884379
0.24164466924220585
0.12370502898349235
0.07959088962041294
0.07135277862403902
0.06944499472564107
0.06359073756892464
0.0531157550282195
0.04030011344167506
0.027762811791554903
0.017365278109125325
0.009861896100050541
0.00508509952721564
0.002380668066000768
0.001011948915813069
0.0003905518385158238
0.00013685451750069017
4.3541154796253034e-05
1.2577696259054284e-05
3.298850363065617e-06
7.85569265702907e-07
1.698504515379596e-07
3.3343353877650786e-08
5.943088694463584e-09
9.617794553666721e-10
1.4131853743715357e-10
1.8853115426295477e-11
2.2836391138551784e-12
2.5114941651589317e-13
2.507825004374863e-14
2.273644899466163e-15
1.8715800186992512e-16
1.3987964356052227e-17
9.492071220057073e-19
5.848275368510377e-20
3.2715607768111787e-21
1.661661380042584e-22
7.6628515783692e-24
3.208474969098878e-25
1.2197399580235617e-26
4.210136738204955e-28
1.3194274200643898e-29
3.7543535100894007e-31
9.699406829484208e-33
2.2751788507242114e-34
4.8455855159037044e-36
9.3699513737467e-38
1.6450866035354986e-39
2.6224097359516685e-41
3.795532246561423e-43
4.987755733720831e-45
5.951110601180355e-47
6.4469042628241065e-49
6.341102514061347e-51
5.662897251438147e-53
4.591694056077733e-55
3.3803958438453725e-57
2.259552980757087e-59
1.3713169775334563e-61
7.556375493033047e-64
3.780502790686357e-66
1.717299127379907e-68
7.082762669246706e-71
2.6522825262728412e-73
9.017730098189408e-76
2.7837808015056686e-78
7.802489487268787e-81
1.9855997209105524e-83
4.587864345458172e-86
9.624757305279006e-89
1.8332823638305677e-91
3.1705111724201864e-94
4.978397494365836e-97
7.097578506809107e-100
9.187369741022675e-103
1.07977318615688e-105
1.1522168881306885e-108
1.116339491227798e-111
9.820162957520992e-115
7.8433474635801714e-118
5.6878033046900914e-121
3.744967367243574e-124
2.238782277444343e-127
1.2151671959275707e-130
5.988534664748411e-134
2.6795721340892714e-137
