1.4182468087454245
0.6564559869840734
0.3408833741093063
0.1955303790778883
0.12246613851050134
0.08282069113940385
0.059770168632456065
0.04550108967741934
0.03615735566896694
0.029728758395054514
0.02511288525367171
0.021675871278519672
0.019036836494957785
0.016957412671695822
0.015282775335117122
0.013908932467820063
0.012763905377907692
0.011796524137382289
0.010969539240149047
0.01025525893114431
0.009632709393974138
0.00908573924935038
0.0086017250733033
0.008170668774419028
0.00778455619344981
0.007436893425399349
0.007122366335554797
0.00683658694617817
0.006575902049753409
0.006337247043114252
0.00611803306286403
0.005916058945969638
0.005729441907097959
0.005556562475795674
0.0053960204040816905
0.005246599090615222
0.005107236672623339
0.004977002379601864
0.0048550770702131315
0.004740737118180145
0.004633340997005885
0.004532318053095167
0.004437159063819326
0.004347408259544306
0.004262656552693896
0.00418253576699242
0.004106713699424291
0.0040348898786263885
0.0039667919082476
0.0039021723036734737
0.0038408057464950785
0.0037824866940223954
0.0037270272916397305
0.003674255544367233
0.00362401371101417
0.0035761568900889626
0.0035305517714068597
0.0034870755312981106
0.0034456148526183445
0.003406065053519461
0.0033683293112506786
0.003332317969203808
0.0032979479170577846
0.0032651420352666698
0.003233828696314789
0.00320394131616701
0.003175417950199696
0.0031482009286321467
0.003122236527108564
0.0030974746686230083
0.00307386865344774
0.0030513749141300333
0.003029952792973297
0.0030095643397231157
0.0029901741274441554
0.0029717490848054783
0.0029542583431942902
0.002937673097255649
0.00292196647761154
0.002907113434649914
0.0028930906323952447
0.0028798763515791807
0.002867450401124515
0.0028557940373398196
0.002844889890196914
0.002834721896130028
0.002825275236855203
0.0028165362837619208
0.0028084925474770317
0.0028011326322443628
0.002794446194802629
0.0027884239074797983
0.002783057425254568
0.0027783393565652004
0.00277426323767339
0.0027708235104159876
0.002768015503200955
0.002765835415125881
0.002764280303118158
0.002763348072015595
0.0027630374675251357
0.002763348072015595
0.002764280303118158
0.002765835415125881
0.002768015503200955
0.0027708235104159876
0.00277426323767339
0.0027783393565652004
0.002783057425254568
0.0027884239074797983
0.002794446194802629
0.0028011326322443628
0.0028084925474770317
0.0028165362837619208
0.002825275236855203
0.002834721896130028
0.002844889890196914
0.0028557940373398196
0.002867450401124515
0.0028798763515791807
0.0028930906323952447
0.002907113434649914
0.00292196647761154
0.002937673097255649
0.0029542583431942902
0.0029717490848054783
0.0029901741274441554
0.0030095643397231157
0.003029952792973297
0.0030513749141300333
0.00307386865344774
0.0030974746686230083
0.003122236527108564
0.0031482009286321467
0.003175417950199696
0.00320394131616701
0.003233828696314789
0.0032651420352666698
0.0032979479170577846
0.003332317969203808
0.0033683293112506786
0.003406065053519461
0.0034456148526183445
0.0034870755312981106
0.0035305517714068597
0.0035761568900889626
0.00362401371101417
0.003674255544367233
0.0037270272916397305
0.0037824866940223954
0.0038408057464950785
0.0039021723036734737
0.0039667919082476
0.0040348898786263885
0.004106713699424291
0.00418253576699242
0.004262656552693896
0.004347408259544306
0.004437159063819326
0.004532318053095167
0.004633340997005885
0.004740737118180145
0.0048550770702131315
0.004977002379601864
0.005107236672623339
0.005246599090615222
0.0053960204040816905
0.005556562475795674
0.005729441907097959
0.005916058945969638
0.00611803306286403
0.006337247043114252
0.006575902049753409
0.00683658694617817
0.007122366335554797
0.007436893425399349
0.00778455619344981
0.008170668774419028
0.0086017250733033
0.00908573924935038
0.009632709393974138
0.01025525893114431
0.010969539240149047
0.011796524137382289
0.012763905377907692
0.013908932467820063
0.015282775335117122
0.016957412671695822
0.019036836494957785
0.021675871278519672
0.02511288525367171
0.029728758395054514
0.03615735566896694
0.04550108967741934
0.059770168632456065
0.08282069113940385
0.12246613851050134
0.1955303790778883
0.3408833741093063
0.6564559869840734

0.13013457461067737
0.36172989547564177
0.7356069159011223
1.3763082649262743
1.9436982747117666
1.2219581857186699
0.5706345046710367
0.35122696715244384
0.20847630918184878
0.10488642194575096
0.043848133592764675
0.015170003497672311
0.0043403673912779
0.001026921132753304
0.00020091583306429587
3.2505547158380224e-05
4.3487759659217765e-06
4.811082721205845e-07
4.401339290082369e-08
3.3296080163698007e-09
2.0828960840177397e-10
1.0774778070471899e-11
4.609091174304892e-13
1.6303787261907308e-14
4.769006735198374e-16
1.1535425187571622e-17
2.3073076889019084e-19
3.816310084442557e-21
5.219729914450824e-23
5.903623378292375e-25
5.52147984484422e-27
4.2703018415931963e-29
2.7310389338775305e-31
1.4443200645481824e-33
6.316336121404237e-36
2.2841954191332633e-38
6.83073622427451e-41
1.6891491884719166e-43
3.4540986584894566e-46
5.8407376915473386e-49
8.167081737000334e-52
9.443485915720772e-55
9.02950633500272e-58
7.139403245864106e-61
4.66794846718756e-64
2.5238086744043897e-67
1.1283739198197435e-70
4.17172705521997e-74
1.2753957558846317e-77
3.224335940155844e-81
6.740650909618483e-85
1.1652782041360653e-88
1.665803022342452e-92
1.969173140421055e-96
1.9249098560957866e-100
1.555976825319817e-104
1.0400688456665016e-108
5.748933515922768e-113
2.6277177823313433e-117
9.931992640338563e-122
3.104275757482217e-126
8.023251995938514e-131
1.71477367460682e-135
3.0306055729168793e-140
4.4291283192272845e-145
5.352705419763264e-150
5.349271720361464e-155
4.4206100802033227e-160
3.02089754175695e-165
1.707088423151596e-170
7.977049256047579e-176
3.08244094932363e-181
9.849484306572013e-187
2.60254624228473e-192
5.686560347125425e-198
1.0274651141995994e-203
1.53514977416229e-209
1.8967087872791678e-215
1.9378349958973416e-221
1.6371903206203827e-227
1.1437939031006816e-233
6.607887209528044e-240
3.156775524773426e-246
1.2470705270029464e-252
4.073845600617583e-259
1.1004855647180511e-265
2.4582744677696558e-272
4.5409071942469594e-279
6.936192167076979e-286
8.761245354948177e-293
9.151173807511808e-300
7.904128650869318e-307
5.6454352683e-314
3.335e-321
0.0
0.0
0.0
0.0
0.0
0.0
