0.26378937600832203
0.20111976450196561
0.15752835438160398
0.1264162531542778
0.10367295188299776
0.08667514733790307
0.07370970391932245
0.06363324304357937
0.05566680424029294
0.049269320303588736
0.04405805835050801
0.039757617454083426
0.03616662675310014
0.03313561833045438
0.03055207961529139
0.02833019603352869
0.026403706739599565
0.02472085804774834
0.023240790804211327
0.02193092143518794
0.020765020564679326
0.01972178739980102
0.018783780605875034
0.017936608384354097
0.017168309015247647
0.016468872764199075
0.015829869715739353
0.015244157699911196
0.01470565130285233
0.01420913784651013
0.013750129766598488
0.013324745406913727
0.012929612155726316
0.012561787267023602
0.012218692770296188
0.011898061672807604
0.011597893266249973
0.011316415814750038
0.01105205525928676
0.010803408851059848
0.010569222842662795
0.010348373535527986
0.010139851115851245
0.009942745817222313
0.009756236032665518
0.009579578066442421
0.009412097270396776
0.009253180353615779
0.009102268689898515
0.008958852476643128
0.008822465622603927
0.00869268126156407
0.008569107805135251
0.008451385461282717
0.008339183156298618
0.00823219580722366
0.008130141899478275
0.008032761330979332
0.007939813489503138
0.007851075534687573
0.007766340859989126
0.0076854177132426055
0.007608127957308979
0.00753430595472001
0.0074637975623028175
0.007396459223548139
0.007332157148017818
0.007270766568408204
0.007212171067028059
0.007156261964438843
0.007102937763864145
0.007052103645722424
0.007003671007288775
0.006957557043060808
0.006913684361902139
0.006871980637474266
0.006832378288851854
0.006794814188555033
0.006759229395530841
0.006725568910880089
0.0066937814543598356
0.006663819259899242
0.0066356378885512775
0.006609196057467382
0.006584455483629146
0.006561380741202732
0.0065399391314998855
0.006520100564635606
0.006501837452068419
0.006485124609295958
0.006469939168057198
0.0064562604974644725
0.006444070133553899
0.006433351716803047
0.006424090937220226
0.00641627548666131
0.006409895018077942
0.006404941111446166
0.006401407246167101
0.006399288779771805
0.006398582932801479
0.006399288779771805
0.006401407246167101
0.006404941111446166
0.006409895018077942
0.00641627548666131
0.006424090937220226
0.006433351716803047
0.006444070133553899
0.0064562604974644725
0.006469939168057198
0.006485124609295958
0.006501837452068419
0.006520100564635606
0.0065399391314998855
0.006561380741202732
0.006584455483629146
0.006609196057467382
0.0066356378885512775
0.006663819259899242
0.0066937814543598356
0.006725568910880089
0.006759229395530841
0.006794814188555033
0.006832378288851854
0.006871980637474266
0.006913684361902139
0.006957557043060808
0.007003671007288775
0.007052103645722424
0.007102937763864145
0.007156261964438843
0.007212171067028059
0.007270766568408204
0.007332157148017818
0.007396459223548139
0.0074637975623028175
0.00753430595472001
0.007608127957308979
0.0076854177132426055
0.007766340859989126
0.007851075534687573
0.007939813489503138
0.008032761330979332
0.008130141899478275
0.00823219580722366
0.008339183156298618
0.008451385461282717
0.008569107805135251
0.00869268126156407
0.008822465622603927
0.008958852476643128
0.009102268689898515
0.009253180353615779
0.009412097270396776
0.009579578066442421
0.009756236032665518
0.009942745817222313
0.010139851115851245
0.010348373535527986
0.010569222842662795
0.010803408851059848
0.01105205525928676
0.011316415814750038
0.011597893266249973
0.011898061672807604
0.012218692770296188
0.012561787267023602
0.012929612155726316
0.013324745406913727
0.013750129766598488
0.01420913784651013
0.01470565130285233
0.015244157699911196
0.015829869715739353
0.016468872764199075
0.017168309015247647
0.017936608384354097
0.018783780605875034
0.01972178739980102
0.020765020564679326
0.02193092143518794
0.023240790804211327
0.02472085804774834
0.026403706739599565
0.02833019603352869
0.03055207961529139
0.03313561833045438
0.03616662675310014
0.039757617454083426
0.04405805835050801
0.049269320303588736
0.05566680424029294
0.06363324304357937
0.07370970391932245
0.08667514733790307
0.10367295188299776
0.1264162531542778
0.15752835438160398
0.20111976450196561

0.3034839179636429
0.5656081720837605
0.4165870014273164
0.12125671525491757
0.013948128173711799
0.0006340683934806978
1.1391117370702616e-05
8.087356610072455e-08
2.269117086841115e-10
2.51603839495503e-13
1.1025230245350275e-16
1.9092733780653034e-20
1.3066480112373766e-24
3.5339398407736534e-29
3.7771978866353823e-34
1.5954763446219702e-39
2.6633058715714722e-45
1.7569595750159182e-51
4.5804963070114085e-58
4.7192539835080185e-65
1.9215169084216455e-72
3.0918976934271492e-80
1.9661473657142138e-88
4.941025119271454e-97
4.907136100079536e-106
1.925968547648021e-115
2.987310210379166e-125
1.8311397974524722e-135
4.435807852916485e-146
4.2465280280609484e-157
1.6065909265059722e-168
2.4020755929412613e-180
1.419312659994344e-192
3.314206222104376e-205
3.0583770466470703e-218
1.115353587379657e-231
1.6074747391855383e-245
9.155578505325215e-260
2.060807709784351e-274
1.8331550331844814e-289
6.444229019371643e-305
8.95e-321
0.0
0.0
0.0
0.0
0.0
0.0
0.0
0.0
0.0
0.0
0.0
0.0
0.0
0.0
0.0
0.0
0.0
0.0
0.0
0.0
0.0
0.0
0.0
0.0
0.0
0.0
0.0
0.0
0.0
0.0
0.0
0.0
0.0
0.0
0.0
0.0
0.0
0.0
0.0
0.0
0.0
0.0
0.0
0.0
0.0
0.0
0.0
0.0
0.0
0.0
0.0
0.0
0.0
0.0
0.0
0.0
0.0
0.0
