0.07498602492319525
0.006122700041819744
0.0005591236896687378
5.710512176980742e-05
6.522956614129548e-06
8.333283765378996e-07
1.1906664449764329e-07
1.902682394695653e-08
3.397554856045182e-09
6.793689588043951e-10
1.5193991572057391e-10
3.79938027436396e-11
1.0623100800731322e-11
3.3375351317569326e-12
1.160535776229323e-12
4.5283637862029534e-13
1.9690014241841449e-13
9.505457687907822e-14
5.0651829584748456e-14
2.9553537667415893e-14
1.869498141023401e-14
1.2683386837635891e-14
9.12934074710629e-15
6.902127506710939e-15
5.433197845646285e-15
4.4203406216738384e-15
3.694585614424626e-15
3.1570336476758e-15
2.7473579374019944e-15
2.427367434037713e-15
2.1720642949982508e-15
1.9645889366444922e-15
1.793260842937911e-15
1.649789903205105e-15
1.528163170179548e-15
1.4239332068334447e-15
1.3337518825129583e-15
1.2550580412290053e-15
1.1858639125955086e-15
1.1246062671523029e-15
1.070040875879549e-15
1.0211664703883746e-15
9.771691445765338e-16
9.37381145212193e-16
9.012499400541023e-16
8.683147272260734e-16
8.381884008185628e-16
8.105435646417166e-16
7.851015826691822e-16
7.616239310017357e-16
7.399053110625535e-16
7.197681228176184e-16
7.010579971733722e-16
6.836401598768278e-16
6.673964531205491e-16
6.522228810935767e-16
6.380275757356475e-16
6.247291016420466e-16
6.122550363536063e-16
6.00540775535827e-16
5.895285228089463e-16
5.791664319741814e-16
5.694078756345465e-16
5.602108191366291e-16
5.515372826660237e-16
5.433528774428693e-16
5.356264044591279e-16
5.283295062089885e-16
5.214363634903977e-16
5.149234306784177e-16
5.0876920395150715e-16
5.029540178380916e-16
4.974598661808379e-16
4.922702442198049e-16
4.873700089968728e-16
4.827452557015143e-16
4.783832079272458e-16
4.742721201011874e-16
4.704011905959437e-16
4.667604842414988e-16
4.633408631314787e-16
4.60133924768342e-16
4.57131946720138e-16
4.543278370710345e-16
4.517150900418231e-16
4.492877462375225e-16
4.47040357049056e-16
4.449679527964856e-16
4.430660142538766e-16
4.413304472417361e-16
4.397575600131146e-16
4.3834404319477805e-16
4.3708695207601865e-16
4.3598369106534863e-16
4.3503200016001183e-16
4.342299432954266e-16
4.3357589846173784e-16
4.3306854949294823e-16
4.327068794509398e-16
4.324901655423461e-16
4.324179755209565e-16
4.324901655423461e-16
4.327068794509398e-16
4.3306854949294823e-16
4.3357589846173784e-16
4.342299432954266e-16
4.3503200016001183e-16
4.3598369106534863e-16
4.3708695207601865e-16
4.3834404319477805e-16
4.397575600131146e-16
4.413304472417361e-16
4.430660142538766e-16
4.449679527964856e-16
4.47040357049056e-16
4.492877462375225e-16
4.517150900418231e-16
4.543278370710345e-16
4.57131946720138e-16
4.60133924768342e-16
4.633408631314787e-16
4.667604842414988e-16
4.704011905959437e-16
4.742721201011874e-16
4.783832079272458e-16
4.827452557015143e-16
4.873700089968728e-16
4.922702442198049e-16
4.974598661808379e-16
5.029540178380916e-16
5.0876920395150715e-16
5.149234306784177e-16
5.214363634903977e-16
5.283295062089885e-16
5.356264044591279e-16
5.433528774428693e-16
5.515372826660237e-16
5.602108191366291e-16
5.694078756345465e-16
5.791664319741814e-16
5.895285228089463e-16
6.00540775535827e-16
6.122550363536063e-16
6.247291016420466e-16
6.380275757356475e-16
6.522228810935767e-16
6.673964531205491e-16
6.836401598768278e-16
7.010579971733722e-16
7.197681228176184e-16
7.399053110625535e-16
7.616239310017357e-16
7.851015826691822e-16
8.105435646417166e-16
8.381884008185628e-16
8.683147272260734e-16
9.012499400541023e-16
9.37381145212193e-16
9.771691445765338e-16
1.0211664703883746e-15
1.070040875879549e-15
1.1246062671523029e-15
1.1858639125955086e-15
1.2550580412290053e-15
1.3337518825129583e-15
1.4239332068334447e-15
1.528163170179548e-15
1.649789903205105e-15
1.793260842937911e-15
1.9645889366444922e-15
2.1720642949982508e-15
2.427367434037713e-15
2.7473579374019944e-15
3.1570336476758e-15
3.694585614424626e-15
4.4203406216738384e-15
5.433197845646285e-15
6.902127506710939e-15
9.12934074710629e-15
1.2683386837635891e-14
1.869498141023401e-14
2.9553537667415893e-14
5.0651829584748456e-14
9.505457687907822e-14
1.9690014241841449e-13
4.5283637862029534e-13
1.160535776229323e-12
3.3375351317569326e-12
1.0623100800731322e-11
3.79938027436396e-11
1.5193991572057391e-10
6.793689588043951e-10
3.397554856045182e-09
1.902682394695653e-08
1.1906664449764329e-07
8.333283765378996e-07
6.522956614129548e-06
5.710512176980742e-05
0.0005591236896687378
0.006122700041819744

1.6697597752114563e-14
1.4172446856774012e-12
8.353243788834355e-11
3.4188886184123807e-09
9.717045250919132e-08
1.9177985001513755e-06
2.6283984404578305e-05
0.00025014907641644416
0.0016532026143388744
0.007587046394501762
0.024179029931034914
0.05350871020494109
0.0822298634832748
0.08775141586887004
0.06502766691886926
0.033462754659072454
0.011957618206212887
0.002967202272593527
0.0005112921204842977
6.118014803910755e-05
5.083600618923221e-06
2.933268382338557e-07
1.1753078986703483e-08
3.270174934549514e-10
6.3184389367334504e-12
8.477505431762966e-14
7.898522096778946e-16
5.110260920004923e-18
2.2959360599938855e-20
7.163016970212852e-23
1.5518568148324371e-25
2.3346769312722164e-28
2.439053986737533e-31
1.7694386568947103e-34
8.913927256405186e-38
3.118330459895666e-41
7.575209792413845e-45
1.2778699858485604e-48
1.4969184842883997e-52
1.2176686066108822e-56
6.878275142376563e-61
2.6980466594296543e-65
7.34917932153745e-70
1.390105333122264e-74
1.8258960594597495e-79
1.6654203610086564e-84
1.0548511124762244e-89
4.639572197408081e-95
1.41704677501061e-100
3.0054527976086815e-106
4.426445421793979e-112
4.527096923346882e-118
3.2151700550435507e-124
1.5856509085879656e-130
5.430385860850725e-137
1.29143715112161e-143
2.1327273497133116e-150
2.445777118362248e-157
1.9476812959564373e-164
1.0770562529618378e-171
4.135979294253314e-179
1.102904229335952e-186
2.042286775139105e-194
2.6261233714330146e-202
2.3449468370852753e-210
1.4540199130128247e-218
6.260761849452927e-227
1.8719898547032322e-235
3.886863364277942e-244
5.604211721048989e-253
5.611116307452762e-262
3.901247329343672e-271
1.8835500923377573e-280
6.314956183743013e-290
1.470222230578535e-299
2.376922959421194e-309
2.6685e-319
0.0
0.0
0.0
0.0
0.0
0.0
0.0
0.0
0.0
0.0
0.0
0.0
0.0
0.0
0.0
0.0
0.0
0.0
0.0
0.0
0.0
0.0
0.0
