0.5171425282132707
0.2379615823375479
0.12443467491705111
0.07279348676642725
0.04680840399948246
0.03251655696540905
0.024026951010993884
0.018641693429932268
0.015030793354529632
0.012494121663639167
0.010641051187014559
0.009242160823586722
0.008156480078060236
0.007293874478963385
0.006594660108090658
0.006018077206889786
0.005535519718592545
0.005126419657845877
0.0047756667906023375
0.0044719451386873894
0.004206633158689979
0.003973059781799867
0.0037659906104459207
0.0035812662922108745
0.0034155435645616588
0.003266106864775923
0.003130729272234182
0.003007568484742597
0.002895088038000985
0.002791996959213298
0.0026972030510106215
0.0026097763709169892
0.00252892041969227
0.0024539492172280766
0.0023842689174082563
0.00231936295315645
0.0022587799498336642
0.0022021238264491733
0.002149045638547034
0.0020992368171717075
0.002052423534177972
0.0020083619818571105
0.00196683439908672
0.0019276457103681618
0.0018906206706729785
0.001855601429804295
0.0018224454463480436
0.0017910236942567988
0.0017612191154411276
0.0017329252800200308
0.0017060452225464546
0.001680490427916705
0.001656179945057077
0.0016330396100618892
0.00161100136339437
0.0015900026481811794
0.0015699858786321008
0.0015508979692773492
0.0015326899170988594
0.0015153164297891355
0.0014987355943421692
0.0014829085809983326
0.0014677993782553863
0.0014533745552424728
0.0014396030482507283
0.001426455968637444
0.0014139064296823337
0.0014019293902843026
0.0013905015136532481
0.0013796010393805633
0.0013692076674698607
0.001359302453080588
0.0013498677108856891
0.001340886928073512
0.001332344685136611
0.0013242265836882678
0.0013165191806334669
0.001309209928096395
0.0013022871185727172
0.001295739834833204
0.0012895579041566968
0.0012837318565159064
0.001278252886379846
0.0012731128178325097
0.0012683040727392819
0.001263819641721001
0.0012596530577210498
0.0012557983719736494
0.001252250132202062
0.0012490033628939233
0.0012460535475176666
0.0012433966125592172
0.00124102891327203
0.0012389472210462252
0.0012371487123142898
0.0012356309589216204
0.001234391919900257
0.0012334299345935892
0.0012327437170886989
0.0012323323519214803
0.0012321952910277583
0.0012323323519214803
0.0012327437170886989
0.0012334299345935892
0.001234391919900257
0.0012356309589216204
0.0012371487123142898
0.0012389472210462252
0.00124102891327203
0.0012433966125592172
0.0012460535475176666
0.0012490033628939233
0.001252250132202062
0.0012557983719736494
0.0012596530577210498
0.001263819641721001
0.0012683040727392819
0.0012731128178325097
0.001278252886379846
0.0012837318565159064
0.0012895579041566968
0.001295739834833204
0.0013022871185727172
0.001309209928096395
0.0013165191806334669
0.0013242265836882678
0.001332344685136611
0.001340886928073512
0.0013498677108856891
0.001359302453080588
0.0013692076674698607
0.0013796010393805633
0.0013905015136532481
0.0014019293902843026
0.0014139064296823337
0.001426455968637444
0.0014396030482507283
0.0014533745552424728
0.0014677993782553863
0.0014829085809983326
0.0014987355943421692
0.0015153164297891355
0.0015326899170988594
0.0015508979692773492
0.0015699858786321008
0.0015900026481811794
0.00161100136339437
0.0016330396100618892
0.001656179945057077
0.001680490427916705
0.0017060452225464546
0.0017329252800200308
0.0017612191154411276
0.0017910236942567988
0.0018224454463480436
0.001855601429804295
0.0018906206706729785
0.0019276457103681618
0.00196683439908672
0.0020083619818571105
0.002052423534177972
0.0020992368171717075
0.002149045638547034
0.0022021238264491733
0.0022587799498336642
0.00231936295315645
0.0023842689174082563
0.0024539492172280766
0.00252892041969227
0.0026097763709169892
0.0026972030510106215
0.002791996959213298
0.002895088038000985
0.003007568484742597
0.003130729272234182
0.003266106864775923
0.0034155435645616588
0.0035812662922108745
0.0037659906104459207
0.003973059781799867
0.004206633158689979
0.0044719451386873894
0.0047756667906023375
0.005126419657845877
0.005535519718592545
0.006018077206889786
0.006594660108090658
0.007293874478963385
0.008156480078060236
0.009242160823586722
0.010641051187014559
0.012494121663639167
0.015030793354529632
0.018641693429932268
0.024026951010993884
0.03251655696540905
0.04680840399948246
0.07279348676642725
0.12443467491705111
0.2379615823375479

0.05835644600023535
0.15069024816731177
0.2988974178431111
0.45540718697694194
0.5329890648332085
0.47915653906591604
0.3308851233765314
0.1755164255668975
0.07151530443665806
0.022383135278224466
0.005381254711412422
0.000993772284326618
0.00014097136778548817
1.5360864156543725e-05
1.285704267059187e-06
8.266225030107458e-08
4.082385983447945e-09
1.5486797025269384e-10
4.512839108756808e-12
1.0101335509563058e-13
1.7367945344670658e-15
2.2938171378243012e-17
2.32707212715914e-19
1.8134333458596596e-21
1.0855105587711562e-23
4.9912256999142436e-26
1.7628731665900232e-28
4.782727392068731e-31
9.9671475974385e-34
1.5955369028438674e-36
1.9619300494135827e-39
1.853108663547643e-42
1.3444942700967473e-45
7.493034406041988e-49
3.207725522401908e-52
1.0548176164424168e-55
2.664392796274345e-59
5.16963438191876e-63
7.704813115891773e-67
8.820741422436065e-71
7.756910396400949e-75
5.2397812955299713e-79
2.7188061745012724e-83
1.0836375274188444e-87
3.317649694127696e-92
7.802211525878109e-97
1.4094368266454615e-101
1.9557539279499186e-106
2.084603724134884e-111
1.7067641388510606e-116
1.073406475683734e-121
5.1855594133366565e-127
1.9242775801231114e-132
5.48504919467806e-138
1.2009751907664496e-143
2.019892454292781e-149
2.609535199696261e-155
2.589636297828956e-161
1.9740360973628903e-167
1.1558782930832685e-173
5.198880413309387e-180
1.796173353754196e-186
4.766804852188865e-193
9.717335512354081e-200
1.5216253151644326e-206
1.830243839854167e-213
1.6910283338257054e-220
1.2001444382891106e-227
6.542697648171123e-235
2.7398127800808815e-242
8.813037640352789e-250
2.177564684839011e-257
4.1329219725624923e-265
6.025374558584139e-273
6.747635189324536e-281
5.804433518123276e-289
3.8353834507662246e-297
1.9466973624972116e-305
7.589773102e-314
2.27e-322
0.0
0.0
0.0
0.0
0.0
0.0
0.0
0.0
0.0
0.0
0.0
0.0
0.0
0.0
0.0
0.0
0.0
0.0
0.0
0.0
