1.0186373575807197
0.18017217655977746
0.0532768129881203
0.020670723731921265
0.00944235842103812
0.0048906844474156585
0.002817939089204898
0.0017782438030087338
0.001210954949117783
0.0008778178137426915
0.0006693131541722172
0.0005314683216430733
0.0004359763781666263
0.00036714157261170683
0.000315817946541928
0.00027643542445614884
0.000245465904525477
0.00022059538560963035
0.0002002584083185599
0.00018336631380268926
0.0001691431890323153
0.0001570237476931124
0.00014658797463641194
0.00013751823001690393
0.0001295704406774718
0.0001225543429764735
0.00011631967138457137
0.00011074633286251073
0.00010573730349275142
0.00010121341666437215
9.710948665657681e-05
9.337138895177598e-05
8.995383539191161e-05
8.681866040628262e-05
8.393348759608082e-05
8.127068251770698e-05
7.880652303453398e-05
7.652053665762686e-05
7.439496721093128e-05
7.241434249955682e-05
7.056512148952893e-05
6.883540454903151e-05
6.721469405740355e-05
6.569369551125163e-05
6.426415139640097e-05
6.291870172835398e-05
6.165076642114365e-05
6.045444561864809e-05
5.932443488236062e-05
5.8255952726184325e-05
5.724467846000536e-05
5.6286698678102396e-05
5.537846102742676e-05
5.451673413088928e-05
5.369857273450832e-05
5.292128730443169e-05
5.218241742782542e-05
5.147970847637373e-05
5.08110910772062e-05
5.0174663007088735e-05
4.9568673184543466e-05
4.899150748347638e-05
4.8441676132708875e-05
4.79178024999892e-05
4.74186130877771e-05
4.6942928592302924e-05
4.6489655897870496e-05
4.605778089573338e-05
4.564636203164124e-05
4.525452449874891e-05
4.488145500335559e-05
4.4526397040182524e-05
4.418864662184292e-05
4.3867548414008296e-05
4.356249223369443e-05
4.3272909873217644e-05
4.299827221682492e-05
4.273808662087565e-05
4.249189453183402e-05
4.225926931928475e-05
4.203981430377617e-05
4.183316096156776e-05
4.1638967290361893e-05
4.145691632186593e-05
4.1286714768592984e-05
4.112809179369489e-05
4.098079789385218e-05
4.084460388634335e-05
4.0719299992396255e-05
4.0604695009804746e-05
4.050061556858398e-05
4.0406905464153524e-05
4.0323425063184276e-05
4.025005077783549e-05
4.018667460464865e-05
4.013320372486113e-05
4.008956016336343e-05
4.005568050395229e-05
4.0031515658935274e-05
4.001703069152382e-05
4.001220468981625e-05
4.001703069152382e-05
4.0031515658935274e-05
4.005568050395229e-05
4.008956016336343e-05
4.013320372486113e-05
4.018667460464865e-05
4.025005077783549e-05
4.0323425063184276e-05
4.0406905464153524e-05
4.050061556858398e-05
4.0604695009804746e-05
4.0719299992396255e-05
4.084460388634335e-05
4.098079789385218e-05
4.112809179369489e-05
4.1286714768592984e-05
4.145691632186593e-05
4.1638967290361893e-05
4.183316096156776e-05
4.203981430377617e-05
4.225926931928475e-05
4.249189453183402e-05
4.273808662087565e-05
4.299827221682492e-05
4.3272909873217644e-05
4.356249223369443e-05
4.3867548414008296e-05
4.418864662184292e-05
4.4526397040182524e-05
4.488145500335559e-05
4.525452449874891e-05
4.564636203164124e-05
4.605778089573338e-05
4.6489655897870496e-05
4.6942928592302924e-05
4.74186130877771e-05
4.79178024999892e-05
4.8441676132708875e-05
4.899150748347638e-05
4.9568673184543466e-05
5.0174663007088735e-05
5.08110910772062e-05
5.147970847637373e-05
5.218241742782542e-05
5.292128730443169e-05
5.369857273450832e-05
5.451673413088928e-05
5.537846102742676e-05
5.6286698678102396e-05
5.724467846000536e-05
5.8255952726184325e-05
5.932443488236062e-05
6.045444561864809e-05
6.165076642114365e-05
6.291870172835398e-05
6.426415139640097e-05
6.569369551125163e-05
6.721469405740355e-05
6.883540454903151e-05
7.056512148952893e-05
7.241434249955682e-05
7.439496721093128e-05
7.652053665762686e-05
7.880652303453398e-05
8.127068251770698e-05
8.393348759608082e-05
8.681866040628262e-05
8.995383539191161e-05
9.337138895177598e-05
9.710948665657681e-05
0.00010121341666437215
0.00010573730349275142
0.00011074633286251073
0.00011631967138457137
0.0001225543429764735
0.0001295704406774718
0.00013751823001690393
0.00014658797463641194
0.0001570237476931124
0.0001691431890323153
0.00018336631380268926
0.0002002584083185599
0.00022059538560963035
0.000245465904525477
0.00027643542445614884
0.000315817946541928
0.00036714157261170683
0.0004359763781666263
0.0005314683216430733
0.0006693131541722172
0.0008778178137426915
0.001210954949117783
0.0017782438030087338
0.002817939089204898
0.0048906844474156585
0.00944235842103812
0.020670723731921265
0.0532768129881203
0.18017217655977746

0.0018192847371291778
0.009900622956682238
0.03963235099399324
0.11670423589791581
0.25284459068565074
0.40332057204336846
0.4750061157126281
0.41826799205660986
0.2919111573956625
0.2026671522245238
0.2063466674850608
0.2848678587931001
0.38473175635775336
0.48979429749809467
0.5843834307806801
0.44909000128629767
0.2341721865972487
0.11701566148897617
0.052525936575797155
0.01970677361228064
0.0061395765189590995
0.0015881168433474883
0.00034107295873518357
6.0818110910176245e-05
9.004080409427062e-06
1.106793510483851e-06
1.1295738875800278e-07
9.571576730580687e-09
6.734000232668798e-10
3.933539989963466e-11
1.907720792963319e-12
7.681868307116737e-14
2.5682642285382657e-15
7.12907771263894e-17
1.6430387109559236e-18
3.1440036642296436e-20
4.99504139994005e-22
6.5889458973753735e-24
7.216283585587698e-26
6.561936794436545e-28
4.954174445566558e-30
3.1054986701755287e-32
1.6162636334043612e-34
6.984154783929496e-37
2.5057417608061402e-39
7.464136400691383e-42
1.8460506992879477e-44
3.7907791390314744e-47
6.46299977315559e-50
9.148725564432215e-53
1.0752460617522502e-55
1.0492426164818311e-58
8.500897580818473e-62
5.7183988922781945e-65
3.193779363798662e-68
1.4810038073324033e-71
5.702013489581032e-75
1.82272481693281e-78
4.837653669745235e-82
1.0660295459168772e-85
1.950403692492136e-89
2.9627880212421127e-93
3.736779317764712e-97
3.913047518825371e-101
3.4021510683268983e-105
2.4559123724050183e-109
1.471949603234048e-113
7.324767018890873e-118
3.026324481008527e-122
1.0381448823009689e-126
2.9567952004116724e-131
6.992062837149448e-136
1.3728092648671325e-140
2.237875291380902e-145
3.02888205220103e-150
3.4036872137596854e-155
3.175687250284782e-160
2.460065149087846e-165
1.582254328634145e-170
8.449417643432426e-176
3.746261273419945e-181
1.3790821882618496e-186
4.215052968997018e-192
1.069637757309466e-197
2.253674619322574e-203
3.942452809147417e-209
5.726148335845117e-215
6.905251259164852e-221
6.913805823685525e-227
5.747456212969683e-233
3.9669339120178884e-239
2.27329114462182e-245
1.0816231051611529e-251
4.272850053630505e-258
1.4014582028320787e-264
3.8164840184402283e-271
8.629140638049593e-278
1.6199158214646516e-284
2.52486491721366e-291
3.2674176409855013e-298
