0.3738130819848797
0.01592040138332111
0.0007923677246855557
4.6086400412904906e-05
3.13250698316087e-06
2.4881958083415443e-07
2.3096715087467534e-08
2.496771757686163e-09
3.177736465553672e-10
4.573913028383079e-11
8.149290699873213e-12
1.6478826535458187e-12
3.8951907664412013e-13
1.0754661151238575e-13
3.4635682353632383e-14
1.2971723008482929e-14
5.615198865246181e-15
2.7807054035595296e-15
1.552704378671224e-15
9.609109708285385e-16
6.474089262831952e-16
4.670600199810433e-16
3.557149097204397e-16
2.827324954333574e-16
2.324263613954999e-16
1.9625643235796055e-16
1.6931363851137255e-16
1.4863778044338996e-16
1.3236709427210643e-16
1.192864822305177e-16
1.0857660421108231e-16
9.966884068965304e-17
9.215838534444041e-17
8.575045662324036e-17
8.022602158825123e-17
7.541937047331883e-17
7.120309039839802e-17
6.747777656527924e-17
6.416484717367909e-17
6.120143484369079e-17
5.853669427849896e-17
5.612909305942442e-17
5.3944396103502606e-17
5.195414694052978e-17
5.013450979429817e-17
4.846537707835781e-17
4.692967447900179e-17
4.5512814773297563e-17
4.4202264772807666e-17
4.298719914453993e-17
4.185822155708928e-17
4.080713844426773e-17
3.9826774220095445e-17
3.8910819393948175e-17
3.805370498348249e-17
3.7250498088201775e-17
3.6496814597381493e-17
3.5788745854904657e-17
3.512279675702541e-17
3.449583326571242e-17
3.390503771566343e-17
3.3347870603707575e-17
3.2822037794801005e-17
3.2325462273957155e-17
3.1856259729424336e-17
3.1412717377746755e-17
3.099327554255316e-17
3.059651158104503e-17
3.022112581910739e-17
2.986592921078892e-17
2.952983248297989e-17
2.921183656334003e-17
2.8911024120384596e-17
2.862655207031093e-17
2.8357644926588967e-17
2.810358888630759e-17
2.7863726562379285e-17
2.763745228345404e-17
2.7424207894183965e-17
2.7223478997642553e-17
2.703479158950568e-17
2.685770904026743e-17
2.6691829387475622e-17
2.653678290488007e-17
2.6392229919617e-17
2.625785885221072e-17
2.6133384457344376e-17
2.6018546246111232e-17
2.5913107072864835e-17
2.5816851871895838e-17
2.5729586531016692e-17
2.5651136890771773e-17
2.5581347859441262e-17
2.552008263529969e-17
2.5467222028748062e-17
2.5422663877982562e-17
2.538632255281065e-17
2.535812854209268e-17
2.533802812108783e-17
2.5325983095729824e-17
2.532197062156163e-17
2.5325983095729824e-17
2.533802812108783e-17
2.535812854209268e-17
2.538632255281065e-17
2.5422663877982562e-17
2.5467222028748062e-17
2.552008263529969e-17
2.5581347859441262e-17
2.5651136890771773e-17
2.5729586531016692e-17
2.5816851871895838e-17
2.5913107072864835e-17
2.6018546246111232e-17
2.6133384457344376e-17
2.625785885221072e-17
2.6392229919617e-17
2.653678290488007e-17
2.6691829387475622e-17
2.685770904026743e-17
2.703479158950568e-17
2.7223478997642553e-17
2.7424207894183965e-17
2.763745228345404e-17
2.7863726562379285e-17
2.810358888630759e-17
2.8357644926588967e-17
2.862655207031093e-17
2.8911024120384596e-17
2.921183656334003e-17
2.952983248297989e-17
2.986592921078892e-17
3.022112581910739e-17
3.059651158104503e-17
3.099327554255316e-17
3.1412717377746755e-17
3.1856259729424336e-17
3.2325462273957155e-17
3.2822037794801005e-17
3.3347870603707575e-17
3.390503771566343e-17
3.449583326571242e-17
3.512279675702541e-17
3.5788745854904657e-17
3.6496814597381493e-17
3.7250498088201775e-17
3.805370498348249e-17
3.8910819393948175e-17
3.9826774220095445e-17
4.080713844426773e-17
4.185822155708928e-17
4.298719914453993e-17
4.4202264772807666e-17
4.5512814773297563e-17
4.692967447900179e-17
4.846537707835781e-17
5.013450979429817e-17
5.195414694052978e-17
5.3944396103502606e-17
5.612909305942442e-17
5.853669427849896e-17
6.120143484369079e-17
6.416484717367909e-17
6.747777656527924e-17
7.120309039839802e-17
7.541937047331883e-17
8.022602158825123e-17
8.575045662324036e-17
9.215838534444041e-17
9.966884068965304e-17
1.0857660421108231e-16
1.192864822305177e-16
1.3236709427210643e-16
1.4863778044338996e-16
1.6931363851137255e-16
1.9625643235796055e-16
2.324263613954999e-16
2.827324954333574e-16
3.557149097204397e-16
4.670600199810433e-16
6.474089262831952e-16
9.609109708285385e-16
1.552704378671224e-15
2.7807054035595296e-15
5.615198865246181e-15
1.2971723008482929e-14
3.4635682353632383e-14
1.0754661151238575e-13
3.8951907664412013e-13
1.6478826535458187e-12
8.149290699873213e-12
4.573913028383079e-11
3.177736465553672e-10
2.496771757686163e-09
2.3096715087467534e-08
2.4881958083415443e-07
3.13250698316087e-06
4.6086400412904906e-05
0.0007923677246855557
0.01592040138332111

1.0043469594683117e-15
5.833762591067572e-14
2.6077527022699585e-12
8.970914711469936e-11
2.374978717353046e-09
4.838774545637353e-08
7.58688888091035e-07
9.154712923265943e-06
8.501164257777571e-05
0.0006075258418412559
0.0033412100186071755
0.014141499574916871
0.046061685467666584
0.11546141001687515
0.22273402179393106
0.3306655356034455
0.37778436098636414
0.3321633333336861
0.22475640420155485
0.11703752559937579
0.04690194555390164
0.014464694172197761
0.0034330515450262653
0.0006270527303949319
8.814150731667536e-05
9.534755344692849e-06
7.937638301043391e-07
5.08540712867832e-08
2.5073376409867123e-09
9.513768605290151e-11
2.778081732926118e-12
6.2429538447355e-14
1.0796622090575452e-15
1.436939049455404e-17
1.4717751461502577e-19
1.1601048786028339e-21
7.037294279004818e-24
3.2852380353110155e-26
1.1802680286605725e-28
3.2632257140198986e-31
6.9433052206452515e-34
1.1369413710216856e-36
1.4327240585870563e-39
1.3894397148702775e-42
1.0369779784638913e-45
5.955963530894749e-49
2.6326140622663867e-52
8.955194740131672e-56
2.3443127143636477e-59
4.722899695866627e-63
7.322418932154864e-67
8.736814060478668e-71
8.022399488624018e-75
5.6690220595445e-79
3.082937213494991e-83
1.290250048158033e-87
4.155619338438783e-92
1.0300310202835315e-96
1.9647962486645135e-101
2.884279925283347e-106
3.2584417751516235e-111
2.832925760439678e-116
1.895453317830377e-121
9.759861684783798e-127
3.8674695570365573e-132
1.1794045949385696e-137
2.767906387245137e-143
4.999109516516275e-149
6.948428212758396e-155
7.432470082118787e-161
6.1183234872354796e-167
3.8760053827109684e-173
1.88968309775312e-179
7.0900003458700105e-186
2.0471808245533305e-192
4.5490302451951465e-199
7.779185263970475e-206
1.0237692370144484e-212
1.0368661752174129e-219
8.0815750347224e-227
4.847546489666191e-234
2.2376936364231187e-241
7.9493559078282265e-249
2.1732812201474483e-256
4.57248809602927e-264
7.403582336692207e-272
9.225372446444362e-280
8.84664453158676e-288
6.528688030575564e-296
3.707882189065501e-304
1.620610348482e-312
5.45e-321
0.0
0.0
0.0
0.0
0.0
0.0
0.0
0.0
