1.1000070409764402
0.06205342855087405
0.005324897969524123
0.0006581870618931037
0.00011428507210740685
2.753470355243292e-05
9.020119657630851e-06
3.85923981534127e-06
2.0403014334423504e-06
1.260617665826899e-06
8.698492019722691e-07
6.486963827425868e-07
5.112813413132697e-07
4.195308205362835e-07
3.5474973306856367e-07
3.0695397355814997e-07
2.704290978907965e-07
2.417108840051792e-07
2.1859579258836012e-07
1.9962415980019677e-07
1.8379512106283275e-07
1.7040177095471326e-07
1.5893186781833386e-07
1.4900584544703564e-07
1.4033688082127236e-07
1.327044463264143e-07
1.2593635551639108e-07
1.1989630314188428e-07
1.1447504525773552e-07
1.0958404350557341e-07
1.0515081040713209e-07
1.0111544987457891e-07
9.742805124651712e-08
9.404670194385695e-08
9.093595463760911e-08
8.806563257245989e-08
8.540988941238645e-08
8.294646272930995e-08
8.06560762959743e-08
7.852195779526372e-08
7.6529446830034e-08
7.466567415909372e-08
7.291929754334057e-08
7.128028290810837e-08
6.973972202573794e-08
6.828967981683334e-08
6.692306581705111e-08
6.563352547210023e-08
6.44153477894779e-08
6.326338655193912e-08
6.2172992829651e-08
6.113995694887078e-08
6.016045840994985e-08
5.9231022515538685e-08
5.83484826855453e-08
5.7509947609805134e-08
5.671277253113604e-08
5.5954534067136775e-08
5.5233008073944314e-08
5.4546150133271104e-08
5.3892078308622194e-08
5.3269057870192264e-08
5.2675487732598776e-08
5.210988838694656e-08
5.1570891183762025e-08
5.105722853799377e-08
5.056772560253362e-08
5.0101292356361994e-08
4.965691672086542e-08
4.9233658320572655e-08
4.8830642860219934e-08
4.8447057049880584e-08
4.808214401849355e-08
4.7735199163533214e-08
4.740556639096136e-08
4.7092634705139086e-08
4.6795835113184395e-08
4.6514637812441124e-08
4.624854963337031e-08
4.599711171336049e-08
4.5759897379744337e-08
4.55365102227571e-08
4.532658234132957e-08
4.512977274650813e-08
4.4945765908976075e-08
4.4774270438639997e-08
4.4615017885568984e-08
4.4467761652754325e-08
4.433227601221132e-08
4.4208355216890415e-08
4.4095812701714446e-08
4.399448036782678e-08
4.390420794483057e-08
4.3824862426432754e-08
4.375632757548673e-08
4.3698503494960126e-08
4.3651306261849234e-08
4.36146676215208e-08
4.358853474039535e-08
4.357287001529501e-08
4.356765093816991e-08
4.357287001529501e-08
4.358853474039535e-08
4.36146676215208e-08
4.3651306261849234e-08
4.3698503494960126e-08
4.375632757548673e-08
4.3824862426432754e-08
4.390420794483057e-08
4.399448036782678e-08
4.4095812701714446e-08
4.4208355216890415e-08
4.433227601221132e-08
4.4467761652754325e-08
4.4615017885568984e-08
4.4774270438639997e-08
4.4945765908976075e-08
4.512977274650813e-08
4.532658234132957e-08
4.55365102227571e-08
4.5759897379744337e-08
4.599711171336049e-08
4.624854963337031e-08
4.6514637812441124e-08
4.6795835113184395e-08
4.7092634705139086e-08
4.740556639096136e-08
4.7735199163533214e-08
4.808214401849355e-08
4.8447057049880584e-08
4.8830642860219934e-08
4.9233658320572655e-08
4.965691672086542e-08
5.0101292356361994e-08
5.056772560253362e-08
5.105722853799377e-08
5.1570891183762025e-08
5.210988838694656e-08
5.2675487732598776e-08
5.3269057870192264e-08
5.3892078308622194e-08
5.4546150133271104e-08
5.5233008073944314e-08
5.5954534067136775e-08
5.671277253113604e-08
5.7509947609805134e-08
5.83484826855453e-08
5.9231022515538685e-08
6.016045840994985e-08
6.113995694887078e-08
6.2172992829651e-08
6.326338655193912e-08
6.44153477894779e-08
6.563352547210023e-08
6.692306581705111e-08
6.828967981683334e-08
6.973972202573794e-08
7.128028290810837e-08
7.291929754334057e-08
7.466567415909372e-08
7.6529446830034e-08
7.852195779526372e-08
8.06560762959743e-08
8.294646272930995e-08
8.540988941238645e-08
8.806563257245989e-08
9.093595463760911e-08
9.404670194385695e-08
9.742805124651712e-08
1.0111544987457891e-07
1.0515081040713209e-07
1.0958404350557341e-07
1.1447504525773552e-07
1.1989630314188428e-07
1.2593635551639108e-07
1.327044463264143e-07
1.4033688082127236e-07
1.4900584544703564e-07
1.5893186781833386e-07
1.7040177095471326e-07
1.8379512106283275e-07
1.9962415980019677e-07
2.1859579258836012e-07
2.417108840051792e-07
2.704290978907965e-07
3.0695397355814997e-07
3.5474973306856367e-07
4.195308205362835e-07
5.112813413132697e-07
6.486963827425868e-07
8.698492019722691e-07
1.260617665826899e-06
2.0403014334423504e-06
3.85923981534127e-06
9.020119657630851e-06
2.753470355243292e-05
0.00011428507210740685
0.0006581870618931037
0.005324897969524123
0.06205342855087405

1.9892810958336218e-06
1.0843597432055949e-05
5.199385411429333e-05
0.00021997935849272376
0.0008242030054489909
0.00274428186155068
0.008139968768427803
0.021517944096555365
0.050592384819018704
0.10537183703503464
0.19348145123498778
0.3120081250768716
0.4414254688774864
0.5499172606229074
0.6093806120302304
0.6113751668186758
0.5685382730807624
0.5012566974586227
0.4240061844772013
0.34281787935080427
0.2611054514790025
0.18430539491423378
0.11906897764618908
0.06986360421964297
0.037077006685179686
0.017761994223590597
0.007673980349730174
0.0029889874523873227
0.0010493804681743024
0.000332062337518848
9.470503247811309e-05
2.4343834776504046e-05
5.639826703434037e-06
1.1776133599710882e-06
2.21615252242997e-07
3.758862499297546e-08
5.7460985617852365e-09
7.916797400104933e-10
9.830731063164537e-11
1.1002260489189262e-11
1.1097824527456244e-12
1.0089127424768716e-13
8.266643012401801e-15
6.104703597527489e-16
4.063121452801388e-17
2.4373328888631007e-18
1.3177399605865317e-19
6.421025672027698e-21
2.8199338397395774e-22
1.1161774772021239e-23
3.981873082627618e-25
1.2802694857231169e-26
3.7100110106435687e-28
9.689666401498716e-30
2.280879147899848e-31
4.83899916502035e-33
9.252703429894924e-35
1.594562550489648e-36
2.4767051133802033e-38
3.4671039614466583e-40
4.374407630113227e-42
4.974294105490311e-44
5.098042963377805e-46
4.70907216218861e-48
3.9203696911599494e-50
2.9415654982191484e-52
1.989252194671739e-54
1.2124420536562647e-56
6.660271910070456e-59
3.297484410934469e-61
1.4714088539828297e-63
5.917575419766372e-66
2.144934631333048e-68
7.00719403299756e-71
2.0631654125193508e-73
5.474995623821615e-76
1.3094632876617346e-78
2.8226868521606037e-81
5.4839299232977195e-84
9.602424815102544e-87
1.5154086333539446e-89
2.1554523257945238e-92
2.7631655702450157e-95
3.192531704464012e-98
3.324477145230707e-101
3.1201200710966546e-104
2.6392412207193354e-107
2.012086683024758e-110
1.3825285566723337e-113
8.561726635269233e-117
4.778685252501981e-120
2.4038940301609076e-123
1.089888409150231e-126
4.453572962326608e-130
1.640192917525925e-133
5.444288306871252e-137
1.6287225963271084e-140
4.3915006415951e-144
1.0671822720964591e-147
2.3373517605452183e-151
