0.44805889979100544
0.07137840750689621
0.011749412337211475
0.001998402576679246
0.0003512103948952086
6.377776360900575e-05
1.1967095485236175e-05
2.3202018608904237e-06
4.64815209086347e-07
9.621713788592735e-08
2.0579844210715e-08
4.520272003735344e-09
1.0353699068173102e-09
2.4493214863710136e-10
5.98164197210018e-11
1.507988396487453e-11
3.925302954998571e-12
1.0553281114367054e-12
2.9313808256389043e-13
8.414252966703858e-14
2.4960606899789304e-14
7.652244615125648e-15
2.4243376992164744e-15
7.936700055499482e-16
2.6847739175569016e-16
9.383928758177185e-17
3.388971688838365e-17
1.2646188154781786e-17
4.876000231501315e-18
1.942600839807571e-18
7.996891268608531e-19
3.401552684689002e-19
1.495034739399565e-19
6.789573751890858e-20
3.1860263527697294e-20
1.5447895359039258e-20
7.739232196399413e-21
4.0061470930629456e-21
2.142604010719434e-21
1.1839086338861264e-21
6.757948864756298e-22
3.9844408307049234e-22
2.4259238782351763e-22
1.5247558143030035e-22
9.888596759392102e-23
6.613143177093552e-23
4.5568811550329707e-23
3.232035204119217e-23
2.3567299408764516e-23
1.7642777865293632e-23
1.353878082450292e-23
1.0632391620719864e-23
8.53050305943807e-24
6.980084815819748e-24
5.8149008366938985e-24
4.923839527584575e-24
4.2312328640661324e-24
3.684676881691199e-24
3.2472851738673917e-24
2.8926896039139595e-24
2.6017621762302087e-24
2.360432381947632e-24
2.1582124626080503e-24
1.9871868823091575e-24
1.8413105068363712e-24
1.7159148683037314e-24
1.6073565197065813e-24
1.5127636277379904e-24
1.4298512994390991e-24
1.3567855513827809e-24
1.2920820811581676e-24
1.2345302007729695e-24
1.183135145125978e-24
1.1370739285363002e-24
1.0956612823946454e-24
1.0583231603371505e-24
1.0245759720225458e-24
9.940101884985668e-25
9.662773094256222e-25
9.41079434839488e-25
9.181608691095689e-25
8.973013213791668e-25
8.783103684658264e-25
8.610229224445203e-25
8.45295502707845e-25
8.310031560668581e-25
8.180369019535982e-25
8.063016055877003e-25
7.95714201968272e-25
7.862022091493251e-25
7.777024814962017e-25
7.701601632840737e-25
7.635278106781563e-25
7.577646562772957e-25
7.528359953508784e-25
7.487126769176451e-25
7.453706861087535e-25
7.427908069866992e-25
7.409583572832404e-25
7.398629884749374e-25
7.394985463171096e-25
7.398629884749374e-25
7.409583572832404e-25
7.427908069866992e-25
7.453706861087535e-25
7.487126769176451e-25
7.528359953508784e-25
7.577646562772957e-25
7.635278106781563e-25
7.701601632840737e-25
7.777024814962017e-25
7.862022091493251e-25
7.95714201968272e-25
8.063016055877003e-25
8.180369019535982e-25
8.310031560668581e-25
8.45295502707845e-25
8.610229224445203e-25
8.783103684658264e-25
8.973013213791668e-25
9.181608691095689e-25
9.41079434839488e-25
9.662773094256222e-25
9.940101884985668e-25
1.0245759720225458e-24
1.0583231603371505e-24
1.0956612823946454e-24
1.1370739285363002e-24
1.183135145125978e-24
1.2345302007729695e-24
1.2920820811581676e-24
1.3567855513827809e-24
1.4298512994390991e-24
1.5127636277379904e-24
1.6073565197065813e-24
1.7159148683037314e-24
1.8413105068363712e-24
1.9871868823091575e-24
2.1582124626080503e-24
2.360432381947632e-24
2.6017621762302087e-24
2.8926896039139595e-24
3.2472851738673917e-24
3.684676881691199e-24
4.2312328640661324e-24
4.923839527584575e-24
5.8149008366938985e-24
6.980084815819748e-24
8.53050305943807e-24
1.0632391620719864e-23
1.353878082450292e-23
1.7642777865293632e-23
2.3567299408764516e-23
3.232035204119217e-23
4.5568811550329707e-23
6.613143177093552e-23
9.888596759392102e-23
1.5247558143030035e-22
2.4259238782351763e-22
3.9844408307049234e-22
6.757948864756298e-22
1.1839086338861264e-21
2.142604010719434e-21
4.0061470930629456e-21
7.739232196399413e-21
1.5447895359039258e-20
3.1860263527697294e-20
6.789573751890858e-20
1.495034739399565e-19
3.401552684689002e-19
7.996891268608531e-19
1.942600839807571e-18
4.876000231501315e-18
1.2646188154781786e-17
3.388971688838365e-17
9.383928758177185e-17
2.6847739175569016e-16
7.936700055499482e-16
2.4243376992164744e-15
7.652244615125648e-15
2.4960606899789304e-14
8.414252966703858e-14
2.9313808256389043e-13
1.0553281114367054e-12
3.925302954998571e-12
1.507988396487453e-11
5.98164197210018e-11
2.4493214863710136e-10
1.0353699068173102e-09
4.520272003735344e-09
2.0579844210715e-08
9.621713788592735e-08
4.64815209086347e-07
2.3202018608904237e-06
1.1967095485236175e-05
6.377776360900575e-05
0.0003512103948952086
0.001998402576679246
0.011749412337211475
0.07137840750689621

1.6295330868723782e-23
8.095391773647137e-19
1.1560946671387048e-14
4.746022177103139e-11
5.6007600553961254e-08
1.899962415401665e-05
0.001852780158653854
0.05193780735382745
0.41852766430421856
0.9694949851648959
0.6455766335484404
0.12357507347200307
0.00679977888385562
0.00010755721347631258
4.89063366129615e-07
6.392512144357971e-10
2.4019216098060467e-13
2.5943402633115683e-17
8.055191708251825e-22
7.189615490959402e-27
1.844659813799496e-32
1.360528825498727e-38
2.884563123466356e-45
1.758057945667e-52
3.080116634256992e-60
1.5512506541202428e-68
2.245833893229675e-77
9.346610063623574e-87
1.1181793197030388e-96
3.8454717559711775e-107
3.8016193945352264e-118
1.0803599644500348e-129
8.825700139657634e-142
2.072577086355514e-154
1.3991138497836136e-167
2.715040157723849e-181
1.5145384315352164e-195
2.428651372207351e-210
1.1195175213212518e-225
1.483465502686063e-241
5.650733772576558e-258
6.187469629219785e-275
1.9476107033277384e-292
1.76226843986275e-310
0.0
0.0
0.0
0.0
0.0
0.0
0.0
0.0
0.0
0.0
0.0
0.0
0.0
0.0
0.0
0.0
0.0
0.0
0.0
0.0
0.0
0.0
0.0
0.0
0.0
0.0
0.0
0.0
0.0
0.0
0.0
0.0
0.0
0.0
0.0
0.0
0.0
0.0
0.0
0.0
0.0
0.0
0.0
0.0
0.0
0.0
0.0
0.0
0.0
0.0
0.0
0.0
0.0
0.0
0.0
0.0
