0.5024444433360531
0.21293794132630864
0.1011806516753798
0.05351191713812144
0.031187888477979986
0.019794011974509158
0.013508044504765905
0.009791353880230834
0.007456089890031361
0.005909359196391134
0.0048373426982119185
0.004064895248979131
0.003489498822406319
0.003048531776775068
0.002702256834638593
0.0024245858893429902
0.0021978638851771863
0.0020098144925592924
0.0018516919603311392
0.0017171289130501009
0.0016013982232070535
0.001500928282407696
0.001412977396936453
0.0013354105017608453
0.001266543113840275
0.0012050303662091652
0.001149786829784158
0.0010999277229905337
0.0010547252152943902
0.001013575539580766
0.0009759739504412192
0.0009414954498556076
0.0009097798024305839
0.0008805197761573972
0.0008534518335289265
0.000828348702053302
0.0008050133992409628
0.0007832743927434193
0.0007629816534778272
0.0007440034164974099
0.0007262235067569199
0.0007095391187632019
0.0006938589632163324
0.0006791017121544408
0.0006651946882706038
0.0006520727550323284
0.0006396773727803615
0.0006279557926888924
0.0006168603657621125
0.0006063479482443627
0.0005963793881758594
0.0005869190805183632
0.0005779345804468116
0.0005693962661630624
0.00056127704402108
0.0005535520899250412
0.0005461986219245708
0.0005391956997252773
0.0005325240474901194
0.0005261658968534173
0.0005201048475249988
0.0005143257432433313
0.000508814561156798
0.0005035583129821313
0.0004985449565171004
0.0004937633162779116
0.0004892030121961772
0.00048485439545049494
0.0004807084906275169
0.0004767569435101428
0.0004729919738787763
0.00046940633278766826
0.00046599326384410287
0.00046274646807508167
0.00045966007201554796
0.000456728598695147
0.00045394694123797297
0.00045131033882246614
0.0004488143547772748
0.0004464548566140447
0.00044422799782020114
0.00044213020125428136
0.0004401581440035883
0.00043830874357917663
0.00043657914533670527
0.00043496671102371957
0.00043346900836465523
0.00043208380160444465
0.0004308090429402083
0.0004296428647782506
0.00042858357276055373
0.00042762963951129256
0.0004267796990596358
0.00042603254190035165
0.00042538711065855133
0.00042484249632935683
0.0004243979350673962
0.0004240528055048973
0.00042380662658077353
0.0004236590558665457
0.00042360988837823423
0.0004236590558665457
0.00042380662658077353
0.0004240528055048973
0.0004243979350673962
0.00042484249632935683
0.00042538711065855133
0.00042603254190035165
0.0004267796990596358
0.00042762963951129256
0.00042858357276055373
0.0004296428647782506
0.0004308090429402083
0.00043208380160444465
0.00043346900836465523
0.00043496671102371957
0.00043657914533670527
0.00043830874357917663
0.0004401581440035883
0.00044213020125428136
0.00044422799782020114
0.0004464548566140447
0.0004488143547772748
0.00045131033882246614
0.00045394694123797297
0.000456728598695147
0.00045966007201554796
0.00046274646807508167
0.00046599326384410287
0.00046940633278766826
0.0004729919738787763
0.0004767569435101428
0.0004807084906275169
0.00048485439545049494
0.0004892030121961772
0.0004937633162779116
0.0004985449565171004
0.0005035583129821313
0.000508814561156798
0.0005143257432433313
0.0005201048475249988
0.0005261658968534173
0.0005325240474901194
0.0005391956997252773
0.0005461986219245708
0.0005535520899250412
0.00056127704402108
0.0005693962661630624
0.0005779345804468116
0.0005869190805183632
0.0005963793881758594
0.0006063479482443627
0.0006168603657621125
0.0006279557926888924
0.0006396773727803615
0.0006520727550323284
0.0006651946882706038
0.0006791017121544408
0.0006938589632163324
0.0007095391187632019
0.0007262235067569199
0.0007440034164974099
0.0007629816534778272
0.0007832743927434193
0.0008050133992409628
0.000828348702053302
0.0008534518335289265
0.0008805197761573972
0.0009097798024305839
0.0009414954498556076
0.0009759739504412192
0.001013575539580766
0.0010547252152943902
0.0010999277229905337
0.001149786829784158
0.0012050303662091652
0.001266543113840275
0.0013354105017608453
0.001412977396936453
0.001500928282407696
0.0016013982232070535
0.0017171289130501009
0.0018516919603311392
0.0020098144925592924
0.0021978638851771863
0.0024245858893429902
0.002702256834638593
0.003048531776775068
0.003489498822406319
0.004064895248979131
0.0048373426982119185
0.005909359196391134
0.007456089890031361
0.009791353880230834
0.013508044504765905
0.019794011974509158
0.031187888477979986
0.05351191713812144
0.1011806516753798
0.21293794132630864

0.01963332442441473
0.07409165454609436
0.2009126213600539
0.39147823686978195
0.5481135065868022
0.5514369471868148
0.398642589317348
0.2070780209048907
0.07729417979284232
0.020731086184889894
0.003995395700836943
0.0005532991659402661
5.505828884897967e-05
3.936841054008798e-06
2.0227188827020024e-07
7.467679204380546e-09
1.981062853139575e-10
3.776359511356184e-12
5.1726237249888586e-14
5.091091693052428e-16
3.6005879792296826e-18
1.8297780447405143e-20
6.681683100129075e-23
1.7532175626885378e-25
3.3055842284864956e-28
4.478402460573633e-31
4.359738978717421e-34
3.0497225707045508e-37
1.5329311738098807e-40
5.536654904556275e-44
1.4369270844469655e-47
2.6796895538570954e-51
3.5908454413790894e-55
3.4575734793586164e-59
2.3922612249680328e-63
1.1893461209888333e-67
4.248840191848777e-72
1.0906741235455902e-76
2.0117874712786251e-81
2.666439078439755e-86
2.539473637313794e-91
1.7378737707567624e-96
8.545849204149515e-102
3.019636724426985e-107
7.66684438957212e-113
1.398753143387502e-118
1.8336987085124103e-124
1.727338128069155e-130
1.1692011033549223e-136
5.686742327518741e-143
1.987468988706283e-149
4.991138808739977e-156
9.006611134984891e-163
1.1678462029852638e-169
1.088108920146688e-176
7.284865953621232e-184
3.504557870853166e-191
1.2114552704015199e-198
3.009151186169997e-206
5.370851064617085e-214
6.888183171474348e-222
6.347880495111984e-230
4.2035408634311536e-238
2.000157899992087e-246
6.838734867964477e-255
1.6801564694171347e-263
2.9661025823988036e-272
3.762574277770864e-281
3.429623719523797e-290
2.2463133740359202e-299
1.057198865068537e-308
3.57524e-318
0.0
0.0
0.0
0.0
0.0
0.0
0.0
0.0
0.0
0.0
0.0
0.0
0.0
0.0
0.0
0.0
0.0
0.0
0.0
0.0
0.0
0.0
0.0
0.0
0.0
0.0
0.0
0.0
