1.2951584161034817
0.04497272903050148
0.00223653566999239
0.00012906226494109295
8.26536621586223e-06
5.818146662512937e-07
4.487177390341986e-08
3.621890149351711e-09
3.440955210440582e-10
3.541704439037656e-11
3.918145463677853e-12
4.668787698914863e-13
6.034253086483843e-14
8.513227332401254e-15
1.314361336122576e-15
2.2184001102780073e-16
4.083892108796958e-17
8.187056479953124e-18
1.7866614244748916e-18
4.245896094043585e-19
1.099226900586609e-19
3.1007930158664574e-20
9.530478001713193e-21
3.191284117726639e-21
1.1640064921406255e-21
4.623339416536205e-22
1.9984813807047883e-22
9.390128704759601e-23
4.785954307133089e-23
2.6374182958134435e-23
1.564266279546182e-23
9.927042370546231e-24
6.694935873911337e-24
4.763428463542746e-24
3.549578723001167e-24
2.75132900674777e-24
2.204670655370537e-24
1.8166057007346233e-24
1.5322493517948483e-24
1.317997579360084e-24
1.152571672789956e-24
1.0220770333682063e-24
9.17182999026184e-25
8.31461881299348e-25
7.603818352278649e-25
7.006795024508324e-25
6.499593553846167e-25
6.064318533141488e-25
5.687386286941617e-25
5.3583345149159675e-25
5.068996805281774e-25
4.81292041136131e-25
4.584949112720594e-25
4.380919970655937e-25
4.197439879145232e-25
4.03171882952798e-25
3.881444027951387e-25
3.74468381171805e-25
3.6198135582591267e-25
3.505458004999949e-25
3.40044594211923e-25
3.3037743247078643e-25
3.2145796215876805e-25
3.1321147718417094e-25
3.0557305221405185e-25
2.984860212676529e-25
2.919007297589373e-25
2.8577350485392586e-25
2.8006580125993494e-25
2.7474348885817456e-25
2.6977625569537694e-25
2.651371053192557e-25
2.608019316817367e-25
2.5674915814107846e-25
2.5295942969015123e-25
2.494153495882373e-25
2.461012532018038e-25
2.430030131596907e-25
2.401078709715882e-25
2.374042911003763e-25
2.348818341611614e-25
2.3253104647542774e-25
2.303433636632062e-25
2.283110263295657e-25
2.264270062098286e-25
2.246849413932042e-25
2.230790794569364e-25
2.2160422752052547e-25
2.202557083784697e-25
2.190293219954285e-25
2.1792131175387587e-25
2.169283349346068e-25
2.1604743698761825e-25
2.1527602921720726e-25
2.146118695624819e-25
2.140530462044337e-25
2.1359796377457775e-25
2.1324533197903948e-25
2.1299415648679587e-25
2.1284373196237e-25
2.1279363715236018e-25
2.1284373196237e-25
2.1299415648679587e-25
2.1324533197903948e-25
2.1359796377457775e-25
2.140530462044337e-25
2.146118695624819e-25
2.1527602921720726e-25
2.1604743698761825e-25
2.169283349346068e-25
2.1792131175387587e-25
2.190293219954285e-25
2.202557083784697e-25
2.2160422752052547e-25
2.230790794569364e-25
2.246849413932042e-25
2.264270062098286e-25
2.283110263295657e-25
2.303433636632062e-25
2.3253104647542774e-25
2.348818341611614e-25
2.374042911003763e-25
2.401078709715882e-25
2.430030131596907e-25
2.461012532018038e-25
2.494153495882373e-25
2.5295942969015123e-25
2.5674915814107846e-25
2.608019316817367e-25
2.651371053192557e-25
2.6977625569537694e-25
2.7474348885817456e-25
2.8006580125993494e-25
2.8577350485392586e-25
2.919007297589373e-25
2.984860212676529e-25
3.0557305221405185e-25
3.1321147718417094e-25
3.2145796215876805e-25
3.3037743247078643e-25
3.40044594211923e-25
3.505458004999949e-25
3.6198135582591267e-25
3.74468381171805e-25
3.881444027951387e-25
4.03171882952798e-25
4.197439879145232e-25
4.380919970655937e-25
4.584949112720594e-25
4.81292041136131e-25
5.068996805281774e-25
5.3583345149159675e-25
5.687386286941617e-25
6.064318533141488e-25
6.499593553846167e-25
7.006795024508324e-25
7.603818352278649e-25
8.31461881299348e-25
9.17182999026184e-25
1.0220770333682063e-24
1.152571672789956e-24
1.317997579360084e-24
1.5322493517948483e-24
1.8166057007346233e-24
2.204670655370537e-24
2.75132900674777e-24
3.549578723001167e-24
4.763428463542746e-24
6.694935873911337e-24
9.927042370546231e-24
1.564266279546182e-23
2.6374182958134435e-23
4.785954307133089e-23
9.390128704759601e-23
1.9984813807047883e-22
4.623339416536205e-22
1.1640064921406255e-21
3.191284117726639e-21
9.530478001713193e-21
3.1007930158664574e-20
1.099226900586609e-19
4.245896094043585e-19
1.7866614244748916e-18
8.187056479953124e-18
4.083892108796958e-17
2.2184001102780073e-16
1.314361336122576e-15
8.513227332401254e-15
6.034253086483843e-14
4.668787698914863e-13
3.918145463677853e-12
3.541704439037656e-11
3.440955210440582e-10
3.621890149351711e-09
4.487177390341986e-08
5.818146662512937e-07
8.26536621586223e-06
0.00012906226494109295
0.00223653566999239
0.04497272903050148

6.906869649407641e-24
6.757113272566122e-21
4.106455671482678e-18
1.5501811247832154e-15
3.635004771175281e-13
5.294615426526595e-11
4.790388013418854e-09
2.692240544036886e-07
9.39862953038988e-06
0.00020381063365899012
0.0027455211199125754
0.022981440801826736
0.11966959169688289
0.3892314047006106
0.800116180270208
1.0671752944002355
0.9606543699082697
0.5987747237333212
0.25536706654584385
0.08356267907562946
0.059336610635708116
0.11242910425223454
0.20614011592939896
0.3094886049959961
0.37762516787009176
0.3743876501633203
0.30159543007379414
0.1974106768337054
0.10499271273959641
0.045372249833941884
0.01593177304704775
0.004545488317879238
0.0010537549294019162
0.0001984912336828979
3.037985392075626e-05
3.7780932248639747e-06
3.8177043884870765e-07
3.134545388569516e-08
2.0911706121217004e-09
1.1335665177261236e-10
4.992834732355711e-12
1.7868578741726887e-13
5.196075685713837e-15
1.2277319697491218e-16
2.35707987529384e-18
3.676949568929776e-20
4.660619901232806e-22
4.800012139595367e-24
4.016831597364359e-26
2.7312883483720074e-28
1.5090169495580546e-30
6.774282790865646e-33
2.4710137668832473e-35
7.323684827384898e-38
1.7637083298624126e-40
3.451171364472946e-43
5.487176387530066e-46
7.08882011969329e-49
7.441176910983817e-52
6.34675804181367e-55
4.3985030006426686e-58
2.476854422816629e-61
1.1332838744827702e-64
4.21327275759711e-68
1.2727499239983649e-71
3.1239870345633635e-75
6.230429759268046e-79
1.0096466861167504e-82
1.3294239013742163e-86
1.4223293748857331e-90
1.2364584156632315e-94
8.733764728939057e-99
5.012635217093479e-103
2.337616972179549e-107
8.85774637766398e-112
2.727192342458255e-116
6.82261610381187e-121
1.386847601316789e-125
2.2905996122694822e-130
3.074059466564763e-135
3.3521078619889146e-140
2.9700676620470893e-145
2.1382443852405234e-150
1.2508089376936355e-155
5.945210687925189e-161
2.2960754886312195e-166
7.205227755972636e-172
1.837180820051496e-177
3.806262451636756e-183
6.407493836654325e-189
8.764361894769941e-195
9.740809395900709e-201
8.796551044596366e-207
6.454646278629806e-213
3.848354810129327e-219
1.864319763384212e-225
7.33851758445405e-232
2.3471395604136598e-238
6.099751269822718e-245
1.2880359280380028e-251
