1.497340551026163
0.021551026262596286
0.00035877075436961507
7.2690232032381185e-06
1.952104932740799e-07
9.932606561698456e-09
4.5652076817154756e-10
3.139238734678515e-11
2.97173973953762e-12
3.682020118425242e-13
5.846588192401453e-14
1.1819566197263938e-14
3.0330180712886257e-15
9.807593224596053e-16
3.932400910669134e-16
1.9043822850972245e-16
1.0775516075039318e-16
6.885447883012154e-17
4.822727025392285e-17
3.616700253018526e-17
2.853763617579297e-17
2.3396305891355142e-17
1.9751048915817055e-17
1.7058153083433618e-17
1.5001051352704712e-17
1.3385695877977277e-17
1.2087790049366629e-17
1.102464973254533e-17
1.0139447560113542e-17
9.392004389750498e-18
8.75320002160021e-18
8.201465327807377e-18
7.720514303922818e-18
7.297838387206719e-18
6.923682824073205e-18
6.590335736627135e-18
6.291624752121316e-18
6.022554312170287e-18
5.779040157597849e-18
5.5577121116333934e-18
5.355765633595284e-18
5.170848710187128e-18
5.000974697665401e-18
4.844454459529132e-18
4.6998430170680095e-18
4.5658972326639865e-18
4.4415419639565355e-18
4.325842782388609e-18
4.217983822954047e-18
4.117249677512862e-18
4.023010498907476e-18
3.934709672910998e-18
3.851853557663632e-18
3.774002898346388e-18
3.7007656074244144e-18
3.631790664367048e-18
3.5667629380464565e-18
3.5053987735006626e-18
3.4474422149856353e-18
3.3926617611480346e-18
3.340847567161961e-18
3.291809023876414e-18
3.245372656242826e-18
3.2013802931683686e-18
3.1596874689598327e-18
3.120162023064451e-18
3.082682870173839e-18
3.0471389171676913e-18
3.0134281070178903e-18
2.981456572796305e-18
2.9511378874462913e-18
2.9223923970809448e-18
2.8951466273347805e-18
2.8693327537794446e-18
2.844888128666759e-18
2.821754857323284e-18
2.7998794184217533e-18
2.7792123231225445e-18
2.7597078087344593e-18
2.7413235631063297e-18
2.7240204764441445e-18
2.707762417664791e-18
2.6925160327572634e-18
2.678250562934047e-18
2.6649376806262335e-18
2.652551341612044e-18
2.6410676517747426e-18
2.6304647471667516e-18
2.620722686215831e-18
2.611823353049505e-18
2.6037503710381273e-18
2.5964890257675032e-18
2.5900261967505454e-18
2.5843502972760114e-18
2.5794512218721074e-18
2.5753203009352478e-18
2.5719502621403967e-18
2.5693351983103576e-18
2.5674705414779218e-18
2.5663530429278012e-18
2.565980759055435e-18
2.5663530429278012e-18
2.5674705414779218e-18
2.5693351983103576e-18
2.5719502621403967e-18
2.5753203009352478e-18
2.5794512218721074e-18
2.5843502972760114e-18
2.5900261967505454e-18
2.5964890257675032e-18
2.6037503710381273e-18
2.611823353049505e-18
2.620722686215831e-18
2.6304647471667516e-18
2.6410676517747426e-18
2.652551341612044e-18
2.6649376806262335e-18
2.678250562934047e-18
2.6925160327572634e-18
2.707762417664791e-18
2.7240204764441445e-18
2.7413235631063297e-18
2.7597078087344593e-18
2.7792123231225445e-18
2.7998794184217533e-18
2.821754857323284e-18
2.844888128666759e-18
2.8693327537794446e-18
2.8951466273347805e-18
2.9223923970809448e-18
2.9511378874462913e-18
2.981456572796305e-18
3.0134281070178903e-18
3.0471389171676913e-18
3.082682870173839e-18
3.120162023064451e-18
3.1596874689598327e-18
3.2013802931683686e-18
3.245372656242826e-18
3.291809023876414e-18
3.340847567161961e-18
3.3926617611480346e-18
3.4474422149856353e-18
3.5053987735006626e-18
3.5667629380464565e-18
3.631790664367048e-18
3.7007656074244144e-18
3.774002898346388e-18
3.851853557663632e-18
3.934709672910998e-18
4.023010498907476e-18
4.117249677512862e-18
4.217983822954047e-18
4.325842782388609e-18
4.4415419639565355e-18
4.5658972326639865e-18
4.6998430170680095e-18
4.844454459529132e-18
5.000974697665401e-18
5.170848710187128e-18
5.355765633595284e-18
5.5577121116333934e-18
5.779040157597849e-18
6.022554312170287e-18
6.291624752121316e-18
6.590335736627135e-18
6.923682824073205e-18
7.297838387206719e-18
7.720514303922818e-18
8.201465327807377e-18
8.75320002160021e-18
9.392004389750498e-18
1.0139447560113542e-17
1.102464973254533e-17
1.2087790049366629e-17
1.3385695877977277e-17
1.5001051352704712e-17
1.7058153083433618e-17
1.9751048915817055e-17
2.3396305891355142e-17
2.853763617579297e-17
3.616700253018526e-17
4.822727025392285e-17
6.885447883012154e-17
1.0775516075039318e-16
1.9043822850972245e-16
3.932400910669134e-16
9.807593224596053e-16
3.0330180712886257e-15
1.1819566197263938e-14
5.846588192401453e-14
3.682020118425242e-13
2.97173973953762e-12
3.139238734678515e-11
4.5652076817154756e-10
9.932606561698456e-09
1.952104932740799e-07
7.2690232032381185e-06
0.00035877075436961507
0.021551026262596286

1.064280743177889e-16
3.093562648776014e-15
7.597718460942718e-14
1.576627317044452e-12
2.7643718842031863e-11
4.0952975077165446e-10
5.12620555124032e-09
5.42160840307221e-08
4.844866834351952e-07
3.658112968097943e-06
2.3337479589223115e-05
0.00012579760094879865
0.0005729442117691826
0.0022048237749879907
0.00716897391255014
0.01969525856750985
0.04571808427875729
0.08967057471687932
0.15045391809287156
0.39381476837434676
1.838227662525833
1.660725820252133
1.2342752568045303
1.2079669046181216
0.580066491081128
0.14189083256114987
0.027630535151289656
0.007416377508385928
0.0021964587059230753
0.0005692625102936105
0.00012488796529979456
2.3151020598548877e-05
3.6261144725577948e-06
4.798819889338813e-07
5.3659788901089456e-08
5.069732433822535e-09
4.0470883748727184e-10
2.7297439153583048e-11
1.5556886917214242e-12
7.491090653440204e-14
3.0478176535222493e-15
1.0477422989904458e-16
3.0432774236249712e-18
7.468788832993254e-20
1.5487466743000832e-21
2.7135145995583833e-23
4.017034003436557e-25
5.024587609124704e-27
5.310273722397734e-29
4.7419280717803985e-31
3.5777878596994665e-33
2.280845036217063e-35
1.228566143560904e-37
5.59142978972802e-40
2.1501500992430444e-42
6.986123370769534e-45
1.9178970565471587e-47
4.448728520642135e-50
8.719028260676443e-53
1.4438491986155117e-55
2.0202129775188113e-58
2.388328420882395e-61
2.3856817400619872e-64
2.0135041817284197e-67
1.4358667373941985e-70
8.651617365248959e-74
4.404555046599774e-77
1.8946471897161973e-80
6.8861460204405e-84
2.11468495237451e-87
5.487021878841809e-91
1.2029547143620832e-94
2.228350151762079e-98
3.487700315269605e-102
4.61228840879578e-106
5.15365475081581e-110
4.865592755099682e-114
3.881304900566584e-118
2.616021655225657e-122
1.4897948837559783e-126
7.168580918651947e-131
2.914482654481988e-135
1.0011780688519572e-139
2.9059139514281655e-144
7.126491016757659e-149
1.4766932974814387e-153
2.585392204442351e-158
3.824583401793482e-163
4.780390850592822e-168
5.04852192583504e-173
4.5049155770837495e-178
3.3964923141256183e-183
2.1636957167504867e-188
1.1646174798255745e-193
5.296536782594734e-199
2.035271029387422e-204
6.60806153522896e-210
1.812789913009953e-215
4.2018683669633734e-221
8.229225813910317e-227
