1.2693186543224344
0.23942688895495093
0.14808835093154882
0.10861580369836119
0.08477311422683699
0.06904815613093658
0.05805029841375553
0.04999828689564846
0.04388365373923721
0.03910076077250269
0.035267527315093
0.03213266962226228
0.0295249662399616
0.027324147758113454
0.02544348396537203
0.023818981831666388
0.02240246650230176
0.021157022226187636
0.020053911739873552
0.019070447331592827
0.018188489591128516
0.017393369336651518
0.016673100564797764
0.016017797186058984
0.01541923482738539
0.014870517471045924
0.014365820911862021
0.013900193225111167
0.013469398046161872
0.013069790351967977
0.01269821716867425
0.012351937576580008
0.012028557786861434
0.011725978087031718
0.011442349205174614
0.011176036203021784
0.01092558842828445
0.010689714374886583
0.010467260542657248
0.010257193574888765
0.010058585096945504
0.009870598792064774
0.009692479339199837
0.00952354290785503
0.00936316896058615
0.009210793158384035
0.009065901199959377
0.00892802345486653
0.0087967302738798
0.008671627879181557
0.008552354752605936
0.008438578453085658
0.0083299928051092
0.008226315408836261
0.008127285429879092
0.0080326616329064
0.007942220628382159
0.007855755306088822
0.007773073432744882
0.007693996394125796
0.007618358064728823
0.007546003790263501
0.0074767894701635315
0.007410580728954857
0.007347252166722091
0.007286686680126856
0.007228774846476944
0.0071734143642494235
0.007120509544254849
0.007069970846310912
0.007021714456887229
0.006975661903700729
0.006931739703694078
0.006889879041226404
0.006850015473654238
0.006812088661787287
0.006776042122974132
0.006741823004811804
0.006709381877684751
0.006678672544526205
0.006649651866361621
0.006622279602342319
0.006596518263109802
0.006572332976449622
0.006549691364299759
0.006528563430273689
0.006508921456944127
0.006490739912210746
0.006473995364145284
0.006458666403770908
0.006444733575290723
0.006432179313333012
0.006420987886829451
0.006411145349187113
0.006402639494456414
0.0063954598192356524
0.006389597490088689
0.0063850453162861455
0.006381797727712615
0.006379850757812857
0.006379202031479455
0.006379850757812857
0.006381797727712615
0.0063850453162861455
0.006389597490088689
0.0063954598192356524
0.006402639494456414
0.006411145349187113
0.006420987886829451
0.006432179313333012
0.006444733575290723
0.006458666403770908
0.006473995364145284
0.006490739912210746
0.006508921456944127
0.006528563430273689
0.006549691364299759
0.006572332976449622
0.006596518263109802
0.006622279602342319
0.006649651866361621
0.006678672544526205
0.006709381877684751
0.006741823004811804
0.006776042122974132
0.006812088661787287
0.006850015473654238
0.006889879041226404
0.006931739703694078
0.006975661903700729
0.007021714456887229
0.007069970846310912
0.007120509544254849
0.0071734143642494235
0.007228774846476944
0.007286686680126856
0.007347252166722091
0.007410580728954857
0.0074767894701635315
0.007546003790263501
0.007618358064728823
0.007693996394125796
0.007773073432744882
0.007855755306088822
0.007942220628382159
0.0080326616329064
0.008127285429879092
0.008226315408836261
0.0083299928051092
0.008438578453085658
0.008552354752605936
0.008671627879181557
0.0087967302738798
0.00892802345486653
0.009065901199959377
0.009210793158384035
0.00936316896058615
0.00952354290785503
0.009692479339199837
0.009870598792064774
0.010058585096945504
0.010257193574888765
0.010467260542657248
0.010689714374886583
0.01092558842828445
0.011176036203021784
0.011442349205174614
0.011725978087031718
0.012028557786861434
0.012351937576580008
0.01269821716867425
0.013069790351967977
0.013469398046161872
0.013900193225111167
0.014365820911862021
0.014870517471045924
0.01541923482738539
0.016017797186058984
0.016673100564797764
0.017393369336651518
0.018188489591128516
0.019070447331592827
0.020053911739873552
0.021157022226187636
0.02240246650230176
0.023818981831666388
0.02544348396537203
0.027324147758113454
0.0295249662399616
0.03213266962226228
0.035267527315093
0.03910076077250269
0.04388365373923721
0.04999828689564846
0.05805029841375553
0.06904815613093658
0.08477311422683699
0.10861580369836119
0.14808835093154882
0.23942688895495093

0.31615841631826547
0.35656644013195105
0.3541665335091089
0.30981747784543257
0.23869078094328924
0.16195587787348076
0.09678078078355003
0.05093459605971346
0.02360847578556383
0.00963727762276291
0.003464754734281358
0.0010974637651920657
0.0003353308057220021
0.0010381099942413546
0.014997578853806122
0.11089656080392973
0.3934579147156299
0.699645706151757
0.7788190594791137
0.8698566157148953
0.8927069315739393
0.5446878552429435
0.17036527608485263
0.02663416448970895
0.002073837289713488
8.038673679718205e-05
1.5511107065048754e-06
1.4898647197011415e-08
7.123545072613757e-11
1.6954726186591972e-13
2.008772093222336e-16
1.1847230340462939e-19
3.478775012117527e-23
5.207364924955344e-27
2.4896027831949406e-30
3.184077096950215e-32
4.208561543798554e-34
4.901142322684811e-36
5.026810715495005e-38
4.540661095590082e-40
3.6122432019904465e-42
2.530848883756601e-44
1.5616610700440184e-46
8.486696899374109e-49
4.061831817146482e-51
1.7121291463234153e-53
6.355978825261248e-56
2.0780677415922642e-58
5.9836791416375994e-61
1.5174284851680267e-63
3.3890619299830225e-66
6.666257962667548e-69
1.1548246987545562e-71
1.761900382838028e-74
2.367434509665817e-77
2.80159875558909e-80
2.9198815611948935e-83
2.6801300809700905e-86
2.1665955589803416e-89
1.542521272228813e-92
9.671989426232214e-96
5.341113440290807e-99
2.597640991415619e-102
1.1126480052602778e-105
4.197278592261479e-109
1.3944698753958644e-112
4.080203414662884e-116
1.0514432350388612e-119
2.386278811962736e-123
4.769664997380709e-127
8.396260543645441e-131
1.301713096330522e-134
1.7773623640053395e-138
2.1373124862814884e-142
2.263556837716291e-146
2.111281406736732e-150
1.734331770759044e-154
1.2547279565133164e-158
7.994628862440984e-163
4.486197381550341e-167
2.2171229925473042e-171
9.650115957314894e-176
3.699189808511124e-180
1.2488550597378444e-184
3.7132038956076706e-189
9.723371854377275e-194
2.2424167580704393e-198
4.554567088510096e-203
8.147215702896257e-208
1.28352006901784e-212
1.7808504504342584e-217
2.1761236814163444e-222
2.3419145114247543e-227
2.2196772866371846e-232
1.8528487817084487e-237
1.3621390777391657e-242
8.819303053598213e-248
5.0289627424386566e-253
2.5255380020610903e-258
1.1170194499843488e-263
