0.48424725276453007
0.09461302871103412
0.025126979583489542
0.008865046521656792
0.00399185050626246
0.002180486059982103
0.0013747252600554939
0.0009606000915239946
0.0007221959929223618
0.0005723054645453891
0.0004713828555814097
0.0003996857209231636
0.00034653983033798726
0.0003057783247011075
0.0002736355021049652
0.00024770225088269036
0.0002263753000653073
0.0002085511020587159
0.00019344772709105888
0.0001804970265857759
0.0001692770229819145
0.00015946819657965383
0.0001508244424893591
0.00014315330062202093
0.00013630220263620364
0.00013014871602332092
0.0001245935005473076
0.00011955514100124367
0.00011496630088153763
0.00011077082098190537
0.00010692150392191452
0.00010337840336584189
0.00010010748922216794
9.707959617632261e-05
9.426958802640205e-05
9.165568802290982e-05
8.92189380889782e-05
8.694275896528173e-05
8.481259002753149e-05
8.28155924767694e-05
8.094040329652814e-05
7.917693015107669e-05
7.751617950931347e-05
7.595011189366537e-05
7.447151939836333e-05
7.307392158827393e-05
7.175147664535282e-05
7.049890522458071e-05
6.931142495215249e-05
6.818469387368867e-05
6.71147614605221e-05
6.60980260238387e-05
6.513119758202248e-05
6.421126538554562e-05
6.333546943359612e-05
6.250127542315372e-05
6.170635265897285e-05
6.09485545255118e-05
6.0225901182106546e-05
5.953656419293394e-05
5.8878852845291046e-05
5.825120194501182e-05
5.7652160907518215e-05
5.7080383988097425e-05
5.6534621516256664e-05
5.601371201707701e-05
5.551657511789274e-05
5.504220515178932e-05
5.458966538069983e-05
5.4158082770578984e-05
5.374664325948885e-05
5.3354587466649245e-05
5.298120679675284e-05
5.262583989926798e-05
5.228786944716868e-05
5.1966719203642554e-05
5.166185134891979e-05
5.137276404251151e-05
5.109898919890591e-05
5.084009045719757e-05
5.059566132726412e-05
5.0365323496993695e-05
5.0148725286738e-05
4.994554023864987e-05
4.9755465829882074e-05
4.9578222299799776e-05
4.9413551582409504e-05
4.926121633614768e-05
4.912099906401738e-05
4.8992701317823376e-05
4.8876142980944065e-05
4.877116162470396e-05
4.867761193397911e-05
4.859536519818893e-05
4.852430886430657e-05
4.846434614896263e-05
4.8415395707128295e-05
4.837739135524926e-05
4.835028184706512e-05
4.8334030700693075e-05
4.832861607588592e-05
4.8334030700693075e-05
4.835028184706512e-05
4.837739135524926e-05
4.8415395707128295e-05
4.846434614896263e-05
4.852430886430657e-05
4.859536519818893e-05
4.867761193397911e-05
4.877116162470396e-05
4.8876142980944065e-05
4.8992701317823376e-05
4.912099906401738e-05
4.926121633614768e-05
4.9413551582409504e-05
4.9578222299799776e-05
4.9755465829882074e-05
4.994554023864987e-05
5.0148725286738e-05
5.0365323496993695e-05
5.059566132726412e-05
5.084009045719757e-05
5.109898919890591e-05
5.137276404251151e-05
5.166185134891979e-05
5.1966719203642554e-05
5.228786944716868e-05
5.262583989926798e-05
5.298120679675284e-05
5.3354587466649245e-05
5.374664325948885e-05
5.4158082770578984e-05
5.458966538069983e-05
5.504220515178932e-05
5.551657511789274e-05
5.601371201707701e-05
5.6534621516256664e-05
5.7080383988097425e-05
5.7652160907518215e-05
5.825120194501182e-05
5.8878852845291046e-05
5.953656419293394e-05
6.0225901182106546e-05
6.09485545255118e-05
6.170635265897285e-05
6.250127542315372e-05
6.333546943359612e-05
6.421126538554562e-05
6.513119758202248e-05
6.60980260238387e-05
6.71147614605221e-05
6.818469387368867e-05
6.931142495215249e-05
7.049890522458071e-05
7.175147664535282e-05
7.307392158827393e-05
7.447151939836333e-05
7.595011189366537e-05
7.751617950931347e-05
7.917693015107669e-05
8.094040329652814e-05
8.28155924767694e-05
8.481259002753149e-05
8.694275896528173e-05
8.92189380889782e-05
9.165568802290982e-05
9.426958802640205e-05
9.707959617632261e-05
0.00010010748922216794
0.00010337840336584189
0.00010692150392191452
0.00011077082098190537
0.00011496630088153763
0.00011955514100124367
0.0001245935005473076
0.00013014871602332092
0.00013630220263620364
0.00014315330062202093
0.0001508244424893591
0.00015946819657965383
0.0001692770229819145
0.0001804970265857759
0.00019344772709105888
0.0002085511020587159
0.0002263753000653073
0.00024770225088269036
0.0002736355021049652
0.0003057783247011075
0.00034653983033798726
0.0003996857209231636
0.0004713828555814097
0.0005723054645453891
0.0007221959929223618
0.0009606000915239946
0.0013747252600554939
0.002180486059982103
0.00399185050626246
0.008865046521656792
0.025126979583489542
0.09461302871103412

0.002281855785932112
0.006638301717236793
0.01699455475239059
0.038286582536461576
0.07590448254916614
0.13242569288830724
0.20331110131635363
0.2746843654003606
0.32658091206049045
0.3416895236397152
0.31459842063413385
0.25489740941549494
0.1817432601353055
0.11403422509841633
0.06296455323575922
0.030594336956538827
0.013081874362778684
0.004922468108784361
0.0016299709239420183
0.0004749641302260542
0.00012179396708544012
2.7483671540242645e-05
5.457675770862963e-06
9.53728415988379e-07
1.4666474190260697e-07
1.9847724869783407e-08
2.3636313892173724e-09
2.477038606657674e-10
2.284387689342993e-11
1.8539194279167316e-12
1.3240241574419158e-13
8.321181052378344e-15
4.60212110387845e-16
2.2398303399447807e-17
9.593039050960531e-19
3.6156077660666273e-20
1.1991966804944316e-21
3.500124831796339e-23
8.990020016695263e-25
2.0319910588706287e-26
4.041726627080146e-28
7.074505479809594e-30
1.0897057639113605e-31
1.4770881627452948e-33
1.7619257244223576e-35
1.8494933918896996e-37
1.7084488486620713e-39
1.3887855397074494e-41
9.934646085214905e-44
6.253938751254165e-46
3.4644863604534485e-48
1.6889161829951382e-50
7.2453829908831e-53
2.735259948519726e-55
9.08698632153647e-58
2.6565937787761495e-60
6.834621008212486e-63
1.5473470526208984e-65
3.082797767399276e-68
5.404883638826287e-71
8.338955766740815e-74
1.1321943955470732e-76
1.3527400254167106e-79
1.4223015678322554e-82
1.3159913848799322e-85
1.0715153885540377e-88
7.677640766924702e-92
4.841067878110222e-95
2.6862013636188634e-98
1.3116560517287503e-101
5.636186798757186e-105
2.1312519729837317e-108
7.09199184123544e-112
2.076756914814041e-115
5.351642721309539e-119
1.213591616637732e-122
2.4218209537251115e-126
4.253001207708411e-130
6.572536227620518e-134
8.938290802790712e-138
1.069695036286652e-141
1.1265474527793062e-145
1.0440541121709309e-149
8.514919284582073e-154
6.1111377293635085e-158
3.859647271635963e-162
2.1451475561340327e-166
1.0491817652294662e-170
4.5157335225607947e-175
1.7103692770315974e-179
5.70079568965779e-184
1.6721108903376254e-188
4.315972642065863e-193
9.803390443112588e-198
1.9595571106830419e-202
3.4468593312666264e-207
5.33547640142771e-212
7.267865068038112e-217
8.712133408746346e-222
9.190225915996074e-227
