1.1437665869498814
0.1808015950841855
0.06726100995245138
0.03128172245965441
0.016311588878414066
0.009360809833718826
0.005845507617947367
0.003926637509779696
0.002805031408747138
0.0021084921596439205
0.0016523702538440207
0.0013396213528440119
0.0011165003277031676
0.0009517993154874599
0.0008266082703435023
0.0007290221365251565
0.0006512845815172554
0.0005881846952279555
0.0005361240439697979
0.0004925556732235959
0.0004556365064886571
0.0004240059931888521
0.0003966415847389453
0.00037276219166437253
0.0003517623289083152
0.00033316632443368085
0.0003165959127578682
0.00030174692627582344
0.0002883722779798484
0.0002762693648997997
0.00026527062414050324
0.0002552363682882207
0.00024604929004107045
0.00023761020389454667
0.00022983471485405214
0.00022265058910266185
0.00021599566139427265
0.00020981615659619563
0.00020406533354845835
0.00019870238179921023
0.00019369151824728494
0.00018900124295321454
0.00018460372254149764
0.0001804742765372471
0.0001765909472493005
0.00017293413785374886
0.00016948630645459615
0.00016623170632731012
0.00016315616445269966
0.00016024689194652254
0.00015749232117712883
0.00015488196530914511
0.00015240629676875313
0.00015005664173605663
0.00014782508826352344
0.000145704406020646
0.0001436879759925196
0.00014176972872865547
0.00013994408995953787
0.00013820593258130032
0.000136550534160656
0.0001349735392386202
0.00013347092581722516
0.00013203897550205534
0.00013067424684799477
0.00012937355151855013
0.00012813393292241
0.00012695264703618301
0.00012582714516081462
0.00012475505839212105
0.0001237341836140821
0.00012276247084775507
0.00012183801180952009
0.00012095902955035778
0.00012012386906342667
0.00011933098876070067
0.00011857895273115967
0.00011786642370324228
0.0001171921566431929
0.0001165549929287417
0.00011595385504440265
0.00011538774175069408
0.00011485572368488762
0.00011435693935557314
0.00011389059149747253
0.00011345594375660984
0.00011305231767921833
0.00011267908998068083
0.00011233569007340918
0.0001120215978349112
0.00011173634159940053
0.00011147949635820952
0.0001112506821559942
0.00011104956267129405
0.00011087584397145213
0.00011072927343322915
0.00011060963882167507
0.00011051676752097009
0.00011045052591202488
0.00011041081889265186
0.00011039758953709549
0.00011041081889265186
0.00011045052591202488
0.00011051676752097009
0.00011060963882167507
0.00011072927343322915
0.00011087584397145213
0.00011104956267129405
0.0001112506821559942
0.00011147949635820952
0.00011173634159940053
0.0001120215978349112
0.00011233569007340918
0.00011267908998068083
0.00011305231767921833
0.00011345594375660984
0.00011389059149747253
0.00011435693935557314
0.00011485572368488762
0.00011538774175069408
0.00011595385504440265
0.0001165549929287417
0.0001171921566431929
0.00011786642370324228
0.00011857895273115967
0.00011933098876070067
0.00012012386906342667
0.00012095902955035778
0.00012183801180952009
0.00012276247084775507
0.0001237341836140821
0.00012475505839212105
0.00012582714516081462
0.00012695264703618301
0.00012813393292241
0.00012937355151855013
0.00013067424684799477
0.00013203897550205534
0.00013347092581722516
0.0001349735392386202
0.000136550534160656
0.00013820593258130032
0.00013994408995953787
0.00014176972872865547
0.0001436879759925196
0.000145704406020646
0.00014782508826352344
0.00015005664173605663
0.00015240629676875313
0.00015488196530914511
0.00015749232117712883
0.00016024689194652254
0.00016315616445269966
0.00016623170632731012
0.00016948630645459615
0.00017293413785374886
0.0001765909472493005
0.0001804742765372471
0.00018460372254149764
0.00018900124295321454
0.00019369151824728494
0.00019870238179921023
0.00020406533354845835
0.00020981615659619563
0.00021599566139427265
0.00022265058910266185
0.00022983471485405214
0.00023761020389454667
0.00024604929004107045
0.0002552363682882207
0.00026527062414050324
0.0002762693648997997
0.0002883722779798484
0.00030174692627582344
0.0003165959127578682
0.00033316632443368085
0.0003517623289083152
0.00037276219166437253
0.0003966415847389453
0.0004240059931888521
0.0004556365064886571
0.0004925556732235959
0.0005361240439697979
0.0005881846952279555
0.0006512845815172554
0.0007290221365251565
0.0008266082703435023
0.0009517993154874599
0.0011165003277031676
0.0013396213528440119
0.0016523702538440207
0.0021084921596439205
0.002805031408747138
0.003926637509779696
0.005845507617947367
0.009360809833718826
0.016311588878414066
0.03128172245965441
0.06726100995245138
0.1808015950841855

0.0050349383806928775
0.025390942776598927
0.09006971739045022
0.22474720048721425
0.39448101961701865
0.48705456531564395
0.4230243263020276
0.2585171568013042
0.11135410180171675
0.034376181599728266
0.009202083827054007
0.0068355083327889185
0.019093615480160156
0.06411959018458374
0.1829065060209374
0.3967591630639538
0.6293800906811455
0.7234671534684914
0.6087919591892088
0.3907935405172763
0.2135600772036791
0.12104256218496551
0.08091505143805916
0.058887097118138464
0.04168930288842409
0.027443113939422
0.016624505688292254
0.009252360365290499
0.004729988384125163
0.0022210781003269534
0.000957995131128224
0.0003795407957644001
0.00013811769277550476
4.6167446563682646e-05
1.4174837359419693e-05
3.99756931662214e-06
1.0355465130000145e-06
2.4639898092308697e-07
5.385225494257879e-08
1.081096765647706e-08
1.993521537843145e-09
3.376548446031436e-10
5.2531611958620863e-11
7.506960988067408e-12
9.853789476484384e-13
1.1880592201469903e-13
1.315735485544324e-14
1.338427267019375e-15
1.250594898221007e-16
1.073332349115556e-17
8.461502243734413e-19
6.127120453772069e-20
4.0753137677922e-21
2.489782294575567e-22
1.397196168174986e-23
7.201933164225469e-25
3.4098594365134244e-26
1.4829262591886562e-27
5.923771851453704e-29
2.1735657445234035e-30
7.325595380674896e-32
2.267820949125373e-33
6.448671992391566e-35
1.6843312296221603e-36
4.0409214079136763e-38
8.904898955217577e-40
1.8024917137385656e-41
3.351299541076399e-43
5.723331566103359e-45
8.978013513123184e-47
1.2936217005060165e-48
1.7121035149543755e-50
2.081365898025722e-52
2.3241413605223132e-54
2.3838138211717334e-56
2.245834848848143e-58
1.943475135660546e-60
1.5448127672974275e-62
1.1278942964137979e-64
7.564089172225634e-67
4.659513439576283e-69
2.6364539283584485e-71
1.3702363783390006e-73
6.541336480287838e-76
2.868356810053208e-78
1.1553020628142024e-80
4.274187916037685e-83
1.452470647436203e-85
4.5337420412551466e-88
1.2998760347037922e-90
3.4232826322366286e-93
8.280932901558718e-96
1.8399730574472753e-98
3.755254289666156e-101
7.039842244606704e-104
1.2122220866288477e-106
1.9173312337740119e-109
2.78552968293404e-112
3.7171845505606906e-115
4.556340221201828e-118
