0.5523228150841331
0.12056263732424279
0.03742534645141794
0.01566549976552686
0.00825253171447964
0.005122831068749538
0.0035608002058841876
0.0026753307842799236
0.0021227307239145366
0.0017517670986896398
0.001488380802827455
0.0012930117197205672
0.0011429730758130106
0.0010244712322487
0.000928702060844508
0.0008498122536083944
0.0007837735293880431
0.0007277304769931676
0.0006796068159500636
0.0006378589640804358
0.0006013168595993936
0.0005690782444809429
0.0005404367005234631
0.0005148315721059736
0.0004918124249641623
0.00047101336928195094
0.00045213420849892974
0.00043492639552592297
0.0004191824298917929
0.0004047277543566785
0.00039141449187247957
0.0003791165545888598
0.0003677257876208755
0.00035714890157935816
0.00034730501233579553
0.00033812365260414625
0.00032954315329111316
0.0003215093169811449
0.00031397432396999196
0.00030689582473058586
0.0003002361828397073
0.0002939618400995628
0.0002880427814885265
0.00028245208212733584
0.000277165521984217
0.0002721612568097196
0.00026741953597100046
0.00026292245958150324
0.00025865376869748193
0.0002545986634549335
0.0002507436449082336
0.00024707637705043183
0.00024358556607973592
0.0002402608544544233
0.00023709272767050282
0.00023407243201962368
0.00023119190185217213
0.0002284436950926849
0.00022582093593998334
0.0002233172638394812
0.0002209267879453172
0.00021864404639966296
0.00021646396984927174
0.00021438184869794147
0.00021239330366041
0.00021049425924020247
0.000208680919802698
0.00020694974795648193
0.00020529744499198319
0.00020372093315736654
0.00020221733957840975
0.0002007839816522677
0.0001994183537651416
0.0001981181152013821
0.00019688107912680405
0.00019570520254234068
0.00019458857711584097
0.0001935294208100643
0.0001925260702339458
0.00019157697365214984
0.00019068068459494913
0.00018983585601667618
0.00018904123495650532
0.00018829565766021996
0.0001875980451259823
0.000186947399041021
0.0001863427980796387
0.0001857833945360735
0.0001852684112685669
0.00018479713893353495
0.00018436893349104254
0.0001839832139648793
0.0001836394604424435
0.0001833372123013964
0.00018307606665165932
0.00018285567698282483
0.00018267575200844053
0.00018253605469993107
0.00018243640150415402
0.00018237666173975538
0.0001823567571686147
0.00018237666173975538
0.00018243640150415402
0.00018253605469993107
0.00018267575200844053
0.00018285567698282483
0.00018307606665165932
0.0001833372123013964
0.0001836394604424435
0.0001839832139648793
0.00018436893349104254
0.00018479713893353495
0.0001852684112685669
0.0001857833945360735
0.0001863427980796387
0.000186947399041021
0.0001875980451259823
0.00018829565766021996
0.00018904123495650532
0.00018983585601667618
0.00019068068459494913
0.00019157697365214984
0.0001925260702339458
0.0001935294208100643
0.00019458857711584097
0.00019570520254234068
0.00019688107912680405
0.0001981181152013821
0.0001994183537651416
0.0002007839816522677
0.00020221733957840975
0.00020372093315736654
0.00020529744499198319
0.00020694974795648193
0.000208680919802698
0.00021049425924020247
0.00021239330366041
0.00021438184869794147
0.00021646396984927174
0.00021864404639966296
0.0002209267879453172
0.0002233172638394812
0.00022582093593998334
0.0002284436950926849
0.00023119190185217213
0.00023407243201962368
0.00023709272767050282
0.0002402608544544233
0.00024358556607973592
0.00024707637705043183
0.0002507436449082336
0.0002545986634549335
0.00025865376869748193
0.00026292245958150324
0.00026741953597100046
0.0002721612568097196
0.000277165521984217
0.00028245208212733584
0.0002880427814885265
0.0002939618400995628
0.0003002361828397073
0.00030689582473058586
0.00031397432396999196
0.0003215093169811449
0.00032954315329111316
0.00033812365260414625
0.00034730501233579553
0.00035714890157935816
0.0003677257876208755
0.0003791165545888598
0.00039141449187247957
0.0004047277543566785
0.0004191824298917929
0.00043492639552592297
0.00045213420849892974
0.00047101336928195094
0.0004918124249641623
0.0005148315721059736
0.0005404367005234631
0.0005690782444809429
0.0006013168595993936
0.0006378589640804358
0.0006796068159500636
0.0007277304769931676
0.0007837735293880431
0.0008498122536083944
0.000928702060844508
0.0010244712322487
0.0011429730758130106
0.0012930117197205672
0.001488380802827455
0.0017517670986896398
0.0021227307239145366
0.0026753307842799236
0.0035608002058841876
0.005122831068749538
0.00825253171447964
0.01566549976552686
0.03742534645141794
0.12056263732424279

0.008724061954551991
0.019923136641063644
0.04099930684459368
0.07602827616912823
0.12704383679434608
0.19129864207524863
0.2595673131323772
0.3173715145568919
0.3496759114449916
0.34717089985778454
0.3105994934180114
0.25040211881581037
0.18190937600721896
0.11908361150868475
0.07024715478607986
0.03734094534786564
0.017886349264648282
0.007720366784476888
0.0030028524201346635
0.001052470355511969
0.0003324034968942598
9.46021756019881e-05
2.4261435452443316e-05
5.606756429727609e-06
1.1675801828211838e-06
2.1909959205292262e-07
3.7048979594006074e-08
5.645348559857353e-09
7.751488384943865e-10
9.590897904766731e-11
1.0693337242794263e-11
1.0743532149720997e-12
9.726592925345724e-14
7.935133198335635e-15
5.833477544895423e-16
3.864387495373724e-17
2.3068196075525598e-18
1.2408704105642773e-19
6.01477036758126e-21
2.627190122907523e-22
1.0340553413939105e-23
3.667548707693535e-25
1.172162509270486e-26
3.375822406883051e-28
8.760949654526401e-30
2.048814344808692e-31
4.317515010535271e-33
8.198698850503228e-35
1.4029294799060834e-36
2.1632493221718255e-38
3.0057796498762805e-40
3.763461968915917e-42
4.2461736600706365e-44
4.317057176615523e-46
3.9551019043243916e-48
3.2651819206733667e-50
2.4290525867231723e-52
1.6283444535143509e-54
9.83638388916121e-57
5.354322042280669e-59
2.626354441360416e-61
1.160865787289872e-63
4.623709243190478e-66
1.6595060831019008e-68
5.367190493633434e-71
1.564209787399371e-73
4.107927939707086e-76
9.721436927259598e-79
2.0730889526325163e-81
3.9836872918173574e-84
6.898145832602874e-87
1.0763644143808595e-89
1.5134431749468141e-92
1.9175766628742176e-95
2.1893700889259507e-98
2.2525033922708835e-101
2.088293589474142e-104
1.7446064963269336e-107
1.3133583624956677e-110
8.909407648727453e-114
5.446208274264045e-117
2.9999878042135128e-120
1.489102391610593e-123
6.660540316885308e-127
2.6845666468325313e-130
9.750317262562267e-134
3.1911199775030523e-137
9.411250791840802e-141
2.501101916301464e-144
5.989564686961031e-148
1.2925250200020459e-151
2.513405066129259e-155
4.4041879258879294e-159
6.954229615750428e-163
9.894914337897382e-167
1.2686881393943026e-170
1.4658095577887415e-174
1.5260896499796368e-178
1.431734114260764e-182
1.210387772320719e-186
