1.1579333630192
0.1757069510981735
0.04624879663517345
0.014166624191350754
0.004753562955074818
0.0017473467913474532
0.0007165631534122621
0.0003362103816149389
0.00018366979309047824
0.0001162437276183418
8.297133509959818e-05
6.455235270242689e-05
5.319614757200138e-05
4.552972085155155e-05
3.997710544069673e-05
3.5740636396555455e-05
3.2383108855490416e-05
2.9646340045171227e-05
2.7367499775079835e-05
2.5438050473113268e-05
2.3782301870915363e-05
2.2345516362303146e-05
2.108693356652299e-05
1.9975470633285244e-05
1.898695449551163e-05
1.8102273114936053e-05
1.7306101345689195e-05
1.658599930835969e-05
1.593175989699372e-05
1.5334927425123903e-05
1.4788436572695771e-05
1.4286337599379501e-05
1.3823584502714136e-05
1.339586981198789e-05
1.2999494407046023e-05
1.2631263964027082e-05
1.2288405867685877e-05
1.1968502013523138e-05
1.1669434060198669e-05
1.1389338520107429e-05
1.1126569685184968e-05
1.0879668838425672e-05
1.0647338542460578e-05
1.0428421055164638e-05
1.022188012017649e-05
1.0026785532881652e-05
9.842300001059464e-06
9.667667912254427e-06
9.50220569309014e-06
9.345293503740342e-06
9.19636805702001e-06
9.054916388646696e-06
8.920470435121459e-06
8.792602299904929e-06
8.670920108288424e-06
8.55506436749313e-06
8.444704761783946e-06
8.339537323318702e-06
8.239281928510055e-06
8.1436800772081e-06
8.05249291829671e-06
7.965499490560667e-06
7.882495152104907e-06
7.803290175337368e-06
7.727708487682649e-06
7.655586540870962e-06
7.586772293925194e-06
7.521124296913462e-06
7.458510864198453e-06
7.398809327342708e-06
7.341905359057417e-06
7.287692360641742e-06
7.236070906275662e-06
7.186948238323255e-06
7.140237808492922e-06
7.095858860301556e-06
7.053736048813605e-06
7.0137990940842925e-06
6.9759824651379055e-06
6.9402250916648604e-06
6.906470100931988e-06
6.8746645776743375e-06
6.844759344979255e-06
6.816708764388158e-06
6.790470553632154e-06
6.766005620587496e-06
6.743277912188502e-06
6.7222542771711846e-06
6.702904341642678e-06
6.685200396581173e-06
6.669117296470109e-06
6.654632368360193e-06
6.64172533073449e-06
6.630378221626616e-06
6.620575335510623e-06
6.612303168544653e-06
6.60555037180925e-06
6.600307712236414e-06
6.596568040977264e-06
6.594326269005563e-06
6.593579349801485e-06
6.594326269005563e-06
6.596568040977264e-06
6.600307712236414e-06
6.60555037180925e-06
6.612303168544653e-06
6.620575335510623e-06
6.630378221626616e-06
6.64172533073449e-06
6.654632368360193e-06
6.669117296470109e-06
6.685200396581173e-06
6.702904341642678e-06
6.7222542771711846e-06
6.743277912188502e-06
6.766005620587496e-06
6.790470553632154e-06
6.816708764388158e-06
6.844759344979255e-06
6.8746645776743375e-06
6.906470100931988e-06
6.9402250916648604e-06
6.9759824651379055e-06
7.0137990940842925e-06
7.053736048813605e-06
7.095858860301556e-06
7.140237808492922e-06
7.186948238323255e-06
7.236070906275662e-06
7.287692360641742e-06
7.341905359057417e-06
7.398809327342708e-06
7.458510864198453e-06
7.521124296913462e-06
7.586772293925194e-06
7.655586540870962e-06
7.727708487682649e-06
7.803290175337368e-06
7.882495152104907e-06
7.965499490560667e-06
8.05249291829671e-06
8.1436800772081e-06
8.239281928510055e-06
8.339537323318702e-06
8.444704761783946e-06
8.55506436749313e-06
8.670920108288424e-06
8.792602299904929e-06
8.920470435121459e-06
9.054916388646696e-06
9.19636805702001e-06
9.345293503740342e-06
9.50220569309014e-06
9.667667912254427e-06
9.842300001059464e-06
1.0026785532881652e-05
1.022188012017649e-05
1.0428421055164638e-05
1.0647338542460578e-05
1.0879668838425672e-05
1.1126569685184968e-05
1.1389338520107429e-05
1.1669434060198669e-05
1.1968502013523138e-05
1.2288405867685877e-05
1.2631263964027082e-05
1.2999494407046023e-05
1.339586981198789e-05
1.3823584502714136e-05
1.4286337599379501e-05
1.4788436572695771e-05
1.5334927425123903e-05
1.593175989699372e-05
1.658599930835969e-05
1.7306101345689195e-05
1.8102273114936053e-05
1.898695449551163e-05
1.9975470633285244e-05
2.108693356652299e-05
2.2345516362303146e-05
2.3782301870915363e-05
2.5438050473113268e-05
2.7367499775079835e-05
2.9646340045171227e-05
3.2383108855490416e-05
3.5740636396555455e-05
3.997710544069673e-05
4.552972085155155e-05
5.319614757200138e-05
6.455235270242689e-05
8.297133509959818e-05
0.0001162437276183418
0.00018366979309047824
0.0003362103816149389
0.0007165631534122621
0.0017473467913474532
0.004753562955074818
0.014166624191350754
0.04624879663517345
0.1757069510981735

0.00030961887701868
0.0010055344481362876
0.003051899507627916
0.012898189114430043
0.09049359274808175
0.42177546260771814
0.8634010999246373
0.749808482217952
0.34590883312386195
0.19855036478342228
0.1936921725622237
0.19099099166742153
0.16898436847226508
0.13542010899678295
0.10531566977930394
0.09702526790372326
0.1274691695706708
0.20168031378061993
0.29966014994246554
0.37660594688594345
0.38868955000324856
0.32687781110513014
0.223513973949328
0.12419044059256033
0.05605963104200353
0.020557104570235806
0.006123684638616402
0.0014818313920097483
0.0002912850464736765
4.651256397321781e-05
6.033297268605008e-06
6.357280329736995e-07
5.441518687174254e-08
3.7835632084886316e-09
2.1370466104531176e-10
9.805262154572774e-12
3.654574502002159e-13
1.1064892799081017e-14
2.72139276549306e-16
5.437143700218361e-18
8.824512639309244e-20
1.1634920401986043e-21
1.246302940825276e-23
1.0848644635919937e-25
7.679877905279681e-28
4.433216663439286e-30
2.107337422383089e-32
8.561270301300634e-35
3.374604695500907e-37
1.681937898531531e-39
1.182611300813092e-41
9.426397180314243e-44
7.151883146168874e-46
4.8907965225154436e-48
2.978912540426904e-50
1.6124762356346698e-52
7.753995504505155e-55
3.3123026994045476e-57
1.256907661366378e-59
4.236870457476939e-62
1.2686896780153009e-64
3.374691137262797e-67
7.974088631354244e-70
1.6737727350499194e-72
3.120903374766491e-75
5.169309789288074e-78
7.605945329134446e-81
9.941278541072384e-84
1.1542494818432746e-86
1.1904894121734093e-89
1.0907363566476999e-92
8.87733163860643e-96
6.4182037913758446e-99
4.122047234191513e-102
2.3516940933046556e-105
1.1918376367111716e-108
5.365642907144946e-112
2.145827663366003e-115
7.623182489958424e-119
2.4057261893342328e-122
6.74410741516628e-126
1.679465800511509e-129
3.715234692330608e-133
7.300788130934128e-137
1.274446592272536e-140
1.9762502525455094e-144
2.7222665047769375e-148
3.331100562180117e-152
3.620872654373736e-156
3.496287691779896e-160
2.99895172399924e-164
2.2850735911584966e-168
1.5466758721369462e-172
9.299654912504172e-177
4.967098345988205e-181
2.3567151171011712e-185
9.932985908730217e-190
3.718955264195182e-194
1.2368883303427075e-198
3.6543356362325876e-203
