1.0094056669962816
0.3092542033449576
0.174265749424116
0.12670867809904385
0.10080255735719991
0.08375936381359127
0.07159562347479237
0.06249499920809147
0.05545084425096944
0.04985047053106418
0.04529945397931267
0.04153316011811553
0.038367955079749674
0.03567272792474989
0.03335154108342539
0.0313326775979841
0.02956151110731104
0.027995737398125917
0.026602108145805225
0.02535414533616885
0.02423051098010226
0.02321382396893689
0.0222897878790417
0.021446538775247187
0.020674151132352034
0.019964259048197094
0.019309762641285397
0.018704598160453664
0.018143556287067618
0.017622137273648756
0.017136434513666934
0.016683040254646737
0.016258968703733993
0.015861592902633725
0.015488592584708928
0.015137910852454672
0.014807717985700325
0.014496381050309348
0.014202438252921824
0.013924577200467948
0.013661616389144284
0.01341248937761427
0.013176231201781597
0.012951966669885342
0.012738900241625764
0.012536307247153416
0.012343526243796456
0.012159952342479925
0.011985031363546539
0.011818254704396548
0.011659154820023833
0.011507301232921744
0.011362297001587163
0.011223775587458207
0.011091398068974362
0.010964850658863393
0.010843842486992454
0.010728103616376073
0.010617383264379766
0.010511448204929922
0.010410081330750673
0.010313080357387795
0.010220256653123719
0.01013143418089927
0.010046448540087571
0.009965146097457859
0.009887383197956448
0.009813025447049817
0.0097419470573452
0.009674030253048775
0.009609164726558459
0.0095472471421323
0.00948818068213764
0.009431874631881344
0.009378243999456932
0.009327209167428062
0.009278695573506647
0.009232633417683572
0.009188957393535596
0.00914760644166782
0.009108523523461023
0.009071655413480251
0.009036952509068106
0.009004368655795795
0.008973860987579258
0.00894538978038827
0.008918918318585153
0.008894412773028037
0.008871842090162533
0.00885117789140665
0.008832394382207334
0.008815468270214628
0.008800378692081171
0.008787107148451904
0.008775637446761757
0.00876595565150816
0.008758050041711398
0.0087519110753192
0.00874753136035302
0.008744905632632763
0.008744030739954573
0.008744905632632763
0.00874753136035302
0.0087519110753192
0.008758050041711398
0.00876595565150816
0.008775637446761757
0.008787107148451904
0.008800378692081171
0.008815468270214628
0.008832394382207334
0.00885117789140665
0.008871842090162533
0.008894412773028037
0.008918918318585153
0.00894538978038827
0.008973860987579258
0.009004368655795795
0.009036952509068106
0.009071655413480251
0.009108523523461023
0.00914760644166782
0.009188957393535596
0.009232633417683572
0.009278695573506647
0.009327209167428062
0.009378243999456932
0.009431874631881344
0.00948818068213764
0.0095472471421323
0.009609164726558459
0.009674030253048775
0.0097419470573452
0.009813025447049817
0.009887383197956448
0.009965146097457859
0.010046448540087571
0.01013143418089927
0.010220256653123719
0.010313080357387795
0.010410081330750673
0.010511448204929922
0.010617383264379766
0.010728103616376073
0.010843842486992454
0.010964850658863393
0.011091398068974362
0.011223775587458207
0.011362297001587163
0.011507301232921744
0.011659154820023833
0.011818254704396548
0.011985031363546539
0.012159952342479925
0.012343526243796456
0.012536307247153416
0.012738900241625764
0.012951966669885342
0.013176231201781597
0.01341248937761427
0.013661616389144284
0.013924577200467948
0.014202438252921824
0.014496381050309348
0.014807717985700325
0.015137910852454672
0.015488592584708928
0.015861592902633725
0.016258968703733993
0.016683040254646737
0.017136434513666934
0.017622137273648756
0.018143556287067618
0.018704598160453664
0.019309762641285397
0.019964259048197094
0.020674151132352034
0.021446538775247187
0.0222897878790417
0.02321382396893689
0.02423051098010226
0.02535414533616885
0.026602108145805225
0.027995737398125917
0.02956151110731104
0.0313326775979841
0.03335154108342539
0.03567272792474989
0.038367955079749674
0.04153316011811553
0.04529945397931267
0.04985047053106418
0.05545084425096944
0.06249499920809147
0.07159562347479237
0.08375936381359127
0.10080255735719991
0.12670867809904385
0.174265749424116
0.3092542033449576

0.4369310435751803
0.4218318492297918
0.366384797110628
0.28639190255024716
0.2018179739570254
0.1292549141806432
0.07792012831125972
0.050029823569433786
0.04362631210897281
0.21609021163366027
2.0252533538762254
0.4808449343232602
0.11174209290387377
0.11141388322873755
0.09789077853629102
0.0748741169339693
0.04984270881127891
0.028875060091349103
0.014557526543331312
0.006386949330146402
0.00243859611299727
0.0008102641242146369
0.00023428992177889043
5.895502781097575e-05
1.2910061975883295e-05
2.460231874032415e-06
4.0800359401590846e-07
5.888330398861309e-08
7.395381565746744e-09
8.08293778477002e-10
7.688083993446741e-11
6.3636639371085725e-12
4.583915335584479e-13
2.8734667260259923e-14
1.567530468601799e-15
7.441595225595959e-17
3.0743713886475624e-18
1.1053170004179643e-19
3.45825969872869e-21
9.416046427714355e-23
2.231103988754518e-24
4.600566024980845e-26
8.255491923789744e-28
1.2891839193366982e-29
1.7519714970027442e-31
2.071950743577499e-33
2.132416581682377e-35
1.9098748463176614e-37
1.4885999524113192e-39
1.0096976056284383e-41
5.95998114487728e-44
3.06153112479343e-46
1.3685879316506337e-48
5.324109351469756e-51
1.8024426756784167e-53
5.310264944791403e-56
1.3614796428786478e-58
3.0377102602508387e-61
5.8982310067874356e-64
9.966379987994977e-67
1.4655253629072423e-69
1.8753808202057318e-72
2.0884584294816935e-75
2.0239623708257088e-78
1.7069439730354618e-81
1.2527843888081248e-84
8.001540967042107e-88
4.447450950857374e-91
2.151240348694783e-94
9.055385353612161e-98
3.317150468712238e-101
1.0574592515246809e-104
2.9336097754729823e-108
7.082413530842213e-112
1.4879915040160518e-115
2.720569694236599e-119
4.328719994347239e-123
5.993760235751593e-127
7.222365653093704e-131
7.573555491975715e-135
6.911310199783805e-139
5.4885951111071775e-143
3.793169407891492e-147
2.281305906202272e-151
1.1940020279096352e-155
5.4383467993869156e-160
2.155604875233051e-164
7.43553566863323e-169
2.232017686634938e-173
5.83082763482648e-178
1.3256463120069974e-182
2.623345263749278e-187
4.521297391771988e-192
6.801891428308835e-197
9.013121895079542e-202
1.0900949472433762e-206
1.3590877209228774e-211
2.2337920190406962e-216
5.284350260584753e-221
1.4456502380936503e-225
