0.9311190678782136
0.16103142540817197
0.06926079750194743
0.042400310521942666
0.030453329432628518
0.023667242518806267
0.019285485806866263
0.016238425610139468
0.014009800770861012
0.01231653739721079
0.010990649379409526
0.009926670558250125
0.009055383467023295
0.008329662077976472
0.007716407233155337
0.007191742070972149
0.006738038635655898
0.006342016137925692
0.005993488843909863
0.005684520303179374
0.005408838868007073
0.00516142544859647
0.0049382173584325405
0.0047358919959438585
0.0045517064408725555
0.004383376867156516
0.004228986742455157
0.00408691613159104
0.003955786670971391
0.0038344183180237103
0.003721795045553519
0.0036170374004525917
0.0035193803800957933
0.0034281554646864083
0.003342775924448646
0.0032627247273314328
0.0031875445267300897
0.003116829324258912
0.0030502174901172394
0.0029873858904229484
0.0029280449223220224
0.0028719342975576873
0.0028188194463098473
0.0027684884375737137
0.0027207493316841564
0.0026754278959720624
0.002632365626839734
0.0025914180314333605
0.0025524531300845847
0.0025153501471856044
0.002479998363459673
0.002446296106930643
0.0024141498634688684
0.0023834734907443203
0.002354187521868369
0.0023262185470466707
0.002299498663271566
0.002273964983513375
0.0022495591980742444
0.0022262271817849975
0.0022039186415866246
0.0021825867997696206
0.002162188108767627
0.002142681993934338
0.0021240306211887834
0.002106198686805918
0.0020891532269668323
0.0020728634449741303
0.0020573005542900537
0.0020424376357734892
0.0020282495076819913
0.0020147126071705062
0.0020018048821629822
0.001989505692599509
0.0019777957201724964
0.0019666568857627832
0.0019560722738723372
0.0019460260634258032
0.001936503464380025
0.0019274906596398534
0.0019189747518310752
0.0019109437145280244
0.0019033863475750128
0.0018962922361779224
0.001889651713475503
0.0018834558263297772
0.0018776963041017391
0.0018723655302027077
0.001867456516233539
0.0018629628785436954
0.0018588788170601745
0.0018551990962527318
0.0018519190281168845
0.00184903445707004
0.0018465417466688723
0.001844437768067989
0.0018427198901510193
0.00184138597127572
0.00184043435258457
0.0018398638528417644
0.0018396737647665654
0.0018398638528417644
0.00184043435258457
0.00184138597127572
0.0018427198901510193
0.001844437768067989
0.0018465417466688723
0.00184903445707004
0.0018519190281168845
0.0018551990962527318
0.0018588788170601745
0.0018629628785436954
0.001867456516233539
0.0018723655302027077
0.0018776963041017391
0.0018834558263297772
0.001889651713475503
0.0018962922361779224
0.0019033863475750128
0.0019109437145280244
0.0019189747518310752
0.0019274906596398534
0.001936503464380025
0.0019460260634258032
0.0019560722738723372
0.0019666568857627832
0.0019777957201724964
0.001989505692599509
0.0020018048821629822
0.0020147126071705062
0.0020282495076819913
0.0020424376357734892
0.0020573005542900537
0.0020728634449741303
0.0020891532269668323
0.002106198686805918
0.0021240306211887834
0.002142681993934338
0.002162188108767627
0.0021825867997696206
0.0022039186415866246
0.0022262271817849975
0.0022495591980742444
0.002273964983513375
0.002299498663271566
0.0023262185470466707
0.002354187521868369
0.0023834734907443203
0.0024141498634688684
0.002446296106930643
0.002479998363459673
0.0025153501471856044
0.0025524531300845847
0.0025914180314333605
0.002632365626839734
0.0026754278959720624
0.0027207493316841564
0.0027684884375737137
0.0028188194463098473
0.0028719342975576873
0.0029280449223220224
0.0029873858904229484
0.0030502174901172394
0.003116829324258912
0.0031875445267300897
0.0032627247273314328
0.003342775924448646
0.0034281554646864083
0.0035193803800957933
0.0036170374004525917
0.003721795045553519
0.0038344183180237103
0.003955786670971391
0.00408691613159104
0.004228986742455157
0.004383376867156516
0.0045517064408725555
0.0047358919959438585
0.0049382173584325405
0.00516142544859647
0.005408838868007073
0.005684520303179374
0.005993488843909863
0.006342016137925692
0.006738038635655898
0.007191742070972149
0.007716407233155337
0.008329662077976472
0.009055383467023295
0.009926670558250125
0.010990649379409526
0.01231653739721079
0.014009800770861012
0.016238425610139468
0.019285485806866263
0.023667242518806267
0.030453329432628518
0.042400310521942666
0.06926079750194743
0.16103142540817197

0.09045921187112892
0.12059190314719699
0.14471051342119504
0.1563142622886016
0.15198954400895784
0.13302871760239782
0.10480781877388136
0.07432907121416549
0.050042585951867995
0.852065148968592
0.893333292065463
0.009707235300438427
0.0027525649771133922
0.001038474963310791
0.00035267688367020457
0.00010781384741228243
2.96680279820576e-05
7.3488505199342475e-06
1.6408699847606303e-06
4.536897569028042e-06
0.0012991561237480369
0.0674832495831629
0.5898497667569872
0.8675168904094616
0.21468688250768672
0.008939724239832678
6.263740817980844e-05
7.384729476652958e-08
1.4651143926019422e-11
5.961722562196152e-16
6.765570434245618e-18
3.8414130214185466e-19
1.9641312639781757e-20
9.039961931370965e-22
3.7452367857214434e-23
1.396717404371497e-24
4.6887210442537275e-26
1.4168270216799638e-27
3.853859280606116e-29
9.43607665528867e-31
2.079714182457315e-32
4.126030484759873e-34
7.368478099419888e-36
1.184512770856584e-37
1.7140294657347577e-39
2.2326127749593397e-41
2.617731584396848e-43
2.762825185851683e-45
2.624812499045418e-47
2.244707461855636e-49
1.727976376222792e-51
1.197381205601169e-53
7.468676678269797e-56
4.1934499777077745e-58
2.1194143002593182e-60
9.642215632133866e-63
3.948702407119375e-65
1.4556218135274946e-67
4.830135248597399e-70
1.4427351530827526e-72
3.879095946310271e-75
9.388387689164927e-78
2.0453521642619694e-80
4.011084024929279e-83
7.080631789785375e-86
1.1251200063413545e-88
1.6093194846223988e-91
2.072059764004639e-94
2.401479431569938e-97
2.505371027211805e-100
2.352782688746008e-103
1.9888781063458e-106
1.5133908496233082e-109
1.0365986197497e-112
6.391263666993999e-116
3.547148973149902e-119
1.7721019685501499e-122
7.969197194847837e-126
3.225945489031724e-129
1.1754822116622883e-132
3.855597446952783e-136
1.1383711803354106e-139
3.0254688542666717e-143
7.237991458286227e-147
1.5586910144824007e-150
3.021472063224988e-154
5.272222377306437e-158
8.2810506861238325e-162
1.1708297562188028e-165
1.4901110853523563e-169
1.7071045721743183e-173
1.7604276908079028e-177
1.634153478189877e-181
1.3654760269068135e-185
1.027050746811844e-189
6.953705782580145e-194
4.2379644148525115e-198
2.3249567901186697e-202
1.1481246775446234e-206
5.103637305111702e-211
