0.3364892645221673
0.06948463679427815
0.01665947606523726
0.004635909428445415
0.0014957529941320873
0.0005581270214579251
0.0002396027568310715
0.0001172890367332687
6.463124201193046e-05
3.946325429953131e-05
2.6254024384450388e-05
1.8727718343604762e-05
1.4124274325333844e-05
1.113313633630293e-05
9.087696843498624e-06
7.627446551013745e-06
6.546521758371837e-06
5.721578954908957e-06
5.0755156079892925e-06
4.558297986254978e-06
4.1363683142249634e-06
3.7865527122240236e-06
3.4924287280183334e-06
3.242087731187887e-06
3.0267154129320536e-06
2.839667009727096e-06
2.6758501346155704e-06
2.531303783074001e-06
2.4029053782744837e-06
2.2881631744817428e-06
2.1850666810205158e-06
2.091977234823318e-06
2.0075468149988454e-06
1.9306570274825666e-06
1.860372698345189e-06
1.7959061861732289e-06
1.736589655038322e-06
1.681853326206606e-06
1.6312082673846935e-06
1.58423265953989e-06
1.5405607534293173e-06
1.4998739243808397e-06
1.461893377156758e-06
1.42637415831605e-06
1.3931002120295746e-06
1.3618802742445834e-06
1.3325444447027784e-06
1.30494131034505e-06
1.2789355197908833e-06
1.2544057288271095e-06
1.2312428526204099e-06
1.2093485727456698e-06
1.1886340568911392e-06
1.1690188568563399e-06
1.1504299566493205e-06
1.1328009474580914e-06
1.1160713102785266e-06
1.100185790229269e-06
1.0850938492292872e-06
1.0707491858773275e-06
1.0571093131498029e-06
1.0441351859996475e-06
1.0317908721526137e-06
1.0200432604065678e-06
1.008861801581168e-06
9.982182779700826e-07
9.880865977399274e-07
9.784426112190591e-07
9.692639464411598e-07
9.605298616662793e-07
9.522211129062036e-07
9.443198347405493e-07
9.368094329318809e-07
9.296744875385316e-07
9.229006653874513e-07
9.164746409105017e-07
9.103840244695581e-07
9.046172974014104e-07
8.991637531051929e-07
8.940134435749375e-07
8.891571308495276e-07
8.845862429132783e-07
8.802928336338077e-07
8.762695463708236e-07
8.725095809308282e-07
8.69006663579284e-07
8.657550198541533e-07
8.627493499534521e-07
8.59984806495071e-07
8.57456974469973e-07
8.551618532303893e-07
8.53095840373084e-07
8.512557173944286e-07
8.496386370091669e-07
8.482421120385516e-07
8.470640057862044e-07
8.461025238317505e-07
8.45356207183146e-07
8.44823926738807e-07
8.445048790202748e-07
8.443985831453259e-07
8.445048790202748e-07
8.44823926738807e-07
8.45356207183146e-07
8.461025238317505e-07
8.470640057862044e-07
8.482421120385516e-07
8.496386370091669e-07
8.512557173944286e-07
8.53095840373084e-07
8.551618532303893e-07
8.57456974469973e-07
8.59984806495071e-07
8.627493499534521e-07
8.657550198541533e-07
8.69006663579284e-07
8.725095809308282e-07
8.762695463708236e-07
8.802928336338077e-07
8.845862429132783e-07
8.891571308495276e-07
8.940134435749375e-07
8.991637531051929e-07
9.046172974014104e-07
9.103840244695581e-07
9.164746409105017e-07
9.229006653874513e-07
9.296744875385316e-07
9.368094329318809e-07
9.443198347405493e-07
9.522211129062036e-07
9.605298616662793e-07
9.692639464411598e-07
9.784426112190591e-07
9.880865977399274e-07
9.982182779700826e-07
1.008861801581168e-06
1.0200432604065678e-06
1.0317908721526137e-06
1.0441351859996475e-06
1.0571093131498029e-06
1.0707491858773275e-06
1.0850938492292872e-06
1.100185790229269e-06
1.1160713102785266e-06
1.1328009474580914e-06
1.1504299566493205e-06
1.1690188568563399e-06
1.1886340568911392e-06
1.2093485727456698e-06
1.2312428526204099e-06
1.2544057288271095e-06
1.2789355197908833e-06
1.30494131034505e-06
1.3325444447027784e-06
1.3618802742445834e-06
1.3931002120295746e-06
1.42637415831605e-06
1.461893377156758e-06
1.4998739243808397e-06
1.5405607534293173e-06
1.58423265953989e-06
1.6312082673846935e-06
1.681853326206606e-06
1.736589655038322e-06
1.7959061861732289e-06
1.860372698345189e-06
1.9306570274825666e-06
2.0075468149988454e-06
2.091977234823318e-06
2.1850666810205158e-06
2.2881631744817428e-06
2.4029053782744837e-06
2.531303783074001e-06
2.6758501346155704e-06
2.839667009727096e-06
3.0267154129320536e-06
3.242087731187887e-06
3.4924287280183334e-06
3.7865527122240236e-06
4.1363683142249634e-06
4.558297986254978e-06
5.0755156079892925e-06
5.721578954908957e-06
6.546521758371837e-06
7.627446551013745e-06
9.087696843498624e-06
1.113313633630293e-05
1.4124274325333844e-05
1.8727718343604762e-05
2.6254024384450388e-05
3.946325429953131e-05
6.463124201193046e-05
0.0001172890367332687
0.0002396027568310715
0.0005581270214579251
0.0014957529941320873
0.004635909428445415
0.01665947606523726
0.06948463679427815

3.758481272794325e-05
0.00030585911713085847
0.0018942894882761402
0.008928677706615831
0.03202903271056177
0.08744125415301153
0.18167903387324344
0.2872824687697145
0.3457238299785285
0.31663971471227303
0.22070762345320882
0.11708065999544942
0.047268178647613665
0.01452340516930036
0.0033961269580239026
0.0006043872023976984
8.185825476539972e-05
8.437729165913839e-06
6.619185621922173e-07
3.951840591948039e-08
1.7956023051087994e-09
6.209216021780512e-11
1.6341023831968278e-12
3.272936927049934e-14
4.988981431474213e-16
5.787646773247954e-18
5.1098485312924764e-20
3.4334435740299824e-22
1.7557702297781423e-24
6.833155851472577e-27
2.0239083879664794e-29
4.5622203051924946e-32
7.826679224223871e-35
1.0218677544333687e-37
1.015377964146639e-40
7.678504655176575e-44
4.419177528361325e-47
1.9356290164601515e-50
6.452361304111407e-54
1.6369337797287233e-57
3.1605264012823375e-61
4.644121924229722e-65
5.193542406860333e-69
4.420176690815065e-73
2.863066640555101e-77
1.4113644114943407e-81
5.2949607654912e-86
1.5118273905402514e-90
3.285167752874674e-95
5.432863225784172e-100
6.8377917660761176e-105
6.549661403686819e-110
4.774607828069095e-115
2.6489419512145152e-120
1.1184666927597356e-125
3.5940949700300814e-131
8.789656851185537e-137
1.6359505463626384e-142
2.3173108788487952e-148
2.4981258225198667e-154
2.049557918113981e-160
1.2797406379786716e-166
6.081344489130595e-173
2.199343827351095e-179
6.05344402081017e-186
1.268024986197643e-192
2.0214777745386572e-199
2.4525959625308978e-206
2.2646387070178264e-213
1.5914306633707073e-220
8.511231362816102e-228
3.464279704108962e-235
1.073122699501953e-242
2.5298903138621066e-250
4.539101370419452e-258
6.198033940784592e-266
6.441008869582098e-274
5.094126472372162e-282
3.066206695322009e-290
1.404588185156363e-298
4.896801202022423e-307
1.299247275e-315
5e-324
0.0
0.0
0.0
0.0
0.0
0.0
0.0
0.0
0.0
0.0
0.0
0.0
0.0
0.0
0.0
0.0
0.0
