0.5106027269646373
0.008221662820019725
0.0001363195846252386
2.327442199198208e-06
4.091868033964977e-08
2.147758329016292e-09
3.7451467350192726e-11
6.530588320780943e-13
1.1387696910760986e-14
1.9857283833431768e-16
3.4626196631135418e-18
6.037992978195074e-20
1.0529035672434457e-21
1.8361491089509777e-23
3.20253559683733e-25
5.5881779046919155e-27
9.763121525304879e-29
1.711778501601913e-30
3.031396274895559e-32
5.517438086757211e-34
1.0773340155799706e-35
2.452306790662463e-37
7.132531526138817e-39
2.665815622540254e-40
1.172864052546485e-41
5.570168669920659e-43
2.7262859561281635e-44
1.349153130835754e-45
6.702766119751494e-47
3.334622393678847e-48
1.6597771048734094e-49
8.262790263076846e-51
4.113672423021483e-52
2.0480572011640035e-53
1.0196669051159963e-54
5.0766480773477285e-56
2.5275452115682548e-57
1.2584223355501806e-58
6.265631432511883e-60
3.119787145485595e-61
1.5535606671327962e-62
7.737795696912961e-64
3.855465904593206e-65
1.922539654156146e-66
9.601645359642711e-68
4.809986321018178e-69
2.4240868817907735e-70
1.2359472002932864e-71
6.441395836988293e-73
3.4923085140026476e-74
2.0214207145264944e-75
1.2865133872392551e-76
9.1805952768574e-78
7.320859262794007e-79
6.370033009429794e-80
5.872209873169364e-81
5.600550055361534e-82
5.442343493342886e-83
5.341834809070219e-84
5.27183460562533e-85
5.219707415230293e-86
5.180588188780064e-87
5.154309767578859e-88
5.14435549987299e-89
5.158101610849465e-90
5.208148567577632e-91
5.314905297093156e-92
5.510930191950199e-93
5.847959250678386e-94
6.408184684718176e-95
7.322358890683844e-96
8.79897235075687e-97
1.117158912328144e-97
1.497633520828091e-98
2.1080254441615035e-99
3.0897145513467203e-100
4.6757319389809496e-101
7.255530862284042e-102
1.1491394639333358e-102
1.8533652162915436e-103
3.0430620761867517e-104
5.093333550093905e-105
8.712210842334871e-106
1.527860508005659e-106
2.7562649075239607e-107
5.1297890506939624e-108
9.86899026604467e-109
1.9641584103514503e-109
4.042542194212869e-110
8.594154612600684e-111
1.884402673996504e-111
4.2556024298989e-112
9.888463496340612e-113
2.3629646473438613e-113
5.806642799664683e-114
1.467749987008015e-114
3.818046288911706e-115
1.0230576974165215e-115
2.8412681561086665e-116
8.714146921336153e-117
4.685879009829792e-117
8.714146921336153e-117
2.8412681561086665e-116
1.0230576974165215e-115
3.818046288911706e-115
1.467749987008015e-114
5.806642799664683e-114
2.3629646473438613e-113
9.888463496340612e-113
4.2556024298989e-112
1.884402673996504e-111
8.594154612600684e-111
4.042542194212869e-110
1.9641584103514503e-109
9.86899026604467e-109
5.1297890506939624e-108
2.7562649075239607e-107
1.527860508005659e-106
8.712210842334871e-106
5.093333550093905e-105
3.0430620761867517e-104
1.8533652162915436e-103
1.1491394639333358e-102
7.255530862284042e-102
4.6757319389809496e-101
3.0897145513467203e-100
2.1080254441615035e-99
1.497633520828091e-98
1.117158912328144e-97
8.79897235075687e-97
7.322358890683844e-96
6.408184684718176e-95
5.847959250678386e-94
5.510930191950199e-93
5.314905297093156e-92
5.208148567577632e-91
5.158101610849465e-90
5.14435549987299e-89
5.154309767578859e-88
5.180588188780064e-87
5.219707415230293e-86
5.27183460562533e-85
5.341834809070219e-84
5.442343493342886e-83
5.600550055361534e-82
5.872209873169364e-81
6.370033009429794e-80
7.320859262794007e-79
9.1805952768574e-78
1.2865133872392551e-76
2.0214207145264944e-75
3.4923085140026476e-74
6.441395836988293e-73
1.2359472002932864e-71
2.4240868817907735e-70
4.809986321018178e-69
9.601645359642711e-68
1.922539654156146e-66
3.855465904593206e-65
7.737795696912961e-64
1.5535606671327962e-62
3.119787145485595e-61
6.265631432511883e-60
1.2584223355501806e-58
2.5275452115682548e-57
5.0766480773477285e-56
1.0196669051159963e-54
2.0480572011640035e-53
4.113672423021483e-52
8.262790263076846e-51
1.6597771048734094e-49
3.334622393678847e-48
6.702766119751494e-47
1.349153130835754e-45
2.7262859561281635e-44
5.570168669920659e-43
1.172864052546485e-41
2.665815622540254e-40
7.132531526138817e-39
2.452306790662463e-37
1.0773340155799706e-35
5.517438086757211e-34
3.031396274895559e-32
1.711778501601913e-30
9.763121525304879e-29
5.5881779046919155e-27
3.20253559683733e-25
1.8361491089509777e-23
1.0529035672434457e-21
6.037992978195074e-20
3.4626196631135418e-18
1.9857283833431768e-16
1.1387696910760986e-14
6.530588320780943e-13
3.7451467350192726e-11
2.147758329016292e-09
4.091868033964977e-08
2.327442199198208e-06
0.0001363195846252386
0.008221662820019725

6.466463132672251e-128
8.280905678062578e-116
2.6328469732676623e-104
2.0783091287638588e-93
4.0731595334123996e-83
1.9819351652293825e-73
2.394331140807846e-64
7.181509385669229e-56
5.347908874356859e-48
9.887557277034777e-41
4.538692645266559e-34
5.172604616723569e-28
1.463607209451478e-22
1.028197502823452e-17
1.793350991262515e-13
7.765882178929114e-10
8.349357273679306e-07
0.0002228702194635765
0.014770247884838198
0.24303021719592294
0.9928177058644277
1.0069676074015945
0.25357021236275096
0.015853228386265635
0.0002460786558249364
9.483462323986029e-07
9.073955565181713e-10
2.1555749151001786e-13
1.2713535540785044e-17
1.8616854719404802e-22
6.76835338250428e-28
6.109370861369356e-34
1.3691363487998765e-40
7.617871798846729e-48
1.052343120878621e-55
3.6092571123085714e-64
3.073371241964191e-73
6.497540170113297e-83
3.410512697883773e-93
4.444543040405179e-104
1.4380411355092028e-115
1.1551868863446794e-127
2.303933495264679e-140
1.1408390412254566e-153
1.4025409782481225e-167
4.280982876146206e-182
3.2442041095391805e-197
6.103930741585285e-213
2.851331894878945e-229
3.306912430999008e-246
9.52213567104474e-264
6.807423711032746e-282
1.2082810067435747e-300
5.325e-320
0.0
0.0
0.0
0.0
0.0
0.0
0.0
0.0
0.0
0.0
0.0
0.0
0.0
0.0
0.0
0.0
0.0
0.0
0.0
0.0
0.0
0.0
0.0
0.0
0.0
0.0
0.0
0.0
0.0
0.0
0.0
0.0
0.0
0.0
0.0
0.0
0.0
0.0
0.0
0.0
0.0
0.0
0.0
0.0
0.0
0.0
