0.45425254450557784
0.019375933672241462
0.001048436025768174
7.196730375272688e-05
6.266747865457117e-06
6.922453127948929e-07
9.699907517006041e-08
1.723636315701834e-08
3.879724632055825e-09
1.1015716950745651e-09
3.9062287699981225e-10
1.6965876672617065e-10
8.770759940131423e-11
5.2202422511165495e-11
3.4636450622265914e-11
2.4939312440623525e-11
1.908440233117485e-11
1.528503548876053e-11
1.2672402807563378e-11
1.0789842632903639e-11
9.380865839261727e-12
8.293034192560397e-12
7.431267795208355e-12
6.733756304016218e-12
6.158858937203896e-12
5.677643179994376e-12
5.269458510610244e-12
4.919214446786857e-12
4.615652431555059e-12
4.3502170924261145e-12
4.116300039000179e-12
3.908721571117349e-12
3.7233680816167036e-12
3.556933629751212e-12
3.4067326275805202e-12
3.270561970021815e-12
3.146598123082305e-12
3.0333193113305248e-12
2.9294459826040516e-12
2.8338947568233524e-12
2.7457424434186616e-12
2.6641976615185318e-12
2.5885782608903082e-12
2.518293211764615e-12
2.452827968710071e-12
2.3917325580981614e-12
2.334611817782886e-12
2.2811173501758582e-12
2.230940848939281e-12
2.18380853417698e-12
2.139476487751859e-12
2.097726723833824e-12
2.0583638633386104e-12
2.0212123070013724e-12
1.986113822239666e-12
1.952925475033938e-12
1.921517850788209e-12
1.8917735182809453e-12
1.8635856989462524e-12
1.8368571102736085e-12
1.811498957414521e-12
1.7874300513951841e-12
1.7645760358561052e-12
1.742868707129728e-12
1.7222454148486324e-12
1.7026485322472803e-12
1.6840249869568378e-12
1.6663258444569131e-12
1.6495059374895033e-12
1.633523535698725e-12
1.6183400505670739e-12
1.6039197714010656e-12
1.5902296286972804e-12
1.5772389817114085e-12
1.5649194274720683e-12
1.5532446288395787e-12
1.5421901595172358e-12
1.5317333641868851e-12
1.5218532321683788e-12
1.5125302831994343e-12
1.5037464641029887e-12
1.495485055257403e-12
1.4877305859139473e-12
1.4804687575187494e-12
1.4736863742950685e-12
1.4673712804284026e-12
1.4615123032732082e-12
1.4560992020673158e-12
1.4511226216997681e-12
1.4465740511307404e-12
1.4424457861094427e-12
1.4387308958781416e-12
1.4354231935884142e-12
1.4325172101900501e-12
1.4300081715841181e-12
1.42789197886014e-12
1.4261651914634218e-12
1.424825013162735e-12
1.423869280711134e-12
1.4232964551138575e-12
1.4231056154374832e-12
1.4232964551138575e-12
1.423869280711134e-12
1.424825013162735e-12
1.4261651914634218e-12
1.42789197886014e-12
1.4300081715841181e-12
1.4325172101900501e-12
1.4354231935884142e-12
1.4387308958781416e-12
1.4424457861094427e-12
1.4465740511307404e-12
1.4511226216997681e-12
1.4560992020673158e-12
1.4615123032732082e-12
1.4673712804284026e-12
1.4736863742950685e-12
1.4804687575187494e-12
1.4877305859139473e-12
1.495485055257403e-12
1.5037464641029887e-12
1.5125302831994343e-12
1.5218532321683788e-12
1.5317333641868851e-12
1.5421901595172358e-12
1.5532446288395787e-12
1.5649194274720683e-12
1.5772389817114085e-12
1.5902296286972804e-12
1.6039197714010656e-12
1.6183400505670739e-12
1.633523535698725e-12
1.6495059374895033e-12
1.6663258444569131e-12
1.6840249869568378e-12
1.7026485322472803e-12
1.7222454148486324e-12
1.742868707129728e-12
1.7645760358561052e-12
1.7874300513951841e-12
1.811498957414521e-12
1.8368571102736085e-12
1.8635856989462524e-12
1.8917735182809453e-12
1.921517850788209e-12
1.952925475033938e-12
1.986113822239666e-12
2.0212123070013724e-12
2.0583638633386104e-12
2.097726723833824e-12
2.139476487751859e-12
2.18380853417698e-12
2.230940848939281e-12
2.2811173501758582e-12
2.334611817782886e-12
2.3917325580981614e-12
2.452827968710071e-12
2.518293211764615e-12
2.5885782608903082e-12
2.6641976615185318e-12
2.7457424434186616e-12
2.8338947568233524e-12
2.9294459826040516e-12
3.0333193113305248e-12
3.146598123082305e-12
3.270561970021815e-12
3.4067326275805202e-12
3.556933629751212e-12
3.7233680816167036e-12
3.908721571117349e-12
4.116300039000179e-12
4.3502170924261145e-12
4.615652431555059e-12
4.919214446786857e-12
5.269458510610244e-12
5.677643179994376e-12
6.158858937203896e-12
6.733756304016218e-12
7.431267795208355e-12
8.293034192560397e-12
9.380865839261727e-12
1.0789842632903639e-11
1.2672402807563378e-11
1.528503548876053e-11
1.908440233117485e-11
2.4939312440623525e-11
3.4636450622265914e-11
5.2202422511165495e-11
8.770759940131423e-11
1.6965876672617065e-10
3.9062287699981225e-10
1.1015716950745651e-09
3.879724632055825e-09
1.723636315701834e-08
9.699907517006041e-08
6.922453127948929e-07
6.266747865457117e-06
7.196730375272688e-05
0.001048436025768174
0.019375933672241462

6.139832795789041e-11
9.08303214659269e-10
1.1318733641802477e-08
1.1881123509067446e-07
1.0505333958893842e-06
7.824469412403713e-06
4.908995264228493e-05
0.0002594316817409289
0.001154904545213676
0.004330737414597649
0.013679502250372049
0.03639748873074698
0.08157652984803945
0.15401099112972125
0.24492374208675072
0.3280973619616757
0.3702263049557708
0.3519042310117972
0.28175678698696704
0.1900277235339534
0.10795735285923705
0.05166306527010127
0.020825756925458013
0.007071541620639211
0.002022646980026892
0.0004873250777441621
9.890314752027883e-05
1.6908074272803665e-05
2.434842438167937e-06
2.9535223410479445e-07
3.017882590442747e-08
2.597509238808003e-09
1.8832351170871162e-10
1.1501240071246536e-11
5.916671745132657e-13
2.5639111078874173e-14
9.35882085493306e-16
2.877610345875655e-17
7.453075490372469e-19
1.6260419129644204e-20
2.988275493991798e-22
4.625963615653336e-24
6.032210298146688e-26
6.625877718573847e-28
6.130600854381138e-30
4.778101244977541e-32
3.136897559196811e-34
1.734754434974036e-36
8.081060504518012e-39
3.170964589258946e-41
1.0481105869246089e-43
2.9182030376657664e-46
6.844103750000546e-49
1.3521047715824827e-51
2.2500739321601126e-54
3.154103300584271e-57
3.7243262608464594e-60
3.7043516543845327e-63
3.1036259729201864e-66
2.1903788105828656e-69
1.3021522424649361e-72
6.520741421082855e-76
2.7505837693122927e-79
9.773395080421224e-83
2.925221225316216e-86
7.3750447306787026e-90
1.5662579314319565e-93
2.8019126346261663e-97
4.22219782547877e-101
5.359388594726306e-105
5.730395531181591e-109
5.161151803587399e-113
3.9156273059330655e-117
2.5023539866096675e-121
1.347065844815198e-125
6.108317255031341e-130
2.3331734622031197e-134
7.506978162094431e-139
2.0345855640828211e-143
4.644932923171138e-148
8.932553307323988e-153
1.4469864634447647e-157
1.974449370050525e-162
2.2694479001814806e-167
2.1972886589982745e-172
1.7920358480177928e-177
1.231115938199988e-182
7.124327842236889e-188
3.472813976197612e-193
1.4259747215078889e-198
4.932133402542135e-204
1.436979208694478e-209
3.526621379725079e-215
7.29054289291258e-221
1.269561034680013e-226
1.8622585701984508e-232
2.3010129369096004e-238
2.394918953359668e-244
2.099690403994179e-250
1.550645016180954e-256
