0.38092735920609844
0.03001764801238451
0.0023962541324816823
0.00019378085160991996
1.587488157730969e-05
1.3174430593922905e-06
1.1075795738964811e-07
8.246164888528616e-09
8.169986796729813e-10
8.094590021316505e-11
8.019930234636133e-12
7.945983621082085e-13
7.872737441408531e-14
7.800185818665131e-15
7.728328404441816e-16
7.657170922465499e-17
7.586727347262897e-18
7.517024003371061e-19
7.448106368816435e-20
7.380049986655968e-21
7.3129777848161125e-22
7.247087479291676e-23
7.1826948871516e-24
7.1203023643843395e-25
7.060706931941958e-26
7.005171100327463e-27
6.9556927467746465e-28
6.915431479557601e-29
6.889382227908077e-30
6.885439411810649e-31
6.916078172749665e-32
7.001010478723547e-33
7.171381412344692e-34
7.4763987860692e-35
7.993807211986206e-36
8.846436207738852e-37
1.0228345216859766e-37
1.244613221492836e-38
1.5984202732272348e-39
2.1607902085772397e-40
3.052648639241718e-41
4.465067513297439e-42
6.699972763497843e-43
1.023449623481792e-43
1.582272960963423e-44
2.4656671940044495e-45
3.8620921663360925e-46
6.069596786615311e-47
9.559733184960748e-48
1.507896883197225e-48
2.380985773609844e-49
3.762775304049283e-50
5.951093048558762e-51
9.41984712020586e-52
1.4925134413157887e-52
2.3677620188943787e-53
3.7625233167456985e-54
5.99224101596985e-55
9.572085811766764e-56
1.5352680983627041e-56
2.4758118357902913e-57
4.021353936269709e-58
6.593333606444087e-59
1.094127985017553e-59
1.8432373314519097e-60
3.162689328990393e-61
5.544574574023867e-62
9.958142424015895e-63
1.835499190647853e-63
3.474029213101278e-64
6.746613674612116e-65
1.3417987824829112e-65
2.7257089294921945e-66
5.63842699525171e-67
1.184244633704607e-67
2.5187770622008986e-68
5.413385163496144e-69
1.173744555986779e-69
2.5646144915393684e-70
5.6433665729590905e-71
1.2503404546360773e-71
2.7896993445570724e-72
6.27086969248277e-73
1.4212052582439453e-73
3.2505297033635e-74
7.510960305815499e-75
1.7554630862790773e-75
4.1548325431556e-76
9.969035739290609e-77
2.4270972110248813e-77
5.999922666867151e-78
1.5065822277448816e-78
3.842934838717389e-79
9.955711143125297e-80
2.6184461125177042e-80
6.987812146920148e-81
1.891117283808891e-81
5.1892731268945336e-82
1.4505620184162308e-82
4.385761843389343e-83
2.308275948520518e-83
4.385761843389343e-83
1.4505620184162308e-82
5.1892731268945336e-82
1.891117283808891e-81
6.987812146920148e-81
2.6184461125177042e-80
9.955711143125297e-80
3.842934838717389e-79
1.5065822277448816e-78
5.999922666867151e-78
2.4270972110248813e-77
9.969035739290609e-77
4.1548325431556e-76
1.7554630862790773e-75
7.510960305815499e-75
3.2505297033635e-74
1.4212052582439453e-73
6.27086969248277e-73
2.7896993445570724e-72
1.2503404546360773e-71
5.6433665729590905e-71
2.5646144915393684e-70
1.173744555986779e-69
5.413385163496144e-69
2.5187770622008986e-68
1.184244633704607e-67
5.63842699525171e-67
2.7257089294921945e-66
1.3417987824829112e-65
6.746613674612116e-65
3.474029213101278e-64
1.835499190647853e-63
9.958142424015895e-63
5.544574574023867e-62
3.162689328990393e-61
1.8432373314519097e-60
1.094127985017553e-59
6.593333606444087e-59
4.021353936269709e-58
2.4758118357902913e-57
1.5352680983627041e-56
9.572085811766764e-56
5.99224101596985e-55
3.7625233167456985e-54
2.3677620188943787e-53
1.4925134413157887e-52
9.41984712020586e-52
5.951093048558762e-51
3.762775304049283e-50
2.380985773609844e-49
1.507896883197225e-48
9.559733184960748e-48
6.069596786615311e-47
3.8620921663360925e-46
2.4656671940044495e-45
1.582272960963423e-44
1.023449623481792e-43
6.699972763497843e-43
4.465067513297439e-42
3.052648639241718e-41
2.1607902085772397e-40
1.5984202732272348e-39
1.244613221492836e-38
1.0228345216859766e-37
8.846436207738852e-37
7.993807211986206e-36
7.4763987860692e-35
7.171381412344692e-34
7.001010478723547e-33
6.916078172749665e-32
6.885439411810649e-31
6.889382227908077e-30
6.915431479557601e-29
6.9556927467746465e-28
7.005171100327463e-27
7.060706931941958e-26
7.1203023643843395e-25
7.1826948871516e-24
7.247087479291676e-23
7.3129777848161125e-22
7.380049986655968e-21
7.448106368816435e-20
7.517024003371061e-19
7.586727347262897e-18
7.657170922465499e-17
7.728328404441816e-16
7.800185818665131e-15
7.872737441408531e-14
7.945983621082085e-13
8.019930234636133e-12
8.094590021316505e-11
8.169986796729813e-10
8.246164888528616e-09
1.1075795738964811e-07
1.3174430593922905e-06
1.587488157730969e-05
0.00019378085160991996
0.0023962541324816823
0.03001764801238451

1.8870771803714173e-109
7.185106823602892e-93
1.168979451856905e-77
8.126632239057197e-64
2.4140397539868806e-51
3.0641379254331424e-40
1.6618900369793503e-30
3.85146840730202e-22
3.813998139635466e-15
1.6138556814618277e-09
2.9179577250018015e-05
0.022543605568465658
0.7442140082298501
1.0497898879225043
0.06327570772430052
0.00016296776859231235
1.7934798775732976e-08
8.43376273888562e-14
1.694635622918206e-20
1.4549945457375673e-28
5.3379743264677e-38
8.36800011635408e-49
5.6052754082410394e-61
1.604361811341598e-74
1.962175087155913e-89
1.0254235336600008e-105
2.2898070325853928e-123
2.184864815174302e-142
8.908002668409223e-163
1.551908770560734e-184
1.1552663354204409e-207
3.674752806627529e-232
4.994640379418661e-258
2.9007506557827713e-285
7.198577022e-314
0.0
0.0
0.0
0.0
0.0
0.0
0.0
0.0
0.0
0.0
0.0
0.0
0.0
0.0
0.0
0.0
0.0
0.0
0.0
0.0
0.0
0.0
0.0
0.0
0.0
0.0
0.0
0.0
0.0
0.0
0.0
0.0
0.0
0.0
0.0
0.0
0.0
0.0
0.0
0.0
0.0
0.0
0.0
0.0
0.0
0.0
0.0
0.0
0.0
0.0
0.0
0.0
0.0
0.0
0.0
0.0
0.0
0.0
0.0
0.0
0.0
0.0
0.0
0.0
0.0
