1.1623746454667374
0.4167140250932426
0.28936222403741874
0.22048647144938352
0.17408766632421563
0.14119514614533044
0.11716222240107158
0.0991524451007257
0.08534887751940791
0.07455317762253552
0.06595535389924022
0.05899557028624956
0.05327885097143816
0.04852118234933947
0.044514715054142034
0.04110484309178818
0.03817482048164996
0.03563525363466631
0.03341680485442054
0.03146504674815831
0.029736780527542753
0.02819736568674229
0.026818758374809577
0.025578053026355747
0.024456385882499158
0.023438101845078704
0.022510115100795827
0.021661413839688965
0.020882673200007248
0.020165950268649004
0.01950444185127139
0.0188922906654131
0.018324429188453183
0.017796453009259163
0.017304517463426476
0.016845252769048115
0.016415693958053187
0.01601322271323774
0.015635518841902653
0.015280519593162234
0.014946385393656402
0.014631470862133086
0.014334300186793074
0.014053546125024605
0.013788012024159925
0.013536616372432371
0.013298379477683255
0.013072411942362805
0.012857904660677802
0.012654120110211518
0.012460384748193668
0.012276082353559953
0.012100648181369689
0.011933563817116992
0.01177435263582462
0.011622575785224945
0.01147782862434909
0.011339737558896933
0.011207957223195543
0.011082167965654843
0.010962073600625729
0.01084739939464463
0.010737890259362276
0.01063330912712859
0.010533435488343689
0.010438064072371795
0.0103470036561217
0.010260075986382166
0.010177114803713288
0.010097964957175215
0.010022481600458849
0.009950529461097523
0.0098819821754088
0.009816721682661567
0.009754637672703381
0.009695627081930775
0.009639593633053918
0.009586447414607098
0.009536104496597123
0.009488486579070896
0.009443520670727715
0.00940113879500692
0.009361277721352852
0.009323878719600333
0.009288887335639338
0.00925625318671011
0.009225929774852646
0.00919787431718967
0.009172047591862072
0.009148413798562134
0.009126940432724601
0.009107598172539854
0.009090360778048794
0.00907520500166651
0.009062110509562226
0.009051059813397969
0.009042038211997743
0.009035033742584391
0.00903003714128307
0.009027041812648759
0.009026043808031658
0.009027041812648759
0.00903003714128307
0.009035033742584391
0.009042038211997743
0.009051059813397969
0.009062110509562226
0.00907520500166651
0.009090360778048794
0.009107598172539854
0.009126940432724601
0.009148413798562134
0.009172047591862072
0.00919787431718967
0.009225929774852646
0.00925625318671011
0.009288887335639338
0.009323878719600333
0.009361277721352852
0.00940113879500692
0.009443520670727715
0.009488486579070896
0.009536104496597123
0.009586447414607098
0.009639593633053918
0.009695627081930775
0.009754637672703381
0.009816721682661567
0.0098819821754088
0.009950529461097523
0.010022481600458849
0.010097964957175215
0.010177114803713288
0.010260075986382166
0.0103470036561217
0.010438064072371795
0.010533435488343689
0.01063330912712859
0.010737890259362276
0.01084739939464463
0.010962073600625729
0.011082167965654843
0.011207957223195543
0.011339737558896933
0.01147782862434909
0.011622575785224945
0.01177435263582462
0.011933563817116992
0.012100648181369689
0.012276082353559953
0.012460384748193668
0.012654120110211518
0.012857904660677802
0.013072411942362805
0.013298379477683255
0.013536616372432371
0.013788012024159925
0.014053546125024605
0.014334300186793074
0.014631470862133086
0.014946385393656402
0.015280519593162234
0.015635518841902653
0.01601322271323774
0.016415693958053187
0.016845252769048115
0.017304517463426476
0.017796453009259163
0.018324429188453183
0.0188922906654131
0.01950444185127139
0.020165950268649004
0.020882673200007248
0.021661413839688965
0.022510115100795827
0.023438101845078704
0.024456385882499158
0.025578053026355747
0.026818758374809577
0.02819736568674229
0.029736780527542753
0.03146504674815831
0.03341680485442054
0.03563525363466631
0.03817482048164996
0.04110484309178818
0.044514715054142034
0.04852118234933947
0.05327885097143816
0.05899557028624956
0.06595535389924022
0.07455317762253552
0.08534887751940791
0.0991524451007257
0.11716222240107158
0.14119514614533044
0.17408766632421563
0.22048647144938352
0.28936222403741874
0.4167140250932426

0.428005020705279
0.8891386320041571
0.9208950589725918
0.4755261882747304
0.12245282869239853
0.015908823900117542
0.001953355559906299
0.0038045885279216506
0.012368114842771318
0.033410843171989835
0.07443849612535869
0.13703220634974037
0.20931558773628653
0.26789729430093245
0.29367198289119095
0.2884576031007807
0.27304956054024
0.2664548620954662
0.26832409193035806
0.26224892828897056
0.23368049317954379
0.18310986262109274
0.12418195103492877
0.07244222275601928
0.03627094175233669
0.01557536821468138
0.005734914065411846
0.0018104762939872964
0.0004900346147015734
0.00011371716591897007
2.2625070368036364e-05
3.859386803917432e-06
5.644312995914324e-07
7.077310856792024e-08
7.608338970497447e-09
7.01254778162065e-10
5.5414856374985856e-11
3.75440386943044e-12
2.180821720385171e-13
1.086084804386487e-14
4.63736958439639e-16
1.6976340574987633e-17
5.328204043438413e-19
1.4337783376274486e-20
3.3078634971576094e-22
6.543009380912594e-24
1.1096139413916818e-25
1.6133576944572931e-27
2.0111933437083563e-29
2.1495194521700586e-31
1.969669384864619e-33
1.547425281099153e-35
1.0422944841409757e-37
6.019155864043945e-40
2.9801981282133467e-42
1.2650831874953696e-44
4.604234439340608e-47
1.4366804174634454e-49
3.843503790290129e-52
8.815741630408453e-55
1.7336235248640344e-57
2.9229078797641386e-60
4.2251279262652e-63
5.236353962226973e-66
5.563941143682655e-69
5.068745161800488e-72
3.9589752347252295e-75
2.651120765198629e-78
1.5220910631918711e-81
7.492317257561361e-85
3.1619578789869096e-88
1.144090553989425e-91
3.5491889265941315e-95
9.439787850833361e-99
2.1525822195783577e-102
4.20844505590585e-106
7.054203316051167e-110
1.0137682423569982e-113
1.249090168510393e-117
1.319511854321366e-121
1.1950806116110266e-125
9.279947162196788e-130
6.178146531388259e-134
3.5264302962649534e-138
1.7257457069515736e-142
7.240735741701601e-147
2.604671704099021e-151
8.033183448499258e-156
2.12415779596461e-160
4.815598439831834e-165
9.36004965568873e-170
1.55980546869687e-174
2.228574325652654e-179
2.7299092210822617e-184
2.867039566009521e-189
2.5815679791401527e-194
1.9929566083255591e-199
1.3190963510235768e-204
7.485478945023596e-210
3.641892024487231e-215
