0.6562545024028404
0.09714769659737035
0.0187910049018291
0.0047312439739004945
0.0015341250546776976
0.0006266261970757346
0.0003116765721568784
0.00018139069108243173
0.00011890413844862659
8.508260952399745e-05
6.491290178356124e-05
5.192207537270594e-05
4.302810938983317e-05
3.663516425791217e-05
3.1856394281036275e-05
2.8168656062593614e-05
2.5247358478438066e-05
2.2882257121183227e-05
2.0932067856159773e-05
1.9298790466146417e-05
1.7912554531584575e-05
1.6722336488480973e-05
1.5690083361559023e-05
1.4786883081285575e-05
1.3990403016260304e-05
1.3283136516902376e-05
1.2651177282930686e-05
1.2083346389269018e-05
1.1570559800931602e-05
1.1105362962168972e-05
1.0681583442668305e-05
1.029406831068011e-05
9.938483186694356e-06
9.611156794260946e-06
9.308959480697165e-06
9.029207387894375e-06
8.769586194434956e-06
8.528089936706478e-06
8.302971553671965e-06
8.092702624167581e-06
7.895940369522371e-06
7.711500441275362e-06
7.538334347724561e-06
7.375510624784535e-06
7.222199047989512e-06
7.077657329094616e-06
6.9412198539029935e-06
6.8122881059285e-06
6.690322489360464e-06
6.57483531902995e-06
6.465384788050997e-06
6.361569758059338e-06
6.263025244416554e-06
6.1694184908563805e-06
6.080445545948608e-06
5.995828268315996e-06
5.915311699437317e-06
5.8386617526350365e-06
5.765663174894341e-06
5.696117744820569e-06
5.629842675574565e-06
5.566669196238693e-06
5.506441288926201e-06
5.449014562187799e-06
5.39425524399969e-06
5.34203927992472e-06
5.292251523994456e-06
5.244785011523179e-06
5.1995403044828355e-06
5.156424901280743e-06
5.115352703821386e-06
5.076243535627453e-06
5.039022705565435e-06
5.003620612386579e-06
4.9699723858702806e-06
4.938017560857287e-06
4.907699780895399e-06
4.878966528599978e-06
4.851768880163477e-06
4.826061281738763e-06
4.801801345676423e-06
4.778949664820665e-06
4.757469643266651e-06
4.7373273421571016e-06
4.718491339251247e-06
4.700932601136954e-06
4.684624367079655e-06
4.669542043611223e-06
4.6556631090601275e-06
4.642967027312324e-06
4.6314351701718085e-06
4.6210507477615816e-06
4.61179874647109e-06
4.6036658740157355e-06
4.5966405112286085e-06
4.59071267025494e-06
4.585873958866477e-06
4.5821175506564e-06
4.579438160916603e-06
4.577832028037786e-06
4.577296900310084e-06
4.577832028037786e-06
4.579438160916603e-06
4.5821175506564e-06
4.585873958866477e-06
4.59071267025494e-06
4.5966405112286085e-06
4.6036658740157355e-06
4.61179874647109e-06
4.6210507477615816e-06
4.6314351701718085e-06
4.642967027312324e-06
4.6556631090601275e-06
4.669542043611223e-06
4.684624367079655e-06
4.700932601136954e-06
4.718491339251247e-06
4.7373273421571016e-06
4.757469643266651e-06
4.778949664820665e-06
4.801801345676423e-06
4.826061281738763e-06
4.851768880163477e-06
4.878966528599978e-06
4.907699780895399e-06
4.938017560857287e-06
4.9699723858702806e-06
5.003620612386579e-06
5.039022705565435e-06
5.076243535627453e-06
5.115352703821386e-06
5.156424901280743e-06
5.1995403044828355e-06
5.244785011523179e-06
5.292251523994456e-06
5.34203927992472e-06
5.39425524399969e-06
5.449014562187799e-06
5.506441288926201e-06
5.566669196238693e-06
5.629842675574565e-06
5.696117744820569e-06
5.765663174894341e-06
5.8386617526350365e-06
5.915311699437317e-06
5.995828268315996e-06
6.080445545948608e-06
6.1694184908563805e-06
6.263025244416554e-06
6.361569758059338e-06
6.465384788050997e-06
6.57483531902995e-06
6.690322489360464e-06
6.8122881059285e-06
6.9412198539029935e-06
7.077657329094616e-06
7.222199047989512e-06
7.375510624784535e-06
7.538334347724561e-06
7.711500441275362e-06
7.895940369522371e-06
8.092702624167581e-06
8.302971553671965e-06
8.528089936706478e-06
8.769586194434956e-06
9.029207387894375e-06
9.308959480697165e-06
9.611156794260946e-06
9.938483186694356e-06
1.029406831068011e-05
1.0681583442668305e-05
1.1105362962168972e-05
1.1570559800931602e-05
1.2083346389269018e-05
1.2651177282930686e-05
1.3283136516902376e-05
1.3990403016260304e-05
1.4786883081285575e-05
1.5690083361559023e-05
1.6722336488480973e-05
1.7912554531584575e-05
1.9298790466146417e-05
2.0932067856159773e-05
2.2882257121183227e-05
2.5247358478438066e-05
2.8168656062593614e-05
3.1856394281036275e-05
3.663516425791217e-05
4.302810938983317e-05
5.192207537270594e-05
6.491290178356124e-05
8.508260952399745e-05
0.00011890413844862659
0.00018139069108243173
0.0003116765721568784
0.0006266261970757346
0.0015341250546776976
0.0047312439739004945
0.0187910049018291
0.09714769659737035

0.00021154219032137967
0.0009120407611461223
0.0033780132479223272
0.010748263306555922
0.02937954693194575
0.06898930021637965
0.13917083529696672
0.24118182464447893
0.3590630929547701
0.45922635806013806
0.5045598574152587
0.4762428097950716
0.3861659851497071
0.2689982474546556
0.1609736281536539
0.08275416543637021
0.036547261640492344
0.013865951280601661
0.004519333033310509
0.0012654030316779606
0.0003043779892421752
6.289664284896723e-05
1.1165329277184362e-05
1.7027286910984128e-06
2.230741367714559e-07
2.5106307091883826e-08
2.4274276847747725e-09
2.0162278686615567e-10
1.4386752568681987e-11
8.818927737950402e-13
4.644068768958386e-14
2.1009288686038174e-15
8.164957035260732e-17
2.7260028614242033e-18
7.818592155824833e-20
1.9264629456548706e-21
4.077768898301168e-23
7.415055512556666e-25
1.1583399974789839e-26
1.5544886212090513e-28
1.7921274437580786e-30
1.7749253085851478e-32
1.5101535994190361e-34
1.1038041198569087e-36
6.930949711627476e-39
3.738723375871305e-41
1.7325419837732323e-43
6.897219541932222e-46
2.3588166307661665e-48
6.930174348444741e-51
1.7491376529144398e-53
3.7925705236243878e-56
7.0643659796750005e-59
1.1304271092906537e-61
1.5539669790977075e-64
1.8351469938412517e-67
1.8617860663258124e-70
1.6226264210822197e-73
1.2148905651806794e-76
7.814219816869006e-80
4.317814068117961e-83
2.0496140928985192e-86
8.358148992906066e-90
2.9280464850485587e-93
8.812024060363836e-97
2.278259709604771e-100
5.060117876254905e-104
9.654902368151758e-108
1.582577502254267e-111
2.228496401406828e-115
2.6958066183083313e-119
2.8015306728885333e-123
2.5011047258537047e-127
1.9182191413938304e-131
1.2638467397147987e-135
7.15353082696102e-140
3.478374527850333e-144
1.4529881743009606e-148
5.214079704765133e-153
1.6073968032018363e-157
4.2569483741006807e-162
9.685086745762751e-167
1.8929471764544918e-171
3.1783617349844564e-176
4.584563585755278e-181
5.680970395852766e-186
6.047514247296842e-191
5.53045830863198e-196
4.344854063594722e-201
2.932372333567178e-206
1.7001720856442381e-211
8.468305126915352e-217
3.62351416191508e-222
1.3319664216580378e-227
4.2061662918891175e-233
1.1410625427909222e-238
2.6592692287797032e-244
5.324085433319273e-250
9.157091880761805e-256
1.3530067909688687e-261
