0.4411032900243771
0.13545954307025085
0.05289011619145416
0.025399796057968854
0.014404847090541385
0.0092699557523597
0.006547226126061561
0.004948896497698611
0.003931805670304298
0.0032419251738200513
0.002749630094266953
0.0023837413692919117
0.002102682367466842
0.0018808660015849714
0.0017018316318877208
0.0015545811145408924
0.00143152288342926
0.001327267053417147
0.0012378918146284663
0.0011604815004808984
0.0010928269310937703
0.0010332258072250403
0.00098034656398317
0.0009331335139418915
0.0008907394790141116
0.000852477107822233
0.0008177831369045394
0.0007861917742878441
0.0007573146143931578
0.0007308252973661425
0.00070644766104711
0.0006839464959050394
0.0006631202621107676
0.0006437953014092534
0.0006258211990164688
0.0006090670384392928
0.0005934183555610305
0.0005787746447466438
0.0005650473040198181
0.0005521579319530482
0.0005400369081754513
0.0005286222040276784
0.0005178583810851395
0.0005076957439003091
0.000498089620016426
0.0004889997455444767
0.0004803897387182745
0.00047222664710651655
0.00046448055675988323
0.0004571242536524063
0.0004501329294515494
0.00044348392500666837
0.00043715650604716496
0.0004311316664812869
0.0004253919554244315
0.0004199213246936172
0.0004147049940074605
0.00040972933154834
0.0004049817478912057
0.0004004506015943692
0.0003961251149916998
0.00039199529893119237
0.00038805188537849083
0.00038428626695105784
0.0003806904425737087
0.0003772569685527799
0.00037397891445728145
0.00037084982327342217
0.0003678636753659689
0.000365014855837661
0.00036229812492779087
0.000359708591134243
0.00035724168678074805
0.00035489314578369377
0.0003526589834012262
0.0003505354777721859
0.0003485191530741304
0.0003466067641487454
0.00034479528245969003
0.0003430818832626733
0.0003414639338805773
0.0003399389829879676
0.0003385047508195425
0.0003371591202261453
0.0003359001285100507
0.00033472595997844604
0.0003336349391604862
0.0003326255246390936
0.00033169630345388385
0.00033084598603630346
0.00033007340164232244
0.000329377494251894
0.0003287573189079247
0.0003282120384707304
0.0003277409207669328
0.0003273433361145034
0.0003270187552082317
0.00032676674735229424
0.00032658697902886874
0.00032647921279389846
0.00032644330649317344
0.00032647921279389846
0.00032658697902886874
0.00032676674735229424
0.0003270187552082317
0.0003273433361145034
0.0003277409207669328
0.0003282120384707304
0.0003287573189079247
0.000329377494251894
0.00033007340164232244
0.00033084598603630346
0.00033169630345388385
0.0003326255246390936
0.0003336349391604862
0.00033472595997844604
0.0003359001285100507
0.0003371591202261453
0.0003385047508195425
0.0003399389829879676
0.0003414639338805773
0.0003430818832626733
0.00034479528245969003
0.0003466067641487454
0.0003485191530741304
0.0003505354777721859
0.0003526589834012262
0.00035489314578369377
0.00035724168678074805
0.000359708591134243
0.00036229812492779087
0.000365014855837661
0.0003678636753659689
0.00037084982327342217
0.00037397891445728145
0.0003772569685527799
0.0003806904425737087
0.00038428626695105784
0.00038805188537849083
0.00039199529893119237
0.0003961251149916998
0.0004004506015943692
0.0004049817478912057
0.00040972933154834
0.0004147049940074605
0.0004199213246936172
0.0004253919554244315
0.0004311316664812869
0.00043715650604716496
0.00044348392500666837
0.0004501329294515494
0.0004571242536524063
0.00046448055675988323
0.00047222664710651655
0.0004803897387182745
0.0004889997455444767
0.000498089620016426
0.0005076957439003091
0.0005178583810851395
0.0005286222040276784
0.0005400369081754513
0.0005521579319530482
0.0005650473040198181
0.0005787746447466438
0.0005934183555610305
0.0006090670384392928
0.0006258211990164688
0.0006437953014092534
0.0006631202621107676
0.0006839464959050394
0.00070644766104711
0.0007308252973661425
0.0007573146143931578
0.0007861917742878441
0.0008177831369045394
0.000852477107822233
0.0008907394790141116
0.0009331335139418915
0.00098034656398317
0.0010332258072250403
0.0010928269310937703
0.0011604815004808984
0.0012378918146284663
0.001327267053417147
0.00143152288342926
0.0015545811145408924
0.0017018316318877208
0.0018808660015849714
0.002102682367466842
0.0023837413692919117
0.002749630094266953
0.0032419251738200513
0.003931805670304298
0.004948896497698611
0.006547226126061561
0.0092699557523597
0.014404847090541385
0.025399796057968854
0.05289011619145416
0.13545954307025085

0.015554601220399892
0.03762400609623255
0.07841373208063872
0.14081215548678172
0.2178758539076419
0.29046846629206535
0.33366435555366175
0.33024904571884484
0.28163995207251963
0.20695116988570386
0.13102749660056798
0.07147891225128482
0.03359807227133068
0.013607292445735553
0.0047484296821016314
0.001427740361989571
0.0003698872801476114
8.25677576374179e-05
1.5880805154580107e-05
2.6318157284154657e-06
3.758022469523229e-07
4.623642004523328e-08
4.901510781533725e-09
4.477098585902322e-10
3.523581221072368e-11
2.3894219530135103e-12
1.3961187055052906e-13
7.0286638914750194e-15
3.048906735593047e-16
1.1395580073994414e-17
3.6698614483206647e-19
1.0183189671679052e-20
2.4346634242039227e-22
5.015508416192302e-24
8.902498911980275e-26
1.3615381939371547e-27
1.794190950225472e-29
2.0371754251669265e-31
1.993008399323845e-33
1.6800057304520722e-35
1.2202064908123301e-37
7.636191873318433e-40
4.1175726202030813e-42
1.913051388315778e-44
7.658309938243479e-47
2.6415581455173922e-49
7.850699324071605e-52
2.010376726729846e-54
4.4357543292875084e-57
8.432929233436597e-60
1.3813710826502098e-62
1.9496793794744767e-65
2.371029569905082e-68
2.484458093531877e-71
2.2430931795428256e-74
1.7449536180346438e-77
1.169610865319828e-80
6.754914156170985e-84
3.3613923552391477e-87
1.4412506477729627e-90
5.324523604010246e-94
1.694895518796039e-97
4.64864133870898e-101
1.0985759369391801e-104
2.2369437210102426e-108
3.9246503153437963e-112
5.932910685752431e-116
7.727794903157705e-120
8.67289917871592e-124
8.386754723520688e-128
6.987865219043311e-132
5.016675746710644e-136
3.103190781320921e-140
1.653948015283224e-144
7.595496496575726e-149
3.0054631947650197e-153
1.024678428980225e-157
3.010126223668884e-162
7.619083872793884e-167
1.6616583537808277e-171
3.1224942677074465e-176
5.055713998388182e-181
7.0531688334660155e-186
8.478265163436272e-191
8.781134807630475e-196
7.836375304599972e-201
6.025606181138297e-206
3.992153153290443e-211
2.278948850723914e-216
1.1209413639629206e-221
4.750640278305821e-227
1.7347717109045372e-232
5.4582503334917254e-238
1.479740301395553e-243
3.456515335367928e-249
6.956846285967454e-255
1.2064442580184214e-260
1.802698293608022e-266
2.320917847386768e-272
2.574645395670108e-278
