0.9228110521629482
0.22765433224004758
0.08962170463050544
0.055147743266676576
0.04247733541950907
0.035571125479409146
0.030830844757351986
0.027236070187945046
0.02438554231001811
0.022067421677079407
0.020148291577568263
0.01853648878311265
0.01716614470801277
0.015988594775744363
0.014967141060121559
0.01407363864887885
0.01328618271028546
0.012587499740222984
0.011963805666004275
0.01140398132229821
0.010898968006963059
0.010441318259551174
0.010024857783378765
0.009644428049309364
0.009295688212864233
0.00897496114903234
0.008679112661547396
0.008405455892760014
0.008151675059846836
0.007915764145194133
0.007695977255263455
0.007490788156230931
0.007298857080587542
0.007119003335207549
0.006950182569146137
0.0067914678076534795
0.006642033548352672
0.006501142361204681
0.006368133546679589
0.006242413494474269
0.006123447454083182
0.006010752482955273
0.005903891381169378
0.0058024674560379855
0.005706119987710648
0.0056145202891529
0.0055273682719486
0.005444389444083699
0.00536533227789618
0.0052899658962516265
0.0052180780331444465
0.005149473231662429
0.005083971247849586
0.005021405633669015
0.004961622476172342
0.0049044792732602285
0.004849843929179313
0.004797593855233477
0.0047476151631640285
0.0046998019403332765
0.004654055597277911
0.004610284279422188
0.0045684023357895785
0.004528329838452323
0.004489992147234155
0.0044533195148512275
0.004418246728255855
0.004384712782450348
0.004352660583475118
0.004322036677655924
0.004292791004527259
0.004264876671139695
0.0042382497457135754
0.004212869068825307
0.0041886960805093635
0.004165694661832641
0.004143830989651232
0.004123073403395322
0.00410339228284828
0.004084759935992901
0.004067150496092917
0.004050539827262754
0.004034905437854319
0.004020226401057544
0.004006483282172278
0.003993658072063984
0.003981734126365049
0.003970696110028145
0.003960529946878584
0.0039512227738493135
0.0039427628996157316
0.003935139767378174
0.003928343921568064
0.003922366978279657
0.003917201599253415
0.0039128414692593625
0.003909281276749796
0.003906516697670444
0.003904544382337868
0.003903361945308826
0.0039029679581844496
0.003903361945308826
0.003904544382337868
0.003906516697670444
0.003909281276749796
0.0039128414692593625
0.003917201599253415
0.003922366978279657
0.003928343921568064
0.003935139767378174
0.0039427628996157316
0.0039512227738493135
0.003960529946878584
0.003970696110028145
0.003981734126365049
0.003993658072063984
0.004006483282172278
0.004020226401057544
0.004034905437854319
0.004050539827262754
0.004067150496092917
0.004084759935992901
0.00410339228284828
0.004123073403395322
0.004143830989651232
0.004165694661832641
0.0041886960805093635
0.004212869068825307
0.0042382497457135754
0.004264876671139695
0.004292791004527259
0.004322036677655924
0.004352660583475118
0.004384712782450348
0.004418246728255855
0.0044533195148512275
0.004489992147234155
0.004528329838452323
0.0045684023357895785
0.004610284279422188
0.004654055597277911
0.0046998019403332765
0.0047476151631640285
0.004797593855233477
0.004849843929179313
0.0049044792732602285
0.004961622476172342
0.005021405633669015
0.005083971247849586
0.005149473231662429
0.0052180780331444465
0.0052899658962516265
0.00536533227789618
0.005444389444083699
0.0055273682719486
0.0056145202891529
0.005706119987710648
0.0058024674560379855
0.005903891381169378
0.006010752482955273
0.006123447454083182
0.006242413494474269
0.006368133546679589
0.006501142361204681
0.006642033548352672
0.0067914678076534795
0.006950182569146137
0.007119003335207549
0.007298857080587542
0.007490788156230931
0.007695977255263455
0.007915764145194133
0.008151675059846836
0.008405455892760014
0.008679112661547396
0.00897496114903234
0.009295688212864233
0.009644428049309364
0.010024857783378765
0.010441318259551174
0.010898968006963059
0.01140398132229821
0.011963805666004275
0.012587499740222984
0.01328618271028546
0.01407363864887885
0.014967141060121559
0.015988594775744363
0.01716614470801277
0.01853648878311265
0.020148291577568263
0.022067421677079407
0.02438554231001811
0.027236070187945046
0.030830844757351986
0.035571125479409146
0.04247733541950907
0.055147743266676576
0.08962170463050544
0.22765433224004758

0.19397474181647537
0.18528072341700128
0.1221325804506819
0.056317000728626616
0.022316471114121238
0.025320646074987227
0.11069680460379505
0.5733882609988084
1.4130876135541628
1.273371837512959
0.47248900285747764
0.13694781855924765
0.05095444296631682
0.016639019143179938
0.004039221703946736
0.0007194494362105686
9.39880231411816e-05
9.005595702787094e-06
6.328780867086275e-07
3.2620856011059734e-08
1.2332136694024608e-09
3.4193927665611345e-11
6.953882198874878e-13
1.0372258981078582e-14
1.1347156811450819e-16
9.104758760939584e-19
5.3581826264356194e-21
2.3127796772898165e-23
7.321814050613166e-26
1.7000856815074757e-28
2.8952802392683433e-31
3.6164135249564273e-34
3.313090089186701e-37
2.2261585281101934e-40
1.097101003723501e-43
3.965562681255663e-47
1.0513097869259243e-50
2.0442042076896423e-54
2.9153152898278357e-58
3.049400483473681e-62
2.339435529092507e-66
1.3163621299447244e-70
5.432595382109995e-75
1.6443983129258192e-79
3.6506850466837656e-84
5.944418722105742e-89
7.099243977751978e-94
6.21845494530277e-99
3.995034778848191e-104
1.8824624361210302e-109
6.505785722957604e-115
1.6490767678830057e-120
3.0658413240091685e-126
4.1804800573110184e-132
4.180905200349137e-138
3.06677678139718e-144
1.649915470746609e-150
6.510418476662e-157
1.884186107281914e-163
3.999506173557183e-170
6.226681155009607e-177
7.110081287032974e-184
5.95470410817615e-191
3.657745529963081e-198
1.6479137308075375e-205
5.4453166388343626e-213
1.3197129753490486e-220
2.3458677067678473e-228
3.058406647137727e-236
2.924520183645774e-244
2.0510757458854245e-252
1.0550582970541306e-260
3.9805116306283916e-269
1.1014607331831557e-277
2.23545958840276e-286
3.327609146234608e-295
3.6330006648152108e-304
2.9091514245e-313
1.7e-322
0.0
0.0
0.0
0.0
0.0
0.0
0.0
0.0
0.0
0.0
0.0
0.0
0.0
0.0
0.0
0.0
0.0
0.0
0.0
0.0
0.0
