1.4290719782577472
0.49693124563602503
0.2587253193951679
0.15157620605424876
0.097764782236883
0.06835563768589153
0.05102927069209484
0.0401173115207389
0.03283164616984387
0.027716249379228716
0.02396811597045071
0.021121708800876972
0.018894535999793204
0.01710792185269494
0.015644544235533717
0.01442473750958418
0.013392762050067881
0.012508567094927966
0.01174268783151253
0.011072989266027726
0.010482531357593104
0.00995813410751165
0.009489390985288445
0.00906797642880359
0.00868715050637668
0.008341398459600522
0.00802616424872207
0.007737650740036039
0.007472667887143252
0.007228515980494799
0.0070028948653593414
0.006793832628422757
0.006599629047661624
0.006418810356421727
0.0062500927640044045
0.006092352815462903
0.005944603138803314
0.005805972469857701
0.005675689099059897
0.0055530670747216525
0.0054374946413962184
0.005328424501755182
0.005225365574863944
0.005127875989177561
0.005035557099638499
0.004948048358369075
0.004865022900163299
0.0047861837292063275
0.004711260413628115
0.004640006210728415
0.004572195558833619
0.004507621882409518
0.0044460956657599495
0.004387442757781196
0.004331502876122767
0.004278128283969017
0.0042271826166947355
0.0041785398390141075
0.004132083316058447
0.0040877049841821335
0.0040453046092874465
0.004004789122141568
0.003966072021585524
0.003929072837747502
0.003893716648407181
0.0038599336425419713
0.0038276587258442994
0.00379683116365091
0.003767394257286951
0.0037392950503129987
0.003712484061583588
0.003686915042390747
0.0036625447552835746
0.0036393327724318007
0.003617241291643252
0.0035962349683570714
0.0035762807621205674
0.0035573477962211023
0.0035394072292886433
0.003522432137811881
0.0035063974086234854
0.0034912796405099852
0.0034770570541905435
0.0034637094099879556
0.003451217932585806
0.003439565242328818
0.003428735292580133
0.003418713312700098
0.003409485756257147
0.0034010402541228063
0.0033933655721406306
0.003386451573093081
0.0033802891827218536
0.0033748703595858185
0.003370188068567443
0.0033662362578630784
0.0033630098393155443
0.0033605046719689716
0.003358717548746255
0.003357646186168849
0.0033572892170572947
0.003357646186168849
0.003358717548746255
0.0033605046719689716
0.0033630098393155443
0.0033662362578630784
0.003370188068567443
0.0033748703595858185
0.0033802891827218536
0.003386451573093081
0.0033933655721406306
0.0034010402541228063
0.003409485756257147
0.003418713312700098
0.003428735292580133
0.003439565242328818
0.003451217932585806
0.0034637094099879556
0.0034770570541905435
0.0034912796405099852
0.0035063974086234854
0.003522432137811881
0.0035394072292886433
0.0035573477962211023
0.0035762807621205674
0.0035962349683570714
0.003617241291643252
0.0036393327724318007
0.0036625447552835746
0.003686915042390747
0.003712484061583588
0.0037392950503129987
0.003767394257286951
0.00379683116365091
0.0038276587258442994
0.0038599336425419713
0.003893716648407181
0.003929072837747502
0.003966072021585524
0.004004789122141568
0.0040453046092874465
0.0040877049841821335
0.004132083316058447
0.0041785398390141075
0.0042271826166947355
0.004278128283969017
0.004331502876122767
0.004387442757781196
0.0044460956657599495
0.004507621882409518
0.004572195558833619
0.004640006210728415
0.004711260413628115
0.0047861837292063275
0.004865022900163299
0.004948048358369075
0.005035557099638499
0.005127875989177561
0.005225365574863944
0.005328424501755182
0.0054374946413962184
0.0055530670747216525
0.005675689099059897
0.005805972469857701
0.005944603138803314
0.006092352815462903
0.0062500927640044045
0.006418810356421727
0.006599629047661624
0.006793832628422757
0.0070028948653593414
0.007228515980494799
0.007472667887143252
0.007737650740036039
0.00802616424872207
0.008341398459600522
0.00868715050637668
0.00906797642880359
0.009489390985288445
0.00995813410751165
0.010482531357593104
0.011072989266027726
0.01174268783151253
0.012508567094927966
0.013392762050067881
0.01442473750958418
0.015644544235533717
0.01710792185269494
0.018894535999793204
0.021121708800876972
0.02396811597045071
0.027716249379228716
0.03283164616984387
0.0401173115207389
0.05102927069209484
0.06835563768589153
0.097764782236883
0.15157620605424876
0.2587253193951679
0.49693124563602503

0.16274664764158248
0.29422628342738233
0.5500357357590762
0.991983036167977
1.2636716996156796
0.9830521002290401
0.5404141474269402
0.2867169304896802
0.1572733732745065
0.07882396497492544
0.034243804662031044
0.012801461275471217
0.004116122572121694
0.0011383130272997464
0.00027075697870583635
5.5391652664559894e-05
9.789613684516721e-06
4.891103295327154e-06
0.0001379626332922987
0.002827434974348446
0.02952740186969782
0.1569149425612208
0.42433281258938277
0.5839183819062087
0.4088847332414529
0.14569775519173164
0.02641849313892086
0.002437622454193421
0.00011445323114444343
2.734594215785045e-06
3.324764898893452e-08
2.0569901299463435e-10
6.475997788437145e-13
1.0374911306469013e-15
8.457953838994171e-19
3.5087259224344614e-22
7.406905402303224e-26
7.956598131925678e-30
4.3493851271083135e-34
1.2135068126138972e-38
3.4581984359778273e-43
7.108141996111743e-46
2.48066310636143e-48
7.458933100232939e-51
1.9289944153572578e-53
4.290716029284956e-56
8.20867608577689e-59
1.350706557541531e-61
1.911584240585206e-64
2.326860880136373e-67
2.4360821999515228e-70
2.1936028531875336e-73
1.698903103705161e-76
1.1316803127325017e-79
6.4837081130676375e-83
3.194976686283137e-86
1.3541178879497464e-89
4.936166501800997e-93
1.547631887282706e-96
4.1734006728948564e-100
9.679591683073137e-104
1.930938924547467e-107
3.3130239881732818e-111
4.889057749088068e-115
6.205407373774565e-119
6.774230521860182e-123
6.3605429371221484e-127
5.136566909778359e-131
3.5677651110384335e-135
2.1313957839367496e-139
1.0951572790498928e-143
4.839867022273165e-148
1.839648743666327e-152
6.014242435338054e-157
1.6911085941128112e-161
4.0898427121828266e-166
8.507192484308064e-171
1.521985293495192e-175
2.3419585067368845e-180
3.0995059908193865e-185
3.528176537115511e-190
3.4542413482887794e-195
2.9087044346957564e-200
2.1066435170365315e-205
1.312281640542545e-210
7.030846205102759e-216
3.239908065452064e-221
1.2841102700806853e-226
4.377402638728009e-232
1.2834389492239024e-237
3.236521363593163e-243
7.019824986698009e-249
1.3095395974062801e-254
2.1011426039120107e-260
2.8995924899753834e-266
3.441620240856813e-272
3.513447526963988e-278
3.0849529151192086e-284
2.3297437298984614e-290
1.5132556595417163e-296
