1.2392472179713354
0.23601483628328015
0.12170273008783362
0.08702657820448391
0.0687067609502725
0.05680145828388413
0.048362547369171345
0.04207668885835302
0.03722804392215491
0.033384922982446795
0.03027069100083028
0.027700216033703658
0.02554527431744442
0.023714477676766297
0.022141075048901032
0.020775260290661283
0.01957916836243451
0.018523531349404015
0.017585389955665876
0.016746493788155497
0.015992161642600505
0.015310455446713188
0.014691572133433823
0.014127389545065242
0.013611122919686967
0.0131370619129932
0.012700367051350402
0.012296910579144086
0.011923150843626688
0.011576032281715143
0.011252905141807278
0.010951460556674316
0.0106696776589124
0.010405780218727087
0.010158200867487154
0.009925551406739076
0.009706598031359433
0.009500240545700998
0.009305494843346217
0.009121478069163006
0.008947395997521063
0.008782532250692218
0.008626239052501443
0.008477929268611344
0.008337069529721483
0.008203174269957033
0.00807580054172548
0.007954543491809834
0.007839032402581013
0.007728927217836754
0.007623915485602708
0.007523709660807382
0.007428044719497395
0.007336676043533958
0.007249377540778828
0.007165939970856252
0.007086169450842393
0.007009886118827672
0.006936922936335327
0.00686712461315534
0.006800346640343486
0.006736454419003285
0.006675322474066412
0.006616833743656955
0.006560878935802685
0.0065073559452715
0.00645616932418811
0.006407229800845487
0.006360453841784653
0.006315763252789841
0.006273084814945898
0.006232349952341547
0.00619349442838446
0.0061564580680295205
0.006121184503516456
0.006087620941472717
0.0060557179494666645
0.006025429260298662
0.005996711592497287
0.005969524485647049
0.005943830149315834
0.005919593324476476
0.005896781156429609
0.005875363078335823
0.005855310704555634
0.005836597733077038
0.005819199856383623
0.0058030946801824294
0.005788261649470546
0.0057746819814739146
0.005762338605041286
0.005751216106121668
0.005741300678995131
0.005732580082965188
0.00572504360425645
0.0057186820228943
0.005713487584374176
0.005709453975957224
0.005706576307456615
0.005704851096405111
0.005704276257519898
0.005704851096405111
0.005706576307456615
0.005709453975957224
0.005713487584374176
0.0057186820228943
0.00572504360425645
0.005732580082965188
0.005741300678995131
0.005751216106121668
0.005762338605041286
0.0057746819814739146
0.005788261649470546
0.0058030946801824294
0.005819199856383623
0.005836597733077038
0.005855310704555634
0.005875363078335823
0.005896781156429609
0.005919593324476476
0.005943830149315834
0.005969524485647049
0.005996711592497287
0.006025429260298662
0.0060557179494666645
0.006087620941472717
0.006121184503516456
0.0061564580680295205
0.00619349442838446
0.006232349952341547
0.006273084814945898
0.006315763252789841
0.006360453841784653
0.006407229800845487
0.00645616932418811
0.0065073559452715
0.006560878935802685
0.006616833743656955
0.006675322474066412
0.006736454419003285
0.006800346640343486
0.00686712461315534
0.006936922936335327
0.007009886118827672
0.007086169450842393
0.007165939970856252
0.007249377540778828
0.007336676043533958
0.007428044719497395
0.007523709660807382
0.007623915485602708
0.007728927217836754
0.007839032402581013
0.007954543491809834
0.00807580054172548
0.008203174269957033
0.008337069529721483
0.008477929268611344
0.008626239052501443
0.008782532250692218
0.008947395997521063
0.009121478069163006
0.009305494843346217
0.009500240545700998
0.009706598031359433
0.009925551406739076
0.010158200867487154
0.010405780218727087
0.0106696776589124
0.010951460556674316
0.011252905141807278
0.011576032281715143
0.011923150843626688
0.012296910579144086
0.012700367051350402
0.0131370619129932
0.013611122919686967
0.014127389545065242
0.014691572133433823
0.015310455446713188
0.015992161642600505
0.016746493788155497
0.017585389955665876
0.018523531349404015
0.01957916836243451
0.020775260290661283
0.022141075048901032
0.023714477676766297
0.02554527431744442
0.027700216033703658
0.03027069100083028
0.033384922982446795
0.03722804392215491
0.04207668885835302
0.048362547369171345
0.05680145828388413
0.0687067609502725
0.08702657820448391
0.12170273008783362
0.23601483628328015

0.28398504103108513
0.2909577829416246
0.2593532673455598
0.20144035214817424
0.13788538066696163
0.08938079643337181
0.07366919480620104
0.1066339216865666
0.1967016534240872
0.3272893205714791
0.44603667459936286
0.4899229154216133
0.4386208843140734
0.3435038533784951
0.29525787603199466
0.34880793064445736
0.4626704175616322
0.5222881185263848
0.4523358802875135
0.2928331708455953
0.14083810907787014
0.05024669897345019
0.013292676034924405
0.0026072800342931937
0.0003791572225831631
4.0879254152789525e-05
3.2676616422656444e-06
1.9365162671275722e-07
8.508538497789603e-09
2.7716504269140657e-10
6.693782125061604e-12
1.1985448970963166e-13
1.5910603424174353e-15
1.565916499419732e-17
1.1426156096422114e-19
6.18132115351605e-22
2.4792028694599538e-24
7.372120514673696e-27
1.625258289142097e-29
2.656451908677255e-32
3.219075288661962e-35
2.8920774850058935e-38
1.926363947973774e-41
9.51297629960913e-45
3.482925694964153e-48
9.454136897207736e-52
1.9026104001854606e-55
2.838764252140896e-59
3.140249051175142e-63
2.5755634469535702e-67
1.5668666061441577e-71
7.123408367945144e-76
2.857547493946933e-80
4.162262615176275e-84
2.2677201742845184e-87
1.2403042569054624e-90
5.928343031169231e-94
2.465077536471356e-97
8.915895348303761e-101
2.805011971981852e-104
7.676084897496438e-108
1.8271748415082484e-111
3.783168900502357e-115
6.813443230715769e-119
1.0673647089070346e-122
1.4544350219006056e-126
1.7238961291913753e-130
1.7773098679226608e-134
1.59386119261216e-138
1.2432919669068488e-142
8.435892666759529e-147
4.978795059108475e-151
2.5559522791888113e-155
1.1413438919625098e-159
4.433182228504144e-164
1.4977865795358473e-168
4.401691215221215e-173
1.1251864606001267e-177
2.501869824686142e-182
4.838828247076571e-187
8.14049833968876e-192
1.191233953715872e-196
1.5162765619581205e-201
1.678784948595775e-206
1.6167653706398378e-211
1.3543603060298303e-216
9.868626715731984e-222
6.254815644203085e-227
3.448320247605767e-232
1.6536209180665604e-237
6.897625472261273e-243
2.5026409580977837e-248
7.898284501219712e-254
2.1682147037654372e-259
5.177344740073463e-265
1.0753433888395215e-270
1.94277515797828e-276
3.053044963688576e-282
4.173295585741365e-288
4.962041340644139e-294
