0.8988852192862207
0.16903998355172223
0.10634481655254278
0.07693134210169704
0.05893710329789981
0.04710845883972766
0.038917563128461514
0.0329984387891743
0.028566688497203608
0.025148852857991275
0.022446539630453732
0.020264465433416527
0.018470537780379243
0.01697277929627266
0.0157054876581352
0.0146206564771975
0.013682497525599316
0.01286384874824911
0.01214376155397356
0.011505844584390178
0.010937104111855648
0.010427117433667936
0.00996743389738514
0.009551134309551613
0.009172502352715804
0.008826776409893738
0.008509959915103333
0.008218674852028714
0.007950047443463146
0.00770161812332813
0.00747127001516056
0.007257171650939482
0.007057730746343995
0.006871556632891441
0.006697429521877118
0.006534275199957292
0.006381144073451332
0.006237193717361071
0.006101674266541889
0.005973916125324499
0.005853319578957727
0.00573934597338173
0.005631510194829307
0.005529374231875599
0.005432541643015094
0.005340652785048439
0.005253380683334985
0.005170427445702428
0.005091521138570585
0.005016413057467082
0.00494487533522932
0.00487669884029956
0.0048116913250211635
0.004749675790043731
0.004690489036088776
0.004633980378611449
0.0045800105044740665
0.004528450452749976
0.004479180704302804
0.004432090366919011
0.004387076444577647
0.004344043180974922
0.004302901468727632
0.0042635683167952165
0.004225966369615733
0.004190023472271603
0.004155672276707143
0.004122849884629488
0.004091497523251579
0.004061560250493095
0.004032986686652276
0.004005728769907543
0.00397974153330971
0.003954982901189565
0.00393141350313707
0.003908996503911556
0.003887697447821203
0.0038674841162676943
0.003848326397291275
0.003830196166074767
0.0038130671754744183
0.0037969149557427508
0.0037817167226950857
0.0037674512936487796
0.0037540990105332287
0.0037416416696307605
0.003730062457464161
0.0037193458923967817
0.003709477771556495
0.0037004451227358468
0.0036922361609580743
0.003684840249432739
0.0036782478646559032
0.0036724505654384333
0.003667440965672581
0.0036632127106715315
0.0036597604569396413
0.00365707985525268
0.00365516753694783
0.0036540211033426746
0.0036536391182211735
0.0036540211033426746
0.00365516753694783
0.00365707985525268
0.0036597604569396413
0.0036632127106715315
0.003667440965672581
0.0036724505654384333
0.0036782478646559032
0.003684840249432739
0.0036922361609580743
0.0037004451227358468
0.003709477771556495
0.0037193458923967817
0.003730062457464161
0.0037416416696307605
0.0037540990105332287
0.0037674512936487796
0.0037817167226950857
0.0037969149557427508
0.0038130671754744183
0.003830196166074767
0.003848326397291275
0.0038674841162676943
0.003887697447821203
0.003908996503911556
0.00393141350313707
0.003954982901189565
0.00397974153330971
0.004005728769907543
0.004032986686652276
0.004061560250493095
0.004091497523251579
0.004122849884629488
0.004155672276707143
0.004190023472271603
0.004225966369615733
0.0042635683167952165
0.004302901468727632
0.004344043180974922
0.004387076444577647
0.004432090366919011
0.004479180704302804
0.004528450452749976
0.0045800105044740665
0.004633980378611449
0.004690489036088776
0.004749675790043731
0.0048116913250211635
0.00487669884029956
0.00494487533522932
0.005016413057467082
0.005091521138570585
0.005170427445702428
0.005253380683334985
0.005340652785048439
0.005432541643015094
0.005529374231875599
0.005631510194829307
0.00573934597338173
0.005853319578957727
0.005973916125324499
0.006101674266541889
0.006237193717361071
0.006381144073451332
0.006534275199957292
0.006697429521877118
0.006871556632891441
0.007057730746343995
0.007257171650939482
0.00747127001516056
0.00770161812332813
0.007950047443463146
0.008218674852028714
0.008509959915103333
0.008826776409893738
0.009172502352715804
0.009551134309551613
0.00996743389738514
0.010427117433667936
0.010937104111855648
0.011505844584390178
0.01214376155397356
0.01286384874824911
0.013682497525599316
0.0146206564771975
0.0157054876581352
0.01697277929627266
0.018470537780379243
0.020264465433416527
0.022446539630453732
0.025148852857991275
0.028566688497203608
0.0329984387891743
0.038917563128461514
0.04710845883972766
0.05893710329789981
0.07693134210169704
0.10634481655254278
0.16903998355172223

0.17851212598065933
0.254833034210825
0.2878732083886035
0.2573382190955451
0.18203917669598033
0.10190210883183728
0.045140307657173896
0.015828714685194055
0.004430025275999591
0.0012032333540954218
0.001301701654529751
0.004348698706941078
0.013299176472580387
0.032946587715107604
0.06580360683500007
0.10594221116773757
0.13748834544535227
0.14382691632546016
0.12128075290590118
0.08247964466779818
0.09264258846578803
1.3681337552288708
0.9887457877918971
0.0203644544022817
0.0004802142958183546
8.790678092764965e-05
1.321274277322617e-05
1.6008164682115878e-06
1.5633907374135387e-07
1.2307531435219697e-08
7.810013791279324e-10
3.994938296186624e-11
1.6471978956828136e-12
5.474682147864575e-14
1.466727614439348e-15
3.167506067581498e-17
5.513950592118685e-19
7.737233669627002e-21
8.751570259560179e-23
7.97927958291888e-25
5.864335508181123e-27
3.4741723826353124e-29
1.6590571484650742e-31
6.386291775762066e-34
1.9815890560827363e-36
4.956280319921663e-39
9.992532186058831e-42
1.623950091756871e-44
2.1273905627883918e-47
2.24646267181714e-50
1.9121793010329247e-53
1.312004869267725e-56
7.256374841522615e-60
3.235052991206893e-63
1.1625737613049877e-66
3.36772842738016e-70
7.863774237239598e-74
1.48013878408135e-77
2.2456975665643712e-81
2.746486863630633e-85
2.7075794663531282e-89
2.1516039133652376e-93
1.3782273600859766e-97
7.116342414308908e-102
2.961898925742712e-106
9.937132020191136e-111
2.6873814380190694e-115
5.85834568338414e-120
1.029433042109279e-124
1.4581380438199616e-129
1.6648557346670351e-134
1.5322583602189356e-139
1.1367496280154948e-144
6.797904668200358e-150
3.276896669230138e-155
1.273291535339974e-160
3.988139903739492e-166
1.0069092855431805e-171
2.0492159840392127e-177
3.361727846432205e-183
4.445440444430584e-189
4.7385391062403995e-195
4.07147310042765e-201
2.819915524598759e-207
1.5743382787286467e-213
7.08496060335692e-220
2.5701250359768184e-226
7.515337567718885e-233
1.7714143603927508e-239
3.3656523754782146e-246
5.154609641882842e-253
6.36355400387377e-260
6.3325862603583545e-267
5.0797217355338e-274
3.284552127007189e-281
1.7119450586274143e-288
7.192517294543168e-296
2.4358437966242198e-303
6.649597875958e-311
1.46325e-318
