0.44177773763338873
0.010695770390282133
0.0002927952031507897
9.062739263685348e-06
3.1717478639492617e-07
1.254999223806667e-08
5.85754706946875e-10
3.0770988978501236e-11
1.7324793766838719e-12
1.0752326769813312e-13
7.597468797644323e-15
6.216757325685791e-16
5.859886337640139e-17
6.267922560621324e-18
7.53626706526177e-19
1.0183244062738373e-19
1.5525996789119858e-20
2.678855594173206e-21
5.232655681892695e-22
1.1562060316711204e-22
2.888239008404917e-23
8.155271763521647e-24
2.602291290066294e-24
9.376599056749467e-25
3.8078768946948606e-25
1.7364600543631148e-25
8.837307564739696e-26
4.97624788065802e-26
3.0637729912100913e-26
2.038482032110933e-26
1.447254124597357e-26
1.0838797732022958e-26
8.477875622130536e-27
6.868574861244308e-27
5.725528939140128e-27
4.8845670328174205e-27
4.246954972247666e-27
3.7509077951047495e-27
3.3563666829254344e-27
3.0365238965171724e-27
2.7729251159207336e-27
2.5525413575991725e-27
2.365963458167375e-27
2.2062569797687987e-27
2.068217103001933e-27
1.9478723124989283e-27
1.8421466600626946e-27
1.748625398172004e-27
1.665389402630391e-27
1.5908962512091486e-27
1.5238935070907246e-27
1.4633545957518157e-27
1.408430772381809e-27
1.3584147094600128e-27
1.312712585492833e-27
1.2708224685155065e-27
1.2323174132939103e-27
1.196832125527225e-27
1.1640523519469685e-27
1.133706372799145e-27
1.1055581298815576e-27
1.0794016373380635e-27
1.055056406231131e-27
1.0323636761104939e-27
1.0111832933598223e-27
9.913911112590061e-28
9.72876813454451e-28
9.55542083045839e-28
9.392990553431307e-28
9.240690046693863e-28
9.09781225229118e-28
8.963720736570943e-28
8.837841468794706e-28
8.719655737126525e-28
8.608694024648354e-28
8.504530698963579e-28
8.406779393961395e-28
8.315088982646729e-28
8.229140056545165e-28
8.148641840811821e-28
8.073329485392319e-28
8.002961681863366e-28
7.937318563286715e-28
7.876199850834527e-28
7.81942321632088e-28
7.7668228342907245e-28
7.718248101126328e-28
7.6735625018552e-28
7.632642608083079e-28
7.595377192812994e-28
7.561666449914051e-28
7.531421307727261e-28
7.504562827786403e-28
7.481021680928218e-28
7.460737694200157e-28
7.443659462972769e-28
7.429744023550407e-28
7.418956582368166e-28
7.411270298581512e-28
7.406666117513115e-28
7.405132653031779e-28
7.406666117513115e-28
7.411270298581512e-28
7.418956582368166e-28
7.429744023550407e-28
7.443659462972769e-28
7.460737694200157e-28
7.481021680928218e-28
7.504562827786403e-28
7.531421307727261e-28
7.561666449914051e-28
7.595377192812994e-28
7.632642608083079e-28
7.6735625018552e-28
7.718248101126328e-28
7.7668228342907245e-28
7.81942321632088e-28
7.876199850834527e-28
7.937318563286715e-28
8.002961681863366e-28
8.073329485392319e-28
8.148641840811821e-28
8.229140056545165e-28
8.315088982646729e-28
8.406779393961395e-28
8.504530698963579e-28
8.608694024648354e-28
8.719655737126525e-28
8.837841468794706e-28
8.963720736570943e-28
9.09781225229118e-28
9.240690046693863e-28
9.392990553431307e-28
9.55542083045839e-28
9.72876813454451e-28
9.913911112590061e-28
1.0111832933598223e-27
1.0323636761104939e-27
1.055056406231131e-27
1.0794016373380635e-27
1.1055581298815576e-27
1.133706372799145e-27
1.1640523519469685e-27
1.196832125527225e-27
1.2323174132939103e-27
1.2708224685155065e-27
1.312712585492833e-27
1.3584147094600128e-27
1.408430772381809e-27
1.4633545957518157e-27
1.5238935070907246e-27
1.5908962512091486e-27
1.665389402630391e-27
1.748625398172004e-27
1.8421466600626946e-27
1.9478723124989283e-27
2.068217103001933e-27
2.2062569797687987e-27
2.365963458167375e-27
2.5525413575991725e-27
2.7729251159207336e-27
3.0365238965171724e-27
3.3563666829254344e-27
3.7509077951047495e-27
4.246954972247666e-27
4.8845670328174205e-27
5.725528939140128e-27
6.868574861244308e-27
8.477875622130536e-27
1.0838797732022958e-26
1.447254124597357e-26
2.038482032110933e-26
3.0637729912100913e-26
4.97624788065802e-26
8.837307564739696e-26
1.7364600543631148e-25
3.8078768946948606e-25
9.376599056749467e-25
2.602291290066294e-24
8.155271763521647e-24
2.888239008404917e-23
1.1562060316711204e-22
5.232655681892695e-22
2.678855594173206e-21
1.5525996789119858e-20
1.0183244062738373e-19
7.53626706526177e-19
6.267922560621324e-18
5.859886337640139e-17
6.216757325685791e-16
7.597468797644323e-15
1.0752326769813312e-13
1.7324793766838719e-12
3.0770988978501236e-11
5.85754706946875e-10
1.254999223806667e-08
3.1717478639492617e-07
9.062739263685348e-06
0.0002927952031507897
0.010695770390282133

2.5667394626918916e-26
1.0939053374044656e-23
3.3440643623698264e-21
7.332742705074972e-19
1.1533342735267935e-16
1.3011904955924592e-14
1.0529881875550068e-12
6.112277298896117e-11
2.5449516223988674e-09
7.600688708664264e-08
1.6282582738199187e-06
2.502018830603037e-05
0.00027577493244777286
0.002180298381929989
0.012364427453872798
0.05029548746576793
0.14675096485413688
0.3071353760190839
0.46107932696227205
0.4964990160615813
0.3834935522371476
0.21246855947493168
0.0844361092292653
0.02406903538141076
0.004921370824631826
0.0007217892804857252
7.593319926539965e-05
5.729937715452256e-06
3.101451805043365e-07
1.2041403377224852e-08
3.353405761219687e-10
6.698723311468601e-12
9.598312954956467e-14
9.864945835841765e-16
7.272629055828915e-18
3.845785884231746e-20
1.4587326311916582e-22
3.9688366790587963e-25
7.745468463814882e-28
1.0842491366802022e-30
1.0886979688848355e-33
7.841202559786576e-37
4.050931188113358e-40
1.501149658171322e-43
3.990157605522413e-47
7.60769409019999e-51
1.0404302359114549e-54
1.0206335049438473e-58
7.181639652621946e-63
3.624718895540084e-67
1.3122663307374811e-71
3.4077409503676124e-76
6.347578680970177e-81
8.480989884348115e-86
8.127966972931861e-91
5.58745769513421e-96
2.7551388978392586e-101
9.744727101910585e-107
2.472252342391755e-112
4.498967391583883e-118
5.8725919635578395e-124
5.498493806170499e-130
3.692789791471985e-136
1.778944362981883e-142
6.147054694151181e-149
1.5235921336244793e-155
2.708739861200751e-162
3.4543219199838727e-169
3.1597683954444464e-176
2.073216353796252e-183
9.757328658484529e-191
3.2939285470726025e-198
7.976168997624426e-206
1.3853881000434714e-213
1.7260186788168322e-221
1.5424690635079052e-229
9.887451498063569e-238
4.5462069602118337e-246
1.4993774384816577e-254
3.547069299126078e-263
6.019013366798843e-272
7.326184893015856e-281
6.396278640822299e-290
4.0056574489458347e-299
1.7993563139534756e-308
5.797727e-318
0.0
0.0
0.0
0.0
0.0
0.0
0.0
0.0
0.0
0.0
0.0
0.0
0.0
0.0
