0.6433063739916769
0.029531930410026785
0.0014111253854603677
7.018416856369109e-05
3.6333940494519125e-06
1.957877776374372e-07
1.0981552521919287e-08
7.452285511647363e-10
3.8497257133354054e-11
2.0548529423298102e-12
1.1599988473624692e-13
7.132691124082428e-15
4.89690136109446e-16
3.7727212636917936e-17
3.2028711851463594e-18
2.9103487598836886e-19
2.757956442066842e-20
2.6785179887067337e-21
2.6403792955756713e-22
2.630620681663515e-23
2.647318796546587e-24
2.6966876078466215e-25
2.793255426535813e-26
2.96254913560796e-27
3.2466809128918713e-28
3.7141730231892725e-29
4.476703190303945e-30
5.717781232995735e-31
7.742752403110553e-32
1.1068180677653393e-32
1.6586366480766954e-33
2.587805267636006e-34
4.182717289058166e-35
6.987114343415937e-36
1.2062974848253254e-36
2.1561273275309626e-37
3.9999957528723046e-38
7.721245513356713e-39
1.553548368061656e-39
3.260625111704685e-40
7.137566271793258e-41
1.6284367209437582e-41
3.869090076022241e-42
9.567355237192809e-43
2.4614148815473055e-43
6.5883272264568e-44
1.8349440265779052e-44
5.3187098161399046e-45
1.6046729332330446e-45
5.039575508432358e-46
1.6475289799390656e-46
5.60653242823423e-47
1.9859366523611733e-47
7.322126332261312e-48
2.809995789622142e-48
1.1224579296753388e-48
4.6669274473338376e-49
2.019708378583174e-49
9.097897599151603e-50
4.2656270836353627e-50
2.08162806174717e-50
1.0572577545168233e-50
5.588286432041357e-51
3.073494239928265e-51
1.758480568081751e-51
1.0462407100096928e-51
6.469547369259155e-52
4.15456401238171e-52
2.7677821480077875e-52
1.9103515114503974e-52
1.3638416560472896e-52
1.0052264179042539e-52
7.633095940203574e-53
5.957983636321318e-53
4.769303260825546e-53
3.9061778557839835e-53
3.2663131642041937e-53
2.782406809730045e-53
2.4098795581903534e-53
2.118406031623878e-53
1.8869722385037321e-53
1.7007705200533512e-53
1.5491787752804942e-53
1.424482266607701e-53
1.3209776638689526e-53
1.2343970425909437e-53
1.1615069390195592e-53
1.0998297365277014e-53
1.0474474497153152e-53
1.0028617930209405e-53
9.648932146220378e-54
9.326072559116619e-54
9.052603168041684e-54
8.822593762919182e-54
8.631318777019999e-54
8.475031182397872e-54
8.350792616926025e-54
8.256346379422639e-54
8.190023798291543e-54
8.150677281414404e-54
8.137635439178575e-54
8.150677281414404e-54
8.190023798291543e-54
8.256346379422639e-54
8.350792616926025e-54
8.475031182397872e-54
8.631318777019999e-54
8.822593762919182e-54
9.052603168041684e-54
9.326072559116619e-54
9.648932146220378e-54
1.0028617930209405e-53
1.0474474497153152e-53
1.0998297365277014e-53
1.1615069390195592e-53
1.2343970425909437e-53
1.3209776638689526e-53
1.424482266607701e-53
1.5491787752804942e-53
1.7007705200533512e-53
1.8869722385037321e-53
2.118406031623878e-53
2.4098795581903534e-53
2.782406809730045e-53
3.2663131642041937e-53
3.9061778557839835e-53
4.769303260825546e-53
5.957983636321318e-53
7.633095940203574e-53
1.0052264179042539e-52
1.3638416560472896e-52
1.9103515114503974e-52
2.7677821480077875e-52
4.15456401238171e-52
6.469547369259155e-52
1.0462407100096928e-51
1.758480568081751e-51
3.073494239928265e-51
5.588286432041357e-51
1.0572577545168233e-50
2.08162806174717e-50
4.2656270836353627e-50
9.097897599151603e-50
2.019708378583174e-49
4.6669274473338376e-49
1.1224579296753388e-48
2.809995789622142e-48
7.322126332261312e-48
1.9859366523611733e-47
5.60653242823423e-47
1.6475289799390656e-46
5.039575508432358e-46
1.6046729332330446e-45
5.3187098161399046e-45
1.8349440265779052e-44
6.5883272264568e-44
2.4614148815473055e-43
9.567355237192809e-43
3.869090076022241e-42
1.6284367209437582e-41
7.137566271793258e-41
3.260625111704685e-40
1.553548368061656e-39
7.721245513356713e-39
3.9999957528723046e-38
2.1561273275309626e-37
1.2062974848253254e-36
6.987114343415937e-36
4.182717289058166e-35
2.587805267636006e-34
1.6586366480766954e-33
1.1068180677653393e-32
7.742752403110553e-32
5.717781232995735e-31
4.476703190303945e-30
3.7141730231892725e-29
3.2466809128918713e-28
2.96254913560796e-27
2.793255426535813e-26
2.6966876078466215e-25
2.647318796546587e-24
2.630620681663515e-23
2.6403792955756713e-22
2.6785179887067337e-21
2.757956442066842e-20
2.9103487598836886e-19
3.2028711851463594e-18
3.7727212636917936e-17
4.89690136109446e-16
7.132691124082428e-15
1.1599988473624692e-13
2.0548529423298102e-12
3.8497257133354054e-11
7.452285511647363e-10
1.0981552521919287e-08
1.957877776374372e-07
3.6333940494519125e-06
7.018416856369109e-05
0.0014111253854603677
0.029531930410026785

9.607152175177409e-53
3.569416509507169e-46
4.7885123587504204e-40
2.3195557954842332e-34
4.057045339000564e-29
2.562215918489828e-24
5.842818764906603e-20
4.810939906557498e-16
1.4303366780802286e-12
1.5354916003079301e-09
5.951924877871038e-07
8.33044619441343e-05
0.004209978836304532
0.07682319906064125
0.5061808256580627
1.2042587711487078
1.0345101900453657
0.3208858407306771
0.03593909705992598
0.0014533981252243934
2.122280853933079e-05
1.1189790176951261e-07
2.1303053417381786e-10
1.4644096974040978e-13
3.6348304897972414e-17
3.257665998782738e-21
1.054216414650806e-25
1.2318386309956023e-30
5.19731083734126e-36
7.917797493657084e-42
4.355428762898445e-48
8.650839729917501e-55
6.204209349324862e-62
1.606628430963875e-69
1.5022606051434244e-77
5.071961352174417e-86
6.183116353067508e-95
2.7216967140979934e-104
4.325864036824156e-114
2.482600440379256e-124
5.144481588910882e-135
3.8492598781938897e-146
1.0399529113118354e-157
1.0144974122267795e-169
3.573460933145501e-182
4.544937966438717e-195
2.0872175018658634e-208
3.46105325699798e-222
2.072285951241539e-236
4.48014334682628e-251
3.49731671468711e-266
9.857773688332569e-282
1.0032832230187846e-297
3.686965577e-314
0.0
0.0
0.0
0.0
0.0
0.0
0.0
0.0
0.0
0.0
0.0
0.0
0.0
0.0
0.0
0.0
0.0
0.0
0.0
0.0
0.0
0.0
0.0
0.0
0.0
0.0
0.0
0.0
0.0
0.0
0.0
0.0
0.0
0.0
0.0
0.0
0.0
0.0
0.0
0.0
0.0
0.0
0.0
0.0
0.0
0.0
