0.6615536833594058
0.08696952906512712
0.05322706425729932
0.04037866662702247
0.03228757430744528
0.026746632925430374
0.02276106647328049
0.01978068158487091
0.017480329827212808
0.015657962060490506
0.01418256929170894
0.012966051198819745
0.011947269561353613
0.011082622463832412
0.010340263828361253
0.009696441192465032
0.009133107472344915
0.008636322868014516
0.00819516052317471
0.007800941424494545
0.007446689362486266
0.007126736002520858
0.006836430263276053
0.006571921411226741
0.006329995064733921
0.00610794771821725
0.005903489680533598
0.0057146692285510985
0.005539812779703653
0.005377477286810292
0.005226412049290379
0.005085527845058504
0.004953871802207758
0.004830606806825415
0.004714994522488648
0.004606381305592026
0.004504186457903125
0.004407892377267791
0.004317036258960307
0.004231203070857989
0.004150019580566633
0.0040731492556236835
0.004000287891771975
0.003931159851130591
0.003865514813473662
0.0038031249609630563
0.00374378253048326
0.0036872976789000234
0.003633496615652707
0.0035822199645163914
0.00353332132246445
0.0034866659885849933
0.0034421298401606662
0.0033995983364734634
0.0033589656337744
0.003320133797266056
0.003283012097967794
0.0032475163840365554
0.003213568517555235
0.0031810958690205115
0.0031500308627990105
0.0031203105677048504
0.0030918763276074485
0.0030646734276264876
0.0030386507920277454
0.003013760710413357
0.0029899585892144372
0.002967202725852808
0.0029454541032498576
0.0029246762026313225
0.0029048348328127747
0.0028858979743566766
0.002867835637172287
0.002850619730287934
0.0028342239426641705
0.0028186236340388233
0.0028037957349028976
0.0027897186548018565
0.0027763721982413084
0.0027637374875512325
0.00275179689212956
0.002740533963545419
0.002729933376035407
0.002719980871973717
0.0027106632119395374
0.002701968129043363
0.0026938842872083237
0.002686401243133702
0.0026795094116960263
0.002673200034568629
0.002667465151863926
0.0026622975766238824
0.002657690872003756
0.0026536393310121345
0.0026501379586870008
0.0026471824566030454
0.002644769209619945
0.0026428952747950193
0.0026415583723965654
0.0026407568789665846
0.0026404898223934482
0.0026407568789665846
0.0026415583723965654
0.0026428952747950193
0.002644769209619945
0.0026471824566030454
0.0026501379586870008
0.0026536393310121345
0.002657690872003756
0.0026622975766238824
0.002667465151863926
0.002673200034568629
0.0026795094116960263
0.002686401243133702
0.0026938842872083237
0.002701968129043363
0.0027106632119395374
0.002719980871973717
0.002729933376035407
0.002740533963545419
0.00275179689212956
0.0027637374875512325
0.0027763721982413084
0.0027897186548018565
0.0028037957349028976
0.0028186236340388233
0.0028342239426641705
0.002850619730287934
0.002867835637172287
0.0028858979743566766
0.0029048348328127747
0.0029246762026313225
0.0029454541032498576
0.002967202725852808
0.0029899585892144372
0.003013760710413357
0.0030386507920277454
0.0030646734276264876
0.0030918763276074485
0.0031203105677048504
0.0031500308627990105
0.0031810958690205115
0.003213568517555235
0.0032475163840365554
0.003283012097967794
0.003320133797266056
0.0033589656337744
0.0033995983364734634
0.0034421298401606662
0.0034866659885849933
0.00353332132246445
0.0035822199645163914
0.003633496615652707
0.0036872976789000234
0.00374378253048326
0.0038031249609630563
0.003865514813473662
0.003931159851130591
0.004000287891771975
0.0040731492556236835
0.004150019580566633
0.004231203070857989
0.004317036258960307
0.004407892377267791
0.004504186457903125
0.004606381305592026
0.004714994522488648
0.004830606806825415
0.004953871802207758
0.005085527845058504
0.005226412049290379
0.005377477286810292
0.005539812779703653
0.0057146692285510985
0.005903489680533598
0.00610794771821725
0.006329995064733921
0.006571921411226741
0.006836430263276053
0.007126736002520858
0.007446689362486266
0.007800941424494545
0.00819516052317471
0.008636322868014516
0.009133107472344915
0.009696441192465032
0.010340263828361253
0.011082622463832412
0.011947269561353613
0.012966051198819745
0.01418256929170894
0.015657962060490506
0.017480329827212808
0.01978068158487091
0.02276106647328049
0.026746632925430374
0.03228757430744528
0.04037866662702247
0.05322706425729932
0.08696952906512712

0.13120863703068256
0.1384587919829775
0.12477717337591636
0.09602984748243905
0.06311518012482768
0.03542565622136359
0.016980812735565804
0.0069511319459496694
0.0024300157195625313
0.0007254694431900313
0.000184963339188143
4.0272508400180045e-05
7.488385772965849e-06
1.1893675041734135e-06
7.493077533086715e-07
0.0002983663503277155
0.026809777995837315
0.4234664209233832
1.1770063610788766
0.5932840988625063
0.12230136113607823
0.13600656021304122
0.13678676559926375
0.0759343877988457
0.023142633901883747
0.0038722271296291015
0.000355698968148566
1.7938169815819392e-05
4.966465243473057e-07
7.549017180352412e-09
6.299515817693203e-11
2.886008936321383e-13
7.258751287097719e-16
1.0023050173051927e-18
7.598216017429672e-22
3.162256633067674e-25
7.225307449191411e-29
9.063361345389177e-33
6.2416009957077455e-37
2.359806826619321e-41
4.8981338769968445e-46
5.581605821286169e-51
3.4930984156712093e-56
1.36819954303519e-61
2.034298937255065e-65
2.046484991291829e-68
1.7778855734415947e-71
1.3190476981060977e-74
8.35744811415805e-78
4.522133390016607e-81
2.0896306956377468e-84
8.246168422455002e-88
2.779017958004133e-91
7.998103072024991e-95
1.9657990958305752e-98
4.1261760726307624e-102
7.396271974031917e-106
1.1322295355256771e-109
1.480173340843769e-113
1.6525216845603654e-117
1.5755719742347888e-121
1.2828793606457552e-125
8.920514019469962e-130
5.29724955311353e-134
2.6863801940278593e-138
1.1634320183674224e-142
4.302996941969616e-147
1.3591192201742679e-151
3.6660683849967643e-156
8.445007904844398e-161
1.6613305448453318e-165
2.7910558727085156e-170
4.004400454108259e-175
4.906400143273488e-180
5.133870596525213e-185
4.587576950446755e-190
3.500888646478021e-195
2.2815485960090982e-200
1.2698067771836065e-205
6.035344276336161e-211
2.4497566644203546e-216
8.49181135580431e-222
2.5138202408499556e-227
6.355132221464976e-233
1.3720547875409413e-238
2.5297337062303873e-244
3.983223285329245e-250
5.356128501046012e-256
6.150689655689014e-262
6.031886098504978e-268
5.051716156251746e-274
3.613110469079613e-280
2.206886665450508e-286
1.1511589965938519e-292
5.127988992988623e-299
1.9508116820684403e-305
6.3378229363e-312
1.758414e-318
0.0
0.0
