0.1010802706872108
0.07271963924255775
0.05530327914608983
0.04392363001345864
0.03609291546618416
0.030466523898556773
0.02627559294872605
0.02305822593024929
0.02052467506694026
0.018486163280281895
0.01681553966866927
0.015424618905525177
0.014250640100292205
0.013247903170258852
0.012382447247178076
0.011628572756116309
0.010966512763615257
0.01038083928167045
0.009859350643156411
0.009392280528156974
0.00897172627175108
0.008591229353156121
0.008245463243985486
0.00792999814753133
0.007641121581318093
0.007375700043830546
0.007131071271394153
0.0069049595267763565
0.006695408409559052
0.006500727126247369
0.006319447193865022
0.006150287300137336
0.005992124591248855
0.005843971062748222
0.005704954030747695
0.005574299887348411
0.005451320516190877
0.005335401875464344
0.005225994356915461
0.005122604607881206
0.005024788564644987
0.004932145493558755
0.0048443128744317275
0.004760961990945684
0.0046817941170487765
0.004606537207723063
0.004534943018226478
0.004466784588657499
0.0044018540410850305
0.004339960644999075
0.004280929113839536
0.004224598101142653
0.0041708188696382925
0.0041194541106204545
0.004070376894244828
0.004023469734199331
0.003978623752541219
0.003935737932474841
0.0038947184485199687
0.003855478064943013
0.0038179355945341257
0.003782015410846649
0.003747647007899887
0.003714764602105219
0.003683306771828605
0.0036532161305657318
0.003624439030192934
0.0035969252911789303
0.003570627957008832
0.0035455030703908123
0.003521509469093989
0.0034986085995092533
0.003476764346237769
0.0034559428761987677
0.0034361124959126667
0.0034172435207603766
0.003399308155147519
0.003382280382615385
0.003366135865040701
0.0033508518501552467
0.003336407086695565
0.003322781746563532
0.0033099573534416792
0.003297916717363452
0.0032866438747892997
0.0032761240337849207
0.0032663435239389848
0.0032572897506946974
0.0032489511538030843
0.0032413171696363684
0.003234378197127555
0.003228125567127742
0.0032225515149959774
0.0032176491562579774
0.003213412465189902
0.0032098362562019193
0.003206916167913606
0.003204648649829572
0.0032030309515391504
0.0032020611143787703
0.0032017379655098436
0.0032020611143787703
0.0032030309515391504
0.003204648649829572
0.003206916167913606
0.0032098362562019193
0.003213412465189902
0.0032176491562579774
0.0032225515149959774
0.003228125567127742
0.003234378197127555
0.0032413171696363684
0.0032489511538030843
0.0032572897506946974
0.0032663435239389848
0.0032761240337849207
0.0032866438747892997
0.003297916717363452
0.0033099573534416792
0.003322781746563532
0.003336407086695565
0.0033508518501552467
0.003366135865040701
0.003382280382615385
0.003399308155147519
0.0034172435207603766
0.0034361124959126667
0.0034559428761987677
0.003476764346237769
0.0034986085995092533
0.003521509469093989
0.0035455030703908123
0.003570627957008832
0.0035969252911789303
0.003624439030192934
0.0036532161305657318
0.003683306771828605
0.003714764602105219
0.003747647007899887
0.003782015410846649
0.0038179355945341257
0.003855478064943013
0.0038947184485199687
0.003935737932474841
0.003978623752541219
0.004023469734199331
0.004070376894244828
0.0041194541106204545
0.0041708188696382925
0.004224598101142653
0.004280929113839536
0.004339960644999075
0.0044018540410850305
0.004466784588657499
0.004534943018226478
0.004606537207723063
0.0046817941170487765
0.004760961990945684
0.0048443128744317275
0.004932145493558755
0.005024788564644987
0.005122604607881206
0.005225994356915461
0.005335401875464344
0.005451320516190877
0.005574299887348411
0.005704954030747695
0.005843971062748222
0.005992124591248855
0.006150287300137336
0.006319447193865022
0.006500727126247369
0.006695408409559052
0.0069049595267763565
0.007131071271394153
0.007375700043830546
0.007641121581318093
0.00792999814753133
0.008245463243985486
0.008591229353156121
0.00897172627175108
0.009392280528156974
0.009859350643156411
0.01038083928167045
0.010966512763615257
0.011628572756116309
0.012382447247178076
0.013247903170258852
0.014250640100292205
0.015424618905525177
0.01681553966866927
0.018486163280281895
0.02052467506694026
0.02305822593024929
0.02627559294872605
0.030466523898556773
0.03609291546618416
0.04392363001345864
0.05530327914608983
0.07271963924255775

0.15921133870135018
0.15919824255376913
0.12452315083492164
0.07619202045935042
0.03646837706565787
0.013654347137146928
0.003999198861656579
0.0009162682069461497
0.00016421763448113547
2.3023138357859884e-05
2.524973427037338e-06
2.1661905531723579e-07
1.453731028626903e-08
7.631660107403855e-10
3.1340183619321396e-11
1.006773117012782e-12
2.5299342895346505e-14
4.973182871902034e-16
7.647283210488806e-18
9.198721624032182e-20
8.65556327029818e-22
6.371046156848027e-24
3.6683749965749436e-26
1.652282316677702e-28
5.821599735948058e-31
1.6045305358473845e-33
3.45940324127733e-36
5.834477192190823e-39
7.69751000373851e-42
7.944126197173291e-45
6.413418263604387e-48
4.050238064602496e-51
2.0008710225837448e-54
7.732237683058078e-58
2.3374312893281176e-61
5.527389487330833e-65
1.0224659171790793e-68
1.4795347474570767e-72
1.674746409083299e-76
1.4829294784502666e-80
1.0271633111041929e-84
5.565523948012123e-89
2.3589577911554627e-93
7.821352175018446e-98
2.028575004234744e-102
4.115739276748842e-107
6.53209057126282e-112
8.109687090384627e-117
7.875960947548644e-122
5.983434865276603e-127
3.555863968666507e-132
1.6530548580848745e-137
6.0114183280773385e-143
1.7100712003225498e-148
3.805388417319164e-154
6.624168146671027e-160
9.020098104235347e-166
9.608126916528465e-172
8.005966312146323e-178
5.218387708389799e-184
2.66076478367231e-190
1.0612658321604597e-196
3.3112306818436553e-203
8.08169116136718e-210
1.5429882523255785e-216
2.3044672796149752e-223
2.692315984891453e-230
2.460532299362585e-237
1.7590560103469e-244
9.837343195483145e-252
4.303517117366756e-259
1.4727085345199229e-266
3.942372253270451e-274
8.255550009438658e-282
1.3523277272430102e-289
1.7328678716332574e-297
1.7369867431850078e-305
1.3619937514e-313
8.35e-322
0.0
0.0
0.0
0.0
0.0
0.0
0.0
0.0
0.0
0.0
0.0
0.0
0.0
0.0
0.0
0.0
0.0
0.0
0.0
0.0
0.0
