0.4176317839421353
0.024642982471492353
0.0014740713894304915
8.938595609232904e-05
5.494720254455381e-06
3.424105008579046e-07
6.900447165830491e-09
3.4507883322971183e-10
1.7331636520118187e-11
8.77869296812039e-13
4.5190521521415856e-14
2.3969336370523323e-15
1.339037426370747e-16
8.109988007613431e-18
5.467731168616314e-19
4.139044320555348e-20
3.464467025750066e-21
3.1156721454213434e-22
2.929194113609857e-23
2.8236471194725795e-24
2.7585104675371333e-25
2.713609017570235e-26
2.678897098364188e-27
2.649372219887839e-28
2.622542762858074e-29
2.597167220693255e-30
2.5726265131175634e-31
2.548611492316095e-32
2.524967381700278e-33
2.501616358635648e-34
2.478519061425179e-35
2.455655505028886e-36
2.4330157064152444e-37
2.410595217658186e-38
2.3883932187401615e-39
2.3664120684660113e-40
2.3446578715560763e-41
2.323142010178981e-42
2.301883880026987e-43
2.280915370495885e-44
2.260288021166296e-45
2.2400843670283773e-46
2.220435881643354e-47
2.2015513342363235e-48
2.1837615943057045e-49
2.167590418350087e-50
2.1538662832112027e-51
2.143899066464215e-52
2.1397591757742155e-53
2.1447185340571227e-54
2.163947277542823e-55
2.205614454223384e-56
2.2826270113865095e-57
2.415377250894024e-58
2.636083663016439e-59
2.9956493966051256e-60
3.574498965903186e-61
4.499701629352069e-62
5.972030411336945e-63
8.308725954671555e-64
1.2011089204306316e-64
1.787133836596004e-65
2.714158165423379e-66
4.180110762813772e-67
6.497940464570562e-68
1.0162608751066697e-68
1.59572819629978e-69
2.512187210992692e-70
3.962099457604715e-71
6.257098884534344e-72
9.892260082401818e-73
1.5655710634573384e-73
2.4805643125228575e-74
3.935835594671582e-75
6.256163557656152e-76
9.968264832098088e-77
1.5934011624734822e-77
2.5579997850115505e-78
4.1301967022730013e-79
6.7195013168528785e-80
1.1040677768322432e-80
1.8371197766426646e-81
3.1053572986964304e-82
5.349838590096071e-83
9.422811297814717e-84
1.701139975921199e-84
3.152851950829188e-85
6.0008203969421934e-86
1.17176269838732e-86
2.342623662511754e-87
4.7820555168208406e-88
9.937674022325616e-89
2.0964107714887724e-89
4.4783354148118575e-90
9.668355655216804e-91
2.106532654134565e-91
4.6278380250089386e-92
1.0248375640408352e-92
2.2929990623040413e-93
5.41341645396312e-94
2.336369240660493e-94
5.41341645396312e-94
2.2929990623040413e-93
1.0248375640408352e-92
4.6278380250089386e-92
2.106532654134565e-91
9.668355655216804e-91
4.4783354148118575e-90
2.0964107714887724e-89
9.937674022325616e-89
4.7820555168208406e-88
2.342623662511754e-87
1.17176269838732e-86
6.0008203969421934e-86
3.152851950829188e-85
1.701139975921199e-84
9.422811297814717e-84
5.349838590096071e-83
3.1053572986964304e-82
1.8371197766426646e-81
1.1040677768322432e-80
6.7195013168528785e-80
4.1301967022730013e-79
2.5579997850115505e-78
1.5934011624734822e-77
9.968264832098088e-77
6.256163557656152e-76
3.935835594671582e-75
2.4805643125228575e-74
1.5655710634573384e-73
9.892260082401818e-73
6.257098884534344e-72
3.962099457604715e-71
2.512187210992692e-70
1.59572819629978e-69
1.0162608751066697e-68
6.497940464570562e-68
4.180110762813772e-67
2.714158165423379e-66
1.787133836596004e-65
1.2011089204306316e-64
8.308725954671555e-64
5.972030411336945e-63
4.499701629352069e-62
3.574498965903186e-61
2.9956493966051256e-60
2.636083663016439e-59
2.415377250894024e-58
2.2826270113865095e-57
2.205614454223384e-56
2.163947277542823e-55
2.1447185340571227e-54
2.1397591757742155e-53
2.143899066464215e-52
2.1538662832112027e-51
2.167590418350087e-50
2.1837615943057045e-49
2.2015513342363235e-48
2.220435881643354e-47
2.2400843670283773e-46
2.260288021166296e-45
2.280915370495885e-44
2.301883880026987e-43
2.323142010178981e-42
2.3446578715560763e-41
2.3664120684660113e-40
2.3883932187401615e-39
2.410595217658186e-38
2.4330157064152444e-37
2.455655505028886e-36
2.478519061425179e-35
2.501616358635648e-34
2.524967381700278e-33
2.548611492316095e-32
2.5726265131175634e-31
2.597167220693255e-30
2.622542762858074e-29
2.649372219887839e-28
2.678897098364188e-27
2.713609017570235e-26
2.7585104675371333e-25
2.8236471194725795e-24
2.929194113609857e-23
3.1156721454213434e-22
3.464467025750066e-21
4.139044320555348e-20
5.467731168616314e-19
8.109988007613431e-18
1.339037426370747e-16
2.3969336370523323e-15
4.5190521521415856e-14
8.77869296812039e-13
1.7331636520118187e-11
3.4507883322971183e-10
6.900447165830491e-09
3.424105008579046e-07
5.494720254455381e-06
8.938595609232904e-05
0.0014740713894304915
0.024642982471492353

1.164231973956443e-128
4.560840901074719e-111
8.973948838718082e-95
8.868609283709646e-80
4.402108281370524e-66
1.0974864983886925e-53
1.3742663655680335e-42
8.643226918693128e-33
2.7303239513352825e-24
4.331972678470799e-17
3.4521567330327134e-11
1.3817471183507465e-06
0.002777793108753316
0.2804816741600499
1.422467498284496
0.36233766335760825
0.004635727219296651
2.9788973114865917e-06
9.61449456728429e-11
1.5585855679192629e-16
1.2690189541198084e-23
5.189659131008907e-32
1.0659647024638624e-41
1.0997148281861562e-52
5.69836946461578e-65
1.4830452201485873e-78
1.938614465646576e-93
1.2728047014652482e-109
4.197255035591057e-127
6.95187913710864e-146
5.78325488590557e-166
2.4164383526383786e-187
5.071219081257733e-210
5.345425633018364e-234
2.8299937549381547e-259
7.525267261551199e-286
1.0050592068e-313
0.0
0.0
0.0
0.0
0.0
0.0
0.0
0.0
0.0
0.0
0.0
0.0
0.0
0.0
0.0
0.0
0.0
0.0
0.0
0.0
0.0
0.0
0.0
0.0
0.0
0.0
0.0
0.0
0.0
0.0
0.0
0.0
0.0
0.0
0.0
0.0
0.0
0.0
0.0
0.0
0.0
0.0
0.0
0.0
0.0
0.0
0.0
0.0
0.0
0.0
0.0
0.0
0.0
0.0
0.0
0.0
0.0
0.0
0.0
0.0
0.0
0.0
0.0
